4.314888268709182739e-03
5.708805322647094727e-01
1.496666371822357178e-01
1.092261150479316711e-01
1.538046896457672119e-01
3.653106689453125000e-01
2.730717360973358154e-01
2.137274146080017090e-01
2.183793485164642334e-01
8.213841170072555542e-02
1.981011182069778442e-01
2.026800215244293213e-01
7.333701848983764648e-01
1.220857375301420689e-04
3.635272979736328125e-01
8.958683162927627563e-02
2.526952326297760010e-01
8.184812963008880615e-02
3.636811077594757080e-01
4.134463071823120117e-01
4.002033174037933350e-01
5.378689765930175781e-01
4.233283996582031250e-01
3.161375224590301514e-01
2.725248932838439941e-01
5.663096308708190918e-01
3.663331735879182816e-03
4.165406571701169014e-04
6.273100972175598145e-01
7.814804557710886002e-04
1.401157379150390625e-01
7.475326657295227051e-01
2.300138771533966064e-01
1.259026974439620972e-01
3.294185996055603027e-01
5.512661933898925781e-01
2.001483440399169922e-01
2.561434209346771240e-01
2.083314508199691772e-01
5.456638056784868240e-03
1.654040627181529999e-02
4.240151941776275635e-01
2.960668802261352539e-01
2.279544919729232788e-01
5.683755278587341309e-01
3.174526095390319824e-01
1.441186517477035522e-01
4.111321568489074707e-01
3.825808763504028320e-01
3.630223274230957031e-01
8.226459026336669922e-01
3.695187866687774658e-01
2.131805813405662775e-04
4.931342118652537465e-05
4.823555648326873779e-01
1.419433802366256714e-01
1.141111105680465698e-01
4.163265824317932129e-01
9.415537863969802856e-02
2.881362438201904297e-01
3.413800895214080811e-01
4.228936731815338135e-01
4.632788896560668945e-01
2.539245188236236572e-01
5.735234022140502930e-01
1.092447200790047646e-03
2.573390677571296692e-02
5.685399770736694336e-01
4.677838087081909180e-02
2.772988677024841309e-01
1.439914703369140625e-01
1.437963843345642090e-01
1.782109439373016357e-01
4.147917032241821289e-02
9.690191945992410183e-04
1.055141091346740723e-01
3.316083848476409912e-01
1.129248365759849548e-01
2.996121300384402275e-03
1.002243608236312866e-01
7.785708904266357422e-01
6.280230730772018433e-02
1.556318402290344238e-01
9.384439140558242798e-02
1.972524672746658325e-01
7.132466882467269897e-02
3.412705361843109131e-01
5.178956985473632812e-01
5.375763773918151855e-02
3.453170359134674072e-01
4.449917078018188477e-01
3.911109524779021740e-04
1.724996566772460938e-01
7.997752428054809570e-01
1.586668193340301514e-01
4.664056748151779175e-02
1.773071289062500000e-01
4.599264264106750488e-01
2.431703507900238037e-01
9.929651767015457153e-02
3.969134688377380371e-01
5.170045495033264160e-01
4.396601617336273193e-01
6.947279572486877441e-01
1.181530999019742012e-03
5.996040999889373779e-02
4.690469801425933838e-01
6.682011485099792480e-02
6.978500634431838989e-02
1.404146254062652588e-01
3.281667828559875488e-01
1.497232466936111450e-01
3.399791568517684937e-02
8.742664009332656860e-02
3.806709647178649902e-01
2.685718834400177002e-01
6.466233730316162109e-01
1.260201588593190536e-05
2.443913519382476807e-01
4.284898340702056885e-01
1.606409251689910889e-01
9.236806631088256836e-02
1.688480973243713379e-01
3.700603246688842773e-01
1.120600178837776184e-01
7.806409895420074463e-02
2.605386674404144287e-01
1.075793281197547913e-01
2.748414874076843262e-01
2.460049390792846680e-01
2.081132843159139156e-04
1.793054640293121338e-01
4.863309860229492188e-01
1.556751728057861328e-01
8.911768347024917603e-02
2.440640628337860107e-01
3.334441781044006348e-01
3.098710179328918457e-01
2.787514626979827881e-01
2.311112880706787109e-01
6.327783465385437012e-01
1.533586978912353516e-01
9.458231925964355469e-02
5.914472785661928356e-05
9.455309249460697174e-03
3.512858748435974121e-01
2.018407173454761505e-02
9.776987880468368530e-02
1.848557591438293457e-01
3.958971500396728516e-01
6.058865785598754883e-02
3.099716901779174805e-01
2.804619073867797852e-01
1.997024118900299072e-01
1.675177067518234253e-01
1.619736850261688232e-01
4.429667023941874504e-05
8.444812148809432983e-03
4.170727729797363281e-01
2.786228358745574951e-01
8.019801974296569824e-02
1.379750669002532959e-01
4.242303669452667236e-01
1.821275949478149414e-01
2.969596087932586670e-01
2.347249239683151245e-01
2.007933259010314941e-01
2.395917102694511414e-02
4.289567768573760986e-01
2.990136146545410156e-01
4.572891294956207275e-01
7.831043004989624023e-02
3.068572282791137695e-01
2.304772436618804932e-01
1.638089120388031006e-01
3.717254996299743652e-01
6.356081366539001465e-01
4.077299833297729492e-01
3.391973972320556641e-01
1.977819353342056274e-01
5.568199157714843750e-01
5.161201953887939453e-01
4.185183942317962646e-01
6.161883473396301270e-03
3.846850097179412842e-01
2.206012159585952759e-01
1.247844099998474121e-01
1.099768705898895860e-04
1.158632114529609680e-01
2.278621345758438110e-01
2.142976820468902588e-01
1.782877254299819469e-03
2.556979954242706299e-01
4.133250936865806580e-02
3.911314904689788818e-01
7.789704203605651855e-01
1.678861975669860840e-01
2.638719081878662109e-01
2.952345239464193583e-04
2.039923220872879028e-01
3.465947210788726807e-01
2.405958175659179688e-01
1.176345720887184143e-02
1.549280881881713867e-01
3.420335054397583008e-01
5.663732886314392090e-01
3.022872805595397949e-01
3.161563873291015625e-01
8.373904228210449219e-02
2.037747055292129517e-01
3.184441328048706055e-01
5.205591320991516113e-01
3.467820286750793457e-01
1.694642603397369385e-01
3.837994337081909180e-01
5.465469360351562500e-01
1.161480545997619629e-01
2.045734375715255737e-01
5.882543325424194336e-01
4.840599000453948975e-01
5.829949975013732910e-01
5.695140361785888672e-01
3.590641915798187256e-02
4.004780948162078857e-01
4.755568504333496094e-01
4.365880414843559265e-02
2.540384531021118164e-01
3.704200983047485352e-01
2.867440581321716309e-01
9.536696970462799072e-02
7.305224239826202393e-02
3.184653818607330322e-02
1.366043090820312500e-01
3.927763104438781738e-01
5.492481589317321777e-01
1.128847002983093262e-01
5.786812305450439453e-01
2.138618081808090210e-01
2.146427929401397705e-01
1.740505844354629517e-01
1.850283145904541016e-01
2.191659808158874512e-01
4.264071285724639893e-01
1.661075502634048462e-01
2.075447887182235718e-01
5.945707857608795166e-02
7.447138428688049316e-01
3.856202960014343262e-01
1.345649510622024536e-01
5.104621648788452148e-01
2.647138535976409912e-01
3.538092598319053650e-02
4.384547472000122070e-01
1.701211631298065186e-01
2.878152132034301758e-01
3.950307965278625488e-01
6.003409251570701599e-02
1.926284134387969971e-01
3.128924965858459473e-01
5.259118676185607910e-01
6.818250417709350586e-01
1.557662636041641235e-01
4.878004789352416992e-01
5.015982389450073242e-01
2.517185211181640625e-01
4.424900189042091370e-02
4.270054101943969727e-01
2.259459346532821655e-01
1.999066323041915894e-01
8.207827061414718628e-02
1.664871722459793091e-01
3.644840717315673828e-01
2.463165223598480225e-01
3.346017003059387207e-01
2.625030577182769775e-01
8.940643072128295898e-01
1.664030700922012329e-01
1.640880703926086426e-01
1.097389757633209229e-01
3.495253324508666992e-01
4.182838201522827148e-01
3.541228175163269043e-01
2.594138681888580322e-01
1.403577923774719238e-01
5.366280078887939453e-01
6.937326788902282715e-01
5.091354250907897949e-01
1.882784627377986908e-02
2.694606184959411621e-01
2.025631517171859741e-01
2.192002832889556885e-01
2.829062938690185547e-01
1.747755110263824463e-01
1.103021949529647827e-01
1.641575396060943604e-01
3.234131932258605957e-01
1.555585395544767380e-02
1.316258311271667480e-01
5.890169739723205566e-01
7.222756147384643555e-01
5.246119946241378784e-02
4.464834928512573242e-01
1.202701553702354431e-01
2.268209606409072876e-01
3.108466267585754395e-01
1.005830615758895874e-01
8.524214476346969604e-02
1.251755803823471069e-01
2.306234538555145264e-01
2.225011885166168213e-01
1.527439504861831665e-01
2.696488201618194580e-01
4.406177103519439697e-01
1.507553607225418091e-01
2.404438331723213196e-02
4.056554436683654785e-01
2.937795519828796387e-01
9.148903936147689819e-02
1.790086477994918823e-01
2.731819152832031250e-01
1.902827769517898560e-01
2.054123282432556152e-01
2.099587768316268921e-01
2.007234096527099609e-01
4.173199534416198730e-01
5.243005156517028809e-01
5.031891465187072754e-01
7.142601907253265381e-02
6.806985288858413696e-02
3.979068398475646973e-01
1.077184802852571011e-03
2.119579613208770752e-01
8.364376612007617950e-03
3.905260562896728516e-01
4.579330608248710632e-02
3.282696008682250977e-02
1.303300708532333374e-01
5.843236446380615234e-01
6.696349382400512695e-01
6.405500769615173340e-01
5.815947055816650391e-01
2.292930930852890015e-01
1.689094007015228271e-01
5.738261938095092773e-01
2.258955687284469604e-01
3.134790062904357910e-02
2.222733944654464722e-01
4.812739491462707520e-01
2.251977324485778809e-01
1.298842132091522217e-01
3.716009259223937988e-01
5.735756158828735352e-01
2.292545139789581299e-01
3.254653215408325195e-01
2.966441512107849121e-01
2.515390217304229736e-01
2.086895406246185303e-01
1.451338529586791992e-01
1.974960714578628540e-01
6.367132663726806641e-01
9.836294502019882202e-02
3.010528385639190674e-01
4.946316778659820557e-01
5.928790569305419922e-01
7.764841318130493164e-01
3.182247281074523926e-01
4.239761233329772949e-01
2.137909382581710815e-01
6.040281802415847778e-02
4.676568806171417236e-01
3.325660824775695801e-01
1.420648843050003052e-01
5.308084487915039062e-01
6.302176415920257568e-02
3.296891152858734131e-01
4.354305267333984375e-01
6.923260092735290527e-01
4.857109785079956055e-01
3.054693341255187988e-01
2.771415412425994873e-01
5.106055140495300293e-01
5.648620799183845520e-02
2.850769460201263428e-01
2.332560122013092041e-01
1.722676306962966919e-01
7.608525156974792480e-01
5.481765791773796082e-02
6.642264127731323242e-02
3.349764049053192139e-01
5.791274905204772949e-01
2.239782959222793579e-01
4.227163195610046387e-01
4.042131602764129639e-01
3.373684883117675781e-01
4.700047671794891357e-01
3.344033956527709961e-01
3.473677337169647217e-01
2.641607224941253662e-01
3.559643328189849854e-01
1.366902738809585571e-01
8.206864446401596069e-02
2.603457868099212646e-01
4.743841290473937988e-01
6.678386926651000977e-01
6.282077431678771973e-01
5.478370785713195801e-01
2.287472337484359741e-01
1.852750331163406372e-01
1.838223934173583984e-01
3.099714517593383789e-01
1.776970177888870239e-01
2.991459071636199951e-01
4.701326489448547363e-01
7.368922233581542969e-01
5.836620330810546875e-01
5.335220694541931152e-01
7.388973236083984375e-01
5.955944657325744629e-01
9.355894327163696289e-01
1.374925523996353149e-01
2.206610441207885742e-01
2.290757447481155396e-01
3.365628123283386230e-01
2.064674943685531616e-01
1.404073387384414673e-01
1.259816111996769905e-03
2.998157143592834473e-01
5.022569298744201660e-01
3.397732079029083252e-01
5.830875039100646973e-01
5.570806860923767090e-01
6.732618808746337891e-01
2.442135959863662720e-01
9.426018595695495605e-02
2.661242187023162842e-01
3.687850534915924072e-01
2.074189931154251099e-01
3.038982748985290527e-01
5.198343396186828613e-01
1.969161927700042725e-01
2.524423003196716309e-01
4.204111099243164062e-01
4.579180181026458740e-01
1.563002467155456543e-01
3.194222748279571533e-01
3.709844350814819336e-01
5.529531836509704590e-01
2.598848640918731689e-01
2.337104529142379761e-01
1.466791927814483643e-01
2.580362260341644287e-01
3.562561869621276855e-01
3.499743342399597168e-01
1.208134591579437256e-01
2.734255492687225342e-01
5.890167951583862305e-01
2.065820097923278809e-01
5.512817502021789551e-01
2.691977024078369141e-01
2.891052067279815674e-01
6.006477028131484985e-02
1.428527534008026123e-01
1.984630823135375977e-01
2.662613093852996826e-01
1.400162577629089355e-01
9.348412044346332550e-03
4.086262583732604980e-01
4.130594804883003235e-02
4.601343572139739990e-01
1.019572094082832336e-01
4.515030384063720703e-01
3.727614879608154297e-01
4.369445145130157471e-01
1.938790827989578247e-01
2.368833273649215698e-01
3.536880016326904297e-01
2.081569731235504150e-01
3.949287533760070801e-01
3.051659762859344482e-01
3.970767259597778320e-01
4.476842582225799561e-01
6.710165143013000488e-01
7.086322307586669922e-01
2.037233561277389526e-01
2.105028182268142700e-01
2.058834433555603027e-01
2.854910599126014858e-05
2.137460047379136086e-03
2.272493541240692139e-01
5.280749201774597168e-01
2.948278561234474182e-04
3.894431516528129578e-03
2.634095251560211182e-01
2.214411199092864990e-01
7.563880681991577148e-01
3.189767599105834961e-01
5.946085453033447266e-01
2.054027169942855835e-01
5.627923011779785156e-01
1.138623920269310474e-03
3.955871760845184326e-01
1.184405907988548279e-01
7.510951757431030273e-01
6.648947019129991531e-03
4.429247379302978516e-01
2.827002704143524170e-01
5.336490273475646973e-01
7.607053518295288086e-01
4.609454572200775146e-01
2.693258523941040039e-01
1.511547714471817017e-01
2.116430550813674927e-01
4.590180236846208572e-03
1.201985031366348267e-01
2.516497671604156494e-01
1.151712015271186829e-01
2.595416444819420576e-04
2.144491970539093018e-01
1.791560277342796326e-02
2.790879309177398682e-01
7.837967276573181152e-01
2.980948388576507568e-01
5.352652072906494141e-01
1.056305244565010071e-01
1.484618932008743286e-01
3.891673386096954346e-01
2.517066597938537598e-01
3.109697438776493073e-02
5.775081515312194824e-01
2.140017226338386536e-02
4.397822543978691101e-02
3.939615786075592041e-01
5.836304426193237305e-01
7.929491996765136719e-01
4.222013354301452637e-01
3.873602747917175293e-01
4.146952629089355469e-01
6.518446654081344604e-02
6.020162701606750488e-01
1.315731992690416519e-06
1.627833209931850433e-02
5.196757316589355469e-01
1.286457641981542110e-03
1.886235317215323448e-03
2.366881817579269409e-01
7.448170185089111328e-01
5.689765810966491699e-01
2.349911481142044067e-01
5.503752231597900391e-01
2.623004317283630371e-01
2.244784682989120483e-01
2.910490632057189941e-01
3.933339903596788645e-04
2.086190879344940186e-01
3.401456773281097412e-01
2.394318394362926483e-02
2.999894507229328156e-02
3.133801519870758057e-01
8.916997909545898438e-01
6.293600201606750488e-01
3.862242102622985840e-01
4.409760236740112305e-01
2.324414402246475220e-01
1.993588209152221680e-01
4.524577856063842773e-01
1.768112560966983438e-04
8.104524016380310059e-02
8.392003178596496582e-02
6.964499596506357193e-03
4.167537018656730652e-02
8.672919124364852905e-02
1.468043923377990723e-01
5.478159785270690918e-01
7.925383448600769043e-01
5.009452700614929199e-01
3.366466164588928223e-01
1.833511441946029663e-01
2.773190438747406006e-01
1.719340798445045948e-04
6.042475253343582153e-02
1.469432711601257324e-01
7.136906981468200684e-01
2.298636287450790405e-01
2.748882770538330078e-01
9.235911369323730469e-01
5.966644287109375000e-01
2.807111144065856934e-01
3.272556960582733154e-01
2.443942427635192871e-01
8.793863654136657715e-02
3.581885695457458496e-01
9.177886880934238434e-03
9.560091048479080200e-02
1.949000656604766846e-01
6.265838146209716797e-01
7.994750514626502991e-03
2.376371622085571289e-01
6.450023055076599121e-01
3.251379132270812988e-01
4.255325496196746826e-01
4.250183701515197754e-01
1.891606152057647705e-01
2.282788231968879700e-02
4.431059360504150391e-01
4.754400346428155899e-03
2.573234140872955322e-01
1.395649909973144531e-01
5.323745608329772949e-01
2.810250408947467804e-02
9.825318120419979095e-03
8.224472999572753906e-01
5.111159086227416992e-01
7.531164884567260742e-01
4.011403918266296387e-01
4.040303081274032593e-02
5.624645948410034180e-02
5.186178088188171387e-01
2.301508502569049597e-04
1.367397606372833252e-01
3.435967117547988892e-02
3.231720328330993652e-01
2.571064280346035957e-03
8.398812264204025269e-02
4.394271671772003174e-01
5.262327790260314941e-01
6.244669556617736816e-01
5.828120112419128418e-01
2.091068625450134277e-01
4.384380578994750977e-01
3.999840021133422852e-01
3.074750602245330811e-01
1.887613981962203979e-01
5.314260125160217285e-01
2.527307569980621338e-01
2.966106235980987549e-01
2.997733056545257568e-01
7.105959057807922363e-01
6.309052705764770508e-01
2.915830612182617188e-01
2.341472059488296509e-01
8.018382191658020020e-01
3.329112231731414795e-01
6.022477149963378906e-01
1.682052314281463623e-01
1.332935318350791931e-02
1.364033669233322144e-01
2.012303048104513437e-05
5.193945169448852539e-01
2.732802629470825195e-01
4.497743844985961914e-01
6.265387535095214844e-01
4.550577402114868164e-01
3.941728770732879639e-01
1.107270643115043640e-02
4.650704562664031982e-02
5.672372579574584961e-01
8.579507702961564064e-04
2.252886742353439331e-01
4.114566147327423096e-01
1.414977596141397953e-04
5.596313858404755592e-04
2.412981390953063965e-01
2.562434077262878418e-01
7.607044577598571777e-01
7.074005603790283203e-01
4.298713803291320801e-01
5.539296269416809082e-01
2.620323002338409424e-01
2.170889675617218018e-01
6.175127625465393066e-01
9.889850765466690063e-02
6.601251363754272461e-01
3.764773309230804443e-01
6.280696988105773926e-01
3.903313577175140381e-01
6.575816869735717773e-01
4.455922544002532959e-01
9.895652532577514648e-01
6.744994521141052246e-01
5.513380765914916992e-01
6.376174837350845337e-02
5.527015924453735352e-01
6.580391526222229004e-01
8.020985871553421021e-02
7.973874360322952271e-02
1.097777262330055237e-01
7.290259003639221191e-01
5.820904374122619629e-01
7.810975313186645508e-01
5.246382951736450195e-01
6.014779210090637207e-01
6.440019607543945312e-01
7.092477083206176758e-01
4.016932100057601929e-02
3.424267172813415527e-01
4.078646600246429443e-01
4.761799797415733337e-02
9.864142537117004395e-02
1.238862052559852600e-02
1.063825283199548721e-02
4.924067109823226929e-02
5.337532758712768555e-01
7.185021042823791504e-01
9.892727732658386230e-01
3.396494686603546143e-01
7.202166318893432617e-01
3.246047794818878174e-01
5.341925621032714844e-01
7.431616783142089844e-01
6.785930693149566650e-02
2.492016181349754333e-02
6.363078951835632324e-01
2.502189576625823975e-01
5.601629018783569336e-01
3.320488035678863525e-01
1.897098720073699951e-01
4.873664677143096924e-01
1.696262210607528687e-01
2.856376469135284424e-01
2.088938802480697632e-01
7.519574761390686035e-01
2.892614603042602539e-01
2.494103312492370605e-01
1.902645379304885864e-01
3.949375152587890625e-01
1.216602027416229248e-01
1.846177726984024048e-01
6.007120609283447266e-01
4.991673827171325684e-01
3.934686779975891113e-01
5.273347496986389160e-01
6.340574622154235840e-01
1.995032727718353271e-01
4.153724908828735352e-01
1.657766848802566528e-01
2.639311850070953369e-01
2.087050974369049072e-01
4.157584309577941895e-01
1.997739821672439575e-02
1.229899153113365173e-01
9.231377840042114258e-01
3.019362092018127441e-01
3.670980930328369141e-01
3.968103229999542236e-01
2.349013984203338623e-01
1.355960220098495483e-01
2.274933755397796631e-01
3.350687623023986816e-01
3.045426905155181885e-01
6.125621870160102844e-02
4.802056252956390381e-01
4.962459206581115723e-01
4.663450121879577637e-01
3.240997791290283203e-01
5.384427309036254883e-01
4.570181369781494141e-01
1.948142498731613159e-01
4.943321645259857178e-01
1.105327755212783813e-01
3.871007859706878662e-01
2.651705145835876465e-01
2.756106257438659668e-01
6.155791133642196655e-02
3.797622323036193848e-01
7.553448677062988281e-01
2.067555785179138184e-01
8.525559306144714355e-01
7.280267477035522461e-01
9.111531972885131836e-01
5.091929435729980469e-01
6.171368360519409180e-01
6.623763591051101685e-02
4.790697991847991943e-01
8.429683744907379150e-02
1.455264985561370850e-01
5.355064272880554199e-01
2.982037886977195740e-02
1.182106584310531616e-01
3.339305222034454346e-01
6.269394159317016602e-01
6.497679948806762695e-01
6.670926809310913086e-01
5.939917564392089844e-01
4.717369973659515381e-01
2.803441286087036133e-01
4.381567835807800293e-01
2.760681807994842529e-01
9.570764377713203430e-03
5.676832199096679688e-01
4.643578231334686279e-01
3.326508402824401855e-01
4.696399569511413574e-01
7.918333411216735840e-01
6.773345470428466797e-01
2.255376875400543213e-01
4.215122759342193604e-01
2.907058000564575195e-01
2.784174680709838867e-01
4.080410897731781006e-01
3.688926696777343750e-01
3.701227307319641113e-01
4.752735495567321777e-01
2.394107580184936523e-01
5.742188692092895508e-01
5.703145861625671387e-01
8.744734525680541992e-01
4.702350497245788574e-01
2.523145377635955811e-01
6.653956174850463867e-01
4.338032603263854980e-01
2.000261843204498291e-01
5.291205644607543945e-02
4.403475672006607056e-02
4.076001942157745361e-01
2.796719968318939209e-01
7.389476150274276733e-02
8.182950317859649658e-03
3.420538902282714844e-01
8.398454785346984863e-01
8.225631713867187500e-01
6.453584879636764526e-02
2.844270765781402588e-01
4.165506362915039062e-01
3.390870690345764160e-01
3.126666247844696045e-01
8.935215324163436890e-02
4.088143110275268555e-01
1.880755275487899780e-01
6.843000054359436035e-01
4.782874584197998047e-01
3.246690928936004639e-01
7.084650993347167969e-01
5.846956372261047363e-01
4.718005061149597168e-01
6.035682559013366699e-01
2.487079650163650513e-01
4.405713975429534912e-01
5.611342787742614746e-01
1.298829540610313416e-02
2.693592607975006104e-01
2.539020180702209473e-01
7.562049627304077148e-01
3.537170290946960449e-01
3.915277123451232910e-01
6.410643458366394043e-01
8.124385476112365723e-01
5.870780944824218750e-01
4.363420605659484863e-01
3.138160705566406250e-01
7.066483795642852783e-02
6.272349953651428223e-01
7.198685407638549805e-02
2.949773892760276794e-02
2.740884125232696533e-01
5.062239170074462891e-01
1.439153552055358887e-01
4.637316465377807617e-01
7.251999378204345703e-01
5.000929832458496094e-01
9.320387840270996094e-01
9.063299298286437988e-01
4.832183122634887695e-01
6.153878569602966309e-02
3.903550207614898682e-01
2.454139888286590576e-01
2.186033129692077637e-01
3.756231069564819336e-02
4.969531893730163574e-01
4.793391823768615723e-01
7.985415458679199219e-01
1.901167035102844238e-01
5.525697469711303711e-01
7.596237063407897949e-01
3.669829368591308594e-01
4.401716589927673340e-01
4.064814448356628418e-01
2.088375091552734375e-01
1.289568692445755005e-01
2.296490222215652466e-01
1.942692995071411133e-01
2.986595209222286940e-04
4.556681960821151733e-02
1.696701198816299438e-01
3.039567768573760986e-01
6.310726404190063477e-01
1.903776526451110840e-01
1.999861299991607666e-01
5.105275511741638184e-01
4.067406356334686279e-01
2.609872221946716309e-01
1.695708632469177246e-01
2.434024214744567871e-01
4.105581939220428467e-01
2.989451214671134949e-02
1.720154732465744019e-01
4.222699999809265137e-01
3.928398489952087402e-01
6.493712067604064941e-01
5.395295619964599609e-01
4.205973148345947266e-01
2.730747759342193604e-01
2.274626195430755615e-01
9.262843430042266846e-02
5.110962390899658203e-01
4.372887909412384033e-01
4.435578584671020508e-01
2.039034217596054077e-01
2.250507473945617676e-01
5.902893543243408203e-01
3.853470087051391602e-01
5.329935550689697266e-01
5.903116464614868164e-01
4.812187850475311279e-01
3.366809785366058350e-01
2.398265004158020020e-01
3.071700036525726318e-01
1.977014094591140747e-01
1.598411947488784790e-01
1.728708297014236450e-01
9.768244624137878418e-02
3.802565634250640869e-01
5.966560244560241699e-01
6.004418730735778809e-01
3.468113243579864502e-01
2.934842705726623535e-01
6.124070286750793457e-01
2.801850996911525726e-02
2.909896671772003174e-01
1.477617174386978149e-01
1.687086001038551331e-02
3.537932038307189941e-01
5.179882645606994629e-01
1.709109991788864136e-01
2.279131114482879639e-01
1.473500430583953857e-01
5.516654849052429199e-01
4.985029399394989014e-01
4.118164479732513428e-01
6.075125336647033691e-01
3.453055620193481445e-01
2.199976146221160889e-01
2.817704156041145325e-02
2.616586685180664062e-01
3.316096961498260498e-01
3.507075607776641846e-01
2.564807534217834473e-01
3.417487442493438721e-02
1.236938685178756714e-01
1.187553256750106812e-01
6.296347379684448242e-01
6.790922880172729492e-01
2.644981741905212402e-01
4.435111284255981445e-01
1.671197861433029175e-01
1.322726607322692871e-01
2.922200858592987061e-01
5.367554426193237305e-01
2.028395384550094604e-01
7.293026894330978394e-02
1.930798441171646118e-01
2.449536919593811035e-01
2.086024135351181030e-01
7.571046352386474609e-01
4.549731612205505371e-01
4.311967492103576660e-01
1.530905365943908691e-01
5.026345849037170410e-01
2.060955464839935303e-01
2.462164759635925293e-01
1.489614099264144897e-01
8.862572163343429565e-02
1.887282878160476685e-01
4.187151491641998291e-01
4.608075916767120361e-01
2.106990218162536621e-01
7.794398069381713867e-01
4.140443205833435059e-01
6.104686260223388672e-01
4.892147779464721680e-01
2.591358721256256104e-01
1.773453205823898315e-01
5.824254751205444336e-01
1.567043364048004150e-01
7.599651813507080078e-01
4.483538679778575897e-03
2.624361310154199600e-03
1.580586582422256470e-01
5.293282270431518555e-01
5.838261246681213379e-01
5.432952642440795898e-01
2.087732851505279541e-01
4.056177437305450439e-01
1.255393773317337036e-01
3.826535344123840332e-01
6.266254186630249023e-01
1.354548782110214233e-01
5.059521794319152832e-01
1.501845102757215500e-02
2.806080281734466553e-01
4.422537386417388916e-01
4.008195400238037109e-01
6.864055395126342773e-01
5.848529934883117676e-01
6.222844123840332031e-01
3.078525960445404053e-01
2.456109970808029175e-01
3.409853577613830566e-01
4.936694204807281494e-01
2.000585794448852539e-01
1.447050869464874268e-01
1.223602890968322754e-02
4.988107457756996155e-02
1.317645460367202759e-01
3.392704576253890991e-02
3.997909128665924072e-01
3.348482847213745117e-01
2.013010531663894653e-01
5.802618861198425293e-01
6.223903894424438477e-01
2.275324761867523193e-01
7.725503444671630859e-01
3.014359772205352783e-01
1.719639748334884644e-01
5.242524147033691406e-01
1.527594923973083496e-01
3.181549608707427979e-01
6.442407369613647461e-01
5.274510383605957031e-01
9.882810115814208984e-01
4.611968100070953369e-01
4.824828803539276123e-01
3.936849236488342285e-01
2.853086888790130615e-01
4.155192077159881592e-01
1.806554012000560760e-02
4.527398943901062012e-01
4.590581059455871582e-01
2.867984212934970856e-02
2.379498332738876343e-01
7.540977597236633301e-01
5.543680191040039062e-01
4.939809441566467285e-01
3.509019315242767334e-01
3.386313021183013916e-01
3.215408921241760254e-01
1.541663259267807007e-01
4.809147417545318604e-01
1.677959561347961426e-01
2.593117356300354004e-01
6.899355649948120117e-01
6.933431606739759445e-03
2.873769700527191162e-01
3.852821886539459229e-01
4.861370027065277100e-01
7.352480888366699219e-01
5.922818183898925781e-01
5.328845381736755371e-01
1.965318322181701660e-01
2.163434475660324097e-01
4.972068667411804199e-01
2.338398694992065430e-01
3.717579245567321777e-01
1.833895295858383179e-01
5.444752573966979980e-01
4.586588740348815918e-01
6.492112278938293457e-01
4.114976823329925537e-01
6.288187503814697266e-01
4.511746466159820557e-01
5.523772239685058594e-01
5.202831625938415527e-01
2.708574943244457245e-02
5.793878436088562012e-01
1.861306428909301758e-01
9.003582596778869629e-02
1.974084973335266113e-01
6.422375440597534180e-01
3.023268282413482666e-01
3.836429417133331299e-01
2.656646966934204102e-01
6.277077198028564453e-01
5.866731405258178711e-01
2.386623769998550415e-01
1.923363953828811646e-01
3.656879067420959473e-01
5.176559090614318848e-01
1.216058582067489624e-01
1.486432254314422607e-01
8.523983955383300781e-01
1.802372629754245281e-03
8.945483714342117310e-02
2.262428253889083862e-01
5.024666190147399902e-01
5.889942049980163574e-01
3.940994739532470703e-01
5.893706679344177246e-01
1.384961903095245361e-01
2.594904303550720215e-01
4.599957466125488281e-01
5.199270248413085938e-01
1.740610897541046143e-01
4.643656909465789795e-01
1.999392360448837280e-01
2.734427452087402344e-01
6.078852415084838867e-01
8.317782282829284668e-01
3.770372569561004639e-01
2.215202748775482178e-01
5.554029345512390137e-01
2.608201503753662109e-01
2.528553605079650879e-01
5.143844485282897949e-01
2.529525384306907654e-02
2.449550330638885498e-01
2.304468154907226562e-01
4.306951165199279785e-01
4.237330555915832520e-01
4.899277910590171814e-02
6.094896793365478516e-01
3.460756242275238037e-01
6.684169769287109375e-01
6.250207424163818359e-01
2.573097646236419678e-01
2.391555011272430420e-01
3.901535868644714355e-01
3.961491584777832031e-01
1.209138110280036926e-01
8.931264877319335938e-01
1.613779515027999878e-01
1.829210221767425537e-01
1.215157806873321533e-01
4.289100766181945801e-01
1.707623898983001709e-02
8.526732921600341797e-01
7.835383415222167969e-01
1.991269886493682861e-01
1.020930111408233643e-01
3.405532836914062500e-01
1.142936944961547852e-01
1.169980466365814209e-01
1.653358936309814453e-01
5.682761669158935547e-01
2.934892475605010986e-01
2.169040888547897339e-01
5.050061941146850586e-01
6.225897669792175293e-01
7.754355669021606445e-01
5.176516771316528320e-01
1.278261691331863403e-01
3.379792720079421997e-02
4.212714433670043945e-01
3.401677310466766357e-01
3.375362157821655273e-01
1.898252516984939575e-01
3.456275463104248047e-01
2.083312124013900757e-01
4.901027977466583252e-01
9.234067201614379883e-01
3.963180482387542725e-01
2.664766311645507812e-01
2.388764321804046631e-01
2.326027154922485352e-01
5.443918704986572266e-01
5.313327312469482422e-01
3.294576704502105713e-01
8.442251384258270264e-02
3.507767915725708008e-01
5.455420017242431641e-01
8.878955245018005371e-02
6.002923846244812012e-01
6.382153630256652832e-01
3.108261227607727051e-01
1.777812093496322632e-02
7.008945196866989136e-02
2.801514863967895508e-01
1.858724802732467651e-01
7.546036243438720703e-01
6.863982975482940674e-02
2.025285363197326660e-01
3.668156266212463379e-01
4.227985441684722900e-01
8.319877386093139648e-01
3.706878721714019775e-01
6.977719068527221680e-01
4.252358078956604004e-01
6.659937500953674316e-01
5.536104440689086914e-01
2.736763358116149902e-01
3.238843381404876709e-01
7.812954783439636230e-01
2.519072294235229492e-01
4.009030386805534363e-02
7.570650577545166016e-01
5.289758443832397461e-01
3.343949317932128906e-01
3.985561430454254150e-01
5.332193970680236816e-01
2.377290874719619751e-01
6.214437484741210938e-01
5.255745053291320801e-01
1.391417086124420166e-01
1.813001185655593872e-01
3.411691188812255859e-01
3.288210034370422363e-01
4.111681282520294189e-01
2.515048086643218994e-01
2.635529637336730957e-01
5.508468151092529297e-01
4.889988303184509277e-01
2.909696102142333984e-01
2.072234451770782471e-01
2.658991217613220215e-01
3.965243399143218994e-01
1.123412549495697021e-01
3.854001760482788086e-01
2.726145088672637939e-01
7.166405916213989258e-01
2.776994109153747559e-01
2.109722644090652466e-01
3.761692345142364502e-01
3.537951707839965820e-01
1.323211044073104858e-01
3.993244469165802002e-01
6.018794178962707520e-01
7.261752486228942871e-01
6.140456795692443848e-01
2.408515810966491699e-01
2.067251503467559814e-01
6.051812767982482910e-01
4.206961989402770996e-01
2.878464162349700928e-01
9.724733978509902954e-02
2.551946640014648438e-01
5.877580642700195312e-01
7.900155782699584961e-01
2.479735910892486572e-01
2.585500776767730713e-01
3.579732775688171387e-01
7.881594896316528320e-01
2.180571705102920532e-01
3.396772444248199463e-01
5.286942124366760254e-01
2.332358956336975098e-01
6.064348220825195312e-01
1.238302588462829590e-01
5.796858072280883789e-01
4.357870817184448242e-01
7.987095117568969727e-01
3.340973258018493652e-01
6.268148422241210938e-01
5.795657038688659668e-01
1.583553105592727661e-01
1.495968103408813477e-01
2.006723433732986450e-01
5.993585586547851562e-01
4.393579959869384766e-01
3.338282555341720581e-02
3.304746747016906738e-01
7.312053442001342773e-01
2.351875901222229004e-01
6.586463451385498047e-01
4.890234172344207764e-01
3.999993801116943359e-01
5.688342452049255371e-01
5.507004261016845703e-01
3.452928364276885986e-01
2.163448482751846313e-01
5.200486183166503906e-01
1.598555222153663635e-02
4.161542057991027832e-01
2.209990918636322021e-01
6.184634566307067871e-01
8.447277545928955078e-02
5.045192241668701172e-01
5.427476167678833008e-01
3.841915130615234375e-01
2.678498923778533936e-01
4.470708668231964111e-01
6.011455059051513672e-01
1.803530901670455933e-01
2.056240886449813843e-01
2.118780910968780518e-01
1.795130074024200439e-01
3.232336640357971191e-01
8.505073785781860352e-01
4.075366258621215820e-01
2.638399600982666016e-01
7.588108777999877930e-01
3.977103531360626221e-01
4.598687291145324707e-01
3.302447199821472168e-01
4.137006998062133789e-01
1.936369687318801880e-01
4.008851647377014160e-01
5.162876248359680176e-01
3.749981522560119629e-01
2.050579339265823364e-01
6.416712403297424316e-01
1.365959048271179199e-01
8.193419128656387329e-02
6.537261605262756348e-01
2.438591420650482178e-01
3.942844867706298828e-01
4.112278819084167480e-01
3.251093029975891113e-01
3.053699731826782227e-01
8.000862002372741699e-01
3.404806256294250488e-01
2.494776546955108643e-01
9.414424747228622437e-02
5.371550321578979492e-01
5.213586091995239258e-01
3.307871818542480469e-01
