7.821925878524780273e-01
8.998643159866333008e-01
8.742869496345520020e-01
6.640681624412536621e-01
7.780516147613525391e-01
8.604758977890014648e-01
9.038171172142028809e-01
7.257910966873168945e-01
7.554762363433837891e-01
6.716089248657226562e-01
9.456990957260131836e-01
7.795944809913635254e-01
9.229758381843566895e-01
8.824217319488525391e-01
9.685167670249938965e-01
7.436163141392171383e-04
6.449572392739355564e-04
9.928656816482543945e-01
2.419489324092864990e-01
5.564948320388793945e-01
4.583119750022888184e-01
9.986503720283508301e-01
6.420329213142395020e-01
7.561990022659301758e-01
5.359159708023071289e-01
9.937685728073120117e-01
9.892287254333496094e-01
9.398094415664672852e-01
6.680114269256591797e-01
6.905586123466491699e-01
1.679815934039652348e-03
8.393092155456542969e-01
5.972155332565307617e-01
6.022018790245056152e-01
5.818353891372680664e-01
9.894619584083557129e-01
7.448042035102844238e-01
8.279113769531250000e-01
5.577024817466735840e-01
9.895537495613098145e-01
8.770332336425781250e-01
6.629409193992614746e-01
8.557119965553283691e-01
6.396897435188293457e-01
4.804256856441497803e-01
9.022952914237976074e-01
7.642738223075866699e-01
8.684272766113281250e-01
6.811661124229431152e-01
9.611720442771911621e-01
8.315411806106567383e-01
9.379072785377502441e-01
9.389155507087707520e-01
9.613677859306335449e-01
9.209939241409301758e-01
7.995674014091491699e-01
9.690015912055969238e-01
9.955576062202453613e-01
9.895789027214050293e-01
9.275757074356079102e-01
1.416251063346862793e-01
9.307731389999389648e-01
8.905705213546752930e-01
1.335713022854179144e-04
2.550353994593024254e-03
8.560756444931030273e-01
6.802033185958862305e-01
4.667700559366494417e-04
4.099315992789342999e-05
7.125570774078369141e-01
9.531278014183044434e-01
8.948364853858947754e-01
9.209650754928588867e-01
9.319148659706115723e-01
8.894628882408142090e-01
5.770000219345092773e-01
9.194886684417724609e-01
9.045197963714599609e-01
4.833271801471710205e-01
3.827764987945556641e-01
6.015815734863281250e-01
9.871417880058288574e-01
8.608921766281127930e-01
3.783656954765319824e-01
6.032888889312744141e-01
8.758357763290405273e-01
8.711651563644409180e-01
8.570378422737121582e-01
5.821205377578735352e-01
5.501177906990051270e-01
7.667467594146728516e-01
9.578063488006591797e-01
7.647967338562011719e-01
5.372933745384216309e-01
5.226696729660034180e-01
9.942623376846313477e-01
9.497425556182861328e-01
9.046156406402587891e-01
6.174038648605346680e-01
9.435201883316040039e-01
9.104056358337402344e-01
7.074779272079467773e-01
5.613034963607788086e-01
6.653521656990051270e-01
9.479588270187377930e-01
6.999439001083374023e-01
5.298253297805786133e-01
8.412635922431945801e-01
5.247029662132263184e-01
9.207545518875122070e-01
9.273958802223205566e-01
8.591217994689941406e-01
7.312136292457580566e-01
8.863903880119323730e-01
9.658088088035583496e-01
9.677194356918334961e-01
5.923143625259399414e-01
7.025198936462402344e-01
7.312655448913574219e-01
9.282677173614501953e-01
7.223429679870605469e-01
7.303619980812072754e-01
7.891697287559509277e-01
8.560568094253540039e-03
6.863682866096496582e-01
7.888180613517761230e-01
7.896311879158020020e-01
6.609025597572326660e-01
7.774136066436767578e-01
9.664584994316101074e-01
9.278900027275085449e-01
6.188869476318359375e-01
5.111724138259887695e-01
9.518345594406127930e-01
9.920051693916320801e-01
3.759599328041076660e-01
9.221516847610473633e-01
9.960246086120605469e-01
9.690093994140625000e-01
4.519309997558593750e-01
5.135496258735656738e-01
8.104745149612426758e-01
8.965575098991394043e-01
8.812651038169860840e-01
7.220575213432312012e-01
7.902843952178955078e-01
8.505525588989257812e-01
8.563779592514038086e-01
9.365350008010864258e-01
6.895235776901245117e-01
6.136105656623840332e-01
9.873484373092651367e-01
9.864057898521423340e-01
9.828920364379882812e-01
8.407333493232727051e-01
9.038088917732238770e-01
7.211710214614868164e-01
5.393357872962951660e-01
5.505573153495788574e-01
9.519808292388916016e-01
9.669512510299682617e-01
7.223855257034301758e-01
6.391719579696655273e-01
9.670776128768920898e-01
9.399716854095458984e-01
8.870747089385986328e-01
9.641111493110656738e-01
9.749493598937988281e-01
7.268331646919250488e-01
7.505186200141906738e-01
8.494328260421752930e-01
9.415335059165954590e-01
8.960894346237182617e-01
8.548550605773925781e-01
7.436689138412475586e-01
7.723975181579589844e-01
6.144018769264221191e-01
9.283940792083740234e-01
7.044022083282470703e-01
7.143732309341430664e-01
7.044526338577270508e-01
7.839329838752746582e-01
9.635564684867858887e-01
7.469083666801452637e-01
7.987098693847656250e-01
8.602455854415893555e-01
7.838694453239440918e-01
8.767195940017700195e-01
7.975305318832397461e-01
6.867530941963195801e-01
8.089855313301086426e-01
6.026238203048706055e-01
8.513965010643005371e-01
7.182576656341552734e-01
6.031705141067504883e-01
7.952268719673156738e-01
5.955703258514404297e-01
6.621088981628417969e-01
9.284684062004089355e-01
9.553567171096801758e-01
9.613444209098815918e-01
3.916319012641906738e-01
5.410866141319274902e-01
9.763138890266418457e-01
7.950966358184814453e-01
4.723808765411376953e-01
3.289108872413635254e-01
9.611539840698242188e-01
7.315316200256347656e-01
2.093800753355026245e-01
8.667381405830383301e-01
6.599465608596801758e-01
8.758383989334106445e-01
7.823339104652404785e-01
7.917101383209228516e-01
7.670873403549194336e-01
9.511450529098510742e-01
9.613100290298461914e-01
8.081728219985961914e-01
7.559968233108520508e-01
9.760987162590026855e-01
9.150106906890869141e-01
9.295747876167297363e-01
7.711354494094848633e-01
9.720704555511474609e-01
