1.872072814462276691e-01
1.956382531833906480e-01
1.711994200103128250e-01
8.399343249710419790e-02
1.622407207234153603e-01
8.415052760392427444e-02
1.148062528809532523e-01
1.500716217471143310e-01
2.076605547022504217e-01
1.302016069440959101e-01
1.249706920576640068e-01
2.097365825723569999e-01
1.587436636193440553e-01
2.014810920048218379e-01
1.273673886003402478e-01
2.022684337571263313e-01
2.083519697189331055e-01
1.725288305404739375e-01
2.341714664720571937e-01
2.372339337777633061e-01
1.597107984125614166e-01
2.433511599038656048e-01
1.869793665738632982e-01
2.732986075839457518e-01
2.343760747462511063e-01
1.728528732290634806e-01
2.505891665529746404e-01
2.215902518767576823e-01
2.731445615824598661e-01
2.258160566337979736e-01
3.159589536774616847e-01
3.109434522115267496e-01
3.568858547279468163e-01
2.634020751485458001e-01
2.470026165246963501e-01
2.551068541808770296e-01
3.137052370808445234e-01
3.065598645883325646e-01
1.420999388568676414e-01
1.375928376980412593e-01
2.231785486846302458e-01
2.401080817163836756e-01
2.202122158800753349e-01
1.817135177552700043e-01
2.382490270986006853e-01
2.088492973349415360e-01
2.051072388600844731e-01
2.353373317477794879e-01
3.139674869867471463e-01
2.923136653306965815e-01
2.398795596225402060e-01
3.249387424439191818e-01
2.579717573803813613e-01
2.474015215411782265e-01
3.199246030014294973e-01
3.145126517002398980e-01
2.454030551374531688e-01
3.654554641017547234e-01
2.150956827860612264e-01
2.330867255894610579e-01
3.070343549434955133e-01
2.988544794229360813e-01
3.141497806287728567e-01
2.764791831947289724e-01
3.679671946626443257e-01
3.906799752551775584e-01
3.044605578940648427e-01
2.301853650177900501e-01
2.753096636957846899e-01
3.213518357907350076e-01
2.923983809753106233e-01
2.663251013996509320e-01
2.220670967721022071e-01
3.236067942701853495e-01
2.643322716825283747e-01
2.352648920809420341e-01
2.804466205147596591e-01
3.133286624573744517e-01
3.634283668719805460e-01
2.161617952470596127e-01
2.331995018399678765e-01
3.397964262045346517e-01
2.560387844792925138e-01
2.535927920409729031e-01
2.625722860550293025e-01
3.528151337343912730e-01
4.002298108087136153e-01
3.003529522997828716e-01
2.554920837283134460e-01
2.732652094071874038e-01
2.965021577502529038e-01
3.206848820599799144e-01
2.190434200545916255e-01
2.925046464571586236e-01
3.516274395470435632e-01
2.397599804859895101e-01
2.801944762468338013e-01
3.124462380432165842e-01
2.780253878042388549e-01
2.476405706973029974e-01
2.713185365051039022e-01
