2.004018024308606982e-04
5.988879203796386719e-01
5.599730461835861206e-02
1.395415328443050385e-02
1.864231016952544451e-04
5.276259183883666992e-01
3.617447614669799805e-01
4.158747568726539612e-02
2.945455163717269897e-02
3.919794559478759766e-01
1.300564259290695190e-01
7.446535676717758179e-02
1.334542967379093170e-02
2.707622479647397995e-04
2.316729277372360229e-01
1.996821910142898560e-02
6.836359854787588120e-03
6.903485395014286041e-03
5.665028691291809082e-01
3.830880522727966309e-01
7.906276732683181763e-03
7.547482848167419434e-03
1.632438302040100098e-01
5.056326389312744141e-01
3.033150173723697662e-02
2.777672708034515381e-01
2.858095740521093830e-06
7.004319922998547554e-05
5.937332510948181152e-01
1.601844327524304390e-03
3.683568138512782753e-05
6.383466124534606934e-01
4.472174216061830521e-03
4.393912968225777149e-04
1.749140792526304722e-04
4.727496504783630371e-01
5.433436483144760132e-03
1.807752549648284912e-01
1.996542662382125854e-01
1.341206711913400795e-06
1.024058019538642839e-05
2.269460707902908325e-01
2.567413076758384705e-02
1.888849656097590923e-03
4.183000326156616211e-01
1.815871000289916992e-01
1.085643190890550613e-02
2.007317962124943733e-04
5.865123867988586426e-01
6.062485277652740479e-02
5.224604974500834942e-04
1.997969001531600952e-01
1.133723417297005653e-03
3.355467051733285189e-04
4.337357580661773682e-01
1.479209214448928833e-02
8.433126844465732574e-03
1.980673372745513916e-01
2.410846762359142303e-02
1.257866807281970978e-02
2.121407911181449890e-02
5.125605821376666427e-05
8.832437917590141296e-03
4.468591213226318359e-01
1.473913639783859253e-01
1.471691299229860306e-03
3.726147988345474005e-04
2.099632918834686279e-01
5.447152629494667053e-02
1.877762936055660248e-02
4.048018716275691986e-03
6.647809594869613647e-02
1.217389572411775589e-02
5.740886554121971130e-02
1.573769934475421906e-02
7.133259437978267670e-03
6.562070548534393311e-02
2.947228401899337769e-02
5.063710268586874008e-04
1.460697967559099197e-04
5.934832096099853516e-01
2.417629957199096680e-02
3.349142521619796753e-02
9.375482331961393356e-04
5.827640891075134277e-01
1.562724076211452484e-02
5.944018438458442688e-02
5.967224836349487305e-01
2.582468986511230469e-01
1.530868858098983765e-01
3.755581006407737732e-02
8.267820230685174465e-04
7.692595827393233776e-04
6.170656085014343262e-01
1.645252853631973267e-02
1.712944544851779938e-02
2.080050483345985413e-02
7.483112812042236328e-01
5.521114170551300049e-02
2.605804055929183960e-02
3.899322748184204102e-01
1.819919198751449585e-01
4.578049120027571917e-04
1.215546578168869019e-02
2.518416731618344784e-04
6.416603573597967625e-04
5.972294807434082031e-01
5.966230854392051697e-02
9.762980043888092041e-03
5.788484704680740833e-04
5.687666535377502441e-01
1.945131570100784302e-01
4.230291116982698441e-03
5.807644128799438477e-01
1.319821551442146301e-02
1.306443959474563599e-01
9.869572386378422379e-05
3.313197521492838860e-04
2.724272490013390779e-04
4.099259376525878906e-01
3.501601517200469971e-02
6.529835611581802368e-02
2.808269858360290527e-02
2.054542154073715210e-01
1.153146848082542419e-02
1.246573626995086670e-01
3.413795959204435349e-03
1.245687063783407211e-02
9.896399453282356262e-03
2.138288319110870361e-02
4.223433497827500105e-04
9.879318531602621078e-05
4.131799042224884033e-01
3.541423380374908447e-02
1.661656983196735382e-02
1.442528702318668365e-02
9.736133813858032227e-01
7.174644153565168381e-03
6.597379222512245178e-03
3.642157837748527527e-02
5.957164764404296875e-01
3.027183469384908676e-03
9.079590439796447754e-02
7.447897223755717278e-05
2.232572005596011877e-04
2.634639143943786621e-01
1.188807841390371323e-02
6.547909695655107498e-03
5.116149783134460449e-02
3.757277727127075195e-01
1.991672962903976440e-01
8.329459466040134430e-03
4.521304741501808167e-02
5.959822535514831543e-01
9.364513307809829712e-02
4.234616179019212723e-03
1.614822685951367021e-04
3.244212712161242962e-05
4.040712118148803711e-01
1.680607907474040985e-02
1.769726164638996124e-02
8.051015902310609818e-05
1.982121914625167847e-01
3.132527321577072144e-02
1.090377569198608398e-02
7.992772385478019714e-03
5.962796211242675781e-01
3.584972918033599854e-01
1.122535299509763718e-02
4.203588664531707764e-01
5.114829540252685547e-01
2.701983973383903503e-02
3.945611044764518738e-02
1.070543774403631687e-03
1.989396363496780396e-01
6.622925400733947754e-02
5.197067931294441223e-02
3.380378242582082748e-03
3.893288671970367432e-01
3.855887055397033691e-01
1.720743030309677124e-01
2.626541852951049805e-01
6.158965826034545898e-01
2.868350129574537277e-04
1.519755125045776367e-01
2.637261711061000824e-02
9.813872165977954865e-04
1.249891240149736404e-02
2.230043150484561920e-02
8.079488761723041534e-03
4.571101441979408264e-02
2.471561916172504425e-02
1.917051076889038086e-01
5.677332170307636261e-03
5.229381471872329712e-02
6.089094877243041992e-01
3.570721673895604908e-08
7.793287634849548340e-01
9.368926985189318657e-04
1.061275950632989407e-03
7.824736833572387695e-01
1.306102843955159187e-03
9.024087194120511413e-05
8.204006589949131012e-04
6.352166533470153809e-01
1.601082682609558105e-01
1.040500402450561523e-01
5.617785063805058599e-05
3.794788420200347900e-01
3.832818474620580673e-04
4.282852113246917725e-01
6.051094830036163330e-02
3.148003306705504656e-04
1.934198141098022461e-01
2.116659432649612427e-01
2.198880538344383240e-03
7.454476319253444672e-03
7.855025529861450195e-01
2.356911152601242065e-01
1.297591179609298706e-01
3.641177318058907986e-04
7.992810010910034180e-01
9.454606333747506142e-05
7.721139192581176758e-01
4.686846137046813965e-01
4.447734728455543518e-02
3.481459571048617363e-03
2.575164288282394409e-02
2.091407775878906250e-02
6.359622348099946976e-03
7.816249504685401917e-03
1.928252354264259338e-02
3.095884919166564941e-01
2.731642313301563263e-02
4.135778546333312988e-01
2.033379569184035063e-04
9.437457323074340820e-01
4.463096708059310913e-02
1.790442019701004028e-01
4.694026429206132889e-03
3.923585414886474609e-01
3.264916688203811646e-02
7.353552064159885049e-05
5.620366334915161133e-01
2.119864523410797119e-01
4.334286972880363464e-02
3.548518195748329163e-02
8.068705201148986816e-01
2.350589056732133031e-04
5.955495834350585938e-01
4.601028934121131897e-02
1.022576261311769485e-02
2.125043654814362526e-03
5.835247039794921875e-01
2.170189842581748962e-02
3.693692386150360107e-02
3.837753832340240479e-01
2.009019553661346436e-01
6.465163314715027809e-04
1.975278370082378387e-02
6.038630604743957520e-01
4.326638299971818924e-04
4.288261830806732178e-01
4.053700715303421021e-02
2.178657241165637970e-02
2.547661960124969482e-02
3.817882537841796875e-01
1.897549182176589966e-01
2.835811115801334381e-02
7.369191646575927734e-01
3.432784974575042725e-02
2.716903984546661377e-01
2.369254641234874725e-02
8.036407828330993652e-01
3.299450618214905262e-04
8.882974982261657715e-01
1.423712223768234253e-01
2.397666685283184052e-02
1.268585678189992905e-03
5.758070945739746094e-01
3.965657055377960205e-01
1.512671634554862976e-02
2.405179664492607117e-02
2.831598371267318726e-02
3.282463178038597107e-02
2.190831899642944336e-01
6.004717350006103516e-01
2.210753882536664605e-04
7.872277498245239258e-01
4.230688512325286865e-02
3.031596913933753967e-02
1.533990725874900818e-02
5.834633111953735352e-01
2.550936341285705566e-01
2.637987583875656128e-02
4.149332642555236816e-02
3.936052620410919189e-01
2.142717828974127769e-03
5.985016934573650360e-03
5.984387397766113281e-01
5.524745938600972295e-05
3.835861384868621826e-01
6.858999282121658325e-02
5.152394622564315796e-02
1.816451922059059143e-02
1.161349192261695862e-02
1.957420110702514648e-01
2.149835824966430664e-01
7.853248389437794685e-04
7.576438784599304199e-01
2.464830875396728516e-01
6.451389286667108536e-03
2.907205224037170410e-01
2.464883727952837944e-04
4.062562882900238037e-01
1.880858540534973145e-01
5.460903048515319824e-03
7.665533339604735374e-04
7.788047790527343750e-01
2.491883784532546997e-01
1.543791848234832287e-03
4.654408246278762817e-02
5.869454145431518555e-01
4.110652804374694824e-01
7.114066183567047119e-02
4.218176007270812988e-01
4.147414863109588623e-01
1.590076237916946411e-01
4.819794595241546631e-01
8.812746033072471619e-03
2.878443105146288872e-03
4.359488934278488159e-02
1.767117232084274292e-01
7.511618733406066895e-02
2.290636673569679260e-02
2.274942249059677124e-01
2.016125172376632690e-01
3.931949138641357422e-01
6.077156662940979004e-01
3.423161804676055908e-03
9.821695685386657715e-01
3.983691930770874023e-01
3.250220790505409241e-02
7.840867042541503906e-01
2.224465366452932358e-03
5.966527462005615234e-01
2.048789113759994507e-01
7.988181710243225098e-02
4.443415626883506775e-02
2.177649587392807007e-01
3.770396411418914795e-01
7.109478116035461426e-01
5.489214658737182617e-01
5.976030230522155762e-01
1.506831198930740356e-01
2.240833418909460306e-05
5.852953791618347168e-01
1.677972525358200073e-01
4.325499758124351501e-03
2.733852248638868332e-03
5.781415700912475586e-01
2.077637463808059692e-01
1.933909021317958832e-03
4.030267591588199139e-04
5.995568037033081055e-01
3.968668580055236816e-01
6.394131779670715332e-01
8.410902321338653564e-02
2.042039930820465088e-01
5.884029865264892578e-01
1.670722812414169312e-01
1.451771589927375317e-03
1.727895066142082214e-02
3.922874033451080322e-01
3.300086259841918945e-01
4.000231623649597168e-01
4.916831552982330322e-01
1.058005820959806442e-02
5.942695736885070801e-01
5.902489423751831055e-01
7.565319538116455078e-02
1.065912917256355286e-01
2.284647338092327118e-02
2.559400722384452820e-02
2.271199226379394531e-01
5.122886598110198975e-02
2.858648076653480530e-03
5.896788835525512695e-02
2.203162312507629395e-01
6.465181112289428711e-01
6.139918565750122070e-01
5.904064774513244629e-01
5.707013607025146484e-01
1.759697124361991882e-02
4.253434836864471436e-01
3.838890790939331055e-02
2.420766949653625488e-01
3.723889216780662537e-02
1.538119316101074219e-01
7.682903409004211426e-01
2.210779488086700439e-01
3.301585316658020020e-01
2.013640999794006348e-01
4.034063816070556641e-01
3.995150029659271240e-01
7.754184603691101074e-01
3.145132958889007568e-02
2.182555049657821655e-01
8.561261743307113647e-02
4.004067778587341309e-01
1.304962486028671265e-02
1.201795530505478382e-03
1.447096019983291626e-01
1.542982310056686401e-01
2.010367065668106079e-01
6.644751993007957935e-04
6.293141245841979980e-01
1.964334100484848022e-01
6.313613653182983398e-01
2.715478837490081787e-02
2.082887738943099976e-01
3.773815557360649109e-02
3.702176809310913086e-01
5.190678834915161133e-01
4.771321415901184082e-01
1.407923409715294838e-04
2.398273646831512451e-01
5.008984208106994629e-01
2.292118072509765625e-01
7.919794917106628418e-01
5.734936594963073730e-01
3.974851965904235840e-01
1.815827935934066772e-01
3.601416349411010742e-01
4.383481573313474655e-04
3.849510550498962402e-01
1.990073025226593018e-01
3.828571438789367676e-01
3.545804694294929504e-02
2.057355046272277832e-01
2.559247612953186035e-01
1.952649652957916260e-01
7.980252504348754883e-01
5.907680988311767578e-01
2.142485678195953369e-01
5.298337340354919434e-02
2.125642448663711548e-01
2.540818601846694946e-02
2.007586359977722168e-01
2.044458538293838501e-01
2.012338787317276001e-01
2.088190913200378418e-01
5.723342299461364746e-01
2.411252707242965698e-01
4.126425981521606445e-01
6.064151525497436523e-01
2.050335258245468140e-01
6.621438264846801758e-01
4.919156432151794434e-02
6.005372405052185059e-01
5.861595645546913147e-02
4.103735983371734619e-01
3.279342502355575562e-02
3.959087729454040527e-01
1.749784126877784729e-02
7.726859450340270996e-01
3.216821551322937012e-01
3.284694850444793701e-01
6.033002138137817383e-01
4.219764173030853271e-01
3.744231164455413818e-01
3.285970911383628845e-02
5.254654679447412491e-03
2.252853475511074066e-02
3.952852487564086914e-01
1.255992352962493896e-01
3.235735371708869934e-02
1.448237430304288864e-02
3.880960345268249512e-01
4.245918244123458862e-02
2.832694351673126221e-01
6.138023138046264648e-01
4.083381593227386475e-01
1.020067930221557617e-02
2.774209715425968170e-02
4.017187058925628662e-01
3.145667910575866699e-02
2.249449305236339569e-02
1.574171334505081177e-01
3.852845728397369385e-01
2.339123748242855072e-02
3.301816433668136597e-02
2.664466202259063721e-01
8.005537986755371094e-01
2.313020676374435425e-01
6.012607812881469727e-01
2.178521454334259033e-01
2.300975620746612549e-01
2.023372352123260498e-01
3.512749914079904556e-03
3.491214709356427193e-03
1.282861977815628052e-01
1.933166198432445526e-02
4.827568307518959045e-02
2.330983802676200867e-02
7.214203476905822754e-02
2.191239893436431885e-01
6.187258958816528320e-01
5.068865418434143066e-01
5.706297755241394043e-01
2.573999203741550446e-02
1.497331112623214722e-01
2.958606369793415070e-02
2.657561600208282471e-01
3.677409291267395020e-01
4.166483879089355469e-02
9.323386475443840027e-03
2.188317105174064636e-02
1.461168676614761353e-01
3.778991103172302246e-01
4.829031825065612793e-01
9.927931427955627441e-01
6.626024842262268066e-03
2.919332087039947510e-01
2.916159629821777344e-01
5.530733615159988403e-02
3.049056529998779297e-01
2.226173132658004761e-01
2.018667757511138916e-01
1.014463603496551514e-02
4.875095188617706299e-02
2.103602141141891479e-02
7.984631061553955078e-01
3.746322095394134521e-01
3.839244544506072998e-01
1.973402053117752075e-01
2.151792943477630615e-01
2.038280814886093140e-01
2.025688737630844116e-01
4.075759556144475937e-03
2.016179710626602173e-01
4.857764840126037598e-01
4.584824666380882263e-03
7.303910702466964722e-02
4.536692053079605103e-03
5.188100337982177734e-01
7.499587535858154297e-01
3.746948242187500000e-01
5.560554563999176025e-03
1.851584166288375854e-01
2.258395776152610779e-02
6.150323152542114258e-01
1.033688336610794067e-02
2.400200441479682922e-02
4.284777641296386719e-01
9.834006428718566895e-03
2.583037130534648895e-02
1.466813981533050537e-01
1.037981640547513962e-02
4.112833738327026367e-01
2.084996551275253296e-01
2.032458782196044922e-01
2.348050661385059357e-02
1.476155221462249756e-02
2.028287798166275024e-01
9.199304506182670593e-03
1.404318064451217651e-01
3.898534178733825684e-01
1.168715395033359528e-02
3.381948545575141907e-02
4.325882997363805771e-03
1.911239027976989746e-01
4.234094619750976562e-01
5.990755558013916016e-01
8.804078213870525360e-03
1.843224018812179565e-01
1.724849045276641846e-01
1.987609267234802246e-01
5.550854839384555817e-03
8.363009989261627197e-02
1.993185468018054962e-02
4.202163517475128174e-01
2.448901087045669556e-01
4.011920839548110962e-02
1.996897906064987183e-01
3.421760201454162598e-01
2.624931186437606812e-02
2.772172680124640465e-03
1.769576072692871094e-01
1.951201707124710083e-01
1.733529269695281982e-01
1.488195732235908508e-03
2.468131482601165771e-01
2.637593448162078857e-01
2.839993536472320557e-01
1.049383357167243958e-02
3.727713823318481445e-01
2.982132695615291595e-02
4.206346571445465088e-01
5.944938659667968750e-01
2.464660704135894775e-01
3.183548152446746826e-02
2.284946590662002563e-01
3.986688256263732910e-01
9.715063497424125671e-03
9.415280818939208984e-02
6.370092276483774185e-03
3.822157382965087891e-01
7.205793634057044983e-03
3.741274029016494751e-02
2.162987887859344482e-01
6.217742562294006348e-01
4.060672521591186523e-01
5.096847191452980042e-03
4.068864136934280396e-02
2.106300443410873413e-01
2.767142057418823242e-01
7.355392444878816605e-03
3.533665090799331665e-02
6.260273978114128113e-03
2.038989514112472534e-01
2.632431499660015106e-02
3.610230982303619385e-02
3.448931872844696045e-01
2.082538157701492310e-01
2.673974037170410156e-01
2.305021509528160095e-02
7.630553841590881348e-01
1.952875554561614990e-01
2.460638582706451416e-01
9.352415800094604492e-04
2.284147590398788452e-02
2.123922258615493774e-01
1.991142183542251587e-01
9.286986663937568665e-03
5.081788171082735062e-03
8.631642162799835205e-02
7.677723169326782227e-01
6.189441680908203125e-01
5.211289972066879272e-03
3.857856392860412598e-01
4.328609108924865723e-01
3.861773014068603516e-01
1.403612643480300903e-01
3.971860110759735107e-01
2.237165905535221100e-02
5.751218795776367188e-01
2.276265248656272888e-02
5.408629179000854492e-01
1.917410194873809814e-01
6.014087796211242676e-01
9.829988479614257812e-01
8.121358230710029602e-03
3.831762373447418213e-01
3.864072728902101517e-03
6.444971561431884766e-01
9.452643571421504021e-04
2.093333005905151367e-01
2.104196846485137939e-01
3.465135116130113602e-03
6.300077587366104126e-02
3.957190215587615967e-01
3.991097211837768555e-01
7.950813174247741699e-01
2.028132677078247070e-01
2.437835484743118286e-01
3.982365131378173828e-01
5.929957628250122070e-01
4.972441121935844421e-02
4.142438769340515137e-01
2.017330974340438843e-01
1.132114510983228683e-02
3.867116868495941162e-01
1.511806435883045197e-02
2.318153679370880127e-01
5.978268384933471680e-01
6.012368202209472656e-01
7.815771102905273438e-01
2.094875276088714600e-01
2.395069301128387451e-01
1.256151683628559113e-02
4.144611358642578125e-01
7.603620290756225586e-01
7.802879437804222107e-03
4.050673246383666992e-01
6.450667381286621094e-01
5.801345687359571457e-04
1.868327409029006958e-01
2.304013967514038086e-01
7.874383926391601562e-01
8.806776255369186401e-03
5.865076780319213867e-01
6.226148605346679688e-01
3.109027743339538574e-01
1.952467262744903564e-01
4.495006799697875977e-01
1.958255656063556671e-02
1.955452561378479004e-01
1.933079510927200317e-01
4.398558288812637329e-03
1.911473721265792847e-01
2.874624216929078102e-03
6.314340829849243164e-01
2.057509273290634155e-01
3.886310458183288574e-01
4.077487885951995850e-01
1.336415857076644897e-01
2.058998793363571167e-01
3.720750510692596436e-01
3.113007731735706329e-02
4.769860506057739258e-01
4.107103943824768066e-01
9.965789318084716797e-02
3.385544717311859131e-01
4.149483144283294678e-01
5.868898034095764160e-01
4.011619687080383301e-01
7.890196144580841064e-02
3.308901786804199219e-01
5.319521762430667877e-03
6.456544157117605209e-03
5.889603495597839355e-01
3.923402633517980576e-03
4.793305397033691406e-01
1.996344327926635742e-01
7.140325903892517090e-01
4.869177639484405518e-01
1.949427127838134766e-01
5.979418158531188965e-01
3.997858762741088867e-01
2.380565106868743896e-01
9.829849004745483398e-01
1.214206293225288391e-01
1.539452932775020599e-02
3.822760581970214844e-01
2.826554886996746063e-02
1.654934734106063843e-01
2.031883001327514648e-01
1.969177871942520142e-01
4.642813205718994141e-01
2.043878585100173950e-01
4.128434658050537109e-01
7.969603538513183594e-01
1.953469067811965942e-01
3.982231318950653076e-01
9.757861495018005371e-03
2.017026543617248535e-01
5.839620828628540039e-01
4.223372787237167358e-03
4.029140472412109375e-01
1.993170082569122314e-01
5.837790369987487793e-01
1.298355124890804291e-02
2.619484066963195801e-01
6.267444491386413574e-01
5.733051896095275879e-01
2.013510763645172119e-01
7.808388471603393555e-01
2.670275978744029999e-02
3.891073465347290039e-01
1.073756627738475800e-02
6.303083500824868679e-04
1.036026398651301861e-03
5.881134867668151855e-01
2.060456871986389160e-01
1.486973762512207031e-01
6.392195820808410645e-02
2.219230681657791138e-01
4.185232799500226974e-03
1.938949078321456909e-01
4.458010792732238770e-01
1.688772588968276978e-01
2.110961824655532837e-01
2.485260181128978729e-02
1.359830051660537720e-01
2.121658921241760254e-01
8.310993202030658722e-03
3.630508482456207275e-02
4.962975531816482544e-02
1.715139672160148621e-02
4.089354872703552246e-01
2.131735086441040039e-01
3.942112326622009277e-01
5.929048061370849609e-01
1.947758644819259644e-01
2.236229777336120605e-01
4.426618218421936035e-01
3.034269064664840698e-02
6.091226935386657715e-01
3.845129609107971191e-01
4.395192861557006836e-02
1.334753632545471191e-02
6.065606325864791870e-02
4.071275293827056885e-01
8.333486318588256836e-01
1.081968694925308228e-01
6.742310523986816406e-01
1.439424008131027222e-01
1.901469081640243530e-01
3.905588090419769287e-01
2.476103790104389191e-02
1.534375268965959549e-02
3.807093203067779541e-01
2.396899312734603882e-01
1.558801066130399704e-02
3.882324993610382080e-01
4.366968572139739990e-01
1.988817751407623291e-01
3.987345993518829346e-01
4.039700627326965332e-01
1.545247435569763184e-02
4.027445316314697266e-01
6.021791696548461914e-01
3.393261432647705078e-01
1.754014492034912109e-01
2.897084632422775030e-04
1.885007135570049286e-02
2.015412002801895142e-01
2.718135900795459747e-02
7.968832254409790039e-01
5.893449783325195312e-01
1.472557634115219116e-01
2.166274487972259521e-01
1.034662574529647827e-01
3.962955176830291748e-01
3.819504976272583008e-01
2.104812264442443848e-01
7.066299673169851303e-03
4.107058942317962646e-01
5.386334843933582306e-03
8.893293887376785278e-02
2.526285243220627308e-04
4.199202954769134521e-01
3.905092477798461914e-01
1.370294298976659775e-02
4.092510938644409180e-01
2.619095519185066223e-02
1.498661935329437256e-03
3.901514410972595215e-01
2.104352414608001709e-01
2.334861550480127335e-03
2.166179269552230835e-01
7.547731995582580566e-01
1.092440858483314514e-01
3.723892569541931152e-01
7.556614279747009277e-01
1.756752878427505493e-01
3.911819458007812500e-01
2.110966593027114868e-01
1.731193363666534424e-01
3.792148828506469727e-01
1.646466404199600220e-01
2.974520251154899597e-02
1.196430996060371399e-03
2.077522724866867065e-01
3.942339420318603516e-01
4.492292553186416626e-02
2.582383155822753906e-01
4.096325635910034180e-01
5.045568346977233887e-01
8.866935037076473236e-03
4.009224176406860352e-01
1.983519271016120911e-02
6.893021985888481140e-03
3.866840004920959473e-01
4.380224272608757019e-02
2.839982742443680763e-03
3.763597607612609863e-01
2.912567853927612305e-01
1.903721243143081665e-01
2.417294494807720184e-02
6.020384430885314941e-01
7.790904045104980469e-01
1.885539889335632324e-01
7.964985370635986328e-01
5.675497651100158691e-02
2.014272958040237427e-01
2.953464351594448090e-02
1.989542096853256226e-01
5.894345417618751526e-02
1.630798354744911194e-02
3.679510205984115601e-02
4.103887975215911865e-01
3.819334208965301514e-01
4.151591956615447998e-01
7.810913324356079102e-01
3.918403387069702148e-01
5.878722667694091797e-01
1.792417168617248535e-01
4.365618526935577393e-01
6.651611328125000000e-01
4.542512893676757812e-01
7.127085328102111816e-02
5.800420641899108887e-01
4.003037214279174805e-01
1.485962271690368652e-01
1.979300826787948608e-01
7.821016907691955566e-01
2.015004456043243408e-01
3.725624680519104004e-01
3.979096412658691406e-01
3.060529939830303192e-02
2.354243695735931396e-01
7.734873294830322266e-01
5.145526491105556488e-03
3.640672002802602947e-05
3.895383775234222412e-01
7.689651567488908768e-03
2.044225931167602539e-01
2.640038542449474335e-02
5.883803367614746094e-01
2.006097137928009033e-01
1.969813853502273560e-01
6.005574464797973633e-01
1.716410964727401733e-01
2.044969350099563599e-01
5.848107933998107910e-01
2.147575765848159790e-01
3.851292729377746582e-01
4.546321183443069458e-02
3.622019588947296143e-01
6.060445904731750488e-01
5.010170936584472656e-01
2.723480761051177979e-02
3.893616497516632080e-01
3.891746103763580322e-01
6.488206982612609863e-01
3.186025097966194153e-02
2.058635801076889038e-01
5.784212946891784668e-01
8.051729947328567505e-02
3.914073109626770020e-01
1.617027074098587036e-01
2.416930720210075378e-02
2.040706574916839600e-01
7.138489279896020889e-03
4.227179884910583496e-01
5.983062982559204102e-01
1.767001599073410034e-01
5.927804708480834961e-01
3.896722197532653809e-02
2.053159773349761963e-01
7.803264856338500977e-01
1.150392182171344757e-02
2.014054059982299805e-01
3.131784126162528992e-02
4.175142943859100342e-01
3.978221416473388672e-01
1.974588036537170410e-01
6.037946343421936035e-01
9.820352196693420410e-01
1.868593543767929077e-01
1.392185594886541367e-02
1.706078350543975830e-01
1.822131723165512085e-01
9.587480425834655762e-01
1.330042928457260132e-01
2.464172691106796265e-01
2.614396810531616211e-01
4.023523330688476562e-01
2.187381684780120850e-01
1.973835825920104980e-01
5.206928849220275879e-01
7.856988310813903809e-01
1.941532939672470093e-01
3.993407785892486572e-01
1.567557007074356079e-01
2.194735407829284668e-02
5.519174337387084961e-01
7.355012744665145874e-02
1.967348456382751465e-01
5.559467244893312454e-04
5.880027413368225098e-01
2.466461062431335449e-01
5.440633296966552734e-01
5.844238400459289551e-01
2.015213370323181152e-01
4.130790233612060547e-01
8.791537284851074219e-01
4.093210026621818542e-02
2.015074044466018677e-01
2.065151333808898926e-01
1.220195554196834564e-02
3.014973551034927368e-02
2.448151586577296257e-03
1.798092201352119446e-02
1.475179195404052734e-02
6.265065670013427734e-01
4.008187651634216309e-01
5.984387360513210297e-03
4.145907163619995117e-01
3.747738003730773926e-01
1.794630587100982666e-01
1.697690486907958984e-01
4.669133722782135010e-01
1.421941723674535751e-02
1.509606987237930298e-01
4.393858462572097778e-02
1.429148484021425247e-02
1.501910835504531860e-01
2.364368438720703125e-01
5.799159407615661621e-01
9.763922095298767090e-01
2.453188747167587280e-01
3.939417600631713867e-01
2.281234860420227051e-01
6.470564007759094238e-02
1.918487134389579296e-03
6.029758602380752563e-02
6.746273040771484375e-01
1.235354132950305939e-02
5.897039175033569336e-02
5.485930442810058594e-01
1.059437709045596421e-04
4.037424921989440918e-01
3.233398497104644775e-01
3.278540968894958496e-01
5.806480050086975098e-01
3.791620954871177673e-02
4.403719007968902588e-01
2.004912942647933960e-01
8.492708951234817505e-02
7.907814532518386841e-02
2.548028528690338135e-01
3.120280615985393524e-02
4.570578336715698242e-01
2.005003839731216431e-01
4.086271822452545166e-01
2.035154253244400024e-01
3.925836980342864990e-01
5.968051552772521973e-01
7.563132792711257935e-02
1.246370468288660049e-02
1.094174943864345551e-02
1.739816665649414062e-01
2.559652030467987061e-01
3.558647632598876953e-01
8.499762974679470062e-03
1.456512659788131714e-01
2.107188701629638672e-01
6.469006538391113281e-01
9.773621559143066406e-01
1.970656216144561768e-01
1.676681041717529297e-01
6.336128711700439453e-02
2.151623368263244629e-01
3.988789916038513184e-01
3.122306428849697113e-02
2.108130604028701782e-01
2.092476338148117065e-01
1.661182940006256104e-01
3.201809823513031006e-01
1.672744601964950562e-01
4.048559367656707764e-01
3.998522758483886719e-01
6.053616479039192200e-02
7.723838686943054199e-01
4.499468207359313965e-02
5.967406034469604492e-01
4.033976197242736816e-01
5.763462781906127930e-01
4.185535907745361328e-01
3.885383903980255127e-01
2.189683467149734497e-01
1.041145157068967819e-02
2.513505220413208008e-01
5.989401340484619141e-01
3.920847177505493164e-01
5.960488226264715195e-03
5.919283628463745117e-01
6.763625144958496094e-02
4.959511756896972656e-01
4.718945026397705078e-01
3.679504096508026123e-01
2.009495198726654053e-01
5.558128356933593750e-01
2.012608945369720459e-01
1.188951805233955383e-01
4.682545841205865145e-04
6.091562509536743164e-01
4.042510390281677246e-01
1.925832629203796387e-01
7.933962941169738770e-01
1.816602647304534912e-01
5.962709188461303711e-01
4.001889824867248535e-01
7.717739939689636230e-01
3.954863846302032471e-01
6.191241741180419922e-01
2.999295247718691826e-03
1.065014302730560303e-01
5.959642529487609863e-01
9.876695275306701660e-01
9.770410060882568359e-01
1.837685108184814453e-01
7.752104997634887695e-01
2.677605673670768738e-02
3.655115067958831787e-01
2.491198927164077759e-01
5.854824185371398926e-01
4.097357392311096191e-01
4.293044805526733398e-01
3.886900246143341064e-01
1.185898017138242722e-02
1.790237054228782654e-02
4.329375326633453369e-01
8.800051175057888031e-03
3.795066177845001221e-01
5.867755413055419922e-01
1.724010109901428223e-01
2.024379074573516846e-01
3.077298104763031006e-01
7.631527185440063477e-01
9.033977985382080078e-03
5.957768857479095459e-02
3.938818573951721191e-01
1.063451636582612991e-03
2.170639783143997192e-01
7.809443473815917969e-01
5.859638452529907227e-01
2.152269938960671425e-03
7.906701564788818359e-01
4.023059830069541931e-02
2.194954603910446167e-01
2.244069278240203857e-01
1.907368898391723633e-01
3.964432477951049805e-01
6.002230644226074219e-01
5.818468332290649414e-01
1.976462006568908691e-01
8.043801188468933105e-01
4.444800019264221191e-01
2.117675393819808960e-01
1.858347207307815552e-01
2.001128047704696655e-01
1.894529461860656738e-01
4.005548954010009766e-01
2.009860724210739136e-01
5.778765678405761719e-01
1.056839674711227417e-01
2.505383193492889404e-01
2.102745622396469116e-01
2.968646585941314697e-02
2.819364368915557861e-01
4.684771299362182617e-01
4.755963981151580811e-01
9.144748328253626823e-04
4.070570468902587891e-01
4.135099798440933228e-02
2.082588672637939453e-01
1.782737672328948975e-01
5.636103153228759766e-01
7.243034988641738892e-02
2.016599029302597046e-01
4.577070772647857666e-01
1.319716591387987137e-02
3.409045934677124023e-02
2.157716751098632812e-01
4.667709171772003174e-01
2.087007835507392883e-02
7.721526622772216797e-01
2.710759639739990234e-01
2.134162038564682007e-01
2.164887934923171997e-01
1.951125413179397583e-01
1.881729438900947571e-02
1.429387181997299194e-01
5.819101333618164062e-01
9.612926840782165527e-02
1.489608287811279297e-01
4.098058938980102539e-01
5.946362614631652832e-01
1.965193897485733032e-01
7.504587173461914062e-01
1.175800487399101257e-01
4.197143018245697021e-02
2.136749923229217529e-01
5.119527578353881836e-01
3.744760155677795410e-01
3.999709188938140869e-01
6.380928754806518555e-01
2.221857756376266479e-01
1.168386358767747879e-02
3.932603597640991211e-01
3.742236793041229248e-01
3.834042847156524658e-01
3.959732651710510254e-01
1.593017131090164185e-01
3.339434508234262466e-03
2.070281058549880981e-01
3.810720145702362061e-01
2.316622436046600342e-02
5.835180282592773438e-01
9.423925876617431641e-01
1.245075613260269165e-01
6.645815074443817139e-02
6.728208065032958984e-01
4.669210910797119141e-01
4.754861351102590561e-03
5.917036533355712891e-01
7.868575304746627808e-02
8.410789072513580322e-02
1.315589994192123413e-03
6.045267581939697266e-01
2.499617189168930054e-01
2.056997716426849365e-01
3.388539850711822510e-01
2.078246027231216431e-01
4.504350125789642334e-01
3.928414583206176758e-01
7.206589579582214355e-01
1.397192627191543579e-01
7.924251556396484375e-01
7.103177160024642944e-02
1.079143807291984558e-01
2.329752594232559204e-01
3.694500923156738281e-01
3.083728551864624023e-01
3.953692913055419922e-01
4.334316551685333252e-01
1.985241174697875977e-01
4.732078313827514648e-01
8.028761148452758789e-01
3.996388316154479980e-01
1.998150199651718140e-01
4.175663590431213379e-01
1.268455684185028076e-01
3.078506886959075928e-02
3.274790709838271141e-03
1.869897171854972839e-02
2.667110413312911987e-02
3.507125377655029297e-01
5.793195366859436035e-01
3.084029853343963623e-01
3.365599513053894043e-01
4.112009704113006592e-01
5.953093171119689941e-01
1.324575045146048069e-03
5.874948501586914062e-01
3.400833606719970703e-01
3.992358446121215820e-01
1.928620855323970318e-03
5.749580860137939453e-01
2.212430834770202637e-01
2.004763782024383545e-01
4.113577902317047119e-01
1.965359896421432495e-01
4.006386697292327881e-01
9.745838642120361328e-01
1.970062553882598877e-01
4.579115193337202072e-03
6.439892575144767761e-03
3.928856179118156433e-02
4.384329319000244141e-01
5.944066643714904785e-01
3.919765949249267578e-01
2.119577378034591675e-01
1.173657849431037903e-01
3.482323586940765381e-01
1.541370600461959839e-01
2.002141922712326050e-01
2.180433869361877441e-01
7.843877077102661133e-01
7.896414026618003845e-03
2.048089951276779175e-01
2.756910957396030426e-02
4.532195627689361572e-01
2.353321462869644165e-01
9.035502672195434570e-01
4.266093671321868896e-02
1.410024613142013550e-01
2.188402712345123291e-01
1.862847208976745605e-01
2.784217521548271179e-02
6.079262495040893555e-01
2.044883966445922852e-01
1.925943493843078613e-01
6.973263025283813477e-01
1.091334596276283264e-01
9.355421178042888641e-03
2.406625300645828247e-01
3.900471031665802002e-01
6.455414742231369019e-02
2.745744585990905762e-01
2.021773159503936768e-01
1.952132582664489746e-01
2.699710056185722351e-02
5.832058787345886230e-01
2.048507332801818848e-01
4.097316414117813110e-03
3.768972754478454590e-01
3.142014145851135254e-01
3.014600276947021484e-01
2.007593661546707153e-01
7.281599044799804688e-01
8.648022077977657318e-03
3.772103190422058105e-01
4.013775587081909180e-01
7.857969403266906738e-01
2.036713659763336182e-01
6.838185787200927734e-01
1.997419744729995728e-01
2.016069181263446808e-02
2.139444351196289062e-01
4.466701298952102661e-02
2.468301951885223389e-01
4.056060910224914551e-01
2.224346250295639038e-01
2.327726483345031738e-01
4.005919098854064941e-01
6.042237877845764160e-01
4.996160268783569336e-01
2.580837607383728027e-01
