9.920693635940551758e-01
9.297887682914733887e-01
7.747827768325805664e-01
4.105636849999427795e-02
1.672615110874176025e-01
3.862940371036529541e-01
1.207933276891708374e-01
7.577283680438995361e-02
1.922965347766876221e-01
1.511536538600921631e-02
9.307399392127990723e-02
6.570331752300262451e-04
8.451195061206817627e-02
1.693958938121795654e-01
1.707256883382797241e-01
6.197256880113855004e-05
1.945069758221507072e-03
6.958543090149760246e-04
5.040827766060829163e-02
7.862303406000137329e-03
3.521817270666360855e-04
3.785117343068122864e-02
2.403998374938964844e-02
6.250150967389345169e-03
7.566456682980060577e-03
1.021374389529228210e-02
5.925942678004503250e-03
1.632199127925559878e-04
8.455970324575901031e-03
9.299097061157226562e-01
6.381921702995896339e-04
7.663333322852849960e-03
2.065177261829376221e-01
1.388039253652095795e-02
7.368932710960507393e-04
1.263431906700134277e-01
2.493510022759437561e-02
2.445850055664777756e-03
9.186980314552783966e-03
1.671171048656105995e-04
2.562879235483705997e-04
8.118340373039245605e-02
5.765878595411777496e-04
9.269020557403564453e-01
9.880422949790954590e-01
8.394321426749229431e-03
2.850105762481689453e-01
5.589312314987182617e-01
1.180916745215654373e-02
2.100994251668453217e-02
2.037040591239929199e-01
2.414563000202178955e-01
3.881964087486267090e-02
3.542517370078712702e-04
8.973734080791473389e-02
1.467088609933853149e-01
4.004593193531036377e-02
9.996445775032043457e-01
8.922717571258544922e-01
8.842303156852722168e-01
2.154718190431594849e-01
4.554923176765441895e-01
3.655157610774040222e-02
1.399272382259368896e-01
1.830064207315444946e-01
2.890905737876892090e-01
6.449387874454259872e-03
4.883512109518051147e-02
6.629705429077148438e-02
1.533235013484954834e-01
4.834123328328132629e-02
9.861895442008972168e-01
7.745063900947570801e-01
7.560563087463378906e-01
1.982233114540576935e-02
3.054328262805938721e-01
5.511116608977317810e-02
1.290320215048268437e-04
1.590362787246704102e-01
4.466016963124275208e-02
1.961612552404403687e-01
1.917525008320808411e-02
4.314029589295387268e-02
2.588230371475219727e-01
9.287314116954803467e-02
9.786729216575622559e-01
6.624982953071594238e-01
6.779512763023376465e-01
4.584536887705326080e-03
3.928803801536560059e-01
2.029611915349960327e-01
3.206501714885234833e-03
2.651804313063621521e-02
9.873301722109317780e-03
8.712501078844070435e-02
2.841472392901778221e-03
5.860444158315658569e-03
7.671453058719635010e-02
1.604473292827606201e-01
9.843201041221618652e-01
8.422305583953857422e-01
9.818352460861206055e-01
2.623755019158124924e-03
4.984895512461662292e-02
1.702548563480377197e-01
9.826659224927425385e-03
8.008298277854919434e-02
7.056922651827335358e-03
1.795250107534229755e-03
1.804566010832786560e-02
1.502144057303667068e-02
6.294429302215576172e-02
3.674026113003492355e-03
9.262174963951110840e-01
7.834008932113647461e-01
6.156561374664306641e-01
1.258612610399723053e-03
3.181679546833038330e-01
2.574562132358551025e-01
6.915992498397827148e-02
1.965222693979740143e-02
2.018200755119323730e-01
6.835430860519409180e-02
1.108785271644592285e-01
4.820010811090469360e-02
2.235458493232727051e-01
1.533598303794860840e-01
9.960302710533142090e-01
8.858494162559509277e-01
3.612774908542633057e-01
3.302863985300064087e-02
2.498377263545989990e-01
2.145025134086608887e-01
1.493509393185377121e-02
4.612798336893320084e-03
4.217574000358581543e-02
5.411697924137115479e-02
2.115320973098278046e-02
2.556887455284595490e-02
1.008740440011024475e-01
1.144753992557525635e-01
9.969727993011474609e-01
8.871552944183349609e-01
5.966947674751281738e-01
3.328548744320869446e-02
3.574110567569732666e-01
1.019552275538444519e-01
1.993234455585479736e-01
1.835348308086395264e-01
1.831277906894683838e-01
6.522677838802337646e-02
1.278199139051139355e-03
2.488110680133104324e-03
1.097851432859897614e-02
3.564525023102760315e-02
9.997329711914062500e-01
7.989159822463989258e-01
5.949190258979797363e-01
6.902485340833663940e-02
3.605392873287200928e-01
7.127203941345214844e-01
1.388387084007263184e-01
1.489033829420804977e-02
6.810341775417327881e-02
2.000151947140693665e-02
5.092973355203866959e-03
1.085912287235260010e-01
1.062309276312589645e-02
3.988634794950485229e-03
9.623290300369262695e-01
7.442119121551513672e-01
7.871919274330139160e-01
6.865772884339094162e-04
1.214401349425315857e-01
2.266238331794738770e-01
3.977445662021636963e-01
6.408026069402694702e-02
3.811011463403701782e-02
1.606225967407226562e-01
3.504323661327362061e-01
3.981769829988479614e-02
2.364560067653656006e-01
1.649497300386428833e-01
9.710630178451538086e-01
7.723122835159301758e-01
3.964059352874755859e-01
7.109006866812705994e-03
2.542267739772796631e-01
4.631704092025756836e-02
2.049292325973510742e-01
6.835330277681350708e-02
2.084192601614631712e-05
2.621869742870330811e-01
6.364092230796813965e-02
3.202326968312263489e-02
2.133469656109809875e-02
1.321598738431930542e-01
9.623889923095703125e-01
9.823838472366333008e-01
7.137555480003356934e-01
8.131221681833267212e-02
4.161227941513061523e-01
2.246102541685104370e-01
7.167727947235107422e-01
1.061634272336959839e-01
6.151803210377693176e-02
3.372740149497985840e-01
4.172091186046600342e-02
1.156430342234671116e-03
3.764355555176734924e-03
5.933574587106704712e-02
9.444052577018737793e-01
7.262248992919921875e-01
3.980560004711151123e-01
6.783991307020187378e-02
1.744339466094970703e-01
3.617896735668182373e-01
1.155432760715484619e-01
2.215550653636455536e-02
5.216595903038978577e-02
1.843346804380416870e-01
5.104601010680198669e-02
7.705425377935171127e-04
1.155474316328763962e-02
1.013727337121963501e-01
