2.177183167435801925e-01
2.090744911334835587e-01
2.470008793573539863e-01
2.560666611892744582e-01
1.602568536853561099e-01
1.503400823746163240e-01
2.057868080356946294e-01
2.480981051921844482e-01
2.327833998088653378e-01
2.098976314390221531e-01
1.383553913686997594e-01
3.622673041402147409e-01
4.030920639275931139e-01
1.924660236002707081e-01
2.222866626062358908e-01
3.202759689615609640e-01
2.498921575785901239e-01
2.199251068612703974e-01
2.879705966647284621e-01
3.222370462205547681e-01
2.668495945489177124e-01
1.470958738086315387e-01
1.623476269907349334e-01
2.536371323781517750e-01
1.510132327675819397e-01
1.908856178051792085e-01
3.352443787555854926e-01
3.069560671798311491e-01
2.460654860792251819e-01
2.460905701065292661e-01
3.151674203825398091e-01
2.492842515684270122e-01
2.477936119181462227e-01
2.133335138294989164e-01
1.805045680196669111e-01
1.718817500111002317e-01
2.030979244110102944e-01
2.844303841725027704e-01
3.190248531217758643e-01
2.382650711828878665e-01
2.390685868270408521e-01
2.460693841209062038e-01
3.095964817828364413e-01
2.312814510291550940e-01
3.080958569368634214e-01
2.349470199127468850e-01
2.358327418377694495e-01
2.333446532429661602e-01
6.448912861971900501e-01
4.106443741251356583e-01
2.392489104285442092e-01
3.373647019571552885e-01
5.346728745095717938e-01
2.227901149420246640e-01
3.783597239346888075e-01
3.641452591758794766e-01
3.600303260967708807e-01
3.794267036361046452e-01
4.226102773816539648e-01
3.881041822381890993e-01
5.095070652001035816e-01
3.435456642092993840e-01
4.282950158230960369e-01
4.978128282639842639e-01
2.928372455330995328e-01
3.761673014825926420e-01
4.394443793079027549e-01
3.276552956802054051e-01
4.321639236564246422e-01
2.963081839320343969e-01
3.385839517443225977e-01
2.628998024245867149e-01
2.425936324960695500e-01
2.903069098963617090e-01
3.100456441752612591e-01
2.668976999926738758e-01
2.389414488257338709e-01
2.773142538140885849e-01
3.079032825592618594e-01
2.395294877933338284e-01
3.663414380369851009e-01
4.420030584218553882e-01
5.128011122041453707e-01
2.983501228557612905e-01
2.280400883084019725e-01
2.939786484035161740e-01
3.981549254117103809e-01
4.903031660561772420e-01
3.100133843545336276e-01
2.312860043826871215e-01
2.524000267260886887e-01
2.728441132388140233e-01
2.827540960816594673e-01
2.418489400655604304e-01
2.554882938901965606e-01
2.329177023180258876e-01
2.306042874339394866e-01
2.549808313264153581e-01
2.349631181859876961e-01
2.454363295675228429e-01
2.762800274380984300e-01
