1.410964317619800568e-02
5.833604931831359863e-01
1.090501397848129272e-01
1.082608848810195923e-01
1.464902311563491821e-01
1.086293831467628479e-01
2.740692198276519775e-01
6.757311522960662842e-02
2.262915112078189850e-02
2.548281475901603699e-02
1.998236589133739471e-02
2.114119976758956909e-01
5.205365642905235291e-02
9.388506412506103516e-03
3.634617328643798828e-01
1.828868091106414795e-01
1.632060110569000244e-01
1.346589326858520508e-01
8.299046754837036133e-02
8.368287980556488037e-02
3.907556086778640747e-02
1.316681355237960815e-01
1.262978315353393555e-01
3.570524603128433228e-02
2.354426980018615723e-01
5.432417988777160645e-02
1.068247016519308090e-03
1.586284860968589783e-02
3.321488499641418457e-01
1.885363273322582245e-02
3.984814509749412537e-02
2.904379069805145264e-01
6.431370973587036133e-02
7.122061401605606079e-02
2.538543939590454102e-02
1.960373111069202423e-02
4.471582770347595215e-01
1.063227802515029907e-01
4.847164452075958252e-02
9.818483376875519753e-04
6.723367609083652496e-03
1.408489197492599487e-01
1.415888518095016479e-01
3.093603067100048065e-02
2.918331623077392578e-01
1.154846400022506714e-01
3.820395469665527344e-02
4.385212436318397522e-02
6.098438799381256104e-02
3.687588125467300415e-02
4.191717132925987244e-02
6.198238208889961243e-02
3.507516160607337952e-02
2.686281129717826843e-02
2.060251682996749878e-01
2.235264182090759277e-01
1.281936019659042358e-01
3.254225105047225952e-02
2.487994134426116943e-01
7.147864252328872681e-02
5.188320949673652649e-02
3.066504374146461487e-02
4.578451067209243774e-02
2.918011248111724854e-01
5.516483634710311890e-02
1.985219493508338928e-02
1.908742450177669525e-02
1.630226969718933105e-01
1.513034105300903320e-01
2.298024147748947144e-01
1.271691173315048218e-01
9.982156008481979370e-02
3.114182315766811371e-02
2.129655331373214722e-02
2.633093390613794327e-03
2.680926769971847534e-02
3.281790390610694885e-02
6.429846584796905518e-02
1.346789952367544174e-02
4.486072063446044922e-02
3.134699761867523193e-01
1.342929750680923462e-01
1.534605920314788818e-01
1.087720245122909546e-01
4.499559104442596436e-01
4.487818107008934021e-02
1.253546681255102158e-02
1.813787370920181274e-01
8.985087275505065918e-02
8.487165719270706177e-02
7.822984457015991211e-02
1.215011999011039734e-02
4.564858600497245789e-02
1.585309803485870361e-01
1.519378870725631714e-01
1.512612104415893555e-01
1.320950984954833984e-01
2.422690689563751221e-01
8.777400851249694824e-02
1.974330842494964600e-02
1.141094509512186050e-02
5.241798236966133118e-02
5.767062306404113770e-03
4.195645451545715332e-02
1.409488730132579803e-02
3.921466320753097534e-02
4.083059430122375488e-01
1.839040517807006836e-01
1.795050203800201416e-01
9.719954431056976318e-02
2.807404398918151855e-01
8.322941511869430542e-02
7.870074361562728882e-02
2.505542635917663574e-01
2.597455084323883057e-01
4.150382429361343384e-02
7.141153514385223389e-02
8.167091757059097290e-03
5.006724223494529724e-02
2.715598642826080322e-01
1.203010156750679016e-01
1.554321497678756714e-01
1.844434142112731934e-01
1.645998954772949219e-01
8.268851041793823242e-02
6.252174079418182373e-02
2.988779731094837189e-02
3.811789676547050476e-02
1.835438162088394165e-01
1.456383913755416870e-01
2.840860188007354736e-02
6.579899787902832031e-02
2.288054078817367554e-01
1.476544737815856934e-01
1.548742949962615967e-01
1.727739125490188599e-01
1.542479246854782104e-01
7.771405577659606934e-02
8.184789866209030151e-02
8.178606629371643066e-02
3.466449305415153503e-02
1.290508061647415161e-01
5.771836638450622559e-02
1.477686502039432526e-02
8.024056255817413330e-02
3.991962373256683350e-01
1.643628180027008057e-01
1.262591481208801270e-01
1.985464543104171753e-01
1.033540815114974976e-01
4.563689976930618286e-02
4.521329700946807861e-02
5.320046842098236084e-02
3.376241028308868408e-02
3.532895073294639587e-02
8.775103837251663208e-03
2.848627232015132904e-02
3.673987463116645813e-02
2.638266384601593018e-01
1.397215127944946289e-01
1.282224953174591064e-01
1.175385639071464539e-01
8.583155274391174316e-02
5.173124000430107117e-02
5.884609371423721313e-02
1.325718313455581665e-01
3.621507063508033752e-02
1.522900350391864777e-02
5.531630292534828186e-02
9.253833293914794922e-01
1.184435486793518066e-01
2.427818477153778076e-01
1.001769900321960449e-01
1.503841280937194824e-01
5.672555789351463318e-02
2.897871099412441254e-02
9.514078497886657715e-02
3.210897371172904968e-02
2.077303528785705566e-01
1.097158640623092651e-01
6.069343686103820801e-01
1.383660733699798584e-01
9.821546077728271484e-01
1.379723381251096725e-02
2.200472950935363770e-01
1.369977742433547974e-01
8.846259117126464844e-02
9.988537058234214783e-03
1.261386554688215256e-02
2.844819612801074982e-02
8.705742657184600830e-02
4.080203548073768616e-02
3.233852237462997437e-02
5.072568729519844055e-02
3.740488737821578979e-02
7.351745963096618652e-01
3.692606231197714806e-03
2.407491505146026611e-01
6.635754834860563278e-03
3.969787620007991791e-03
2.391578555107116699e-01
2.001277804374694824e-01
2.475669980049133301e-02
3.748100949451327324e-03
2.163883112370967865e-02
1.936298757791519165e-01
1.070782542228698730e-02
3.769251704216003418e-02
9.006674289703369141e-01
5.423062015324831009e-03
8.940573036670684814e-02
9.163445234298706055e-02
1.081396918743848801e-02
7.407569140195846558e-02
4.310570359230041504e-01
4.413116350769996643e-02
2.631647698581218719e-02
8.146847039461135864e-02
1.555237825959920883e-02
2.381879538297653198e-01
5.303706228733062744e-02
9.306831955909729004e-01
1.104653067886829376e-02
6.824567168951034546e-02
1.664516329765319824e-01
1.136922389268875122e-01
1.345939636230468750e-01
8.787793666124343872e-02
7.761223614215850830e-02
8.246588706970214844e-02
1.991394534707069397e-02
2.080732136964797974e-01
8.721085637807846069e-02
5.011478811502456665e-02
9.592036008834838867e-01
3.309187665581703186e-02
4.804699718952178955e-01
1.572664678096771240e-01
8.011603355407714844e-02
1.824626624584197998e-01
2.114449441432952881e-01
6.111480668187141418e-02
6.776887178421020508e-02
7.408166304230690002e-03
2.214417904615402222e-01
3.769994974136352539e-01
8.059495687484741211e-02
6.503168940544128418e-01
3.189286962151527405e-02
5.190638080239295959e-02
2.294531762599945068e-01
1.240677461028099060e-01
1.182253807783126831e-01
4.597157835960388184e-01
2.156345993280410767e-01
3.707579895853996277e-02
1.238594353199005127e-01
2.276114523410797119e-01
3.493902832269668579e-02
8.048939704895019531e-02
7.860433459281921387e-01
4.619439691305160522e-02
1.311301290988922119e-01
1.958411931991577148e-01
1.311614215373992920e-01
4.248992353677749634e-02
3.037162870168685913e-02
5.765796080231666565e-02
6.512371450662612915e-02
1.923500001430511475e-01
4.094974398612976074e-01
7.255969941616058350e-02
2.398324012756347656e-01
8.096583485603332520e-01
6.733700633049011230e-03
2.580026984214782715e-01
3.531051874160766602e-01
1.646452397108078003e-01
4.664745181798934937e-02
2.111330442130565643e-02
6.322632730007171631e-02
2.615229040384292603e-02
6.460411101579666138e-02
2.600212991237640381e-01
1.029772870242595673e-02
6.993204355239868164e-02
9.352324008941650391e-01
8.314110338687896729e-03
1.658057272434234619e-01
3.540154993534088135e-01
1.435120999813079834e-01
1.997121274471282959e-01
3.264416754245758057e-02
2.710455060005187988e-01
5.953816697001457214e-02
8.651015907526016235e-02
1.941700093448162079e-02
1.231849715113639832e-01
1.372297573834657669e-02
5.897099375724792480e-01
3.883219510316848755e-02
1.156343743205070496e-01
2.402367740869522095e-01
1.556737571954727173e-01
1.758756786584854126e-01
8.076892048120498657e-02
3.600149750709533691e-01
8.639151602983474731e-02
1.414789557456970215e-01
2.074218243360519409e-01
2.160160243511199951e-02
9.766699746251106262e-03
9.246310591697692871e-01
3.345290571451187134e-02
1.472601890563964844e-01
3.408762216567993164e-01
1.237332671880722046e-01
9.581341594457626343e-02
1.903342604637145996e-01
5.674763321876525879e-01
1.177375316619873047e-01
1.083130240440368652e-01
1.923920065164566040e-01
4.217653721570968628e-02
2.532870173454284668e-01
9.927661418914794922e-01
8.848942518234252930e-01
2.340186089277267456e-01
1.454882323741912842e-01
3.331909328699111938e-02
3.680018242448568344e-03
1.464904937893152237e-02
2.061417996883392334e-01
2.836200036108493805e-02
2.316685616970062256e-01
6.666877120733261108e-02
1.007359288632869720e-02
1.751758903264999390e-02
8.653134107589721680e-01
7.749705314636230469e-01
3.047574460506439209e-01
6.873551756143569946e-02
6.787264347076416016e-02
2.036096304655075073e-01
3.039082139730453491e-02
3.441784679889678955e-01
5.049021169543266296e-02
1.310975011438131332e-02
2.454103976488113403e-01
1.953611671924591064e-01
6.918286904692649841e-03
7.650728821754455566e-01
9.227426648139953613e-01
1.013767719268798828e-01
7.043787837028503418e-02
7.605733349919319153e-03
1.373784244060516357e-02
3.326865658164024353e-02
1.340538114309310913e-01
1.293904241174459457e-02
7.899516262114048004e-03
2.118369340896606445e-01
1.833395808935165405e-01
2.727021276950836182e-02
9.780080914497375488e-01
5.338464379310607910e-01
7.053660601377487183e-02
2.629740536212921143e-01
1.156544834375381470e-01
1.733510345220565796e-01
3.516649603843688965e-01
2.453690171241760254e-01
5.542987585067749023e-02
4.659342765808105469e-02
2.084802538156509399e-01
9.726493619382381439e-03
5.462421104311943054e-02
9.311332702636718750e-01
9.149236679077148438e-01
3.186024427413940430e-01
1.075688973069190979e-01
2.942309975624084473e-01
1.481388509273529053e-01
1.727916300296783447e-02
4.579657223075628281e-03
8.963102102279663086e-02
4.239457100629806519e-02
3.562872856855392456e-02
5.859062671661376953e-01
7.877905666828155518e-02
9.272359013557434082e-01
5.555316209793090820e-01
1.188208237290382385e-01
4.077906012535095215e-01
2.689855694770812988e-01
1.689159125089645386e-01
6.297703832387924194e-02
2.260100468993186951e-02
1.429532319307327271e-01
1.377875450998544693e-02
1.464542448520660400e-01
2.877486944198608398e-01
9.202885441482067108e-03
7.678905725479125977e-01
7.574326992034912109e-01
8.945461362600326538e-02
1.145387440919876099e-01
1.382998675107955933e-01
8.619367331266403198e-02
2.863542735576629639e-02
1.938705593347549438e-01
1.766090095043182373e-02
8.397056721150875092e-03
6.186871603131294250e-02
2.673234045505523682e-01
1.528108492493629456e-02
9.340568780899047852e-01
5.250334143638610840e-01
2.166312485933303833e-01
2.928688824176788330e-01
1.568488627672195435e-01
1.081141605973243713e-01
1.302625052630901337e-02
1.294573545455932617e-01
4.029319286346435547e-01
1.854765117168426514e-01
5.532237887382507324e-01
6.008212566375732422e-01
5.411326885223388672e-03
9.369457960128784180e-01
7.339189648628234863e-01
1.004170849919319153e-01
7.986725866794586182e-02
1.951556503772735596e-01
1.312217265367507935e-01
2.188642919063568115e-01
2.466540783643722534e-02
6.528694927692413330e-02
1.471881121397018433e-01
2.134196460247039795e-01
4.010959863662719727e-01
4.223881363868713379e-01
8.955433964729309082e-01
5.972342491149902344e-01
6.117800474166870117e-01
7.208002358675003052e-02
1.571267098188400269e-01
1.172778457403182983e-01
5.229059979319572449e-02
5.236398056149482727e-02
2.230219170451164246e-02
1.772400736808776855e-01
3.921136725693941116e-03
5.508842319250106812e-02
2.066061943769454956e-01
9.452034831047058105e-01
7.631428241729736328e-01
4.271353483200073242e-01
8.782082051038742065e-02
2.273721545934677124e-01
8.112172782421112061e-02
4.205153882503509521e-02
3.760828077793121338e-02
2.068542838096618652e-01
2.293047495186328888e-02
1.995028257369995117e-01
4.174991548061370850e-01
4.009851813316345215e-02
9.236685037612915039e-01
7.330617904663085938e-01
7.090669870376586914e-02
2.906955182552337646e-01
9.685055911540985107e-02
2.295981720089912415e-02
4.224757477641105652e-02
3.671074658632278442e-02
1.368673443794250488e-01
7.036012411117553711e-02
1.486567128449678421e-02
1.130824722349643707e-02
6.971815135329961777e-03
9.952226877212524414e-01
8.397072553634643555e-01
7.901952862739562988e-01
1.150834280997514725e-02
4.237082004547119141e-01
3.881391137838363647e-02
8.023251593112945557e-02
6.969416141510009766e-02
4.016286432743072510e-01
1.865606871433556080e-03
2.285116165876388550e-02
7.239093072712421417e-03
2.076367288827896118e-01
8.103023171424865723e-01
9.793523550033569336e-01
9.835421442985534668e-01
2.309566736221313477e-01
2.224572598934173584e-01
1.830666884779930115e-02
3.767281770706176758e-02
1.243791077286005020e-02
4.116207063198089600e-01
2.357981866225600243e-03
6.823612749576568604e-02
1.963156610727310181e-01
2.043085843324661255e-01
7.944488525390625000e-01
5.927425622940063477e-01
7.648487091064453125e-01
2.495469450950622559e-01
1.759206652641296387e-01
5.128996074199676514e-02
6.573545280843973160e-03
2.095590233802795410e-01
6.304688751697540283e-03
1.549588888883590698e-02
1.916127055883407593e-01
5.268440581858158112e-03
5.591034423559904099e-03
9.483285546302795410e-01
9.529197216033935547e-01
7.768597602844238281e-01
2.850753813982009888e-02
4.278296232223510742e-01
4.385079741477966309e-01
3.214631974697113037e-01
2.269536815583705902e-02
4.106969237327575684e-01
5.052777752280235291e-02
2.448966801166534424e-01
5.415938794612884521e-02
6.069510579109191895e-01
8.109982013702392578e-01
9.790134429931640625e-01
3.829317688941955566e-01
2.946902513504028320e-01
3.937269374728202820e-02
2.448848485946655273e-01
7.837488083168864250e-04
4.341255128383636475e-01
4.166980385780334473e-01
4.263532161712646484e-02
2.419421523809432983e-01
2.161346143111586571e-03
2.042321860790252686e-01
8.231874108314514160e-01
3.649300038814544678e-01
7.606986761093139648e-01
4.151160120964050293e-01
2.177545726299285889e-01
6.701122224330902100e-02
2.920486219227313995e-02
9.724794887006282806e-03
1.078927293419837952e-01
1.218719631433486938e-01
2.008688896894454956e-01
5.358669441193342209e-03
1.443410757929086685e-02
9.806914329528808594e-01
5.912895202636718750e-01
5.832927823066711426e-01
4.016219079494476318e-02
3.904365897178649902e-01
1.081289276480674744e-01
2.850430551916360855e-03
1.997129470109939575e-01
2.116133719682693481e-01
2.617085725069046021e-02
3.551654983311891556e-03
1.996269524097442627e-01
6.115602701902389526e-02
8.161484003067016602e-01
9.244244694709777832e-01
5.852961540222167969e-01
4.919648170471191406e-02
3.161862120032310486e-02
5.404776707291603088e-02
1.353540569543838501e-01
6.307135522365570068e-02
2.108071595430374146e-01
1.564616523683071136e-02
1.925921812653541565e-02
1.374937891960144043e-01
3.149462863802909851e-03
9.899171590805053711e-01
6.340877413749694824e-01
9.510019421577453613e-01
2.506303600966930389e-02
4.449024423956871033e-02
6.572058796882629395e-02
2.387589216232299805e-02
2.025390118360519409e-01
7.959218695759773254e-03
1.334850862622261047e-02
7.545812986791133881e-04
2.592023611068725586e-01
6.465800106525421143e-02
9.754782915115356445e-01
6.120221614837646484e-01
7.657107114791870117e-01
5.728978291153907776e-02
1.011369079351425171e-01
4.067455232143402100e-02
6.616380065679550171e-03
2.692687213420867920e-01
2.097026258707046509e-01
2.632541954517364502e-01
2.463300824165344238e-01
5.069824308156967163e-02
3.808821551501750946e-03
9.787528514862060547e-01
7.172150015830993652e-01
5.777097940444946289e-01
3.718928247690200806e-02
3.866844624280929565e-02
2.498247027397155762e-01
3.070324473083019257e-02
2.455063909292221069e-01
2.173325866460800171e-01
2.134876884520053864e-02
1.477833092212677002e-01
1.913909465074539185e-01
5.469876341521739960e-03
9.704812765121459961e-01
7.521489858627319336e-01
9.478694200515747070e-01
5.483529716730117798e-02
2.007894068956375122e-01
3.125458210706710815e-02
1.659565791487693787e-02
1.680197939276695251e-02
4.363486170768737793e-02
1.856019347906112671e-01
1.991491913795471191e-01
7.657728157937526703e-03
3.972900100052356720e-03
9.512678384780883789e-01
8.436774015426635742e-01
7.390699386596679688e-01
5.991654098033905029e-02
2.834175527095794678e-01
3.318324685096740723e-02
1.962986774742603302e-02
6.305252760648727417e-02
1.820285059511661530e-02
1.743203401565551758e-02
4.468562006950378418e-01
7.183317840099334717e-02
2.563573420047760010e-02
9.038052558898925781e-01
9.604386091232299805e-01
7.635368108749389648e-01
2.738777101039886475e-01
2.036913186311721802e-01
4.879092797636985779e-02
3.611203655600547791e-02
2.898772060871124268e-01
2.025177031755447388e-01
9.558132290840148926e-02
1.743443459272384644e-01
1.686673760414123535e-01
4.008662700653076172e-01
8.962288498878479004e-01
5.786980390548706055e-01
7.653112411499023438e-01
2.172587066888809204e-01
8.245267905294895172e-03
4.873167276382446289e-01
3.260641545057296753e-02
3.336111456155776978e-02
8.818214386701583862e-02
1.654521748423576355e-02
1.046013459563255310e-01
1.985076516866683960e-01
5.151317119598388672e-01
5.949862599372863770e-01
4.474499523639678955e-01
3.819870650768280029e-01
1.233404800295829773e-01
3.983073830604553223e-01
6.364782154560089111e-02
4.199700057506561279e-02
1.824511215090751648e-02
2.142273783683776855e-01
9.945563971996307373e-02
3.984898924827575684e-01
2.474321573972702026e-01
1.318681333214044571e-02
9.028951525688171387e-01
7.722861170768737793e-01
5.328835844993591309e-01
2.662782371044158936e-01
2.597894519567489624e-02
2.317559123039245605e-01
3.331618756055831909e-02
2.083943486213684082e-01
2.638563700020313263e-02
5.104038119316101074e-02
5.772288143634796143e-02
2.966797351837158203e-02
1.786421984434127808e-02
7.312326431274414062e-01
9.439712762832641602e-01
3.880285322666168213e-01
4.408767074346542358e-02
2.038864232599735260e-02
2.241490334272384644e-01
3.249946981668472290e-02
2.006986737251281738e-01
1.792078912258148193e-01
2.197778522968292236e-01
1.961162500083446503e-02
3.966298103332519531e-01
2.077385932207107544e-01
8.816042542457580566e-01
9.488738775253295898e-01
1.941954791545867920e-01
1.032907441258430481e-01
2.083194553852081299e-01
4.312405884265899658e-01
2.144989073276519775e-01
1.733046583831310272e-02
1.712939701974391937e-02
2.132966369390487671e-01
2.212719433009624481e-02
4.407182335853576660e-03
2.082689553499221802e-01
9.432485699653625488e-01
9.274724125862121582e-01
7.749801874160766602e-01
4.073902219533920288e-02
2.079461067914962769e-01
6.413981318473815918e-02
3.934970125555992126e-02
2.395875006914138794e-02
5.697556212544441223e-02
2.177326828241348267e-01
2.051739990711212158e-01
1.237111352384090424e-02
6.150501370429992676e-01
8.838880658149719238e-01
9.412802457809448242e-01
5.756133794784545898e-01
5.001114308834075928e-02
1.751360855996608734e-02
4.120910167694091797e-02
1.867230236530303955e-02
2.677519991993904114e-02
1.046073809266090393e-01
2.176350802183151245e-01
9.552364051342010498e-02
2.745915651321411133e-01
2.029563337564468384e-01
8.742118477821350098e-01
7.499272823333740234e-01
5.917496085166931152e-01
1.759595870971679688e-01
8.381986618041992188e-02
7.984559237957000732e-02
4.068569839000701904e-02
8.141092024743556976e-03
1.564564555883407593e-02
1.530147716403007507e-02
1.759346947073936462e-02
5.581428855657577515e-02
5.767956376075744629e-03
6.424577236175537109e-01
7.326949834823608398e-01
5.781037211418151855e-01
5.679114162921905518e-02
6.873166561126708984e-02
4.220750033855438232e-01
1.389996409416198730e-01
9.491080790758132935e-02
2.212408334016799927e-01
1.591373048722743988e-02
6.635104119777679443e-02
5.161090940237045288e-02
2.336836978793144226e-02
9.469084739685058594e-01
7.537145018577575684e-01
3.562068343162536621e-01
6.423217058181762695e-02
2.638655900955200195e-01
4.473835825920104980e-01
3.419174998998641968e-02
6.928139831870794296e-03
2.135859727859497070e-01
1.073380559682846069e-02
7.812988013029098511e-02
1.929431222379207611e-02
2.978164236992597580e-03
8.922811150550842285e-01
8.212345242500305176e-01
5.891599059104919434e-01
2.663891315460205078e-01
1.365407854318618774e-01
4.167026579380035400e-01
2.263016700744628906e-01
4.295424222946166992e-01
4.374243617057800293e-01
1.702735759317874908e-02
2.190823666751384735e-02
2.591237127780914307e-01
4.972432553768157959e-01
9.484311342239379883e-01
7.408833503723144531e-01
7.432565093040466309e-01
8.674123883247375488e-02
7.158846408128738403e-02
3.825954720377922058e-02
3.985497057437896729e-01
2.066245377063751221e-01
2.456359751522541046e-02
6.447406485676765442e-03
1.217267289757728577e-01
2.268634587526321411e-01
2.704556332901120186e-03
9.530809521675109863e-01
9.357047080993652344e-01
5.845843553543090820e-01
2.723638117313385010e-01
1.390569210052490234e-01
2.367267459630966187e-01
4.261905699968338013e-02
4.711762815713882446e-02
1.540068630129098892e-02
3.422528505325317383e-02
1.526387333869934082e-01
4.294477403163909912e-02
2.008238881826400757e-01
7.387582659721374512e-01
8.812735676765441895e-01
5.792170166969299316e-01
1.272753924131393433e-01
3.327369987964630127e-01
5.226062983274459839e-02
9.379795938730239868e-02
4.117521643638610840e-02
1.298926174640655518e-01
2.161382436752319336e-01
4.659223370254039764e-03
5.507288128137588501e-02
7.088362704962491989e-03
7.452346682548522949e-01
8.422912955284118652e-01
5.668547153472900391e-01
1.315858960151672363e-01
2.722432613372802734e-01
2.400339543819427490e-01
4.200860857963562012e-01
5.898081883788108826e-02
1.533289719372987747e-02
2.906221151351928711e-01
1.388684101402759552e-02
3.894855380058288574e-01
1.682898774743080139e-02
9.196186065673828125e-01
9.122151136398315430e-01
5.582639575004577637e-01
1.114470139145851135e-01
7.522861659526824951e-02
2.455651313066482544e-01
2.674318552017211914e-01
3.620214387774467468e-02
1.974741183221340179e-02
2.934606932103633881e-02
1.847896352410316467e-02
1.068583130836486816e-02
2.309194058179855347e-01
8.989792466163635254e-01
7.635232210159301758e-01
9.223943948745727539e-01
1.194152906537055969e-01
4.480842351913452148e-01
7.174474000930786133e-02
4.457142949104309082e-02
3.209574148058891296e-02
1.235601864755153656e-02
7.654909789562225342e-02
1.245034206658601761e-02
2.106151580810546875e-01
8.372010290622711182e-02
9.430768489837646484e-01
7.760388851165771484e-01
3.279863297939300537e-01
1.435168683528900146e-01
7.212506979703903198e-02
6.471645832061767578e-02
2.217986620962619781e-02
2.442799508571624756e-02
1.712043955922126770e-02
1.241355836391448975e-01
3.006448745727539062e-01
1.887238025665283203e-01
9.766058996319770813e-03
7.094503641128540039e-01
5.732907056808471680e-01
9.292802810668945312e-01
5.578229203820228577e-02
2.446155250072479248e-01
6.384183168411254883e-01
1.288849301636219025e-02
1.094915438443422318e-02
8.773979498073458672e-04
9.867190383374691010e-03
9.422887116670608521e-03
3.773923730477690697e-03
1.981429383158683777e-02
9.345898032188415527e-01
7.467351555824279785e-01
5.592829585075378418e-01
9.411616623401641846e-02
2.522711455821990967e-01
1.064218655228614807e-01
2.137237638235092163e-01
1.325018256902694702e-01
1.763642281293869019e-01
2.026515752077102661e-01
2.141461521387100220e-01
2.132396996021270752e-01
7.202277425676584244e-03
8.961771726608276367e-01
9.562821984291076660e-01
5.412919521331787109e-01
2.330795377492904663e-01
1.806005984544754028e-01
6.826946884393692017e-02
2.604488432407379150e-01
2.705955207347869873e-01
3.189649581909179688e-01
2.412681840360164642e-02
9.545279294252395630e-02
1.245600357651710510e-02
2.100151628255844116e-01
9.291844367980957031e-01
7.332798242568969727e-01
7.500519752502441406e-01
4.340657591819763184e-02
8.834619075059890747e-02
7.586595416069030762e-02
1.981361955404281616e-01
1.829056143760681152e-01
6.026558279991149902e-01
2.353594638407230377e-02
7.715204730629920959e-03
1.973798125982284546e-01
4.587512463331222534e-02
7.665064930915832520e-01
7.724012136459350586e-01
7.514464855194091797e-01
5.103095620870590210e-02
9.446349740028381348e-02
9.517566859722137451e-02
1.472998503595590591e-02
3.430502489209175110e-02
3.052362799644470215e-02
1.662697643041610718e-02
3.817006349563598633e-01
1.198953110724687576e-02
2.220460586249828339e-02
9.324256181716918945e-01
9.615026712417602539e-01
7.431991100311279297e-01
6.895098090171813965e-02
2.774442434310913086e-01
2.526304721832275391e-01
1.534027904272079468e-01
2.035713195800781250e-01
4.606355726718902588e-02
1.962016895413398743e-02
2.970080077648162842e-01
2.118783742189407349e-01
1.080021560192108154e-01
9.538490176200866699e-01
4.866371750831604004e-01
5.571022033691406250e-01
1.467935591936111450e-01
7.865548133850097656e-02
2.617753446102142334e-01
2.729268074035644531e-01
3.977054357528686523e-01
2.550636976957321167e-02
2.561101876199245453e-02
1.197975594550371170e-02
3.239536583423614502e-01
2.936504222452640533e-02
9.308424592018127441e-01
7.672266960144042969e-01
1.731106787919998169e-01
2.657478749752044678e-01
1.016105264425277710e-01
1.014536693692207336e-01
2.710192203521728516e-01
2.529310062527656555e-02
1.791435480117797852e-02
6.965689361095428467e-03
5.243030376732349396e-03
5.917143225669860840e-01
5.022709965705871582e-01
4.429873824119567871e-01
5.159621238708496094e-01
5.560325384140014648e-01
6.583590805530548096e-02
2.876958549022674561e-01
7.198483496904373169e-02
4.028919339179992676e-01
2.028660476207733154e-01
4.140112996101379395e-01
2.044317498803138733e-02
3.219712525606155396e-02
6.008626222610473633e-01
4.006875306367874146e-02
9.547730684280395508e-01
7.434668540954589844e-01
9.307553172111511230e-01
1.247289329767227173e-01
7.658284157514572144e-02
2.612938880920410156e-01
8.862242102622985840e-02
4.125131666660308838e-02
2.256624959409236908e-02
4.173202440142631531e-02
4.838687181472778320e-01
2.049684673547744751e-01
3.413420170545578003e-02
9.715564846992492676e-01
7.566830515861511230e-01
5.615656971931457520e-01
5.050680041313171387e-02
2.809577584266662598e-01
6.345956027507781982e-02
9.980044513940811157e-02
3.824082762002944946e-02
1.377223245799541473e-02
2.599855661392211914e-01
5.716027691960334778e-03
3.776244074106216431e-02
9.165348485112190247e-03
7.467832565307617188e-01
5.659035444259643555e-01
7.458038926124572754e-01
9.343735873699188232e-02
5.830796808004379272e-02
2.348263412714004517e-01
1.340054273605346680e-01
8.371463418006896973e-02
2.074819803237915039e-01
4.072609543800354004e-01
8.528335602022707462e-04
3.159275278449058533e-02
3.109011948108673096e-01
8.770236968994140625e-01
7.353237271308898926e-01
9.437876343727111816e-01
6.933644413948059082e-02
2.405907213687896729e-01
8.102220296859741211e-02
8.201603591442108154e-02
1.194066926836967468e-02
6.228394061326980591e-02
1.247573047876358032e-01
1.727842353284358978e-02
2.044802010059356689e-01
8.875028230249881744e-03
7.597044706344604492e-01
9.381556510925292969e-01
3.833014369010925293e-01
1.052025631070137024e-01
1.423843950033187866e-01
1.436223685741424561e-01
2.580603659152984619e-01
1.599957980215549469e-02
4.004297256469726562e-01
1.841835379600524902e-01
3.450488671660423279e-03
2.937090210616588593e-02
1.050158217549324036e-02
7.875190377235412598e-01
6.453307867050170898e-01
5.597051978111267090e-01
4.244398176670074463e-01
1.125427484512329102e-01
2.601575851440429688e-01
9.738466888666152954e-02
2.837524749338626862e-02
6.453449837863445282e-03
2.082614041864871979e-02
1.475871726870536804e-02
6.624308228492736816e-01
1.034971848130226135e-01
6.176891922950744629e-01
9.070107340812683105e-01
7.434070706367492676e-01
8.326848596334457397e-02
4.135032296180725098e-01
2.328064441680908203e-01
1.193402409553527832e-01
2.097503095865249634e-01
4.171368777751922607e-01
2.457756102085113525e-01
3.799715638160705566e-01
3.198760151863098145e-01
1.204232722520828247e-01
8.388717770576477051e-01
8.495961427688598633e-01
5.613267421722412109e-01
1.328901946544647217e-01
3.661649227142333984e-01
2.367605715990066528e-01
1.018296405673027039e-01
2.861286886036396027e-02
5.063241813331842422e-03
2.338067293167114258e-01
1.628540158271789551e-01
2.319195540621876717e-03
2.279158532619476318e-01
9.332337975502014160e-01
7.415940761566162109e-01
6.388648748397827148e-01
3.275698423385620117e-01
8.106346428394317627e-02
1.996829062700271606e-01
2.071124166250228882e-01
2.204455882310867310e-01
9.602427482604980469e-03
2.117900699377059937e-01
2.094466798007488251e-02
5.076758861541748047e-01
7.000619173049926758e-02
7.912858128547668457e-01
8.568906784057617188e-01
9.023666381835937500e-01
4.680882990360260010e-01
1.757418513298034668e-01
1.946867406368255615e-01
2.710458934307098389e-01
3.422369062900543213e-02
2.215287238359451294e-01
3.543085455894470215e-01
6.517869420349597931e-03
1.514953444711863995e-03
2.928102388978004456e-02
9.009463787078857422e-01
8.857022523880004883e-01
7.376006841659545898e-01
2.385614812374114990e-01
7.399848103523254395e-02
6.113288179039955139e-02
6.527592986822128296e-02
2.021993398666381836e-01
4.313969612121582031e-01
1.788103953003883362e-02
1.516904123127460480e-02
4.003744423389434814e-01
3.437845781445503235e-02
9.603057503700256348e-01
9.106988906860351562e-01
3.700355887413024902e-01
1.792865246534347534e-01
7.866811752319335938e-02
2.695562839508056641e-01
8.643707633018493652e-02
2.066317945718765259e-01
2.082064747810363770e-01
4.251644015312194824e-01
6.002971902489662170e-03
1.523589948192238808e-03
3.531447350978851318e-01
8.960404396057128906e-01
6.712984442710876465e-01
9.121592640876770020e-01
1.073822006583213806e-01
1.425461024045944214e-01
2.443386912345886230e-01
9.267322719097137451e-02
2.749407291412353516e-02
1.890732790343463421e-03
1.556011755019426346e-02
1.546580493450164795e-01
2.476937174797058105e-01
2.074262797832489014e-01
9.426126480102539062e-01
6.447789072990417480e-01
7.228842973709106445e-01
1.890433132648468018e-01
1.875267028808593750e-01
7.030618935823440552e-02
4.706747531890869141e-01
2.240294665098190308e-01
3.249967694282531738e-01
1.986039243638515472e-02
2.347979508340358734e-02
1.269410084933042526e-02
5.136309191584587097e-04
4.109708666801452637e-01
8.490275740623474121e-01
7.254856228828430176e-01
3.616443276405334473e-02
9.145262837409973145e-02
8.093322813510894775e-02
2.885610759258270264e-01
9.829311817884445190e-02
4.132932722568511963e-01
2.126637399196624756e-01
2.053154110908508301e-01
2.020845934748649597e-02
2.756740525364875793e-02
9.464480876922607422e-01
5.479564070701599121e-01
7.451516985893249512e-01
6.615512073040008545e-02
7.813490927219390869e-02
4.380515813827514648e-01
4.759040474891662598e-02
1.547559909522533417e-02
2.459513023495674133e-02
4.061711430549621582e-01
1.018418185412883759e-02
4.016984403133392334e-01
3.994829356670379639e-01
9.273417592048645020e-01
7.435814142227172852e-01
9.220809936523437500e-01
8.337131887674331665e-02
6.391665339469909668e-02
2.603937089443206787e-01
2.277287691831588745e-01
1.037144884467124939e-01
1.899833977222442627e-01
3.716676309704780579e-02
5.495626479387283325e-03
4.594442248344421387e-01
5.261595360934734344e-03
9.619175195693969727e-01
7.607586979866027832e-01
7.517060041427612305e-01
2.263550162315368652e-01
2.052324265241622925e-01
5.704339966177940369e-02
5.640453100204467773e-02
7.402493804693222046e-02
2.219193577766418457e-01
1.168802008032798767e-02
2.939265072345733643e-01
1.388385705649852753e-02
2.297363728284835815e-01
5.966542363166809082e-01
7.445577979087829590e-01
7.373371124267578125e-01
1.615495085716247559e-01
7.826973497867584229e-02
2.509306371212005615e-01
9.148898720741271973e-02
4.318956285715103149e-02
3.712794929742813110e-02
2.556256577372550964e-02
1.544302888214588165e-02
1.987223047763109207e-03
2.040235549211502075e-01
9.307903051376342773e-01
7.567274570465087891e-01
3.699748516082763672e-01
2.066911756992340088e-01
2.416717857122421265e-01
4.924858361482620239e-02
3.193734586238861084e-01
2.571847103536128998e-02
3.406618237495422363e-01
1.715544611215591431e-01
1.315926760435104370e-02
9.689851664006710052e-03
4.470558371394872665e-03
7.460407018661499023e-01
8.768032789230346680e-01
7.480750083923339844e-01
2.620164155960083008e-01
7.145841419696807861e-02
6.403380036354064941e-01
3.069995343685150146e-01
3.048383593559265137e-01
5.468159317970275879e-01
2.399792075157165527e-01
1.190645396709442139e-01
5.893320776522159576e-03
1.667638681828975677e-02
8.428538441658020020e-01
7.433652877807617188e-01
9.346192479133605957e-01
7.955504208803176880e-02
1.037385761737823486e-01
2.673911452293395996e-01
2.783892750740051270e-01
5.794144868850708008e-01
1.520077418535947800e-02
2.155637592077255249e-01
2.138086110353469849e-01
1.174670737236738205e-02
2.021937668323516846e-01
9.263741374015808105e-01
6.824926733970642090e-01
7.452129721641540527e-01
8.728022128343582153e-02
5.974844098091125488e-02
7.932280004024505615e-02
1.044107452034950256e-01
4.622135311365127563e-02
4.356049373745918274e-02
1.857170462608337402e-02
4.162842333316802979e-01
2.178539894521236420e-02
3.974952735006809235e-03
