5.504853186609510313e-02
4.012646400951780379e-02
3.952978460340371425e-02
3.306786414121652695e-02
2.519678394757927584e-02
2.406643489890624571e-02
8.511145093227522399e-03
3.308538155845151818e-02
2.283276822597074887e-02
2.558963893254538255e-02
1.134815055187433398e-02
1.095287181445970572e-02
3.462847634979810546e-02
1.450281590469575665e-01
5.453013945057486739e-02
9.648659196776722402e-02
7.296677527630471283e-02
9.679851859087088006e-02
7.629717840049685118e-02
1.009033456413397645e-01
1.349722705333708528e-01
8.572904782172721672e-02
8.901401281204576743e-02
8.672351282663069705e-02
8.090035094378086877e-02
1.375405239836814397e-01
1.465962812161216433e-01
1.283572563227677876e-01
2.013937021928051407e-01
1.612535452900024646e-01
1.575509188517641435e-01
1.159427195223263207e-01
2.497961064084218141e-01
2.303375787316606638e-01
2.151238258856420227e-01
1.752463794277551168e-01
2.233132758141996854e-01
1.985123484575804231e-01
1.624812813836167824e-01
1.746036578753354107e-01
2.321661149124758239e-01
1.593282941836290656e-01
1.920216002769078723e-01
1.498421437505525200e-01
2.778230932308360934e-01
2.628695142394952833e-01
1.608422904749974014e-01
1.988523464667825702e-01
2.228643523099330670e-01
1.951941642238615160e-01
1.907544431413113473e-01
1.961457091238116845e-01
2.238694370630233133e-01
1.539578078081831336e-01
1.994418036338174716e-01
2.122250987651148890e-01
1.953079093946143985e-01
2.328907827882525927e-01
1.876315521703173228e-01
1.903601483970235875e-01
1.842404199381305063e-01
1.736500414352541710e-01
1.645689583987964832e-01
1.875518217611198135e-01
1.867250120200109331e-01
1.811599822249263525e-01
2.234342397244360456e-01
1.887907033748118801e-01
1.710414610279258341e-01
2.359572731181218130e-01
2.042291677118135695e-01
2.284471717340728347e-01
2.103993848375886599e-01
1.805841897506839933e-01
1.651487094618809826e-01
2.150758055062257090e-01
2.725262217410580612e-01
2.547131393355532292e-01
1.857905826853731568e-01
2.131643043539952487e-01
2.452575638800716107e-01
1.616983288429484911e-01
1.852814549974237390e-01
2.150880632025991279e-01
1.815223203291400078e-01
2.474226619076664302e-01
1.822249795211693946e-01
1.771501822535915815e-01
2.109442722329941400e-01
1.832741189640588464e-01
2.322183758100996309e-01
1.905519914446183738e-01
1.676436510438529259e-01
2.525933470863562236e-01
2.354493563851484950e-01
2.452025738513419484e-01
1.798991049783160989e-01
2.064709183580886731e-01
2.454286078349328937e-01
2.423625437614436440e-01
2.581384163618517524e-01
