7.646780610084533691e-01
2.097634705933160149e-06
1.685534628537155299e-10
4.143218044191598892e-03
6.390762515366077423e-03
8.875038474798202515e-03
1.115641556680202484e-02
3.096360887866467237e-04
6.769270403310656548e-04
5.754990070272469893e-06
2.787515768432058394e-05
9.995858073234558105e-01
9.995551705360412598e-01
7.974715572345303372e-07
9.999998807907104492e-01
4.102607363165589049e-06
7.594588678330183029e-04
1.456844911444932222e-04
2.307703543920069933e-04
3.732166369445621967e-04
7.897237082943320274e-04
9.987147450447082520e-01
4.723043181002140045e-03
8.348192088305950165e-03
4.603771120309829712e-02
9.995462298393249512e-01
3.353411257266998291e-01
2.553151645656726032e-08
2.546073519624769688e-04
9.922887682914733887e-01
4.304191097617149353e-03
8.730571425985544920e-05
2.264748036395758390e-04
1.787364133633673191e-03
1.074240077286958694e-02
9.852144718170166016e-01
1.210825294256210327e-01
1.531060636043548584e-01
9.990733265876770020e-01
9.980884194374084473e-01
9.897680878639221191e-01
6.288442477853095625e-08
3.737326711416244507e-03
9.954957365989685059e-01
2.710181870497763157e-04
2.711103996261954308e-03
4.642166197299957275e-03
1.486737560480833054e-02
1.312729623168706894e-02
3.094750572927296162e-04
4.652107879519462585e-02
9.734096936881542206e-03
1.283998717553913593e-04
9.993607401847839355e-01
9.957386851310729980e-01
3.115297531053329294e-08
9.997360706329345703e-01
9.947648048400878906e-01
9.948619008064270020e-01
9.966723322868347168e-01
4.452768266201019287e-01
6.687454879283905029e-03
1.598293520510196686e-02
1.247686043370777043e-07
1.872668362921103835e-04
5.789000169897917658e-06
9.477224946022033691e-02
5.293286253760243198e-09
6.860432040411978960e-05
6.540589181369682592e-10
1.272687788489434979e-10
9.423591494560241699e-01
9.907415509223937988e-01
9.935137033462524414e-01
9.866335988044738770e-01
1.785587402991950512e-03
6.669686175882816315e-03
9.999911785125732422e-01
2.460538962623104453e-05
1.038336940109729767e-02
1.211263705044984818e-03
9.999992847442626953e-01
1.852118657552637160e-05
5.006918490924050502e-11
1.473331145973588718e-08
9.894409179687500000e-01
4.158554656896740198e-05
1.028278973080887226e-07
9.683873653411865234e-01
6.037164330482482910e-01
2.926767989993095398e-02
9.995536208152770996e-01
1.994366524741053581e-03
1.205949047289323062e-06
9.797621518373489380e-02
9.999963641166687012e-01
1.469313720008358359e-04
4.015619087249788777e-11
1.079869349496220821e-07
9.894971251487731934e-01
9.959669709205627441e-01
1.501728082075715065e-03
3.854543436318635941e-03
6.299606524407863617e-03
9.303620085120201111e-03
6.853278027847409248e-04
4.414885304868221283e-03
1.131234894273802638e-04
6.663383101113140583e-05
9.998680949211120605e-01
2.782219350337982178e-01
1.066844745878370304e-08
1.058545308296743315e-06
9.923352003097534180e-01
9.960033297538757324e-01
1.188399664897588082e-06
3.517332971096038818e-01
9.978312253952026367e-01
1.262384466826915741e-02
1.409037411212921143e-02
3.391486778855323792e-02
8.439475297927856445e-01
9.140183925628662109e-01
2.643494667609047610e-08
3.403910668566823006e-03
1.615104672225697868e-08
1.015149700833717361e-05
9.972933530807495117e-01
6.771896034479141235e-03
6.585877088127745083e-08
8.420679718255996704e-03
1.191911473870277405e-02
9.690926410257816315e-03
9.990839362144470215e-01
2.348612397909164429e-01
2.514634840190410614e-02
6.081794272176921368e-04
9.998183250427246094e-01
1.132725775241851807e-01
1.102313771843910217e-01
4.632934555411338806e-02
9.953166246414184570e-01
1.498026307672262192e-03
1.031059611023010802e-07
3.277653129771351814e-03
1.184478774666786194e-02
1.352780032902956009e-02
9.966397285461425781e-01
9.989408850669860840e-01
2.383926883339881897e-02
8.244735654443502426e-04
9.999934434890747070e-01
5.231287330389022827e-03
4.057940788948499744e-11
4.628717724699527025e-04
9.936066269874572754e-01
9.179325103759765625e-01
2.480128081515431404e-03
6.402173545211553574e-03
1.002955995500087738e-02
1.228320226073265076e-02
1.829823292791843414e-02
9.881125688552856445e-01
9.876929521560668945e-01
9.933332204818725586e-01
9.999668598175048828e-01
6.105098873376846313e-03
1.573580554747877613e-08
1.156842088789744594e-08
9.976869225502014160e-01
4.046694841235876083e-03
1.552945216864998201e-09
7.751613855361938477e-03
9.049248881638050079e-03
9.652419947087764740e-03
1.161203626543283463e-02
1.242137841472867876e-05
3.538277269399259239e-06
5.202059128350811079e-06
2.073919131362345070e-05
3.716529905796051025e-01
7.562176961073419079e-06
9.943777918815612793e-01
9.957873821258544922e-01
2.328230813145637512e-02
1.640143465486687546e-09
2.593593962956219912e-04
8.167977794073522091e-04
8.548888377845287323e-03
1.536220964044332504e-02
9.713226556777954102e-01
9.823863506317138672e-01
1.775337499566376209e-03
4.615474608726799488e-06
9.852975010871887207e-01
2.835139412127318792e-07
2.252598851919174194e-01
9.944831132888793945e-01
1.723614550428465009e-04
5.764630439664131245e-10
2.321476349607110023e-04
4.133987240493297577e-04
8.928608149290084839e-03
1.336230151355266571e-02
9.864087700843811035e-01
5.849689245223999023e-02
5.857148170471191406e-01
2.816235110003617592e-06
9.999272823333740234e-01
3.357874462381005287e-03
1.890382915735244751e-01
9.086396694183349609e-01
2.322770114915329032e-06
1.132013788263108722e-10
4.804725758731365204e-03
4.331007134169340134e-03
6.528562866151332855e-03
9.924870133399963379e-01
4.699470009654760361e-03
1.090122014284133911e-01
5.121395588503219187e-05
1.911258586915209889e-04
9.993751049041748047e-01
9.997998476028442383e-01
6.617725034629984293e-08
