3.273032978177070618e-02
6.823912262916564941e-01
1.549319624900817871e-01
2.379604578018188477e-01
1.355060609057545662e-03
3.960147202014923096e-01
2.935118973255157471e-01
4.648590087890625000e-01
1.092444285750389099e-01
2.032426893711090088e-01
8.953464776277542114e-02
3.045735955238342285e-01
4.723143875598907471e-01
5.181236774660646915e-04
5.525115728378295898e-01
2.704293727874755859e-01
1.314699277281761169e-02
1.060057356953620911e-01
7.480145692825317383e-01
5.676082894206047058e-02
2.188852429389953613e-01
3.386231958866119385e-01
1.965705864131450653e-02
3.909669816493988037e-01
4.356707632541656494e-01
1.824865937232971191e-01
4.490691237151622772e-03
1.030279236147180200e-05
4.517075121402740479e-01
6.443396955728530884e-02
1.551758265122771263e-03
7.662572860717773438e-01
3.868986666202545166e-02
1.199879646301269531e-01
5.531018599867820740e-02
1.963746994733810425e-01
2.000188827514648438e-01
5.356869846582412720e-02
1.759055070579051971e-03
2.774705478714167839e-07
2.872310687962453812e-06
3.785140514373779297e-01
1.962256729602813721e-01
6.120701320469379425e-03
4.083446860313415527e-01
1.534045189619064331e-01
2.655895054340362549e-01
1.205692184157669544e-03
2.360724320169538260e-04
1.720256507396697998e-01
3.937433660030364990e-02
1.930912025272846222e-02
5.088459583930671215e-04
1.725066908875305671e-06
7.123493552207946777e-01
5.240244790911674500e-02
2.793457917869091034e-02
3.502083420753479004e-01
6.675516068935394287e-02
4.002758488059043884e-02
1.994663774967193604e-01
1.924331188201904297e-01
2.006824314594268799e-01
4.281712174415588379e-01
1.856275945901870728e-01
4.161041602492332458e-02
1.107113348552957177e-05
7.236149311065673828e-01
5.723907351493835449e-01
1.990250349044799805e-01
2.456746529787778854e-03
2.835936844348907471e-01
2.853503823280334473e-01
1.945551633834838867e-01
5.674090352840721607e-04
2.009111456573009491e-03
9.774240106344223022e-02
2.207569926977157593e-01
1.167437527328729630e-02
2.513888292014598846e-02
4.603241980075836182e-01
6.361891329288482666e-02
1.992005854845046997e-02
5.545654520392417908e-02
3.747742176055908203e-01
1.916777193546295166e-01
5.887972190976142883e-03
1.492942273616790771e-01
6.597785279154777527e-03
3.969916608184576035e-03
5.224391072988510132e-02
1.113127567805349827e-03
5.747992545366287231e-04
5.733008980751037598e-01
2.925028800964355469e-01
2.179834991693496704e-01
1.008763094432651997e-03
4.046274125576019287e-01
6.973673105239868164e-01
3.220253274776041508e-04
1.626011356711387634e-02
2.004384249448776245e-01
1.976071894168853760e-01
3.166944021359086037e-03
7.588932057842612267e-04
8.029040694236755371e-02
3.018939495086669922e-01
8.607684075832366943e-02
7.570779323577880859e-02
5.687787779606878757e-04
4.453280568122863770e-01
4.849231243133544922e-01
5.789349079132080078e-01
1.805277615785598755e-01
3.770263493061065674e-01
2.772209793329238892e-02
9.372870624065399170e-02
1.037501264363527298e-03
1.260305434698238969e-04
4.038490355014801025e-01
1.976520381867885590e-02
2.192897796630859375e-01
1.837101429700851440e-01
4.042549133300781250e-01
6.430275440216064453e-01
4.648809507489204407e-02
6.948158890008926392e-02
3.943030238151550293e-01
3.519570231437683105e-01
1.303558498620986938e-01
3.437038883566856384e-02
1.443075016140937805e-04
7.536293566226959229e-02
3.362890798598527908e-03
1.089741811156272888e-01
1.936705666594207287e-04
6.072579026222229004e-01
2.224342226982116699e-01
4.410538673400878906e-01
2.640005946159362793e-01
1.753249380271881819e-04
1.902131140232086182e-01
2.306692600250244141e-01
1.103396876715123653e-03
6.084344568080268800e-05
6.008499264717102051e-01
1.395563632249832153e-01
1.016887836158275604e-02
2.890035510063171387e-02
6.501671671867370605e-02
7.072638273239135742e-01
3.228825628757476807e-01
1.590563915669918060e-03
3.923822194337844849e-03
1.957527399063110352e-01
1.102173626422882080e-01
1.246659737080335617e-02
4.811958596110343933e-02
4.003327488899230957e-01
2.390894889831542969e-01
1.533333957195281982e-01
1.105210511013865471e-03
5.759059786796569824e-01
2.166808396577835083e-01
3.536258339881896973e-01
3.103944659233093262e-02
1.939275711774826050e-01
1.938108652830123901e-01
4.303964376449584961e-01
2.043298333883285522e-01
6.880918741226196289e-01
4.707557857036590576e-01
1.920146197080612183e-01
3.175297460984438658e-04
2.700209915637969971e-01
2.549585998058319092e-01
3.130643367767333984e-01
2.579933702945709229e-01
1.996149122714996338e-01
5.055145621299743652e-01
5.152296423912048340e-01
4.441409707069396973e-01
8.144931793212890625e-01
3.142769262194633484e-02
3.979333043098449707e-01
1.790954619646072388e-01
1.011656410992145538e-02
6.547710299491882324e-02
1.715619931928813457e-03
2.067567110061645508e-01
1.387578397989273071e-01
7.744657993316650391e-02
1.064738724380731583e-02
4.775488376617431641e-01
4.654812812805175781e-02
6.004108786582946777e-01
8.836694178171455860e-05
2.254520207643508911e-01
6.085151107981801033e-04
1.654858933761715889e-03
3.887722492218017578e-01
2.067514508962631226e-02
4.111744761466979980e-01
2.551471255719661713e-02
7.657463720533996820e-05
2.210939377546310425e-01
3.329272568225860596e-01
4.054658412933349609e-01
3.565285503864288330e-01
2.513369836378842592e-04
8.216237425804138184e-01
3.539664149284362793e-01
5.546165630221366882e-03
9.010414034128189087e-02
3.214700222015380859e-01
5.370513796806335449e-01
1.964332014322280884e-01
2.373178540437947959e-05
1.906973421573638916e-01
5.699028372764587402e-01
3.725947737693786621e-01
6.202407479286193848e-01
4.201811098027974367e-04
2.003296166658401489e-01
5.880239605903625488e-01
1.134701669216156006e-01
1.416421979665756226e-01
4.461545050144195557e-01
2.056201994419097900e-01
1.973540335893630981e-01
1.764637418091297150e-02
4.784702789038419724e-03
4.461430609226226807e-01
5.126795172691345215e-02
5.881171226501464844e-01
2.166905869671609253e-05
4.394482374191284180e-01
3.851239681243896484e-01
1.492766886949539185e-01
1.498021185398101807e-01
3.903956711292266846e-01
5.819666385650634766e-02
1.730320453643798828e-01
1.993589401245117188e-01
5.238654464483261108e-02
5.473327636718750000e-02
2.891580164432525635e-01
4.439241290092468262e-01
4.604118003044277430e-04
3.018139004707336426e-01
6.747535616159439087e-02
2.000658512115478516e-01
1.806232333183288574e-02
5.769860148429870605e-01
7.426682114601135254e-01
2.619817852973937988e-02
1.286357874050736427e-04
2.388007938861846924e-01
4.045118987560272217e-01
2.418436575680971146e-03
3.683316111564636230e-01
7.411075639538466930e-04
5.854154229164123535e-01
3.424404263496398926e-01
3.070611655712127686e-01
3.296784358099102974e-03
1.993567049503326416e-01
5.412746071815490723e-01
5.215206742286682129e-01
1.375995874404907227e-01
5.984146595001220703e-01
1.944565773010253906e-01
2.113204598426818848e-01
7.224643826484680176e-01
4.543983843177556992e-03
7.881435155868530273e-01
2.408384680747985840e-01
2.224631011486053467e-01
2.010614275932312012e-01
4.348410367965698242e-01
5.336318612098693848e-01
5.573355555534362793e-01
6.616169959306716919e-02
1.956831067800521851e-01
2.230238914489746094e-01
3.483128845691680908e-01
6.365070343017578125e-01
1.320296246558427811e-02
2.311445325613021851e-01
4.094136953353881836e-01
5.293273180723190308e-02
6.599242333322763443e-03
1.195261627435684204e-01
3.076890408992767334e-01
4.172162711620330811e-01
1.741292327642440796e-01
1.246457025408744812e-01
1.432511806488037109e-01
2.549802064895629883e-01
5.777782201766967773e-01
1.747778151184320450e-03
2.913370728492736816e-01
5.067008733749389648e-01
5.227289795875549316e-01
6.201311573386192322e-02
3.830214142799377441e-01
5.032596588134765625e-01
7.840557098388671875e-01
3.659316897392272949e-01
2.661506831645965576e-01
1.799269616603851318e-01
1.964469552040100098e-01
4.104698002338409424e-01
4.255547310094698332e-07
5.549135804176330566e-01
2.460480481386184692e-01
2.676191926002502441e-01
2.598487734794616699e-01
3.340674936771392822e-01
3.030649125576019287e-01
3.266000449657440186e-01
1.669422956183552742e-03
2.612748742103576660e-01
2.533571720123291016e-01
3.862874507904052734e-01
7.874332666397094727e-01
5.515009760856628418e-01
2.095173448324203491e-01
5.599651336669921875e-01
9.302688390016555786e-02
7.213898748159408569e-02
2.673819959163665771e-01
1.114296391606330872e-01
2.555360496044158936e-01
5.802474333904683590e-04
1.806110143661499023e-02
1.026582643389701843e-01
4.936587512493133545e-01
6.115957498550415039e-01
7.929632663726806641e-01
2.475766986608505249e-01
1.975194811820983887e-01
3.154852986335754395e-02
4.112698137760162354e-01
4.457067847251892090e-01
6.694105267524719238e-01
4.545186161994934082e-01
1.632482856512069702e-01
2.971447408199310303e-01
6.897106766700744629e-01
7.351071238517761230e-01
5.184099674224853516e-01
3.997945785522460938e-01
1.107572950422763824e-02
1.937723532319068909e-02
1.017850707285106182e-03
2.872098088264465332e-01
9.913368821144104004e-01
7.558997720479965210e-02
2.001350075006484985e-01
9.704878175398334861e-05
2.218800187110900879e-01
6.760512590408325195e-01
4.463573992252349854e-01
4.382117986679077148e-01
3.345881104469299316e-01
9.974839091300964355e-01
2.840602397918701172e-01
5.985156074166297913e-02
2.004332244396209717e-01
6.025539040565490723e-01
4.277091920375823975e-01
2.909700870513916016e-01
1.504998840391635895e-02
2.057979553937911987e-01
6.463389396667480469e-01
3.755238652229309082e-01
5.899387598037719727e-01
8.960365504026412964e-02
7.945992350578308105e-01
4.385153353214263916e-01
4.443053305149078369e-01
1.105508431792259216e-01
2.640432715415954590e-01
7.285733520984649658e-02
2.063053697347640991e-01
8.647568756714463234e-04
7.407442200928926468e-03
3.637921810150146484e-01
4.821000099182128906e-01
8.212534785270690918e-01
4.283471107482910156e-01
3.961283564567565918e-01
8.016614615917205811e-02
3.347250521183013916e-01
1.801441423594951630e-02
2.273912727832794189e-01
1.769414842128753662e-01
2.636222541332244873e-01
2.609137154649943113e-04
1.065564602613449097e-01
2.665263414382934570e-01
3.480569422245025635e-01
3.682969808578491211e-01
6.831369400024414062e-01
3.613586425781250000e-01
1.789838075637817383e-01
5.662479400634765625e-01
1.999930441379547119e-01
1.289743557572364807e-02
5.870459675788879395e-01
1.349515840411186218e-02
1.691373618086799979e-04
4.859632849693298340e-01
2.005173265933990479e-01
9.000408649444580078e-02
8.013917803764343262e-01
7.780046463012695312e-01
4.753215312957763672e-01
1.492868643254041672e-02
2.490394413471221924e-01
9.231470525264739990e-02
2.301336228847503662e-01
3.254562914371490479e-01
6.262738704681396484e-01
4.789777100086212158e-02
6.008417010307312012e-01
3.816441893577575684e-01
5.624054670333862305e-01
7.909054160118103027e-01
5.967026948928833008e-01
2.741345167160034180e-01
3.630272150039672852e-01
1.312208175659179688e-01
1.685412079095840454e-01
2.546290755271911621e-01
3.896954953670501709e-01
2.406386435031890869e-01
5.260323286056518555e-01
2.322041094303131104e-01
5.840800404548645020e-01
9.675742387771606445e-01
1.117963045835494995e-01
2.124354541301727295e-01
1.220044270157814026e-01
1.797479689121246338e-01
2.239271700382232666e-01
1.736682280898094177e-02
7.485909461975097656e-01
6.375712156295776367e-01
7.248352766036987305e-01
2.316806018352508545e-01
1.924485666677355766e-03
5.440266132354736328e-01
1.413168311119079590e-01
6.467559337615966797e-01
2.552463114261627197e-01
2.382939457893371582e-01
3.338572382926940918e-01
3.967950046062469482e-01
2.671928331255912781e-02
5.103197097778320312e-01
7.057235240936279297e-01
7.475333213806152344e-01
2.024664580821990967e-01
1.354019186692312360e-04
3.616988193243741989e-03
5.333982110023498535e-01
5.168839097023010254e-01
3.342026174068450928e-01
3.713585138320922852e-01
2.128965407609939575e-01
7.658023834228515625e-01
1.398145258426666260e-01
3.289382457733154297e-01
3.244335949420928955e-01
5.976462960243225098e-01
4.053837954998016357e-01
1.756723374128341675e-01
2.002130895853042603e-01
3.476437330245971680e-01
7.510949373245239258e-01
2.116652280092239380e-01
4.983595907688140869e-01
1.284892112016677856e-01
5.891016125679016113e-02
1.202044892124831676e-03
2.405468747019767761e-02
3.028146028518676758e-01
1.269012838602066040e-01
1.703064423054456711e-03
1.661966927349567413e-02
2.658849954605102539e-01
1.605198383331298828e-01
6.000400781631469727e-01
4.016048610210418701e-01
4.998483359813690186e-01
1.511587649583816528e-01
4.045557230710983276e-03
1.655099168419837952e-02
6.025641560554504395e-01
3.996043503284454346e-01
4.267990589141845703e-02
5.657320725731551647e-04
4.595390707254409790e-02
1.515493169426918030e-02
2.054398208856582642e-01
9.312070608139038086e-01
2.963373661041259766e-01
1.979762315750122070e-01
4.175237715244293213e-01
4.144606888294219971e-01
8.770354092121124268e-02
2.375453710556030273e-01
2.215335369110107422e-01
1.921326816082000732e-01
5.325730890035629272e-03
1.314816810190677643e-02
3.942110836505889893e-01
3.111398220062255859e-01
4.453322887420654297e-01
4.229039549827575684e-01
1.187874451279640198e-01
1.972226202487945557e-01
2.134945690631866455e-01
2.063728570938110352e-01
1.543047875165939331e-01
4.153149127960205078e-01
2.120102941989898682e-01
8.095551165752112865e-04
8.841209113597869873e-03
3.210962712764739990e-01
2.072166204452514648e-01
7.961812019348144531e-01
5.903708934783935547e-01
1.987656801939010620e-01
2.775241136550903320e-01
3.686937689781188965e-01
2.019637674093246460e-01
6.636942107007826053e-09
5.250491499900817871e-01
3.486383557319641113e-01
1.370893791317939758e-03
8.164056390523910522e-02
1.933597177267074585e-01
5.450248718261718750e-01
5.664757490158081055e-01
5.990040302276611328e-01
6.121648550033569336e-01
3.981577157974243164e-01
2.999527156352996826e-01
8.892875164747238159e-02
1.402080175466835499e-03
2.195858061313629150e-01
5.382171832025051117e-03
2.882882952690124512e-01
3.425643080845475197e-03
4.159053787589073181e-03
2.054420709609985352e-01
8.007180690765380859e-01
2.709013521671295166e-01
9.127452358370646834e-05
1.960255652666091919e-01
3.402878046035766602e-01
1.771585899405181408e-03
1.176998578011989594e-02
1.414996981620788574e-01
4.998187720775604248e-01
1.184389329864643514e-04
9.440863132476806641e-02
2.005446553230285645e-01
1.882176548242568970e-01
3.975169062614440918e-01
3.803234430961310863e-04
2.216469030827283859e-03
6.887406855821609497e-02
1.590968668460845947e-01
1.731911301612854004e-02
4.990227520465850830e-03
1.636465452611446381e-02
3.912553191184997559e-01
3.507080972194671631e-01
9.120027534663677216e-03
4.272599816322326660e-01
2.111982405185699463e-01
8.002976179122924805e-01
4.451487064361572266e-01
1.767378449440002441e-01
1.756317317485809326e-01
2.990608662366867065e-02
1.610006093978881836e-01
1.426083035767078400e-03
1.363770198076963425e-02
3.384959399700164795e-01
4.318747222423553467e-01
1.490294281393289566e-02
4.870933592319488525e-01
4.394145309925079346e-01
2.983481287956237793e-01
3.194479048252105713e-01
5.915423110127449036e-02
1.867551356554031372e-02
4.873784780502319336e-01
2.066797763109207153e-01
2.210040809586644173e-03
4.064041376113891602e-01
2.115790992975234985e-01
3.439184725284576416e-01
2.213134284829720855e-04
1.495581353083252907e-03
1.995951682329177856e-01
6.767727732658386230e-01
3.232249021530151367e-01
3.784254491329193115e-01
4.063556790351867676e-01
2.997184395790100098e-01
3.084222674369812012e-01
8.059993386268615723e-03
4.231678787618875504e-03
3.382945060729980469e-01
3.239104747772216797e-01
1.605890225619077682e-03
4.406782388687133789e-01
5.203729271888732910e-01
7.081444263458251953e-01
3.944645524024963379e-01
2.014067173004150391e-01
6.085198521614074707e-01
2.659572362899780273e-01
7.634494304656982422e-01
3.093333542346954346e-01
5.732966661453247070e-01
2.667283415794372559e-01
2.681956589221954346e-01
5.410527586936950684e-01
2.816969752311706543e-01
2.038488537073135376e-01
1.331804990768432617e-01
2.420196682214736938e-01
2.030618637800216675e-01
5.667101144790649414e-01
2.389515340328216553e-01
4.004607796669006348e-01
3.038864433765411377e-01
1.952940225601196289e-01
2.549785673618316650e-01
2.928648609668016434e-04
1.305984109640121460e-01
1.665782779455184937e-01
3.752159476280212402e-01
5.940985679626464844e-01
5.950654745101928711e-01
8.913810015656054020e-04
4.041183590888977051e-01
3.955901861190795898e-01
6.081424187868833542e-03
6.832244992256164551e-02
1.172630265355110168e-01
2.672388851642608643e-01
1.637323730392381549e-04
1.303518284112215042e-02
2.781416475772857666e-01
3.961027264595031738e-01
2.603731453418731689e-01
4.332335591316223145e-01
5.741677284240722656e-01
4.488810896873474121e-01
4.685927033424377441e-01
1.997950226068496704e-01
1.789204031229019165e-02
4.678408503532409668e-01
1.916349530220031738e-01
1.519172103144228458e-03
7.675082981586456299e-02
3.390027880668640137e-01
5.434700846672058105e-01
5.654171705245971680e-01
2.043052911758422852e-01
2.525598369538784027e-02
1.520693004131317139e-01
1.536761373281478882e-01
3.768063783645629883e-01
5.990587472915649414e-01
2.066666930913925171e-01
1.757286116480827332e-02
1.995928436517715454e-01
2.126623839139938354e-01
9.603195637464523315e-02
1.817310154438018799e-01
4.562741816043853760e-01
7.976067662239074707e-01
9.031669469550251961e-04
3.527962267398834229e-01
9.277538210153579712e-02
5.447586532682180405e-03
4.591596312820911407e-03
3.693348765373229980e-01
4.308528304100036621e-01
9.498528391122817993e-02
1.849944293498992920e-01
3.882130682468414307e-01
2.789374589920043945e-01
3.552451729774475098e-01
5.971230864524841309e-01
2.029855698347091675e-01
8.944476246833801270e-01
5.286393165588378906e-01
2.144694179296493530e-01
7.099940776824951172e-01
3.429542779922485352e-01
3.689013123512268066e-01
5.898816585540771484e-01
3.005109429359436035e-01
5.072674155235290527e-01
8.522098064422607422e-01
2.724500298500061035e-01
4.032848477363586426e-01
4.313038662075996399e-02
3.640197813510894775e-01
3.900340497493743896e-01
4.009049534797668457e-01
5.912002325057983398e-01
3.701816499233245850e-01
4.636420011520385742e-01
2.775991261005401611e-01
8.342446386814117432e-02
4.144923090934753418e-01
3.176895976066589355e-01
7.634924650192260742e-01
3.060261011123657227e-01
6.878840737044811249e-03
2.036059647798538208e-01
2.439919859170913696e-01
2.731337249279022217e-01
3.988963365554809570e-01
2.303300648927688599e-01
3.337800800800323486e-01
6.035549640655517578e-01
1.713822275632992387e-04
1.839803010225296021e-01
5.980466604232788086e-01
2.852669358253479004e-01
7.571641206741333008e-01
2.332369685173034668e-01
3.686089813709259033e-01
4.602661132812500000e-01
1.890471577644348145e-02
3.119217157363891602e-01
6.258603930473327637e-01
3.616994619369506836e-01
6.001822352409362793e-01
2.310269474983215332e-01
3.484402894973754883e-01
5.936259031295776367e-01
7.885933518409729004e-01
6.005822420120239258e-01
3.630768656730651855e-01
1.716602295637130737e-01
1.584760993719100952e-01
7.223649881780147552e-03
3.425707817077636719e-01
9.293534606695175171e-02
3.754942864179611206e-02
2.365330010652542114e-01
2.008754611015319824e-01
2.797654569149017334e-01
3.579183220863342285e-01
5.407769083976745605e-01
5.944215059280395508e-01
4.836607724428176880e-02
4.773060977458953857e-01
2.191053777933120728e-01
1.807193011045455933e-01
1.367162168025970459e-01
3.533962070941925049e-01
3.102756142616271973e-01
2.437655068933963776e-02
3.812062367796897888e-02
1.868449002504348755e-01
1.015096604824066162e-01
3.876510858535766602e-01
2.762421667575836182e-01
6.043943390250205994e-02
4.023998975753784180e-01
3.807895630598068237e-02
2.001042813062667847e-01
6.562984822267026175e-08
8.071220479905605316e-03
8.065386861562728882e-02
1.930318623781204224e-01
3.999328315258026123e-01
5.271313786506652832e-01
1.898073852062225342e-01
6.863994598388671875e-01
3.994724154472351074e-01
1.999671161174774170e-01
5.002291798591613770e-01
3.363960683345794678e-01
1.561900973320007324e-02
4.656794071197509766e-01
8.206808567047119141e-01
3.012422919273376465e-01
1.401906774844974279e-04
1.999445259571075439e-01
1.072311550378799438e-01
7.377248257398605347e-02
3.744382262229919434e-01
3.835839629173278809e-01
4.028812050819396973e-01
3.349319994449615479e-01
2.785823941230773926e-01
2.492752159014344215e-03
2.169529795646667480e-01
1.954276859760284424e-01
7.445448637008666992e-02
1.992697119712829590e-01
5.696203112602233887e-01
9.427771568298339844e-01
3.963043987751007080e-01
1.026726216077804565e-01
4.163980782032012939e-01
2.003880441188812256e-01
3.134993314743041992e-01
2.006174027919769287e-01
8.326975256204605103e-02
2.832291126251220703e-01
7.721848487854003906e-01
7.114098668098449707e-01
2.191238850355148315e-01
1.757552176713943481e-01
4.901691079139709473e-01
5.271100997924804688e-01
4.993548393249511719e-01
5.170287489891052246e-01
2.228552550077438354e-01
3.835902214050292969e-01
8.173917979001998901e-02
2.236903831362724304e-02
4.183073639869689941e-01
5.950946211814880371e-01
2.201878428459167480e-01
4.534598290920257568e-01
3.881389275193214417e-02
1.845326870679855347e-01
6.121646165847778320e-01
4.107123315334320068e-01
2.054691612720489502e-01
1.370422989130020142e-01
4.324580430984497070e-01
2.408719360828399658e-01
4.317833483219146729e-01
9.414921998977661133e-01
6.813098192214965820e-01
2.447475790977478027e-01
4.855318740010261536e-02
2.204633057117462158e-01
1.997254788875579834e-01
4.086323976516723633e-01
7.938870191574096680e-01
1.957678496837615967e-01
2.957746386528015137e-01
4.450131654739379883e-01
3.875062167644500732e-01
2.015285491943359375e-01
4.477251172065734863e-01
5.212909579277038574e-01
6.264185905456542969e-01
3.502596914768218994e-01
9.928954386850818992e-05
4.654616117477416992e-01
1.656659543514251709e-01
3.684411644935607910e-01
2.014391124248504639e-01
3.745678113773465157e-04
3.332800231873989105e-03
3.791363239288330078e-01
5.610554814338684082e-01
3.115478754043579102e-01
5.747067332267761230e-01
9.538270533084869385e-02
5.681985057890415192e-03
4.906715359538793564e-03
3.144548535346984863e-01
2.131219804286956787e-01
7.856394052505493164e-01
2.725476920604705811e-01
1.275098621845245361e-01
7.585748434066772461e-01
3.667390048503875732e-01
4.483869373798370361e-01
2.036018073558807373e-01
8.151211142539978027e-01
8.607967197895050049e-02
1.670732349157333374e-01
1.647773012518882751e-02
2.893501222133636475e-01
1.340866237878799438e-01
2.146575003862380981e-01
2.008268982172012329e-01
3.997812271118164062e-01
8.109261989593505859e-01
2.341780513525009155e-01
7.040860652923583984e-01
6.456093192100524902e-01
6.163842082023620605e-01
8.559758774936199188e-03
2.209375202655792236e-01
2.029308974742889404e-01
1.940932869911193848e-02
4.045542702078819275e-02
4.365478456020355225e-01
4.514652192592620850e-01
5.913065280765295029e-03
2.740774154663085938e-01
9.089289605617523193e-02
1.585190743207931519e-01
2.213678508996963501e-01
3.646928369998931885e-01
9.119051694869995117e-01
3.754172325134277344e-01
2.073526233434677124e-01
2.074481397867202759e-01
4.003263413906097412e-01
9.697990417480468750e-01
4.072294235229492188e-01
1.581622660160064697e-01
1.024027466773986816e-01
3.522865772247314453e-01
4.646585285663604736e-01
2.535350322723388672e-01
7.568198442459106445e-01
8.145833611488342285e-01
5.360031500458717346e-04
2.706525325775146484e-01
7.888394594192504883e-01
7.121819853782653809e-01
4.875527620315551758e-01
2.854727208614349365e-01
4.141217796131968498e-04
3.935253620147705078e-01
2.155202329158782959e-01
4.907347857952117920e-01
3.822639584541320801e-01
3.390628695487976074e-01
5.431782603263854980e-01
2.526608407497406006e-01
3.606804013252258301e-01
7.683142423629760742e-01
5.791299939155578613e-01
4.447795152664184570e-01
2.835615277290344238e-01
1.095861569046974182e-01
5.908787250518798828e-01
2.242990136146545410e-01
1.761980354785919189e-01
3.308733999729156494e-01
3.148539662361145020e-01
7.122291922569274902e-01
6.095725893974304199e-01
6.615722924470901489e-02
5.572338104248046875e-01
5.747640877962112427e-02
7.401127815246582031e-01
4.870328307151794434e-01
2.218766212463378906e-01
6.799376010894775391e-01
3.045794367790222168e-01
4.155663549900054932e-01
5.226174592971801758e-01
4.358508586883544922e-01
4.729665219783782959e-01
2.306032925844192505e-01
3.081069290637969971e-01
1.272821724414825439e-01
5.921208858489990234e-01
3.014985024929046631e-01
6.140765547752380371e-01
1.036401391029357910e-01
9.982943534851074219e-01
4.211567342281341553e-01
1.208309233188629150e-01
2.064411994069814682e-03
3.062231838703155518e-01
3.959840238094329834e-01
7.615797221660614014e-03
1.584993116557598114e-02
5.579520463943481445e-01
8.773888461291790009e-03
7.968424558639526367e-01
3.855267763137817383e-01
1.996733695268630981e-01
6.000509262084960938e-01
2.384050190448760986e-01
2.256915122270584106e-01
1.891502470243722200e-04
4.548487961292266846e-01
3.939810395240783691e-01
3.845255076885223389e-02
3.670310974121093750e-01
3.619743883609771729e-02
2.336793392896652222e-01
5.946319699287414551e-01
1.864976137876510620e-01
2.428218722343444824e-02
1.390991508960723877e-01
6.465565562248229980e-01
4.509745538234710693e-01
1.284494847059249878e-01
3.442662358283996582e-01
5.501378774642944336e-01
7.726487237960100174e-04
1.730708181858062744e-01
4.948765635490417480e-01
1.179172247648239136e-01
9.503750205039978027e-01
3.982792198657989502e-01
2.902061045169830322e-01
3.173337578773498535e-01
5.071113109588623047e-01
5.234400276094675064e-03
5.034003257751464844e-01
2.496892064809799194e-01
6.399581432342529297e-01
1.921758241951465607e-02
2.146330475807189941e-01
3.772252202033996582e-01
3.573263287544250488e-01
4.392025768756866455e-01
3.510776162147521973e-01
7.888473570346832275e-02
5.746494531631469727e-01
1.343667805194854736e-01
2.068739533424377441e-01
1.851729750633239746e-01
2.602424621582031250e-01
2.438935339450836182e-01
2.923858761787414551e-01
1.986439377069473267e-01
4.135050252079963684e-02
4.574235081672668457e-01
4.198613166809082031e-01
2.412215024232864380e-01
3.649002313613891602e-01
7.976093292236328125e-01
4.248278141021728516e-01
6.193361282348632812e-01
2.679978683590888977e-02
6.879940629005432129e-01
6.882925033569335938e-01
3.996821641921997070e-01
7.859650999307632446e-02
2.710767388343811035e-01
1.675862520933151245e-01
4.613850414752960205e-01
6.670582890510559082e-01
4.012453556060791016e-02
6.618366837501525879e-01
3.020222485065460205e-01
7.820303440093994141e-01
3.815228939056396484e-01
5.645285844802856445e-01
2.602770030498504639e-01
1.864616721868515015e-01
2.905173168983310461e-04
2.680508792400360107e-01
7.329756766557693481e-02
6.003201007843017578e-01
3.439352512359619141e-01
4.545950505416840315e-04
4.987398386001586914e-01
3.701587617397308350e-01
4.827559292316436768e-01
8.036235719919204712e-02
5.831367969512939453e-01
2.044554501771926880e-01
1.990655958652496338e-01
1.416679122485220432e-03
1.065158545970916748e-01
2.034570127725601196e-01
1.358332633972167969e-01
5.818257927894592285e-01
4.091052412986755371e-01
4.059687554836273193e-01
4.280112683773040771e-02
4.023160785436630249e-02
2.076374888420104980e-01
1.991148591041564941e-01
3.261173963546752930e-01
1.989718526601791382e-01
1.632300466299057007e-01
1.976476162672042847e-01
1.828990131616592407e-01
5.967113971710205078e-01
4.399703145027160645e-01
2.073868662118911743e-01
2.223121076822280884e-01
2.651873230934143066e-02
5.070854425430297852e-01
2.142803072929382324e-01
1.995770037174224854e-01
1.383973509073257446e-01
4.248746633529663086e-01
5.415188570623286068e-05
9.592217206954956055e-02
2.339950501918792725e-01
3.993508219718933105e-01
2.010856121778488159e-01
2.655218243598937988e-01
2.029497027397155762e-01
5.042209625244140625e-01
3.778305351734161377e-01
1.989235728979110718e-01
5.823870897293090820e-01
2.562491297721862793e-01
5.627739429473876953e-01
1.844269186258316040e-01
9.729938465170562267e-04
1.075022518634796143e-01
6.233369112014770508e-01
3.521074354648590088e-01
3.989634290337562561e-02
2.076640725135803223e-01
4.266080558300018311e-01
4.225603640079498291e-01
3.953435420989990234e-01
5.284685492515563965e-01
6.923094987869262695e-01
3.968841433525085449e-01
2.237619161605834961e-01
3.913550376892089844e-01
1.439551264047622681e-02
8.650429844856262207e-01
1.549571156501770020e-01
2.019502669572830200e-01
2.219385802745819092e-01
8.971494436264038086e-02
5.976147651672363281e-01
1.996999531984329224e-01
5.769577622413635254e-01
5.261484384536743164e-01
1.848411411046981812e-01
4.094390273094177246e-01
1.718477308750152588e-01
1.776199191808700562e-01
9.430910944938659668e-01
3.935335278511047363e-01
5.640361341647803783e-04
6.765389442443847656e-01
1.268858015537261963e-01
4.266738891601562500e-01
2.084099352359771729e-01
4.911607801914215088e-01
4.880858957767486572e-01
2.089412361383438110e-01
1.763790249824523926e-01
1.970722228288650513e-01
2.476321756839752197e-01
2.192059159278869629e-01
7.758259773254394531e-03
3.626638650894165039e-02
4.702885150909423828e-01
6.019376516342163086e-01
5.531622171401977539e-01
3.706422448158264160e-01
3.374752998352050781e-01
2.414028197526931763e-01
3.319305181503295898e-01
1.729604154825210571e-01
1.046562418341636658e-01
2.805251777172088623e-01
7.064571976661682129e-01
7.052078843116760254e-01
2.284418093040585518e-03
5.975243449211120605e-01
3.290713727474212646e-01
3.582037389278411865e-01
2.830931218340992928e-03
2.265468835830688477e-01
3.073423504829406738e-01
2.686863997951149940e-03
1.496207863092422485e-01
3.531906902790069580e-01
1.943579642102122307e-03
6.021315455436706543e-01
3.691283762454986572e-01
1.968923425010871142e-05
1.609583497047424316e-01
2.316285818815231323e-01
5.795158147811889648e-01
5.212897658348083496e-01
6.120033562183380127e-02
3.992754220962524414e-01
2.968359887599945068e-01
3.932895958423614502e-01
1.309264916926622391e-03
5.886930227279663086e-01
8.275047540664672852e-01
3.996295630931854248e-01
1.832759444369003177e-04
3.999435603618621826e-01
1.230544373393058777e-01
2.728127539157867432e-01
2.001574933528900146e-01
3.727812170982360840e-01
5.779182910919189453e-01
4.099910259246826172e-01
1.550931110978126526e-02
5.827999114990234375e-01
4.006443619728088379e-01
4.441713094711303711e-01
5.171246528625488281e-01
7.838073186576366425e-03
5.970751047134399414e-01
2.009316235780715942e-01
4.405514895915985107e-01
3.789980709552764893e-01
1.963834315538406372e-01
5.492488741874694824e-01
6.940340995788574219e-01
1.871336698532104492e-01
3.389709591865539551e-01
7.437581568956375122e-02
5.905226469039916992e-01
4.419320225715637207e-01
5.660204589366912842e-02
4.290582537651062012e-01
2.659399211406707764e-01
2.436038851737976074e-01
2.504957318305969238e-01
4.003854095935821533e-01
5.222730636596679688e-01
4.437237679958343506e-01
9.638050687499344349e-04
4.715904891490936279e-01
7.458959221839904785e-01
3.355324566364288330e-01
3.494822382926940918e-01
5.863992124795913696e-02
3.994296789169311523e-01
3.078050911426544189e-01
2.426264286041259766e-01
4.851745665073394775e-01
2.124227769672870636e-02
5.091349482536315918e-01
6.475650668144226074e-01
1.499175578355789185e-01
3.522810637950897217e-01
3.408714234828948975e-01
6.357893347740173340e-01
3.998888731002807617e-01
1.996564716100692749e-01
5.974118113517761230e-01
1.887104958295822144e-01
1.470228433609008789e-01
2.298636585474014282e-01
1.430095881223678589e-01
5.256895422935485840e-01
5.157758593559265137e-01
4.332779347896575928e-01
2.003971934318542480e-01
4.213317036628723145e-01
8.008195757865905762e-01
5.703554153442382812e-01
5.966301560401916504e-01
7.638632059097290039e-01
7.970108091831207275e-02
1.535125821828842163e-01
1.861384510993957520e-02
4.144160629948601127e-05
5.481696128845214844e-01
7.635143995285034180e-01
8.666000366210937500e-01
3.733775019645690918e-01
1.950011849403381348e-01
3.896891176700592041e-01
2.389785349369049072e-01
4.672766081057488918e-04
4.370584785938262939e-01
1.663709133863449097e-01
4.222820401191711426e-01
3.104070723056793213e-01
2.812860608100891113e-01
6.337853074073791504e-01
5.661294460296630859e-01
4.375667572021484375e-01
2.697436138987541199e-05
2.319669872522354126e-01
5.836044549942016602e-01
1.980010569095611572e-01
2.006611377000808716e-01
5.803413987159729004e-01
3.026246130466461182e-01
2.791432440280914307e-01
9.449252486228942871e-02
3.527161777019500732e-01
4.165476560592651367e-01
5.049346685409545898e-01
6.089882850646972656e-01
6.387317180633544922e-02
1.954634189605712891e-01
8.049963712692260742e-01
5.090558528900146484e-01
2.071736156940460205e-01
1.989674270153045654e-01
2.047277539968490601e-01
7.839323282241821289e-01
5.587526131421327591e-03
2.723000943660736084e-01
7.668043971061706543e-01
8.191158771514892578e-01
3.960556983947753906e-01
1.500123590230941772e-01
2.012388557195663452e-01
