4.719073697924613953e-02
1.780522870831191540e-03
6.447922196173294651e-10
4.805743650249105769e-11
1.126368995755910873e-03
1.311898959102109075e-04
1.929703142070082755e-13
2.030782031591155980e-15
3.385636210441589355e-02
6.614340236410498619e-04
1.002267824290470344e-09
3.034746343111294209e-10
8.300062268972396851e-03
7.168427600845461711e-06
6.876499369923294580e-12
4.160832512952253315e-15
4.759154282510280609e-03
1.157507540483493358e-05
2.456639613956923540e-10
1.817513917146129643e-10
2.128540538251399994e-03
2.340080129670241149e-07
1.087005919303551948e-12
1.799030217332353576e-15
8.125998079776763916e-03
1.734625766403041780e-05
2.478101057690196285e-10
7.899034204505994694e-11
1.250461908057332039e-03
3.003435438131418778e-07
1.460358323526235458e-14
3.954653682162242306e-15
2.541922184892686509e-12
4.872351411222552997e-09
1.861214793397181211e-10
3.246025153202936053e-05
2.052620686754380586e-07
5.355228495318442583e-05
1.230533466870789225e-15
4.528840413797752262e-09
7.526689674705266953e-03
3.693364851642400026e-05
8.528441064470371202e-09
1.306001695677849739e-10
1.195200486108660698e-03
1.621474098101316486e-06
2.466979745485708975e-11
2.084217528585167144e-15
8.532960782758891582e-04
4.286704097467008978e-06
1.484085299097159805e-09
9.487535063135155156e-11
5.353069718694314361e-05
6.596534518621410825e-08
6.122028340001250957e-13
3.165082603016726448e-15
2.952250186353921890e-03
8.064536814345046878e-06
5.171297834394295023e-10
1.900554436051749008e-10
4.220416303724050522e-04
1.070142445769306505e-07
8.051861315281488851e-15
7.991065525492311444e-15
8.214000146722355566e-09
1.727357562542053415e-10
4.320078801356430631e-07
3.565301387453700954e-10
1.322883047549794355e-08
5.685343375485987609e-16
1.401184723803794441e-11
2.827041447162628174e-01
5.793409155185891279e-12
1.095632959358106007e-10
5.268291756510734558e-02
5.315604154020547867e-03
3.629014406689168304e-15
6.978687511769235408e-16
3.204444888979196548e-03
5.650050752592505887e-06
1.025281526345622751e-10
1.544113765703514218e-04
1.182491814688546583e-06
8.181822996888854505e-10
2.905989454605149847e-14
8.833058178424835205e-03
5.564291961491107941e-03
1.126812976259827792e-09
1.808287343010306358e-03
6.276224303292110562e-05
2.565747907103815839e-13
1.174427190290790526e-14
2.526619657874107361e-02
2.523686634958721697e-05
2.254293141046304072e-10
3.686258936985709056e-11
1.946683028108964209e-07
3.379067689448633088e-15
1.219475028227910707e-15
2.126895589753985405e-03
9.025305303111963440e-07
1.302613433784571839e-10
1.256305892649578482e-10
8.680805331096053123e-05
8.374684206204942305e-15
5.470703638464971801e-16
8.370361290872097015e-03
1.236117532243952155e-05
1.937525279105400955e-10
2.176872015979824937e-10
1.091733356588520110e-04
2.458783228576066904e-06
3.795592329612672636e-15
2.220198977738618851e-03
2.013850957155227661e-03
2.516700181587339102e-09
2.828325307291379431e-08
4.576857099891640246e-05
4.497833651839755476e-05
2.540743223450325772e-13
