2.708333432674407959e-01
3.588874042034149170e-01
3.285836577415466309e-01
2.446192800998687744e-01
1.636231243610382080e-01
2.567747831344604492e-01
2.446192800998687744e-01
1.920694708824157715e-01
5.092592835426330566e-01
5.276438593864440918e-01
3.780441284179687500e-01
2.439382076263427734e-01
2.885374128818511963e-01
3.883064687252044678e-01
3.124415278434753418e-01
2.185322940349578857e-01
2.968750000000000000e-01
4.270097017288208008e-01
3.397121429443359375e-01
2.262090742588043213e-01
1.870606392621994019e-01
2.988180518150329590e-01
2.651737630367279053e-01
1.955699324607849121e-01
2.708333432674407959e-01
3.727923631668090820e-01
3.516551554203033447e-01
2.432443350553512573e-01
1.657450497150421143e-01
2.677469551563262939e-01
2.589906156063079834e-01
2.012968063354492188e-01
1.370367705821990967e-01
2.861904501914978027e-01
3.780440986156463623e-01
3.124415278434753418e-01
1.446650922298431396e-01
1.840562820434570312e-01
2.439382076263427734e-01
2.185323089361190796e-01
3.750000000000000000e-01
2.563657760620117188e-01
3.225023150444030762e-01
2.632704377174377441e-01
2.181070148944854736e-01
2.802093029022216797e-01
2.632704377174377441e-01
2.094984203577041626e-01
2.870370447635650635e-01
4.058642089366912842e-01
2.340258508920669556e-01
2.285538017749786377e-01
1.803841143846511841e-01
2.860990464687347412e-01
2.456197142601013184e-01
1.957158297300338745e-01
2.708333432674407959e-01
3.717957139015197754e-01
3.406547307968139648e-01
1.574856936931610107e-01
1.652306318283081055e-01
2.667780816555023193e-01
2.516397833824157715e-01
1.779092848300933838e-01
2.714381814002990723e-01
3.397121131420135498e-01
2.651737928390502930e-01
8.035277575254440308e-02
1.685955375432968140e-01
2.262090593576431274e-01
1.955699324607849121e-01
2.592592835426330566e-01
2.340258508920669556e-01
2.456197142601013184e-01
1.903292387723922729e-01
1.731922775506973267e-01
2.285538017749786377e-01
1.957158297300338745e-01
2.777777910232543945e-01
3.439857959747314453e-01
1.688711792230606079e-01
1.788408905267715454e-01
2.736538350582122803e-01
1.688711643218994141e-01
1.770326942205429077e-01
2.708333432674407959e-01
3.654018640518188477e-01
3.099878430366516113e-01
1.652306318283081055e-01
2.668278515338897705e-01
2.342413961887359619e-01
1.113896965980529785e-01
2.708333432674407959e-01
3.903195858001708984e-01
3.516550958156585693e-01
2.589905858039855957e-01
1.887801140546798706e-01
2.432443201541900635e-01
2.012968063354492188e-01
2.777777910232543945e-01
3.582845926284790039e-01
3.406547307968139648e-01
2.516397535800933838e-01
1.452975124120712280e-01
1.574856787919998169e-01
1.779092848300933838e-01
2.708333432674407959e-01
3.737850189208984375e-01
3.099878728389739990e-01
2.342413961887359619e-01
1.745541989803314209e-01
2.330534756183624268e-01
1.113896965980529785e-01
2.708333432674407959e-01
3.618613183498382568e-01
3.452762961387634277e-01
2.203467041254043579e-01
1.652306318283081055e-01
2.636856138706207275e-01
2.203466892242431641e-01
