1.021747756749391556e-02
5.314212758094072342e-03
4.868623509537428617e-04
9.876272678375244141e-01
2.332205623388290405e-01
1.802863180637359619e-01
3.761691041290760040e-04
7.564592361450195312e-01
2.396372258663177490e-01
3.360398113727569580e-02
3.775405883789062500e-01
7.998119592666625977e-01
2.868989109992980957e-01
7.911169528961181641e-01
2.002264931797981262e-02
1.165742636658251286e-03
2.189067017752677202e-04
9.976328611373901367e-01
6.269643455743789673e-02
1.709981448948383331e-02
1.085948431864380836e-03
9.928785562515258789e-01
1.438617855310440063e-01
1.753431707620620728e-01
3.649915335699915886e-03
5.828206539154052734e-01
4.423516988754272461e-01
4.866066873073577881e-01
1.432086713612079620e-02
2.550689131021499634e-02
2.052967320196330547e-04
9.599200487136840820e-01
2.116867452859878540e-01
8.705754764378070831e-03
1.789799332618713379e-01
8.601502776145935059e-01
3.887874484062194824e-01
1.179430931806564331e-01
8.064150810241699219e-03
5.641929507255554199e-01
6.780902743339538574e-01
4.950814247131347656e-01
4.838978871703147888e-02
7.369174156337976456e-03
9.907315485179424286e-03
9.459989666938781738e-01
3.429594635963439941e-02
6.513020023703575134e-03
3.682356909848749638e-04
9.025580883026123047e-01
2.189678549766540527e-01
2.216113954782485962e-01
3.160676360130310059e-01
4.636755883693695068e-01
1.377600282430648804e-01
3.504050970077514648e-01
4.022250771522521973e-01
4.043722897768020630e-02
5.217277631163597107e-02
5.826924927532672882e-03
4.797251522541046143e-02
1.148680597543716431e-02
1.604570746421813965e-01
2.614641562104225159e-03
5.460827052593231201e-02
3.306869789958000183e-02
2.309407573193311691e-03
6.439761258661746979e-03
1.014006361365318298e-01
1.341344974935054779e-02
1.317261345684528351e-02
3.887581080198287964e-02
2.367119770497083664e-03
1.643686555325984955e-03
9.662359952926635742e-01
2.250724239274859428e-03
4.296545684337615967e-02
9.298733472824096680e-01
2.847505807876586914e-01
2.047778107225894928e-02
2.887276001274585724e-02
4.376869201660156250e-01
1.458072662353515625e-01
4.314650595188140869e-01
1.527162361890077591e-02
2.008419781923294067e-01
5.125562194734811783e-03
2.760038478299975395e-03
9.169282317161560059e-01
1.848527044057846069e-02
1.150557305663824081e-03
9.782389402389526367e-01
3.849457204341888428e-01
2.800710797309875488e-01
6.624967791140079498e-03
5.784114003181457520e-01
7.052663564682006836e-01
2.149013876914978027e-01
4.172370955348014832e-02
4.278247356414794922e-01
4.416754469275474548e-03
1.054008677601814270e-02
8.868938088417053223e-01
2.922259084880352020e-02
2.850888529792428017e-03
9.685566425323486328e-01
9.534525871276855469e-02
1.220437660813331604e-01
1.582907289266586304e-01
5.963450670242309570e-01
4.338276982307434082e-01
2.230252027511596680e-01
6.203774362802505493e-02
1.991246044635772705e-01
7.105505466461181641e-02
3.676978638395667076e-03
9.415553808212280273e-01
3.324683904647827148e-01
7.114476989954710007e-03
4.640408791601657867e-03
1.025421023368835449e-01
1.394888162612915039e-01
1.156076267361640930e-01
2.206686437129974365e-01
1.167034655809402466e-01
3.165792301297187805e-02
1.245104894042015076e-01
1.430245116353034973e-02
4.182420670986175537e-03
1.680669141933321953e-03
9.748786687850952148e-01
6.930048018693923950e-02
1.099050566554069519e-01
3.629096085205674171e-03
8.504910469055175781e-01
4.357748478651046753e-02
1.645214483141899109e-02
6.049073934555053711e-01
3.532877266407012939e-01
7.645589858293533325e-02
1.250487864017486572e-01
2.153259664773941040e-01
2.183135598897933960e-03
8.292389102280139923e-03
9.783290624618530273e-01
3.508499860763549805e-01
4.862109199166297913e-03
6.006574723869562149e-03
9.301637411117553711e-01
2.106422930955886841e-01
2.304611029103398323e-03
6.067336797714233398e-01
6.311952471733093262e-01
2.321469187736511230e-01
2.275246381759643555e-01
2.772161923348903656e-02
3.715560305863618851e-03
2.482223510742187500e-02
7.949537038803100586e-01
5.198193714022636414e-02
1.188417896628379822e-02
6.143150478601455688e-02
8.279936313629150391e-01
4.088773578405380249e-02
1.438949704170227051e-01
4.381174445152282715e-01
2.948970496654510498e-01
2.023208141326904297e-01
1.722982227802276611e-01
2.451121434569358826e-02
1.021616905927658081e-02
3.734674828592687845e-04
9.273224472999572754e-01
2.626341879367828369e-01
4.770449828356504440e-03
1.957925707101821899e-01
9.119209051132202148e-01
2.252810895442962646e-01
1.730753183364868164e-01
3.768844306468963623e-01
2.583000063896179199e-01
3.221633285284042358e-02
2.582056913524866104e-03
2.526375465095043182e-02
3.428361611440777779e-03
2.771500498056411743e-03
7.775324583053588867e-01
1.892300099134445190e-01
8.511063642799854279e-03
1.003449875861406326e-02
5.689417123794555664e-01
1.902337819337844849e-01
3.400223255157470703e-01
2.262847423553466797e-01
6.062061190605163574e-01
2.833278849720954895e-02
1.633868785575032234e-03
6.035022437572479248e-02
1.682081073522567749e-02
1.695000915788114071e-03
9.891484379768371582e-01
3.556992486119270325e-02
8.415865711867809296e-03
1.801854223012924194e-01
9.349309206008911133e-01
2.021546959877014160e-01
6.554647535085678101e-02
3.168671131134033203e-01
8.652785420417785645e-01
5.328139066696166992e-01
1.291366876102983952e-03
1.885852962732315063e-02
1.512601971626281738e-03
3.030087391380220652e-04
9.377050399780273438e-01
2.384589165449142456e-01
3.770605428144335747e-03
7.762805325910449028e-04
9.627213478088378906e-01
3.330740630626678467e-01
4.444454014301300049e-01
2.235876396298408508e-03
7.413265705108642578e-01
5.741153955459594727e-01
5.406254529953002930e-02
