1.108484964149074499e-02
9.653046444597687681e-02
1.780595042786304455e-02
2.266379040586175009e-02
1.124610004969735511e-01
6.848625855994984468e-02
1.577427138304651200e-01
8.599598742795076800e-02
8.397663540967834073e-02
8.392287541441989518e-02
1.238992374300708493e-01
1.052939664570238520e-01
8.481095387511808359e-02
1.437920412638760970e-01
1.359573635989083651e-01
7.751193753938423470e-02
1.577187290552742316e-01
1.844921387382782996e-01
1.536002534087926308e-01
2.212328378850193511e-01
2.186139229150278751e-01
1.580552424637844955e-01
1.565646154386880762e-01
2.525132999137003065e-01
1.767106186768083176e-01
2.065758638871977027e-01
1.849233050463506278e-01
2.268996719642445148e-01
1.874840629985996543e-01
2.150924322262513788e-01
2.919007447221352303e-01
2.854150278688813436e-01
2.730164247377593889e-01
2.616799503321354248e-01
2.522819793149000400e-01
3.289054230419004576e-01
2.846331332670895553e-01
3.316528045912631173e-01
2.911901610596732137e-01
1.804696272055689998e-01
2.623201096072219629e-01
2.502053662127274314e-01
3.117906138784466985e-01
2.209855310905438075e-01
2.405868780781300065e-01
3.248661551624536514e-01
2.693979539415942148e-01
2.536627703811973333e-01
2.486412629816466269e-01
1.998678301483428621e-01
2.531323027301718431e-01
5.131597290970743019e-01
2.896438357778466921e-01
2.295877788692450849e-01
2.580744805566679845e-01
4.423651370721367604e-01
4.174793781533550630e-01
2.831608723622943691e-01
2.798790532453151458e-01
2.595462690537365669e-01
2.989494037353254696e-01
3.445080535972150360e-01
3.572685908761992768e-01
2.932407543142709350e-01
2.914232257205115473e-01
2.435172815835707771e-01
2.129165509800259315e-01
1.938220024592458013e-01
3.423188442538958043e-01
3.204531757071610865e-01
3.091082184716749670e-01
2.948485945546333586e-01
3.909104636540388089e-01
2.451126472337644135e-01
3.328417238177420190e-01
3.880810333682278013e-01
3.356449573408238907e-01
2.145096890876280193e-01
2.983548647115150110e-01
3.867015432199248370e-01
2.969854403972231882e-01
4.025627764371725315e-01
1.951751304194868364e-01
3.883141111313866967e-01
4.157753388504855652e-01
2.212124286183657640e-01
2.082293555459518164e-01
2.417649793542820391e-01
2.892513049927611934e-01
3.522363144080512543e-01
3.479881969848905299e-01
1.662240632006684593e-01
2.486478870045035483e-01
1.980722364910784128e-01
2.449945122127876185e-01
3.055243345096151919e-01
2.280202733778913526e-01
3.014056751988111738e-01
4.054553611455888329e-01
2.391235844429152602e-01
4.608934532281217522e-01
