3.305337578058242798e-02
6.744533777236938477e-01
8.944074809551239014e-02
1.741611063480377197e-01
1.180447358638048172e-02
4.358740448951721191e-01
2.237467914819717407e-01
5.071152374148368835e-02
1.887691207230091095e-02
1.849812418222427368e-01
2.786648869514465332e-01
2.472534477710723877e-01
4.318714886903762817e-02
8.723275735974311829e-03
3.525546491146087646e-01
1.005067750811576843e-01
3.493896126747131348e-02
2.238342911005020142e-02
3.558561503887176514e-01
3.201433420181274414e-01
3.605348244309425354e-02
3.645128337666392326e-03
3.415915369987487793e-01
1.206673830747604370e-01
5.355495959520339966e-02
1.103610172867774963e-02
1.563373655080795288e-01
1.047000940889120102e-02
2.026844173669815063e-01
5.329979117959737778e-03
3.279280150309205055e-03
4.093306660652160645e-01
3.506097197532653809e-02
5.842418409883975983e-03
1.930220401845872402e-03
5.586601495742797852e-01
7.829691469669342041e-02
1.135408431291580200e-01
1.100200694054365158e-02
1.141290515661239624e-01
6.556984782218933105e-02
5.055285692214965820e-01
1.039229929447174072e-01
1.734096929430961609e-02
1.058538630604743958e-01
7.364033162593841553e-02
1.724484115839004517e-01
1.650853641331195831e-02
2.838336825370788574e-01
1.233738809823989868e-01
8.619369938969612122e-03
7.948400452733039856e-03
2.107804566621780396e-01
1.942750439047813416e-02
3.931804001331329346e-01
1.035304293036460876e-01
4.313419014215469360e-02
3.984628021717071533e-01
3.488418832421302795e-02
1.659179106354713440e-02
2.331615984439849854e-02
4.937533438205718994e-01
1.691177189350128174e-01
2.287266030907630920e-02
3.137088194489479065e-02
1.185295078903436661e-02
9.514817036688327789e-03
4.115860164165496826e-01
3.368578851222991943e-01
7.528221607208251953e-02
7.544534653425216675e-02
1.845622956752777100e-01
9.306300431489944458e-02
8.764162193983793259e-04
1.622300967574119568e-02
2.580605149269104004e-01
7.258138060569763184e-02
3.964588046073913574e-02
2.054480277001857758e-02
9.529838338494300842e-03
4.253374338150024414e-01
1.311560571193695068e-01
2.367495186626911163e-02
2.084252424538135529e-03
1.443423628807067871e-01
1.607590913772583008e-02
1.121184974908828735e-02
4.218702316284179688e-01
1.294436454772949219e-01
1.172558814287185669e-01
5.080424621701240540e-02
1.303924471139907837e-01
1.897519081830978394e-02
4.451722502708435059e-01
6.977106630802154541e-02
4.128666594624519348e-02
1.988971419632434845e-02
4.949144721031188965e-01
9.531451761722564697e-02
8.371223695576190948e-03
3.677754104137420654e-01
2.161166071891784668e-01
4.384559020400047302e-02
4.970435518771409988e-03
1.011306303553283215e-03
4.451614990830421448e-02
1.560749560594558716e-01
1.827072352170944214e-01
2.135928571224212646e-01
1.106560379266738892e-01
4.544001817703247070e-01
2.614898979663848877e-01
1.062190160155296326e-02
4.348902404308319092e-01
2.183119058609008789e-01
6.567706912755966187e-02
1.163498964160680771e-02
6.928483396768569946e-02
1.697221957147121429e-02
6.898278594017028809e-01
2.965439558029174805e-01
9.995864704251289368e-03
5.154844373464584351e-02
3.707309365272521973e-01
1.779585629701614380e-01
2.130730897188186646e-01
8.677645586431026459e-03
7.335168868303298950e-02
1.414374262094497681e-01
3.639928251504898071e-02
9.443916380405426025e-03
3.058818913996219635e-02
2.764012813568115234e-01
1.754712313413619995e-01
5.509534105658531189e-02
1.015996001660823822e-02
4.527879953384399414e-01
1.051328033208847046e-01
9.117089211940765381e-02
2.017978020012378693e-02
4.486091732978820801e-01
6.596951186656951904e-02
4.337285459041595459e-02
2.091085314750671387e-01
4.745993390679359436e-02
6.238920092582702637e-01
8.037716150283813477e-02
1.842878572642803192e-02
6.193583458662033081e-02
2.961630523204803467e-01
2.267176806926727295e-01
2.418760210275650024e-02
2.054278925061225891e-02
1.231720745563507080e-01
2.855020761489868164e-01
1.220164238475263119e-03
2.047431915998458862e-01
1.223637722432613373e-02
4.290689527988433838e-01
1.432304233312606812e-01
4.449378699064254761e-02
3.352130204439163208e-02
1.672507077455520630e-01
4.862414672970771790e-02
8.104076981544494629e-02
3.686267137527465820e-02
4.659926891326904297e-01
3.566049933433532715e-01
7.683850079774856567e-02
4.942485317587852478e-02
4.327379763126373291e-01
1.110350191593170166e-01
6.942758709192276001e-02
5.310181528329849243e-02
3.855260610580444336e-01
9.125103801488876343e-02
1.431176811456680298e-02
4.206163808703422546e-02
2.096740305423736572e-01
2.234117835760116577e-01
9.884198009967803955e-02
2.025567144155502319e-01
4.661890566349029541e-01
2.752327919006347656e-02
2.945488691329956055e-01
1.737777739763259888e-01
7.335032522678375244e-02
1.021562069654464722e-01
1.352298259735107422e-01
8.032216131687164307e-02
5.455049872398376465e-02
1.390804499387741089e-01
3.966802358627319336e-02
8.317179232835769653e-02
1.493771653622388840e-02
4.090785682201385498e-01
1.720151863992214203e-02
6.405138969421386719e-01
1.009587198495864868e-02
1.569316983222961426e-01
2.400151193141937256e-01
7.168033625930547714e-03
3.426743205636739731e-03
1.877661445178091526e-03
5.216087698936462402e-01
2.098516933619976044e-02
2.470796927809715271e-02
1.018256694078445435e-01
5.310352444648742676e-01
3.645844757556915283e-03
5.376345515251159668e-01
1.764083653688430786e-01
1.480830484069883823e-03
1.116884350776672363e-01
2.462864667177200317e-01
1.228292658925056458e-02
5.113452207297086716e-03
2.040897309780120850e-01
5.342255234718322754e-01
9.741526842117309570e-02
3.813978284597396851e-03
3.209630548954010010e-01
8.934015780687332153e-02
3.457221388816833496e-01
3.005392849445343018e-01
1.168837472796440125e-01
2.918753027915954590e-01
7.219574600458145142e-02
1.436892747879028320e-01
3.571967408061027527e-02
6.592674180865287781e-03
9.389764815568923950e-02
8.597265928983688354e-03
1.145751215517520905e-02
1.737882792949676514e-01
1.672333665192127228e-02
4.978950023651123047e-01
2.081942856311798096e-01
3.971802070736885071e-02
4.555469751358032227e-02
4.400369524955749512e-01
4.110878333449363708e-02
7.431147247552871704e-02
2.837541997432708740e-01
6.892153620719909668e-02
2.240303903818130493e-02
2.402338571846485138e-02
4.380701780319213867e-01
1.206660270690917969e-02
3.708273172378540039e-01
3.136052191257476807e-01
8.041819930076599121e-02
1.033817678689956665e-01
3.498781621456146240e-01
4.179243445396423340e-01
1.322008389979600906e-02
7.638109382241964340e-03
8.942683041095733643e-02
1.112121641635894775e-01
4.343347623944282532e-03
2.995602488517761230e-01
4.660259559750556946e-02
3.804909586906433105e-01
3.248676061630249023e-01
5.079998448491096497e-02
7.785840332508087158e-02
2.368228733539581299e-01
2.154401093721389771e-01
2.697343528270721436e-01
6.704669594764709473e-01
1.066988259553909302e-01
6.863142549991607666e-02
5.946067161858081818e-03
3.524778187274932861e-01
9.499100968241691589e-03
7.610673308372497559e-01
1.558778882026672363e-01
2.360250204801559448e-01
2.464889362454414368e-02
3.780846297740936279e-01
8.884125947952270508e-02
2.186280786991119385e-01
2.602562122046947479e-02
6.763432919979095459e-02
7.475189864635467529e-02
1.896199071779847145e-03
3.394269347190856934e-01
4.743863642215728760e-02
1.400592029094696045e-01
4.185425117611885071e-02
2.236439436674118042e-01
2.659620903432369232e-02
3.272281587123870850e-01
1.454374492168426514e-01
8.022771775722503662e-02
3.948853909969329834e-02
5.674759745597839355e-01
2.799205295741558075e-02
6.842352449893951416e-02
2.322175204753875732e-01
3.453824203461408615e-03
3.507300019264221191e-01
4.193762540817260742e-01
3.369234502315521240e-02
6.701451493427157402e-04
8.867936208844184875e-03
2.300334274768829346e-01
3.500508144497871399e-03
1.326452940702438354e-03
7.265173792839050293e-01
1.700568348169326782e-01
1.280590798705816269e-02
2.372566014528274536e-01
5.145408213138580322e-03
1.879575997591018677e-01
1.878342628479003906e-01
1.970296800136566162e-01
1.135571300983428955e-01
4.971901178359985352e-01
5.882102251052856445e-02
2.509175240993499756e-02
3.193167503923177719e-03
3.800226151943206787e-01
3.896089494228363037e-01
7.902798056602478027e-02
4.551583528518676758e-01
3.731994032859802246e-01
1.809777468442916870e-01
1.619800329208374023e-01
6.471102684736251831e-02
5.198828503489494324e-02
2.296676635742187500e-01
7.054316252470016479e-02
1.511567458510398865e-02
1.163656730204820633e-02
5.112838745117187500e-02
1.201339885592460632e-01
5.842002108693122864e-02
4.177154898643493652e-01
7.721979022026062012e-01
2.583225071430206299e-01
1.425451040267944336e-01
3.808654472231864929e-02
2.862545549869537354e-01
6.415316462516784668e-02
5.530707165598869324e-02
6.812933087348937988e-02
3.729976415634155273e-01
9.039521962404251099e-02
8.852751553058624268e-02
9.069175273180007935e-02
3.060047030448913574e-01
1.841608881950378418e-01
4.617564678192138672e-01
1.178729385137557983e-01
1.876480877399444580e-01
3.377808034420013428e-01
1.574921607971191406e-01
3.432171419262886047e-02
3.227245062589645386e-02
3.634484708309173584e-01
7.946403324604034424e-02
4.123616591095924377e-02
1.531700603663921356e-02
7.074342966079711914e-01
4.936638474464416504e-01
4.157884716987609863e-01
1.171832233667373657e-01
1.034862771630287170e-01
6.913200020790100098e-01
2.974459342658519745e-02
9.069187194108963013e-02
2.706660889089107513e-02
4.447306394577026367e-01
2.550751268863677979e-01
1.006479412317276001e-01
2.248961664736270905e-02
4.188601970672607422e-01
1.425329502671957016e-02
3.102606534957885742e-01
1.543822884559631348e-02
1.771307736635208130e-01
9.705532342195510864e-02
1.441826820373535156e-01
1.348652392625808716e-01
6.875534355640411377e-02
4.249422252178192139e-02
1.771509200334548950e-01
1.958587020635604858e-02
4.572600498795509338e-02
7.290847897529602051e-01
4.453686773777008057e-01
2.155859917402267456e-01
9.519521892070770264e-02
1.861628592014312744e-01
1.595867723226547241e-01
2.124352455139160156e-01
6.233536824584007263e-02
2.517196908593177795e-02
1.355310678482055664e-01
4.736389219760894775e-02
5.679472908377647400e-02
9.886679798364639282e-02
6.547899246215820312e-01
4.847082793712615967e-01
5.526329874992370605e-01
1.434979289770126343e-01
9.970141202211380005e-02
7.457692176103591919e-02
4.168406724929809570e-01
5.183241963386535645e-01
1.828697975724935532e-03
3.661956489086151123e-01
6.352942436933517456e-02
3.712435811758041382e-02
5.201551318168640137e-02
4.904862046241760254e-01
3.734611207619309425e-03
6.039690375328063965e-01
9.373134374618530273e-02
3.198628872632980347e-02
4.971492290496826172e-02
2.038365453481674194e-01
1.083949431777000427e-01
2.782103419303894043e-01
8.033183217048645020e-02
3.574782609939575195e-01
5.859741941094398499e-02
2.058858424425125122e-02
3.291989862918853760e-01
4.757797718048095703e-01
3.344417214393615723e-01
7.862001657485961914e-02
1.661517620086669922e-01
1.088924482464790344e-01
4.033460021018981934e-01
1.757927834987640381e-01
2.136449143290519714e-02
6.996984034776687622e-02
2.861940562725067139e-01
8.960727602243423462e-03
9.967908263206481934e-02
5.607172846794128418e-01
2.586439549922943115e-01
4.427372515201568604e-01
1.035244092345237732e-01
7.420770823955535889e-02
6.541666388511657715e-02
3.724464774131774902e-01
2.379186302423477173e-01
2.927891351282596588e-02
7.552924007177352905e-02
7.197450995445251465e-01
5.508034024387598038e-03
3.246512729674577713e-03
2.877491116523742676e-01
3.331272006034851074e-01
5.951868295669555664e-01
1.918563246726989746e-01
1.063046529889106750e-01
4.905573278665542603e-02
2.256093770265579224e-01
1.216432601213455200e-01
6.873306632041931152e-02
2.611034363508224487e-02
5.501465797424316406e-01
1.244883388280868530e-01
4.431912675499916077e-02
3.886499106884002686e-01
2.379880547523498535e-01
2.567883133888244629e-01
2.494358271360397339e-01
3.744033351540565491e-02
1.207077577710151672e-01
2.317579835653305054e-01
1.392506808042526245e-01
2.221495211124420166e-01
4.785636067390441895e-02
3.145672678947448730e-01
2.227243036031723022e-01
4.591660201549530029e-02
3.290897607803344727e-01
3.946270048618316650e-01
1.955971419811248779e-01
1.601157784461975098e-01
1.920019984245300293e-01
1.956504303961992264e-03
5.873600952327251434e-03
1.876015365123748779e-01
1.573268324136734009e-01
1.245726272463798523e-01
4.258909821510314941e-02
2.830463051795959473e-01
8.312465250492095947e-02
4.125104844570159912e-01
4.753892421722412109e-01
2.002103030681610107e-01
9.772708266973495483e-02
9.923174232244491577e-02
1.252644881606101990e-02
2.441777661442756653e-02
3.752575814723968506e-02
1.070702332071959972e-03
2.371109127998352051e-01
2.818364650011062622e-02
3.704704716801643372e-02
3.567557036876678467e-02
2.860170602798461914e-01
3.801762759685516357e-01
2.897959351539611816e-01
2.540997229516506195e-02
3.895291686058044434e-02
4.817244783043861389e-02
1.697220653295516968e-02
4.293883964419364929e-02
1.589284464716911316e-02
8.995631337165832520e-02
1.141160801053047180e-01
8.418238908052444458e-02
2.808531979098916054e-03
2.006329596042633057e-01
2.904189229011535645e-01
1.459554582834243774e-01
3.559997677803039551e-01
4.935801029205322266e-02
2.433600872755050659e-01
1.180386170744895935e-01
5.154844373464584351e-03
6.255136430263519287e-02
1.217233575880527496e-02
9.069876372814178467e-02
3.237197548151016235e-02
8.232615888118743896e-02
5.314341783523559570e-01
4.331947565078735352e-01
2.326368242502212524e-01
1.526967436075210571e-01
1.014007851481437683e-01
2.632965743541717529e-01
1.204364234581589699e-03
2.792936190962791443e-02
8.626947551965713501e-02
3.907183185219764709e-02
1.244270941242575645e-03
1.521870195865631104e-01
3.968038037419319153e-02
6.368368119001388550e-02
2.051089107990264893e-01
3.166137635707855225e-01
4.288071766495704651e-02
1.923500597476959229e-01
8.325686794705688953e-04
1.053664460778236389e-01
3.028119802474975586e-01
3.188736503943800926e-03
9.975298494100570679e-02
1.950146257877349854e-02
9.874720126390457153e-03
7.116881012916564941e-02
4.790358543395996094e-01
6.226238608360290527e-01
2.775778174400329590e-01
5.491647869348526001e-02
1.651349514722824097e-01
2.096755504608154297e-01
4.479132220149040222e-02
8.207546174526214600e-02
3.442778065800666809e-02
1.452166438102722168e-01
2.708206176757812500e-01
3.005994018167257309e-03
1.049650018103420734e-03
6.409280896186828613e-01
4.277755320072174072e-01
3.926386833190917969e-01
6.384069472551345825e-02
2.763170376420021057e-02
1.830980740487575531e-02
9.138280153274536133e-02
1.630612313747406006e-01
1.053775772452354431e-01
1.070550158619880676e-01
1.577625125646591187e-01
2.639370560646057129e-01
5.504360422492027283e-03
2.407873868942260742e-01
4.474794864654541016e-01
6.273636221885681152e-02
1.172199621796607971e-01
8.034618198871612549e-02
5.596744269132614136e-02
7.951453328132629395e-03
4.259320721030235291e-02
6.704678386449813843e-02
4.984842147678136826e-03
1.898178309202194214e-01
3.644639998674392700e-02
1.949755474925041199e-02
4.765739440917968750e-01
2.021461427211761475e-01
2.961069345474243164e-01
1.289577484130859375e-01
1.527040898799896240e-01
3.184173405170440674e-01
2.972117997705936432e-02
8.769627660512924194e-02
6.132712960243225098e-02
1.374679617583751678e-02
1.158704049885272980e-02
1.774214506149291992e-01
9.868156164884567261e-02
1.299245804548263550e-01
4.357586205005645752e-01
8.957030624151229858e-02
3.005369938910007477e-02
1.301630139350891113e-01
1.433717459440231323e-01
1.709328033030033112e-02
1.286097019910812378e-01
3.217845037579536438e-02
9.220666438341140747e-02
1.221830956637859344e-02
1.183522865176200867e-01
4.403174668550491333e-02
3.863117396831512451e-01
2.902953922748565674e-01
2.764851748943328857e-01
9.295054525136947632e-02
6.160284392535686493e-03
4.046280980110168457e-01
1.963767260313034058e-01
6.531424354761838913e-03
2.237607352435588837e-02
2.522508800029754639e-01
8.385739475488662720e-02
8.806389570236206055e-02
1.037592664361000061e-01
6.849653720855712891e-01
2.071433961391448975e-01
1.266011148691177368e-01
2.979497611522674561e-01
3.104248642921447754e-02
5.228746533393859863e-01
1.889149695634841919e-01
7.658732682466506958e-02
6.586125120520591736e-03
4.785262346267700195e-01
8.156054466962814331e-02
2.270993590354919434e-01
1.842144690454006195e-02
6.002550721168518066e-01
5.820965170860290527e-01
3.843587338924407959e-01
2.772647440433502197e-01
6.033478677272796631e-02
1.554944664239883423e-01
3.264987096190452576e-02
3.333264216780662537e-02
5.464967712759971619e-02
5.483825877308845520e-02
2.383640501648187637e-03
4.301773849874734879e-03
6.726522743701934814e-02
1.883440762758255005e-01
2.253523617982864380e-01
2.063205987215042114e-01
5.818719267845153809e-01
4.674654826521873474e-02
2.794421911239624023e-01
6.282421350479125977e-01
3.742302209138870239e-02
2.151409909129142761e-02
2.771302461624145508e-01
1.523382365703582764e-01
8.989704772830009460e-03
1.447493396699428558e-02
2.732111215591430664e-01
1.721979230642318726e-01
2.429845780134201050e-01
5.119986534118652344e-01
1.337102502584457397e-01
2.163846939802169800e-01
5.444971323013305664e-01
1.012868061661720276e-02
8.360946550965309143e-03
4.432808756828308105e-01
4.820152819156646729e-01
9.830278158187866211e-02
2.603626064956188202e-02
2.167377769947052002e-01
2.011225819587707520e-01
5.402390956878662109e-01
3.689991831779479980e-01
1.399965435266494751e-01
2.039562314748764038e-01
5.974913835525512695e-01
2.575376816093921661e-02
7.315559685230255127e-02
5.305522680282592773e-01
8.882452547550201416e-02
1.263830959796905518e-01
2.398641547188162804e-03
5.672185420989990234e-01
2.359223365783691406e-01
1.348795145750045776e-01
5.466275215148925781e-01
9.975400567054748535e-02
1.805037409067153931e-01
5.434306859970092773e-01
2.402079552412033081e-01
4.286457225680351257e-02
1.241800002753734589e-02
6.100278720259666443e-02
6.505638360977172852e-03
6.940397620201110840e-02
6.401365250349044800e-02
5.642954707145690918e-01
2.806469798088073730e-01
4.569751322269439697e-01
1.060746088624000549e-01
3.660588338971138000e-02
1.566423475742340088e-01
5.459514632821083069e-02
8.622224628925323486e-02
1.730035990476608276e-02
1.864463835954666138e-01
1.203304007649421692e-01
8.896347135305404663e-03
1.766639351844787598e-01
5.459874272346496582e-01
3.912930488586425781e-01
4.292972981929779053e-01
1.456007454544305801e-02
9.233364462852478027e-02
7.053385972976684570e-01
4.351237788796424866e-02
5.517655611038208008e-02
1.171351503580808640e-02
4.970016777515411377e-01
1.818079352378845215e-01
9.306955151259899139e-03
3.742810487747192383e-01
1.895614266395568848e-01
3.057381212711334229e-01
2.100874483585357666e-01
4.815963283181190491e-02
4.506254568696022034e-03
4.220303893089294434e-01
7.143721729516983032e-02
7.859285175800323486e-02
6.348293740302324295e-03
6.263836622238159180e-01
1.758939027786254883e-01
6.003248691558837891e-02
2.516747415065765381e-01
3.439651727676391602e-01
3.608749508857727051e-01
3.569141924381256104e-01
1.204045712947845459e-01
1.178957372903823853e-01
3.123824596405029297e-01
2.541541159152984619e-01
3.438496263697743416e-03
4.008274376392364502e-01
3.585783243179321289e-01
5.129132047295570374e-02
1.629704795777797699e-02
4.589806795120239258e-01
3.992900848388671875e-01
1.923702540807425976e-03
5.215655565261840820e-01
3.044979274272918701e-01
1.816923171281814575e-01
1.419051289558410645e-01
8.126991987228393555e-02
7.975597865879535675e-03
1.228008493781089783e-01
1.123506482690572739e-02
1.068196073174476624e-01
1.177047342061996460e-01
2.820963859558105469e-01
2.386888265609741211e-01
1.953698545694351196e-01
5.900703668594360352e-01
8.573923259973526001e-02
2.160635292530059814e-01
3.508145809173583984e-01
1.486662030220031738e-01
5.300388485193252563e-02
2.143342047929763794e-01
1.107831224799156189e-01
9.212455153465270996e-02
7.300738990306854248e-02
2.824930846691131592e-01
1.459040939807891846e-01
3.726246953010559082e-01
4.491430222988128662e-01
4.605090618133544922e-02
9.176312386989593506e-02
3.748249113559722900e-01
1.427750289440155029e-01
3.073767060413956642e-03
1.227948665618896484e-01
2.159921526908874512e-01
2.882506139576435089e-02
1.124635711312294006e-01
3.289492726325988770e-01
4.303100705146789551e-01
1.978159695863723755e-01
3.890259563922882080e-01
1.268163323402404785e-01
2.025596564635634422e-03
2.784662246704101562e-01
2.690432965755462646e-01
5.713596567511558533e-02
2.694145143032073975e-01
8.366327732801437378e-02
1.164126396179199219e-01
9.360366500914096832e-03
7.002511620521545410e-01
1.839320510625839233e-01
6.505021452903747559e-01
2.496184259653091431e-01
1.643266677856445312e-01
1.059502884745597839e-01
5.874488353729248047e-01
4.632420837879180908e-02
9.850684553384780884e-03
1.968878507614135742e-02
1.037842258810997009e-01
9.147705137729644775e-02
3.072612732648849487e-02
5.536280870437622070e-01
1.098408270627260208e-02
1.747696250677108765e-01
5.059963464736938477e-01
1.502074301242828369e-01
1.564245074987411499e-01
4.836473464965820312e-01
1.369515955448150635e-01
3.483089059591293335e-02
4.283890873193740845e-02
2.419478595256805420e-01
7.115235552191734314e-03
5.008884891867637634e-02
4.844588339328765869e-01
2.281143367290496826e-01
3.589591085910797119e-01
5.506166815757751465e-01
5.181478336453437805e-02
3.167952299118041992e-01
6.968469023704528809e-01
1.523547023534774780e-01
4.594068974256515503e-02
9.932904504239559174e-03
6.174731254577636719e-01
1.067097038030624390e-01
8.045125007629394531e-02
2.642487287521362305e-01
1.254216879606246948e-01
3.449289202690124512e-01
5.034307837486267090e-01
1.423778086900711060e-01
1.065112203359603882e-01
4.172272384166717529e-01
1.907188817858695984e-02
4.799035564064979553e-02
9.021093696355819702e-02
4.760906994342803955e-01
1.083278581500053406e-01
5.547155439853668213e-02
4.321637153625488281e-01
3.179835081100463867e-01
2.172829350456595421e-03
3.846475183963775635e-01
2.642975449562072754e-01
3.302132785320281982e-01
2.361961603164672852e-01
6.157953664660453796e-02
4.228762816637754440e-03
1.907848194241523743e-02
9.746084362268447876e-02
3.639890253543853760e-02
1.916243508458137512e-02
4.204590916633605957e-01
2.099555451422929764e-03
3.746371269226074219e-01
3.192268610000610352e-01
1.142377257347106934e-01
3.684840723872184753e-02
1.992567330598831177e-01
3.559637442231178284e-02
8.527550962753593922e-04
1.271331906318664551e-01
2.043283581733703613e-01
6.826677173376083374e-02
2.856054529547691345e-02
6.049072146415710449e-01
2.820459902286529541e-01
9.017477929592132568e-02
2.887594401836395264e-01
9.263996034860610962e-02
2.558407187461853027e-01
3.456592261791229248e-01
2.216897532343864441e-02
6.570817437022924423e-03
2.347747981548309326e-01
9.192239493131637573e-02
2.696835249662399292e-02
6.412210408598184586e-03
2.628992497920989990e-01
2.633424103260040283e-01
1.666283048689365387e-02
4.234873652458190918e-01
1.245868057012557983e-01
4.511986672878265381e-02
3.936007916927337646e-01
7.195758819580078125e-02
8.699799887835979462e-03
5.801370739936828613e-01
7.864506542682647705e-02
4.392625093460083008e-01
1.062471885234117508e-02
4.074940085411071777e-01
3.183023035526275635e-01
2.745465636253356934e-01
7.775485515594482422e-01
1.046723276376724243e-01
3.780865967273712158e-01
2.426265627145767212e-01
1.101327836513519287e-01
3.829658031463623047e-02
3.282667696475982666e-02
1.150183007121086121e-01
8.331429213285446167e-02
3.336267173290252686e-02
2.447144538164138794e-01
1.759874820709228516e-01
2.063003927469253540e-01
4.350899159908294678e-01
3.734648525714874268e-01
1.349606662988662720e-01
6.675798892974853516e-01
8.167386054992675781e-02
2.734277211129665375e-02
1.369160879403352737e-02
5.765267610549926758e-01
1.688784360885620117e-02
2.127423323690891266e-02
4.078884720802307129e-01
7.319563627243041992e-01
2.295462340116500854e-01
5.413959026336669922e-01
1.570344418287277222e-01
2.804663591086864471e-02
4.326620995998382568e-01
3.015585802495479584e-02
1.863662600517272949e-01
2.358512952923774719e-02
3.376357257366180420e-01
1.441440135240554810e-01
1.693720743060112000e-02
3.520224690437316895e-01
1.900768280029296875e-01
6.617716699838638306e-02
4.376498162746429443e-01
8.064082264900207520e-02
7.382499426603317261e-02
2.172626852989196777e-01
8.789806813001632690e-02
6.180346943438053131e-03
3.468374162912368774e-02
4.963737130165100098e-01
1.860470473766326904e-01
7.422080636024475098e-02
4.094672203063964844e-01
2.831970155239105225e-01
1.948578953742980957e-01
3.101706206798553467e-01
1.844075769186019897e-01
1.800066381692886353e-01
2.083505988121032715e-01
1.729831658303737640e-02
7.958215475082397461e-02
1.550938352011144161e-03
4.925431858282536268e-05
1.899898634292185307e-03
4.242414981126785278e-02
6.437451839447021484e-01
2.026578336954116821e-01
4.784602820873260498e-01
5.817360281944274902e-01
2.382086813449859619e-01
4.925876483321189880e-02
8.527900278568267822e-02
1.305242627859115601e-01
1.311157736927270889e-02
5.611173436045646667e-02
8.851973712444305420e-02
7.281760126352310181e-02
9.794064797461032867e-03
1.397316008806228638e-01
3.797063827514648438e-01
1.043783195200376213e-04
1.150470823049545288e-01
2.253387719392776489e-01
1.888058632612228394e-01
2.838785946369171143e-02
1.143916249275207520e-01
3.807108849287033081e-02
3.671231493353843689e-02
3.170731663703918457e-02
6.845290958881378174e-02
3.461776673793792725e-02
5.527940392494201660e-01
4.954192340373992920e-01
2.315291166305541992e-01
5.385093688964843750e-01
1.812096089124679565e-01
1.574022918939590454e-01
1.914447098970413208e-01
1.117700338363647461e-01
7.769058644771575928e-02
5.720967426896095276e-02
3.860059380531311035e-02
7.464388012886047363e-02
8.358394354581832886e-02
4.186413884162902832e-01
2.434300035238265991e-01
2.565452158451080322e-01
2.528946399688720703e-01
2.841488122940063477e-01
8.202178776264190674e-02
7.285412400960922241e-02
9.930892288684844971e-02
1.338187605142593384e-01
1.743194311857223511e-01
4.462015349417924881e-03
7.548589259386062622e-02
1.231338735669851303e-02
4.238615930080413818e-01
4.704946875572204590e-01
1.953824609518051147e-01
1.309436410665512085e-01
1.536142826080322266e-01
1.812150627374649048e-01
1.540443003177642822e-01
2.032332122325897217e-01
1.598706692457199097e-01
1.044003963470458984e-01
6.317325681447982788e-02
8.564040064811706543e-02
1.018961668014526367e-01
3.219981193542480469e-01
3.827006816864013672e-01
3.056905269622802734e-01
3.314183652400970459e-01
5.415590479969978333e-02
2.566647827625274658e-01
2.733626663684844971e-01
3.511476218700408936e-01
6.351993884891271591e-03
4.037640392780303955e-01
5.839485675096511841e-02
1.284605264663696289e-01
6.377634406089782715e-02
1.492902785539627075e-01
3.666183352470397949e-02
1.512441337108612061e-01
7.663312554359436035e-02
1.594666242599487305e-01
8.844089508056640625e-02
2.420300543308258057e-01
3.942033052444458008e-01
1.606212183833122253e-02
3.777614235877990723e-01
2.315979450941085815e-01
4.578459262847900391e-02
1.317093335092067719e-02
6.786056756973266602e-01
3.884887695312500000e-01
1.402657479047775269e-01
3.403677046298980713e-01
1.741441935300827026e-01
9.006366133689880371e-02
1.947623193264007568e-01
1.853711754083633423e-01
1.727641373872756958e-02
1.270744055509567261e-01
3.339264541864395142e-02
7.165575772523880005e-02
1.591433212161064148e-02
3.836825489997863770e-01
5.263887047767639160e-01
3.736455440521240234e-01
2.115975320339202881e-01
1.050393879413604736e-01
1.148586124181747437e-01
2.578680813312530518e-01
3.797241449356079102e-01
2.893958799540996552e-02
1.751063427946064621e-05
3.130729794502258301e-01
1.160682830959558487e-02
1.116417627781629562e-02
1.696069389581680298e-01
2.942575216293334961e-01
3.877890706062316895e-01
2.402508556842803955e-01
2.079927921295166016e-01
6.474951654672622681e-02
1.453775214031338692e-03
4.104643464088439941e-01
1.031069159507751465e-01
3.874514997005462646e-02
3.789439499378204346e-01
2.527213394641876221e-01
7.504576444625854492e-02
4.132055938243865967e-01
3.581277653574943542e-02
4.005153775215148926e-01
3.956190347671508789e-01
1.433818340301513672e-01
1.120263859629631042e-01
9.173385798931121826e-02
5.090933442115783691e-01
2.518892660737037659e-02
8.951679617166519165e-02
3.544893562793731689e-01
8.982022851705551147e-02
2.829966843128204346e-01
4.562232494354248047e-01
1.015733480453491211e-01
3.826202452182769775e-01
3.145614564418792725e-01
4.640221595764160156e-02
7.842220366001129150e-02
2.843383252620697021e-01
1.189350709319114685e-01
7.302756607532501221e-02
4.217995703220367432e-01
1.311019212007522583e-01
4.474256932735443115e-02
9.630668908357620239e-03
5.510230660438537598e-01
1.527155786752700806e-01
2.234238833189010620e-01
3.566346466541290283e-01
1.579524427652359009e-01
2.453610002994537354e-01
3.404250741004943848e-01
1.417712569236755371e-01
1.085697188973426819e-01
1.126208603382110596e-01
5.220416933298110962e-02
1.656116545200347900e-02
9.253867715597152710e-02
3.030446469783782959e-01
2.468779087066650391e-01
4.419235289096832275e-01
2.311737984418869019e-01
3.033469021320343018e-01
6.894098967313766479e-02
2.028073742985725403e-02
4.391908347606658936e-01
1.070445850491523743e-01
2.099119126796722412e-02
6.249673366546630859e-01
3.135077655315399170e-02
6.973349372856318951e-04
5.319678038358688354e-02
3.064962029457092285e-01
1.901649981737136841e-01
1.393664926290512085e-01
9.284325689077377319e-02
1.428232342004776001e-01
1.464035809040069580e-01
1.956531107425689697e-01
5.054381862282752991e-02
3.023341484367847443e-02
2.663366794586181641e-01
2.280224114656448364e-02
5.990161746740341187e-02
3.561732769012451172e-01
1.647732853889465332e-01
4.381833970546722412e-01
6.709495782852172852e-01
1.650019884109497070e-01
1.496317982673645020e-01
8.740304410457611084e-02
4.924136400222778320e-01
1.225576102733612061e-01
8.695612847805023193e-02
1.725343018770217896e-01
2.341911792755126953e-01
1.352362614125013351e-02
3.565700650215148926e-01
2.077534198760986328e-01
1.488875150680541992e-01
7.952647656202316284e-02
2.827884815633296967e-02
1.277799904346466064e-01
2.250749617815017700e-01
5.333943367004394531e-01
3.594549372792243958e-02
4.886155948042869568e-03
1.278669089078903198e-01
1.009660884737968445e-01
1.405120827257633209e-02
2.278840094804763794e-01
4.106907248497009277e-01
2.608125209808349609e-01
2.869986593723297119e-01
6.949386000633239746e-02
1.603681296110153198e-01
5.833699554204940796e-02
4.023011326789855957e-01
2.792556583881378174e-01
6.580255925655364990e-02
5.970989465713500977e-01
2.517579868435859680e-02
1.752850599586963654e-03
6.871349215507507324e-01
3.314194679260253906e-01
1.967760026454925537e-01
7.463863492012023926e-01
1.793741285800933838e-01
1.152210161089897156e-01
9.357905387878417969e-02
4.124594628810882568e-01
9.306036680936813354e-02
1.599508672952651978e-01
7.462572306394577026e-02
9.158328175544738770e-03
1.315463334321975708e-01
6.131328940391540527e-01
5.921360254287719727e-01
1.958178132772445679e-01
3.951337039470672607e-01
1.027536094188690186e-01
1.741426885128021240e-01
8.500732481479644775e-02
4.418353736400604248e-01
7.802397012710571289e-02
2.592209279537200928e-01
5.284542962908744812e-02
6.732354313135147095e-02
3.233896335586905479e-03
5.266005992889404297e-01
3.810146152973175049e-01
2.774247825145721436e-01
2.578245699405670166e-01
1.493079662322998047e-01
9.871238470077514648e-02
8.535316586494445801e-02
4.717810079455375671e-02
2.471067458391189575e-01
3.675074875354766846e-01
2.911829156801104546e-03
6.483732908964157104e-02
3.579595685005187988e-02
4.752672314643859863e-01
4.030301272869110107e-01
1.883001625537872314e-01
4.113771915435791016e-01
8.425940573215484619e-02
3.064629249274730682e-02
1.772934496402740479e-01
2.541137933731079102e-01
3.184956312179565430e-01
2.875937223434448242e-01
6.180441379547119141e-02
3.106975927948951721e-02
1.165243685245513916e-01
4.217192828655242920e-01
3.699192702770233154e-01
2.957723140716552734e-01
4.810347557067871094e-01
3.969228640198707581e-02
4.824595525860786438e-02
2.597832381725311279e-01
2.269653081893920898e-01
1.192976161837577820e-01
6.646063178777694702e-03
9.105107188224792480e-02
3.889984488487243652e-01
1.041186824440956116e-01
4.140103757381439209e-01
3.195346891880035400e-01
3.864539563655853271e-01
2.803542912006378174e-01
1.927459686994552612e-01
5.820855125784873962e-02
3.735271096229553223e-02
5.559354275465011597e-02
1.328892558813095093e-01
2.025801092386245728e-01
5.699779838323593140e-02
4.826104640960693359e-01
9.812712669372558594e-03
7.706683874130249023e-01
4.859605431556701660e-01
9.738118201494216919e-02
6.222375631332397461e-01
1.577373296022415161e-01
7.005768269300460815e-02
1.185267865657806396e-01
1.863311380147933960e-01
7.801692187786102295e-02
5.108401924371719360e-02
9.371821768581867218e-03
1.399865001440048218e-01
3.069813251495361328e-01
