5.066033452749252319e-03
5.820837020874023438e-01
1.061460822820663452e-01
2.012272626161575317e-01
2.223782474175095558e-03
4.100593030452728271e-01
1.265713721513748169e-01
1.285722665488719940e-02
8.790955878794193268e-03
4.056873917579650879e-01
3.608924895524978638e-02
3.734963014721870422e-02
5.702565982937812805e-02
9.815008379518985748e-03
2.317017018795013428e-01
1.325960904359817505e-01
2.160904370248317719e-02
7.873314432799816132e-03
3.580403923988342285e-01
3.401192426681518555e-01
2.587469480931758881e-02
3.921443712897598743e-04
3.196378797292709351e-02
1.061684358865022659e-02
6.187569350004196167e-02
1.918265409767627716e-02
5.892518907785415649e-03
1.508347690105438232e-03
3.932268023490905762e-01
1.096887281164526939e-03
1.150652859359979630e-02
3.777372241020202637e-01
9.881802834570407867e-03
9.158769389614462852e-04
8.786310791037976742e-04
3.526134490966796875e-01
3.771823272109031677e-02
3.341075964272022247e-03
2.330568386241793633e-03
1.199418056785361841e-05
3.665016964077949524e-03
6.189231872558593750e-01
8.225987851619720459e-02
2.858774678315967321e-04
3.209947049617767334e-01
6.972968578338623047e-02
6.073592230677604675e-03
1.975650666281580925e-03
4.628342986106872559e-01
2.763293124735355377e-02
1.574820578098297119e-01
8.814141037873923779e-04
5.760185886174440384e-03
1.722298562526702881e-02
2.994317412376403809e-01
2.043514400720596313e-01
1.417768769897520542e-03
1.753663420677185059e-01
3.463045880198478699e-02
2.109428495168685913e-02
7.372152991592884064e-03
2.336888313293457031e-01
6.399882584810256958e-02
3.006135486066341400e-02
8.061463944613933563e-03
3.948080819100141525e-03
1.295297523029148579e-03
4.009103178977966309e-01
1.043722331523895264e-01
6.055089645087718964e-03
1.243564207106828690e-02
3.243260085582733154e-02
2.074173465371131897e-02
7.405048236250877380e-03
2.699117921292781830e-02
2.280656807124614716e-02
2.798925712704658508e-02
1.494756340980529785e-02
1.974841058254241943e-01
1.114942599087953568e-02
3.129251599311828613e-01
3.262797743082046509e-02
2.412163652479648590e-02
9.856390766799449921e-03
2.992270588874816895e-01
9.028836502693593502e-04
4.755008558277040720e-04
3.870541155338287354e-01
2.024907469749450684e-01
9.505165740847587585e-03
4.881813947577029467e-04
1.118051446974277496e-02
2.177641959860920906e-03
5.044607520103454590e-01
7.685744017362594604e-02
1.311555504798889160e-03
3.189121186733245850e-02
2.939231395721435547e-01
4.800885543227195740e-02
1.009720936417579651e-02
2.063194960355758667e-01
8.130949735641479492e-02
1.590528897941112518e-02
1.335972221568226814e-03
1.344065763987600803e-03
9.533522650599479675e-03
1.887719780206680298e-01
3.147762417793273926e-01
3.189211711287498474e-02
9.557370096445083618e-03
3.327682316303253174e-01
2.278326302766799927e-01
1.934601962566375732e-01
1.667168736457824707e-01
1.876355335116386414e-02
6.065621227025985718e-02
5.448642000555992126e-02
6.752902176231145859e-03
1.125262212008237839e-02
4.053474664688110352e-01
9.201514720916748047e-02
3.903566300868988037e-02
7.295320741832256317e-03
5.428736805915832520e-01
1.144034639000892639e-01
2.878336235880851746e-02
5.262208357453346252e-02
7.591310888528823853e-02
3.233218938112258911e-02
3.602260490879416466e-03
4.829603247344493866e-03
5.108514335006475449e-03
1.026171594858169556e-01
4.280203208327293396e-02
1.689408160746097565e-02
2.691526524722576141e-02
1.214194372296333313e-01
5.252011120319366455e-02
6.287398748099803925e-03
1.391492318361997604e-02
3.430551588535308838e-01
1.951557956635951996e-02
5.770791321992874146e-03
1.454461133107542992e-03
2.592813596129417419e-02
6.712921261787414551e-01
5.165801569819450378e-02
1.637333333492279053e-01
2.279274538159370422e-02
5.476818084716796875e-01
6.045356392860412598e-02
2.014974132180213928e-02
1.158596575260162354e-02
3.807707130908966064e-01
1.455444842576980591e-01
7.905651727924123406e-05
9.473429992794990540e-03
1.551412791013717651e-02
4.956892728805541992e-01
1.135495156049728394e-01
3.777103498578071594e-02
9.064751677215099335e-03
2.780719101428985596e-01
2.357494235038757324e-01
8.079466409981250763e-03
3.369210753589868546e-03
2.122151553630828857e-01
1.068104729056358337e-01
2.011252380907535553e-02
5.563142895698547363e-01
3.961549997329711914e-01
1.077615767717361450e-01
7.106195390224456787e-02
5.697484128177165985e-03
2.357931584119796753e-01
1.623311787843704224e-01
2.315819412469863892e-01
2.857464365661144257e-03
2.392220050096511841e-01
1.384572386741638184e-01
2.501363754272460938e-01
2.226519212126731873e-02
5.795695781707763672e-01
8.638399653136730194e-03
7.610727101564407349e-02
2.490283362567424774e-02
2.403093315660953522e-02
4.512271378189325333e-03
9.285593777894973755e-02
1.398127642460167408e-03
1.702876761555671692e-03
3.583051729947328568e-03
2.210037037730216980e-02
3.998866677284240723e-02
1.019623689353466034e-02
4.209357202053070068e-01
1.873581670224666595e-03
7.051287889480590820e-01
5.790804326534271240e-02
1.150842988863587379e-03
2.459174096584320068e-01
1.559982169419527054e-02
1.649518148042261600e-03
8.458585944026708603e-04
3.140483200550079346e-01
8.277812041342258453e-03
3.159570274874567986e-03
1.209062291309237480e-03
3.917797207832336426e-01
1.261404715478420258e-03
4.679968953132629395e-01
1.947905570268630981e-01
3.433985263109207153e-02
4.428999423980712891e-01
2.636882960796356201e-01
2.892282232642173767e-02
6.036130338907241821e-02
2.371342927217483521e-01
1.019271761178970337e-01
2.494196891784667969e-01
5.303038656711578369e-02
5.052229166030883789e-01
2.180798724293708801e-02
1.284489482641220093e-01
1.212132945656776428e-01
5.150451883673667908e-02
4.170245025306940079e-03
5.947174876928329468e-02
3.299487009644508362e-02
7.430748664774000645e-04
8.448434993624687195e-03
2.307589724659919739e-02
1.056841015815734863e-02
1.109685283154249191e-03
2.181773930788040161e-01
4.704344610217958689e-04
4.611568152904510498e-01
1.712880432605743408e-01
9.030570834875106812e-02
1.006252598017454147e-02
4.766085743904113770e-01
1.143328100442886353e-02
3.859943896532058716e-02
3.882735967636108398e-01
2.290423586964607239e-02
6.512627750635147095e-02
7.064026314765214920e-03
5.317664742469787598e-01
9.401308372616767883e-03
3.589196801185607910e-01
5.519841983914375305e-02
4.433123022317886353e-02
3.003537468612194061e-02
3.683933615684509277e-02
7.061838358640670776e-02
6.430685520172119141e-03
2.810094356536865234e-01
1.571853160858154297e-01
1.767071895301342010e-02
1.200179010629653931e-02
4.138337075710296631e-01
1.773677207529544830e-02
2.533199191093444824e-01
1.740688085556030273e-01
5.858160555362701416e-02
1.132356654852628708e-02
2.116525024175643921e-01
1.829403191804885864e-01
2.329809814691543579e-01
5.589432120323181152e-01
1.077385321259498596e-01
4.108637198805809021e-02
4.894701763987541199e-03
1.749857664108276367e-01
2.201651036739349365e-02
2.233075499534606934e-01
1.901576817035675049e-01
3.145904839038848877e-02
7.230573147535324097e-02
2.197003662586212158e-01
2.563523948192596436e-01
4.377888515591621399e-02
1.409972645342350006e-02
2.933565899729728699e-02
4.313093423843383789e-02
1.009993813931941986e-02
5.273281335830688477e-01
4.801016766577959061e-03
2.735084891319274902e-01
1.293321698904037476e-01
2.836753427982330322e-02
2.292838133871555328e-02
2.812004387378692627e-01
3.648455068469047546e-02
3.752457350492477417e-02
3.020015172660350800e-02
4.448876976966857910e-01
3.692631423473358154e-02
5.797619465738534927e-03
2.109518498182296753e-01
4.180256277322769165e-03
5.830083489418029785e-01
1.011831909418106079e-01
1.885718479752540588e-02
1.661652233451604843e-03
1.394207626581192017e-01
3.196675330400466919e-02
2.473203651607036591e-02
1.292141079902648926e-01
2.243780195713043213e-01
1.076987385749816895e-01
2.293537399964407086e-04
1.969642788171768188e-01
8.365679532289505005e-03
3.357028067111968994e-01
1.785555034875869751e-01
4.590747505426406860e-02
1.001112069934606552e-02
4.732454717159271240e-01
1.096739917993545532e-01
5.002605170011520386e-02
1.984371803700923920e-03
8.237439393997192383e-02
1.078508943319320679e-01
3.701126575469970703e-02
3.063185513019561768e-01
1.921051368117332458e-02
3.365391120314598083e-02
9.779004752635955811e-02
3.838993236422538757e-02
3.283731639385223389e-03
4.135721176862716675e-02
4.845428839325904846e-02
2.243150211870670319e-02
4.768931493163108826e-02
1.140053868293762207e-01
3.737443313002586365e-02
4.803700000047683716e-02
3.939123749732971191e-01
2.397453412413597107e-02
4.054050445556640625e-01
7.635282725095748901e-02
2.864413708448410034e-02
5.037944316864013672e-01
2.010592669248580933e-01
2.170638144016265869e-01
8.578529581427574158e-03
9.973265230655670166e-02
1.321055293083190918e-01
2.409253455698490143e-02
1.337759289890527725e-02
4.088581502437591553e-01
2.069082260131835938e-01
4.142370223999023438e-01
5.527892708778381348e-02
1.909198123030364513e-03
5.219440460205078125e-01
6.689538806676864624e-02
1.295048277825117111e-02
3.801557468250393867e-03
1.405509710311889648e-01
6.592024117708206177e-02
2.249437943100929260e-02
7.810340262949466705e-03
9.084357321262359619e-02
6.343748420476913452e-02
5.871431827545166016e-01
3.657538443803787231e-02
1.195599958300590515e-01
1.979157477617263794e-01
1.138739287853240967e-01
8.473152667284011841e-02
1.779322139918804169e-02
1.512517929077148438e-01
1.649750322103500366e-01
1.132272407412528992e-01
1.687495782971382141e-02
7.159864902496337891e-01
2.801094353199005127e-01
6.586662530899047852e-01
1.471658945083618164e-01
2.311262041330337524e-01
7.438379526138305664e-02
1.115968376398086548e-01
2.223422378301620483e-01
1.347849424928426743e-02
1.053371373564004898e-02
2.053695172071456909e-02
6.288064178079366684e-03
2.519558370113372803e-02
2.282266616821289062e-01
5.133900046348571777e-01
3.973105847835540771e-01
1.025331616401672363e-01
1.725680679082870483e-01
1.918685808777809143e-02
5.048794150352478027e-01
1.518037170171737671e-01
2.357343444600701332e-03
4.526335895061492920e-01
6.847578287124633789e-02
5.791606009006500244e-02
1.825536892283707857e-04
6.922662258148193359e-02
1.742850989103317261e-01
3.820849657058715820e-01
2.492801286280155182e-02
3.791205212473869324e-02
1.913804374635219574e-02
1.773949898779392242e-02
2.051333039999008179e-01
7.019148766994476318e-02
3.262037634849548340e-01
1.157244294881820679e-01
8.639235980808734894e-03
2.822152338922023773e-02
2.816786170005798340e-01
6.338093876838684082e-01
2.016918510198593140e-01
1.318675577640533447e-01
1.581030189990997314e-01
2.415657276287674904e-03
2.096192240715026855e-01
8.817463368177413940e-02
1.557978522032499313e-02
1.582608819007873535e-01
1.497813612222671509e-01
3.615216165781021118e-02
1.806283742189407349e-01
3.937284946441650391e-01
3.535395860671997070e-01
1.936214417219161987e-01
1.837302148342132568e-01
1.508841365575790405e-01
7.368137594312429428e-03
3.480044603347778320e-01
2.594832777976989746e-01
2.808328531682491302e-02
3.783132508397102356e-02
6.468494981527328491e-02
1.073278710246086121e-01
2.388670109212398529e-02
3.747445344924926758e-01
2.192683964967727661e-01
2.527903914451599121e-01
1.971249580383300781e-01
1.556650102138519287e-01
5.329098785296082497e-04
2.978145182132720947e-01
2.248324826359748840e-02
5.676333233714103699e-02
1.828124374151229858e-02
2.548255920410156250e-01
8.956909296102821827e-04
4.405811056494712830e-02
7.643036246299743652e-01
1.614261716604232788e-01
4.212988615036010742e-01
1.258962005376815796e-01
5.433296784758567810e-02
6.994403898715972900e-02
4.317666590213775635e-01
1.281671375036239624e-01
1.931397430598735809e-02
9.716421365737915039e-03
2.474517561495304108e-02
2.130254209041595459e-01
3.247476369142532349e-02
4.912551641464233398e-01
2.130799293518066406e-01
5.158743262290954590e-01
7.196455448865890503e-02
2.232455909252166748e-01
6.658430397510528564e-02
3.278622329235076904e-01
2.367699295282363892e-01
3.341777250170707703e-02
2.206305973231792450e-03
2.851534485816955566e-01
2.294876575469970703e-01
1.246258709579706192e-02
6.127499341964721680e-01
4.142593443393707275e-01
3.802815675735473633e-01
4.793262109160423279e-02
1.049357950687408447e-01
1.406441628932952881e-02
1.732523925602436066e-02
2.038191771134734154e-03
2.476111403666436672e-04
5.167330801486968994e-02
3.557747404556721449e-04
4.495850205421447754e-02
1.756102195940911770e-03
4.091092050075531006e-01
4.749742746353149414e-01
1.344642136245965958e-02
2.035718038678169250e-02
1.861742697656154633e-02
2.359658107161521912e-02
1.222452223300933838e-01
3.448520787060260773e-03
6.348653882741928101e-02
1.741931214928627014e-02
3.975333645939826965e-02
1.876454800367355347e-02
5.381611362099647522e-02
3.015505075454711914e-01
3.538208305835723877e-01
2.351635247468948364e-01
1.130287200212478638e-01
8.629156649112701416e-02
1.176805607974529266e-02
5.363263189792633057e-02
1.445321738719940186e-02
8.946622721850872040e-03
9.254502132534980774e-03
7.353340089321136475e-02
3.152052313089370728e-02
8.490738458931446075e-03
7.074840366840362549e-02
1.727421134710311890e-01
2.641447484493255615e-01
1.145112663507461548e-01
6.183533743023872375e-02
3.748533874750137329e-02
1.226217001676559448e-01
9.758001193404197693e-03
1.355942711234092712e-02
3.103876661043614149e-04
8.274737745523452759e-02
5.571265518665313721e-02
3.595153987407684326e-02
1.140255481004714966e-01
6.741753220558166504e-01
3.678369522094726562e-01
2.949868701398372650e-02
8.493783324956893921e-02
3.411823185160756111e-03
3.757547237910330296e-04
3.892318159341812134e-02
3.696812689304351807e-02
5.452293902635574341e-03
8.828693535178899765e-04
9.303946048021316528e-02
7.529716473072767258e-03
4.676094055175781250e-01
3.630420565605163574e-01
5.687412619590759277e-01
1.124754548072814941e-03
6.754549592733383179e-02
6.528972834348678589e-02
9.880671277642250061e-04
1.105493754148483276e-01
5.399447400122880936e-03
2.719195932149887085e-02
5.296792834997177124e-02
1.308401487767696381e-02
5.776975885964930058e-04
3.143368959426879883e-01
1.262521594762802124e-01
4.254805147647857666e-01
3.051832318305969238e-02
1.048738732933998108e-01
1.914134249091148376e-02
7.444172166287899017e-03
5.792290717363357544e-02
2.093596570193767548e-02
7.896820083260536194e-03
4.216201975941658020e-02
2.262420020997524261e-02
2.589450916275382042e-03
4.738699197769165039e-01
2.260708063840866089e-01
3.189847171306610107e-01
3.477111458778381348e-02
1.361040621995925903e-01
7.283952832221984863e-02
1.673287339508533478e-02
8.871935307979583740e-02
2.580819278955459595e-02
6.114494428038597107e-02
2.318092063069343567e-02
6.459364085458219051e-04
3.637925488874316216e-03
5.988805890083312988e-01
1.789529472589492798e-01
2.061197608709335327e-01
2.274858206510543823e-01
9.501875191926956177e-02
1.484771221876144409e-01
9.296520054340362549e-02
1.470681726932525635e-01
6.309629231691360474e-02
1.156070828437805176e-02
2.069113077595829964e-03
1.805871911346912384e-02
5.356920883059501648e-02
4.546518027782440186e-01
1.825692504644393921e-01
3.219353854656219482e-01
7.546084374189376831e-02
8.033848553895950317e-02
7.353400439023971558e-02
1.929396763443946838e-03
2.689408697187900543e-02
2.219312824308872223e-02
9.135523810982704163e-03
2.781368792057037354e-02
9.510641545057296753e-02
4.150063544511795044e-02
2.104130983352661133e-01
2.943239808082580566e-01
3.545936346054077148e-01
5.434823036193847656e-02
1.977525651454925537e-01
1.244573108851909637e-02
3.954911604523658752e-02
3.875225037336349487e-02
3.436454385519027710e-02
1.353670954704284668e-01
8.479981124401092529e-02
5.284309014678001404e-02
2.371902391314506531e-02
3.792535960674285889e-01
1.834912449121475220e-01
5.333023667335510254e-01
8.750939369201660156e-02
2.583005279302597046e-02
2.210120856761932373e-01
1.915115863084793091e-01
3.173352405428886414e-02
5.985101312398910522e-02
2.652520537376403809e-01
3.797426074743270874e-02
1.567613519728183746e-02
5.266547203063964844e-02
3.921525925397872925e-02
7.180697917938232422e-01
1.807610839605331421e-01
4.022508561611175537e-01
7.823593914508819580e-03
3.850034475326538086e-01
2.680530399084091187e-02
3.735970705747604370e-03
3.493024269118905067e-03
7.362894713878631592e-02
5.933378636837005615e-02
7.932374253869056702e-03
9.327158331871032715e-03
1.964112222194671631e-01
3.834580779075622559e-01
1.165390908718109131e-01
4.198959171772003174e-01
3.715232014656066895e-03
1.485590450465679169e-02
1.754858344793319702e-02
1.009204797446727753e-02
1.124932989478111267e-01
1.495821750722825527e-03
3.109206072986125946e-02
4.034440591931343079e-02
6.532589322887361050e-04
6.871526241302490234e-01
3.011110983788967133e-02
1.728715896606445312e-01
2.515865266323089600e-01
6.461422145366668701e-02
3.064473345875740051e-02
1.679313480854034424e-01
5.673390254378318787e-02
6.161075551062822342e-03
5.155408978462219238e-01
3.728955984115600586e-02
5.240421369671821594e-02
4.645112529397010803e-02
3.511141538619995117e-01
2.606697380542755127e-01
3.461700975894927979e-01
4.589191675186157227e-01
1.117989718914031982e-01
5.876056477427482605e-02
3.443459272384643555e-01
2.983117289841175079e-02
2.121887505054473877e-01
3.880945220589637756e-02
1.774224080145359039e-02
3.690597834065556526e-03
6.336443126201629639e-02
1.829005777835845947e-01
3.674836754798889160e-01
1.752785295248031616e-01
5.241095423698425293e-01
2.441575229167938232e-01
5.719223618507385254e-02
3.986213803291320801e-01
2.059204131364822388e-02
3.992007672786712646e-02
3.653405979275703430e-02
1.927576959133148193e-01
1.917969621717929840e-02
3.189267590641975403e-03
7.736731171607971191e-01
2.339667975902557373e-01
1.298930943012237549e-01
2.730915546417236328e-01
2.163923904299736023e-02
3.938661143183708191e-02
1.081434488296508789e-01
2.162532657384872437e-01
3.086402639746665955e-02
8.359029889106750488e-02
4.395930096507072449e-03
3.837682679295539856e-02
6.116073951125144958e-02
2.025232017040252686e-01
2.597439661622047424e-02
3.443916738033294678e-01
4.839276373386383057e-01
1.374285817146301270e-01
3.236040472984313965e-02
5.711721181869506836e-01
3.290971368551254272e-02
5.831308290362358093e-02
6.373445689678192139e-02
3.814291656017303467e-01
9.726227074861526489e-02
6.306498544290661812e-04
3.959580361843109131e-01
3.194442391395568848e-01
3.805894777178764343e-02
6.030659675598144531e-01
1.735224388539791107e-02
7.256375998258590698e-02
4.927565157413482666e-01
1.001366376876831055e-01
2.352293021976947784e-02
6.162583013065159321e-04
3.219129145145416260e-01
1.769753731787204742e-02
3.777277469635009766e-02
3.563568741083145142e-02
2.753692567348480225e-01
3.761258721351623535e-01
3.663419485092163086e-01
3.090100176632404327e-02
9.395762346684932709e-03
3.572339713573455811e-01
5.763927474617958069e-03
1.699001193046569824e-01
1.034852210432291031e-02
4.368790611624717712e-02
6.551056355237960815e-02
5.332352221012115479e-02
3.928933143615722656e-01
4.365515112876892090e-01
4.027587175369262695e-01
2.532000541687011719e-01
7.292907685041427612e-02
4.528247117996215820e-01
5.937400832772254944e-02
8.042084053158760071e-03
5.720487679354846478e-04
9.905736148357391357e-02
7.500690966844558716e-02
1.261714939028024673e-02
1.453598379157483578e-03
8.511892557144165039e-01
1.988757848739624023e-01
1.545230448246002197e-01
4.037455469369888306e-02
7.979513704776763916e-02
9.864525496959686279e-02
6.303402036428451538e-02
3.173650428652763367e-02
2.291671931743621826e-03
1.437373608350753784e-01
3.443378210067749023e-02
6.166015751659870148e-03
3.159400820732116699e-02
3.009084761142730713e-01
2.048311233520507812e-01
2.081873863935470581e-01
3.887293636798858643e-01
9.748318791389465332e-02
1.250564027577638626e-02
4.988797008991241455e-02
8.349417150020599365e-02
2.863982878625392914e-02
5.530045032501220703e-01
4.005163013935089111e-01
1.858186721801757812e-02
8.080660551786422729e-02
2.963182330131530762e-01
2.060180529952049255e-02
3.561602830886840820e-01
2.225813865661621094e-01
9.098544716835021973e-02
4.754460975527763367e-02
2.491812407970428467e-01
2.420267313718795776e-01
2.314604446291923523e-02
1.067762151360511780e-01
8.035513758659362793e-02
4.934775456786155701e-02
3.531970549374818802e-03
2.367323786020278931e-01
1.685500741004943848e-01
8.222848176956176758e-03
6.052228808403015137e-02
5.718186497688293457e-02
8.683925867080688477e-02
1.052321791648864746e-01
6.167428195476531982e-02
4.280229099094867706e-03
3.085228204727172852e-01
4.184096306562423706e-02
1.739641651511192322e-02
5.169768631458282471e-02
5.268349647521972656e-01
5.213933587074279785e-01
1.921337246894836426e-01
5.711991786956787109e-01
8.328906446695327759e-02
2.617757208645343781e-02
2.535366714000701904e-01
1.365469396114349365e-01
6.413510069251060486e-03
3.086837194859981537e-02
1.092739216983318329e-02
1.133573129773139954e-01
8.459643460810184479e-03
1.060907617211341858e-01
2.142020612955093384e-01
2.376015996560454369e-03
6.153976917266845703e-01
8.784044533967971802e-02
5.838818848133087158e-02
1.317109763622283936e-01
4.072780907154083252e-02
1.097456179559230804e-02
2.104342915117740631e-02
1.973662078380584717e-01
1.423264667391777039e-02
6.450732797384262085e-02
4.030153751373291016e-01
2.918282151222229004e-01
2.261874964460730553e-03
4.530806541442871094e-01
5.964908003807067871e-02
1.153452172875404358e-01
2.056377530097961426e-01
9.440946578979492188e-02
1.194705255329608917e-02
6.605431437492370605e-02
1.480880677700042725e-01
1.522050499916076660e-01
8.090244606137275696e-03
2.106317132711410522e-01
2.635952532291412354e-01
2.925422787666320801e-01
3.131609857082366943e-01
1.783801913261413574e-01
1.065208949148654938e-02
2.999393641948699951e-01
2.840875089168548584e-02
1.852183192968368530e-01
7.486360520124435425e-02
1.617287695407867432e-01
1.753586903214454651e-02
1.644133590161800385e-02
4.315836429595947266e-01
5.304628610610961914e-01
4.362592101097106934e-01
2.968210875988006592e-01
2.728883624076843262e-01
1.403979491442441940e-03
3.510888665914535522e-02
6.094432622194290161e-02
8.109161630272865295e-03
9.065371006727218628e-03
5.988343432545661926e-02
1.307085156440734863e-02
2.599306404590606689e-02
8.557890355587005615e-02
2.078220807015895844e-02
1.921000182628631592e-01
4.049622416496276855e-01
2.881169132888317108e-02
7.131362706422805786e-02
5.505299568176269531e-01
2.091231197118759155e-02
5.638720467686653137e-03
7.749576568603515625e-01
6.150143966078758240e-02
4.083143919706344604e-02
1.076295785605907440e-02
7.587018609046936035e-01
5.439397096633911133e-01
2.360702753067016602e-01
2.566285729408264160e-01
7.240676134824752808e-02
6.364559754729270935e-03
4.739824235439300537e-01
4.315634444355964661e-02
1.717936364002525806e-03
9.427046775817871094e-02
3.077992796897888184e-01
1.142851915210485458e-02
1.245010877028107643e-03
5.181177854537963867e-01
5.768517851829528809e-01
3.499119877815246582e-01
4.564932882785797119e-01
2.174077779054641724e-01
8.064219355583190918e-02
4.788711965084075928e-01
2.569013833999633789e-01
1.152457669377326965e-02
5.269078165292739868e-02
5.679938569664955139e-02
8.780374191701412201e-03
2.014381438493728638e-01
2.764566838741302490e-01
3.454646170139312744e-01
3.428592085838317871e-01
2.145182341337203979e-01
2.381828278303146362e-01
8.545861393213272095e-02
2.336100190877914429e-01
6.714198738336563110e-02
4.087689518928527832e-02
2.663216553628444672e-03
2.403505146503448486e-02
6.018916517496109009e-02
1.324472576379776001e-02
2.346112728118896484e-01
2.761170864105224609e-01
1.175373196601867676e-01
4.397760927677154541e-01
1.514795869588851929e-01
3.151338994503021240e-01
1.763035506010055542e-01
2.806083559989929199e-01
1.740402579307556152e-01
6.004219176247715950e-04
5.124045908451080322e-02
5.944918841123580933e-02
7.942682132124900818e-03
5.384224653244018555e-01
2.055754512548446655e-01
3.447525501251220703e-01
3.869934380054473877e-01
8.005808293819427490e-02
8.308993279933929443e-02
6.572730094194412231e-02
5.296146869659423828e-02
5.875895917415618896e-02
1.851005852222442627e-02
1.591088324785232544e-01
1.762219890952110291e-02
1.474329451411904301e-06
4.604701399803161621e-01
6.359186172485351562e-01
2.924728989601135254e-01
4.044136404991149902e-01
3.252558782696723938e-02
6.610455363988876343e-02
6.648746784776449203e-03
1.977777183055877686e-01
8.221028745174407959e-02
1.125882472842931747e-02
3.729317784309387207e-01
3.096616864204406738e-01
2.519571036100387573e-02
2.891318798065185547e-01
2.196998447179794312e-01
4.646397233009338379e-01
1.676107347011566162e-01
7.938043773174285889e-02
2.594584599137306213e-02
7.576267421245574951e-02
4.997485782951116562e-03
3.024717606604099274e-02
2.221809141337871552e-02
3.998028114438056946e-03
4.682581871747970581e-03
2.866178192198276520e-02
2.881730496883392334e-01
5.220288783311843872e-02
2.367562204599380493e-01
6.783036589622497559e-01
1.122734844684600830e-01
3.821529075503349304e-02
1.827270388603210449e-01
1.562189757823944092e-01
1.236867997795343399e-02
6.435516476631164551e-02
1.781712099909782410e-02
3.479778766632080078e-02
3.691961988806724548e-02
5.571332573890686035e-01
2.065421082079410553e-02
6.061956286430358887e-02
3.745114207267761230e-01
8.749859780073165894e-02
4.229211807250976562e-02
5.627002939581871033e-02
6.807100772857666016e-02
9.327506646513938904e-03
1.361104566603899002e-02
1.767858117818832397e-02
6.725619733333587646e-02
8.909496478736400604e-03
4.265393614768981934e-01
1.765746027231216431e-01
4.796235635876655579e-02
4.099615216255187988e-01
1.636593341827392578e-01
1.658047437667846680e-01
2.296145632863044739e-02
1.969712227582931519e-01
4.622037336230278015e-02
5.125525873154401779e-03
1.557568609714508057e-01
2.591625601053237915e-02
3.664987534284591675e-02
6.632836461067199707e-01
2.628280222415924072e-01
1.809388548135757446e-01
6.127619743347167969e-01
7.941301912069320679e-02
1.220100820064544678e-01
4.851544275879859924e-02
7.259834557771682739e-02
6.554763019084930420e-02
1.561394706368446350e-02
1.106413081288337708e-02
3.628566488623619080e-02
3.243465721607208252e-02
2.824763357639312744e-01
1.085802912712097168e-02
1.244082376360893250e-01
6.673560142517089844e-01
2.213559001684188843e-01
2.228084579110145569e-02
2.065741717815399170e-01
5.088405683636665344e-02
9.670781902968883514e-03
5.174114555120468140e-02
3.172788023948669434e-02
1.192439347505569458e-01
1.403013803064823151e-02
2.495397627353668213e-01
5.586658716201782227e-01
9.649253636598587036e-02
4.098927676677703857e-01
1.252495944499969482e-01
4.086822643876075745e-02
1.947992714121937752e-04
1.996192783117294312e-01
8.060807362198829651e-03
4.069209396839141846e-01
3.383560106158256531e-02
4.815638530999422073e-03
2.240064553916454315e-03
5.181859731674194336e-01
1.698959916830062866e-01
4.849248826503753662e-01
3.501716852188110352e-01
1.465688049793243408e-01
7.712325453758239746e-02
3.471921756863594055e-02
4.488519132137298584e-01
2.220519632101058960e-02
2.948895692825317383e-01
2.960619144141674042e-02
4.018464684486389160e-02
6.025763577781617641e-04
2.339864969253540039e-01
5.581083297729492188e-01
1.755974604748189449e-03
6.825291365385055542e-02
5.267823114991188049e-02
4.415226727724075317e-02
4.639674350619316101e-02
1.994835585355758667e-01
5.954234860837459564e-03
4.621327971108257771e-04
1.985382405109703541e-04
3.624099865555763245e-02
1.399502434651367366e-05
4.242255091667175293e-01
2.850511074066162109e-01
1.206614151597023010e-01
4.979091286659240723e-01
1.110924631357192993e-01
4.330522567033767700e-02
8.376249670982360840e-02
3.163454532623291016e-01
7.276157289743423462e-02
2.151826769113540649e-02
3.829405009746551514e-01
5.488065071403980255e-03
1.047345623373985291e-02
4.589066803455352783e-01
6.280058622360229492e-01
1.833346486091613770e-01
3.158963024616241455e-01
1.837686598300933838e-01
1.595347970724105835e-01
7.171291112899780273e-02
4.932731091976165771e-01
6.133383512496948242e-02
3.906926140189170837e-03
4.498953223228454590e-01
1.041495800018310547e-02
6.594909820705652237e-03
5.732912421226501465e-01
5.551063418388366699e-01
5.465970039367675781e-01
4.902018308639526367e-01
5.973161756992340088e-02
2.121933922171592712e-02
1.401893980801105499e-02
3.204738497734069824e-01
1.020828336477279663e-01
2.079355297610163689e-03
2.294896095991134644e-01
2.130984812974929810e-01
2.774334326386451721e-02
4.485240578651428223e-01
3.794166445732116699e-01
1.765446215867996216e-01
3.688662052154541016e-01
1.208066940307617188e-01
4.701403528451919556e-02
4.758011549711227417e-02
1.962393075227737427e-01
3.750621527433395386e-02
3.213379383087158203e-01
2.153284549713134766e-01
1.069564446806907654e-01
1.312965992838144302e-03
7.755227684974670410e-01
2.487476542592048645e-02
1.301865093410015106e-03
4.337548017501831055e-01
8.987665176391601562e-02
9.216854721307754517e-02
8.225893834605813026e-04
5.053235292434692383e-01
8.626442402601242065e-02
9.894312359392642975e-03
1.350307613611221313e-01
4.391570389270782471e-02
5.492869764566421509e-03
5.610615611076354980e-01
4.334083795547485352e-01
3.067650645971298218e-02
1.620756387710571289e-01
3.702968358993530273e-02
9.316350519657135010e-02
1.332211643457412720e-01
2.873096466064453125e-01
3.587833419442176819e-02
5.022629350423812866e-02
3.447526395320892334e-01
1.832577586174011230e-02
5.055785924196243286e-02
3.879455327987670898e-01
1.622539162635803223e-01
2.830182202160358429e-02
4.298406243324279785e-01
8.891292661428451538e-02
5.827740207314491272e-02
8.064560592174530029e-02
2.317769080400466919e-01
1.702118963003158569e-01
4.035918042063713074e-03
2.225648164749145508e-01
5.900366976857185364e-02
5.049401428550481796e-03
2.726185619831085205e-01
5.635521411895751953e-01
1.499665826559066772e-01
1.094469428062438965e-01
1.207379847764968872e-01
5.852679535746574402e-02
3.143394738435745239e-02
5.191631317138671875e-01
1.661798357963562012e-01
1.382620912045240402e-02
9.933059662580490112e-02
7.799395173788070679e-02
7.382274488918483257e-04
5.221462249755859375e-01
1.889599710702896118e-01
2.096998691558837891e-01
2.455075532197952271e-01
1.176011096686124802e-02
6.142435222864151001e-02
6.199076771736145020e-02
2.883098423480987549e-01
3.547893092036247253e-02
3.574070334434509277e-02
5.362956598401069641e-02
2.690509557723999023e-01
5.345916002988815308e-02
6.846802830696105957e-01
1.580886095762252808e-01
3.451547026634216309e-01
2.796721458435058594e-01
1.353447884321212769e-01
9.331715106964111328e-02
3.669041022658348083e-02
2.663282305002212524e-02
2.328353226184844971e-01
6.716941297054290771e-02
3.832992911338806152e-01
6.967544090002775192e-03
2.486805990338325500e-02
3.112924396991729736e-01
3.816755712032318115e-01
2.881643772125244141e-01
7.339185476303100586e-01
1.565318107604980469e-01
2.202145382761955261e-02
5.874058231711387634e-02
1.287873983383178711e-01
6.096210703253746033e-02
5.297814309597015381e-02
2.519742399454116821e-02
4.412997886538505554e-02
2.105613499879837036e-01
3.537420630455017090e-01
1.767044812440872192e-01
4.626961052417755127e-01
3.427357673645019531e-01
7.797245681285858154e-02
5.733686685562133789e-02
7.895825058221817017e-02
5.559324026107788086e-01
6.626701354980468750e-02
8.940582722425460815e-02
1.641902700066566467e-02
6.337343901395797729e-02
1.579734310507774353e-02
5.724579691886901855e-01
3.067790567874908447e-01
3.441140651702880859e-01
4.635729491710662842e-01
1.409589201211929321e-01
1.091498732566833496e-01
4.586052894592285156e-02
5.460299178957939148e-02
4.111725836992263794e-02
9.457135945558547974e-02
1.128306798636913300e-02
6.367953866720199585e-02
1.689160056412220001e-02
5.595238208770751953e-01
1.410717610269784927e-02
7.766137272119522095e-02
4.334211349487304688e-02
6.260588020086288452e-02
9.797383099794387817e-02
1.818861253559589386e-02
5.103935003280639648e-01
4.215988144278526306e-02
5.753650888800621033e-02
1.425735354423522949e-01
8.328855037689208984e-02
2.053357064723968506e-01
4.330061674118041992e-01
2.333952933549880981e-01
1.452490985393524170e-01
5.457332730293273926e-01
9.667450189590454102e-02
4.539603367447853088e-02
5.358006805181503296e-02
2.037066519260406494e-01
2.992080338299274445e-02
2.786560170352458954e-02
2.878822013735771179e-02
4.197535514831542969e-01
1.996609196066856384e-02
5.459161996841430664e-01
3.752059340476989746e-01
1.876676082611083984e-01
5.693016052246093750e-01
7.768871635198593140e-02
9.986923635005950928e-02
8.093160390853881836e-02
2.400068938732147217e-01
1.229751389473676682e-02
9.851126000285148621e-03
8.607301861047744751e-04
8.054642379283905029e-02
9.589660912752151489e-04
5.086042881011962891e-01
3.573915362358093262e-01
3.288948237895965576e-01
3.195420503616333008e-01
4.741032421588897705e-02
1.368548870086669922e-01
2.158385813236236572e-01
1.388760507106781006e-01
3.490589559078216553e-02
2.073175609111785889e-01
1.406689081341028214e-02
2.273070514202117920e-01
3.377324342727661133e-02
