5.706636607646942139e-02
1.559969969093799591e-02
7.760674227029085159e-03
7.002819180488586426e-01
7.053618878126144409e-02
1.130678132176399231e-02
4.564734408631920815e-04
2.855975031852722168e-01
1.948790438473224640e-02
2.223526360467076302e-03
1.413546735420823097e-03
3.552992641925811768e-01
1.253772340714931488e-02
2.053643018007278442e-01
6.481210002675652504e-04
4.457114730030298233e-03
1.548265281599014997e-04
7.794566154479980469e-01
4.833289980888366699e-02
2.834387356415390968e-03
1.334719854639843106e-04
2.042740583419799805e-01
2.493250556290149689e-02
1.648183353245258331e-02
1.080766436643898487e-03
5.607976317405700684e-01
6.375648081302642822e-03
9.812757372856140137e-03
2.635450800880789757e-03
7.097162306308746338e-02
2.282095956616103649e-04
9.032612442970275879e-01
1.187958344817161560e-01
1.717131584882736206e-02
1.255418610526248813e-04
7.967615723609924316e-01
1.476812213659286499e-01
2.224775729700922966e-03
5.282413912937045097e-04
4.047537446022033691e-01
6.975387781858444214e-02
1.440232153981924057e-04
1.702830195426940918e-04
1.003011688590049744e-01
2.017177045345306396e-01
7.859098911285400391e-01
1.098236069083213806e-01
2.363556995987892151e-02
8.876512292772531509e-04
4.258493185043334961e-01
3.913640603423118591e-02
9.185919770970940590e-04
2.803544921334832907e-04
2.855258584022521973e-01
1.009743567556142807e-02
3.810120746493339539e-03
3.802253559115342796e-05
1.522102952003479004e-01
2.751390635967254639e-02
6.183757446706295013e-03
4.541854187846183777e-02
3.988989163190126419e-03
2.607124857604503632e-03
1.395814120769500732e-02
1.080956235527992249e-01
9.680544608272612095e-04
2.325874993402976543e-05
1.907735168933868408e-01
1.927938871085643768e-02
9.253951138816773891e-04
7.566831773146986961e-04
4.842095822095870972e-02
4.971493035554885864e-03
1.560361823067069054e-03
6.548728942871093750e-01
1.864743977785110474e-01
2.994983922690153122e-03
6.192712187767028809e-01
1.643646135926246643e-02
2.820829162374138832e-03
2.578378189355134964e-03
1.790511906147003174e-01
1.073545403778553009e-02
2.929336857050657272e-03
5.717891326639801264e-05
2.420743703842163086e-01
1.995241045951843262e-01
4.057590849697589874e-03
8.184639811515808105e-01
3.166689351201057434e-02
4.475379828363656998e-04
4.349970817565917969e-01
2.703986130654811859e-02
6.179887801408767700e-03
1.846669329097494483e-05
4.853554964065551758e-01
3.183053135871887207e-01
1.432659220881760120e-03
1.370992162264883518e-03
4.760241508483886719e-02
1.690550595521926880e-01
1.173704862594604492e-03
5.712434053421020508e-01
2.367812097072601318e-01
1.163778640329837799e-02
7.221557497978210449e-01
3.270230721682310104e-03
2.029021125053986907e-04
3.221557941287755966e-03
2.886418402194976807e-01
7.000237703323364258e-03
8.138005068758502603e-05
6.547674274770542979e-06
8.643989264965057373e-02
6.309823133051395416e-03
3.067971207201480865e-03
7.072600126266479492e-01
1.906118839979171753e-01
4.378058947622776031e-03
4.422029480338096619e-03
3.356370329856872559e-01
4.266924690455198288e-03
1.493893214501440525e-03
2.467061392962932587e-03
1.174131482839584351e-01
2.515904197935014963e-04
4.762052849400788546e-04
6.536696851253509521e-02
2.700540423393249512e-02
9.406827157363295555e-04
8.151418566703796387e-01
5.654757469892501831e-02
6.133333314210176468e-03
2.063588704913854599e-03
3.449731171131134033e-01
2.818507375195622444e-03
2.341667859582230449e-04
5.540068149566650391e-01
1.597036719322204590e-01
7.419883040711283684e-04
9.280761703848838806e-03
2.713574767112731934e-01
8.914689533412456512e-03
4.356019198894500732e-03
8.824155926704406738e-01
7.187223993241786957e-03
7.751610130071640015e-03
1.672823855187743902e-04
3.671378195285797119e-01
2.085966616868972778e-02
3.493623808026313782e-04
4.999328255653381348e-01
3.486832836642861366e-03
2.998197218403220177e-03
9.921641321852803230e-06
2.462633401155471802e-01
1.173446141183376312e-02
1.160903251729905605e-03
6.791414022445678711e-01
9.236208349466323853e-02
1.067494787275791168e-02
4.155807837378233671e-04
5.609934329986572266e-01
1.064064353704452515e-01
6.869766861200332642e-03
2.023047953844070435e-01
1.882833391427993774e-01
1.452082069590687752e-03
2.288405266881454736e-05
8.164831995964050293e-02
2.052287338301539421e-03
3.247373271733522415e-03
6.579984426498413086e-01
2.203981876373291016e-01
5.211611837148666382e-02
6.062944885343313217e-03
3.815034627914428711e-01
3.910878300666809082e-02
1.212880201637744904e-02
2.765842480584979057e-03
3.571419715881347656e-01
1.303795725107192993e-03
1.701353639364242554e-01
7.684578746557235718e-02
2.937927655875682831e-02
8.537556976079940796e-03
6.854555010795593262e-01
3.407864272594451904e-02
4.359692335128784180e-03
3.569743130356073380e-03
2.623658180236816406e-01
4.881678521633148193e-02
1.044712960720062256e-02
3.780584956984966993e-04
3.044419288635253906e-01
2.633651718497276306e-03
1.932655723067000508e-04
2.604697346687316895e-01
1.459736470133066177e-02
1.968530705198645592e-04
5.325262546539306641e-01
1.006004065275192261e-01
5.569581873714923859e-03
1.713031232357025146e-01
5.191805362701416016e-01
1.539015322923660278e-01
2.942465944215655327e-04
1.224887440912425518e-03
2.088983356952667236e-01
2.443517558276653290e-02
1.117129577323794365e-03
9.981495141983032227e-02
1.921211555600166321e-02
7.087547332048416138e-03
5.932133197784423828e-01
1.759054511785507202e-01
1.640506833791732788e-02
6.789829116314649582e-03
7.583692669868469238e-01
1.565054804086685181e-01
5.735405255109071732e-03
3.638642010628245771e-05
2.003961652517318726e-01
2.046913504600524902e-01
5.055861765868030488e-05
