5.424532294273376465e-01
3.764385879039764404e-01
2.655704617500305176e-01
3.813884258270263672e-01
5.179862976074218750e-01
4.121083915233612061e-01
4.359349906444549561e-01
1.218444332480430603e-01
1.864238977432250977e-01
1.989995241165161133e-01
3.958179354667663574e-01
4.550286382436752319e-02
1.374977231025695801e-01
1.828440427780151367e-01
3.058010935783386230e-01
2.571175992488861084e-02
7.699468731880187988e-02
4.043970704078674316e-01
2.360450923442840576e-01
2.093307524919509888e-01
1.837886720895767212e-01
1.658399850130081177e-01
1.349396556615829468e-01
1.019307225942611694e-01
2.493459582328796387e-01
6.076311320066452026e-02
6.767627596855163574e-02
1.045593842864036560e-01
1.129052042961120605e-01
5.215297341346740723e-01
2.589704282581806183e-02
2.863735854625701904e-01
7.186775803565979004e-01
2.844404578208923340e-01
5.230523943901062012e-01
1.068980395793914795e-01
1.496411859989166260e-01
1.965950727462768555e-01
2.436998784542083740e-01
4.776484891772270203e-02
9.877169132232666016e-02
1.228954643011093140e-01
1.835100352764129639e-01
7.501353025436401367e-01
4.201269745826721191e-01
2.404241710901260376e-01
4.553447961807250977e-01
4.914803802967071533e-01
3.187850415706634521e-01
1.506625860929489136e-01
1.677151024341583252e-01
2.598443925380706787e-01
3.689098358154296875e-01
5.998599529266357422e-02
8.874820172786712646e-02
1.327453255653381348e-01
1.217157021164894104e-01
6.614263653755187988e-01
2.405837923288345337e-01
2.367569655179977417e-01
3.334064483642578125e-01
5.979754924774169922e-01
3.864658772945404053e-01
5.013551190495491028e-02
1.269852668046951294e-01
2.014676332473754883e-01
4.239375591278076172e-01
4.632487148046493530e-02
5.014361441135406494e-02
1.164290010929107666e-01
3.271231651306152344e-01
6.218910217285156250e-01
5.472165942192077637e-01
1.225845441222190857e-01
3.911232352256774902e-01
5.725759863853454590e-01
3.633265197277069092e-01
1.271960884332656860e-01
7.529297471046447754e-02
1.751970648765563965e-01
2.026289999485015869e-01
3.952345997095108032e-02
6.262940913438796997e-02
1.501289457082748413e-01
1.965356171131134033e-01
6.894493103027343750e-01
4.227861762046813965e-01
2.239698767662048340e-01
4.480710029602050781e-01
3.729926347732543945e-01
3.779889941215515137e-01
1.636318117380142212e-01
1.854640096426010132e-01
1.043617874383926392e-01
2.093095779418945312e-01
5.834859609603881836e-02
1.098328977823257446e-01
1.309182494878768921e-01
1.159704104065895081e-01
5.899248719215393066e-01
4.823019504547119141e-01
1.679949313402175903e-01
3.576671183109283447e-01
3.683389723300933838e-01
3.870992660522460938e-01
1.395252197980880737e-01
1.861671209335327148e-01
2.201770544052124023e-01
1.356380730867385864e-01
4.565925523638725281e-02
8.215833455324172974e-02
1.447962224483489990e-01
1.608461290597915649e-01
7.233419418334960938e-01
4.629657566547393799e-01
2.280862629413604736e-01
3.232259452342987061e-01
5.863041877746582031e-01
7.821670174598693848e-01
5.154881477355957031e-01
1.345494389533996582e-01
2.040085792541503906e-01
3.408159017562866211e-01
2.479212172329425812e-02
5.294374376535415649e-02
1.312403380870819092e-01
3.018114566802978516e-01
7.303835153579711914e-01
5.092291235923767090e-01
2.908853292465209961e-01
2.995594739913940430e-01
4.057127833366394043e-01
5.080987811088562012e-01
5.294877290725708008e-01
1.020344197750091553e-01
1.412944793701171875e-01
3.227780461311340332e-01
4.703102260828018188e-02
4.151670634746551514e-02
1.765520125627517700e-01
1.355470716953277588e-01
5.756286978721618652e-01
3.439724147319793701e-01
2.856534719467163086e-01
3.421903848648071289e-01
4.739598035812377930e-01
4.054853022098541260e-01
7.027329802513122559e-01
9.807113558053970337e-02
1.510414779186248779e-01
2.895089983940124512e-01
6.210294738411903381e-02
8.936206251382827759e-02
8.143004775047302246e-02
1.783861517906188965e-01
5.530513525009155273e-01
4.102400541305541992e-01
1.980282217264175415e-01
2.883023023605346680e-01
6.648679375648498535e-01
4.587407708168029785e-01
4.237127006053924561e-01
1.316729336977005005e-01
1.675625741481781006e-01
1.860630810260772705e-01
4.303761571645736694e-02
1.045355647802352905e-01
1.240945532917976379e-01
5.571726709604263306e-02
6.672137975692749023e-01
4.607602059841156006e-01
2.566007077693939209e-01
2.377513647079467773e-01
4.373274743556976318e-01
4.809777140617370605e-01
4.615101218223571777e-01
1.294534206390380859e-01
1.635354310274124146e-01
2.834181785583496094e-01
3.556152582168579102e-01
8.240693807601928711e-02
1.756980419158935547e-01
1.621209084987640381e-01
5.101874470710754395e-01
3.369671106338500977e-01
2.289710044860839844e-01
2.433072924613952637e-01
4.005443155765533447e-01
6.172692179679870605e-01
5.123814344406127930e-01
1.091900616884231567e-01
1.559197753667831421e-01
2.607080340385437012e-01
4.139768779277801514e-01
4.454511404037475586e-02
1.554769575595855713e-01
2.043516635894775391e-01
7.132467627525329590e-01
5.289865732192993164e-01
2.072277069091796875e-01
5.153912305831909180e-01
5.969542264938354492e-01
4.982458055019378662e-01
5.888518095016479492e-01
1.026690974831581116e-01
1.718926280736923218e-01
2.362891733646392822e-01
3.823066353797912598e-01
4.850992187857627869e-02
1.026750355958938599e-01
2.428627610206604004e-01
5.739367008209228516e-01
1.514905095100402832e-01
2.765858173370361328e-01
3.716942071914672852e-01
4.664821028709411621e-01
2.856296300888061523e-01
6.381344199180603027e-01
1.466354429721832275e-01
1.750787496566772461e-01
2.664239406585693359e-01
4.146502017974853516e-01
3.746923804283142090e-02
9.318122267723083496e-02
1.254793107509613037e-01
