4.231241345405578613e-02
9.698291309177875519e-03
2.223659539595246315e-03
8.522983193397521973e-01
6.713054329156875610e-02
2.393803186714649200e-02
4.012554563814774156e-05
9.287121891975402832e-01
1.189389377832412720e-01
8.708117529749870300e-03
5.364235490560531616e-02
9.756073951721191406e-01
4.916475415229797363e-01
4.222062826156616211e-01
2.005239129066467285e-01
1.643321360461413860e-03
5.197825841605663300e-03
9.863418340682983398e-01
2.296516299247741699e-02
5.548672750592231750e-03
9.059796138899400830e-05
8.454594016075134277e-01
1.493546366691589355e-01
1.061706244945526123e-02
8.301484049297869205e-04
9.507888555526733398e-01
5.119513869285583496e-01
6.071563810110092163e-03
6.016372442245483398e-01
4.871070757508277893e-02
3.689877048600465059e-04
9.342951178550720215e-01
1.245343089103698730e-01
1.110718678683042526e-02
1.377621811116114259e-04
7.528252005577087402e-01
1.660929322242736816e-01
1.451552193611860275e-02
8.044857531785964966e-03
9.206048250198364258e-01
7.069070339202880859e-01
4.223742187023162842e-01
2.011435329914093018e-01
5.787367746233940125e-02
1.725856913253664970e-03
9.384573698043823242e-01
5.460337549448013306e-02
2.454875502735376358e-03
6.654433091171085835e-04
7.865543365478515625e-01
8.022427558898925781e-02
2.969438210129737854e-02
3.465397516265511513e-03
5.922418236732482910e-01
3.895249366760253906e-01
7.594871520996093750e-01
5.822880193591117859e-03
1.120067834854125977e-01
2.075945027172565460e-03
1.739358645863831043e-03
1.300478577613830566e-01
1.275017298758029938e-02
5.757634993642568588e-03
2.688860986381769180e-04
1.380330473184585571e-01
1.161473710089921951e-02
1.939448848133906722e-04
1.568070426583290100e-02
3.698688745498657227e-02
1.847021467983722687e-02
8.770695887506008148e-03
2.673078887164592743e-02
2.357273735105991364e-02
3.143166890367865562e-03
9.667791128158569336e-01
1.664087735116481781e-02
2.641486935317516327e-03
9.902226924896240234e-01
1.374356262385845184e-02
1.254128199070692062e-02
5.304337013512849808e-03
7.151509523391723633e-01
4.424661993980407715e-01
3.911297321319580078e-01
1.912766098976135254e-01
5.787503905594348907e-03
3.200904233381152153e-03
2.258644439280033112e-03
8.813863396644592285e-01
7.893005758523941040e-02
2.149636391550302505e-03
9.754734039306640625e-01
9.930656850337982178e-02
2.709007589146494865e-03
1.937197521328926086e-03
9.112287163734436035e-01
4.269931912422180176e-01
2.209815680980682373e-01
2.007008194923400879e-01
1.052656397223472595e-02
2.033703029155731201e-02
2.252760110422968864e-03
9.694625735282897949e-01
7.994791865348815918e-02
3.729642927646636963e-02
8.650294542312622070e-01
1.067229434847831726e-01
2.221401035785675049e-02
4.357180092483758926e-03
9.520577192306518555e-01
3.447495102882385254e-01
3.915434330701828003e-02
1.920435875654220581e-01
9.520358592271804810e-02
6.809590384364128113e-03
5.039535153628094122e-06
9.672254920005798340e-01
4.272647202014923096e-02
3.410218050703406334e-04
3.018553834408521652e-04
4.515155404806137085e-02
3.105666954070329666e-03
2.596922684460878372e-03
4.862998612225055695e-03
3.566598892211914062e-02
4.274557903409004211e-02
4.605982918292284012e-03
1.620484739542007446e-01
2.944926731288433075e-03
1.867775426944717765e-04
9.040997624397277832e-01
6.963910162448883057e-02
1.684911362826824188e-02
3.533976152539253235e-03
9.832861423492431641e-01
2.528062090277671814e-03
4.884661640971899033e-03
8.506259322166442871e-01
2.167979478836059570e-01
3.417342603206634521e-01
6.739534903317689896e-03
5.164567381143569946e-02
2.331905625760555267e-02
1.470094684918876737e-05
9.028749465942382812e-01
1.465203315019607544e-01
1.296330895274877548e-02
6.104578496888279915e-04
9.295547604560852051e-01
6.818362325429916382e-02
9.739442728459835052e-03
9.720115065574645996e-01
5.881205797195434570e-01
5.352272987365722656e-01
3.555803000926971436e-01
4.939205944538116455e-02
8.770900778472423553e-03
1.152854645624756813e-03
9.555087089538574219e-01
5.194245651364326477e-02
1.218415237963199615e-02
4.897859413176774979e-03
9.029495120048522949e-01
1.469274014234542847e-01
2.202517818659543991e-03
9.034066200256347656e-01
6.162742972373962402e-01
2.134179770946502686e-01
3.994035422801971436e-01
2.990240976214408875e-02
2.995221002493053675e-04
5.700155161321163177e-04
8.098597526550292969e-01
6.398764252662658691e-02
8.784005185589194298e-04
1.986855786526575685e-04
9.419057369232177734e-01
8.758546411991119385e-02
1.841771043837070465e-02
7.794127613306045532e-02
5.149611458182334900e-02
2.108026444911956787e-01
2.070899680256843567e-02
2.025337964296340942e-01
3.446352784521877766e-04
7.671443163417279720e-04
8.723063468933105469e-01
1.125312522053718567e-01
2.471244428306818008e-03
1.506039639934897423e-03
9.216728210449218750e-01
4.262581095099449158e-02
1.351108215749263763e-02
1.604449353180825710e-04
8.926428556442260742e-01
1.743928156793117523e-02
1.430762112140655518e-01
6.089647300541400909e-03
5.000966601073741913e-03
1.697471452644094825e-05
9.929795265197753906e-01
2.359229326248168945e-02
3.995332121849060059e-02
1.496165787102654576e-04
9.917681217193603516e-01
3.648065775632858276e-02
1.007846789434552193e-03
5.622906610369682312e-03
9.171299934387207031e-01
3.098283410072326660e-01
1.098981010727584362e-03
3.547916933894157410e-02
1.531970780342817307e-02
2.280256012454628944e-04
8.838321566581726074e-01
9.843976795673370361e-02
6.862389389425516129e-03
1.043537165969610214e-03
9.569838047027587891e-01
8.336477726697921753e-02
9.334013797342777252e-03
2.112451620632782578e-04
9.118008613586425781e-01
6.203629970550537109e-01
6.139814108610153198e-02
