1.908314152387902141e-04
4.676449298858642578e-02
6.194159388542175293e-01
8.290809392929077148e-01
2.579749161668587476e-05
8.871842920780181885e-02
9.714043140411376953e-01
9.841278195381164551e-01
2.306396365165710449e-01
1.905140350572764874e-03
2.285996888531371951e-04
7.635942101478576660e-02
4.434273432707414031e-05
1.577928429469466209e-03
5.121406167745590210e-03
8.546516299247741699e-03
1.662944676354527473e-03
6.754499860107898712e-03
6.150116771459579468e-02
7.968759536743164062e-01
5.760682324762456119e-05
1.255445927381515503e-02
1.306728646159172058e-02
9.862405657768249512e-01
1.757067802827805281e-04
1.848107129335403442e-01
3.340143561363220215e-01
4.966424107551574707e-01
1.444123918190598488e-04
1.210603192448616028e-01
9.646468162536621094e-01
9.877579808235168457e-01
4.594295285642147064e-03
6.337229907512664795e-02
3.249652385711669922e-01
9.668366909027099609e-01
2.520837369957007468e-05
2.031606156378984451e-03
5.050567165017127991e-02
7.931931614875793457e-01
1.318712718784809113e-03
5.194533988833427429e-02
9.084535837173461914e-01
1.280408445745706558e-02
9.106712241191416979e-06
1.283134520053863525e-01
2.237363606691360474e-01
1.645597517490386963e-01
4.192679189145565033e-03
3.532447665929794312e-02
4.220532998442649841e-02
6.102306395769119263e-02
2.460023970343172550e-04
1.215763241052627563e-01
4.238400235772132874e-02
6.129689216613769531e-01
2.854480699170380831e-04
9.429885149002075195e-01
4.185179471969604492e-01
1.767975986003875732e-01
1.159678940894082189e-04
1.663733273744583130e-01
9.866204261779785156e-01
9.887239933013916016e-01
6.710249185562133789e-02
1.940180361270904541e-01
9.738364219665527344e-01
3.720273525686934590e-05
1.345165912061929703e-02
6.813100725412368774e-02
6.841232180595397949e-01
1.607137505743594375e-06
9.570908546447753906e-01
4.532300829887390137e-01
4.413092028698883951e-06
1.884914562106132507e-02
8.094123601913452148e-01
9.659345149993896484e-01
3.999636464868672192e-05
8.262740969657897949e-01
5.325017496943473816e-03
1.393859129166230559e-04
7.453659176826477051e-01
1.424326561391353607e-02
4.100683927536010742e-01
1.149008050560951233e-03
8.320059180259704590e-01
9.648885726928710938e-01
1.541088749945629388e-05
8.797904849052429199e-01
9.600351452827453613e-01
8.956924080848693848e-01
1.539519435027614236e-04
5.518221855163574219e-02
9.023222327232360840e-01
9.020396471023559570e-01
1.921983808279037476e-01
9.665720462799072266e-01
9.847832322120666504e-01
1.790591704775579274e-05
8.614591360092163086e-01
7.831622362136840820e-01
9.260848164558410645e-02
2.108940389007329941e-03
7.020053267478942871e-02
8.347268104553222656e-01
5.352109670639038086e-03
9.227546453475952148e-01
7.279183249920606613e-03
6.202728487551212311e-03
4.729116335511207581e-02
8.219332098960876465e-01
2.187310252338647842e-03
2.686579682631418109e-05
9.460560679435729980e-01
7.674692869186401367e-01
9.385856389999389648e-01
2.116094947268720716e-05
1.493725180625915527e-01
9.905623197555541992e-01
