1.942592561244964600e-01
4.086490273475646973e-01
1.945060193538665771e-01
2.956706881523132324e-01
3.868429064750671387e-01
2.580434978008270264e-01
5.361301451921463013e-02
2.943197488784790039e-01
3.459201157093048096e-01
1.074494421482086182e-01
4.244860261678695679e-02
1.449829898774623871e-02
2.382101863622665405e-01
2.062023244798183441e-02
4.902523458003997803e-01
1.564354449510574341e-01
2.588082551956176758e-01
3.806566298007965088e-01
3.812092542648315430e-02
1.243029460310935974e-01
7.030081003904342651e-02
4.073985815048217773e-01
1.857036724686622620e-02
1.822337508201599121e-01
6.841784715652465820e-02
5.172618199139833450e-03
1.630097627639770508e-03
1.965794712305068970e-02
3.123235106468200684e-01
1.342067681252956390e-02
2.826903387904167175e-02
4.944715499877929688e-01
2.755605615675449371e-02
1.160063408315181732e-02
3.324230909347534180e-01
5.461389943957328796e-02
4.178020730614662170e-02
1.360745262354612350e-02
9.662447497248649597e-03
7.867494132369756699e-04
1.354460418224334717e-01
5.557199120521545410e-01
3.890381753444671631e-01
3.261785581707954407e-02
1.952814906835556030e-01
1.833128482103347778e-01
2.634440362453460693e-01
5.053837969899177551e-02
3.395186364650726318e-02
1.252513751387596130e-02
1.470925379544496536e-02
2.260571345686912537e-02
6.379877775907516479e-02
4.307119920849800110e-02
2.454268932342529297e-01
4.074604213237762451e-01
7.682702690362930298e-02
3.190959095954895020e-01
1.309303343296051025e-01
1.921078860759735107e-01
8.345790952444076538e-02
8.990128338336944580e-02
1.486365795135498047e-01
3.925637155771255493e-02
3.968824073672294617e-02
2.823137864470481873e-02
8.474368602037429810e-02
4.408572912216186523e-01
3.645726144313812256e-01
5.081933736801147461e-01
1.704877316951751709e-01
2.645107507705688477e-01
1.120963469147682190e-01
2.635310888290405273e-01
6.656392011791467667e-03
2.954342588782310486e-02
6.460789591073989868e-03
2.360826730728149414e-02
1.942391507327556610e-02
8.225454390048980713e-02
5.253980755805969238e-01
3.376429378986358643e-01
4.182010293006896973e-01
5.466084480285644531e-01
1.139429360628128052e-01
3.682911768555641174e-02
3.581876680254936218e-02
7.144229114055633545e-02
6.780829280614852905e-02
3.162448480725288391e-02
2.320032268762588501e-01
8.960627019405364990e-03
1.012819707393646240e-01
4.243842661380767822e-01
1.662000715732574463e-01
2.235229760408401489e-01
3.212913870811462402e-01
3.333289623260498047e-01
3.975804150104522705e-02
3.744709864258766174e-02
1.619569659233093262e-01
8.284778147935867310e-02
1.989481598138809204e-02
3.218554332852363586e-02
4.334529116749763489e-02
3.232167065143585205e-01
6.189859509468078613e-01
2.617849111557006836e-01
5.134110450744628906e-01
2.281939536333084106e-01
1.205487251281738281e-01
2.292339652776718140e-01
4.294944554567337036e-02
1.300668120384216309e-01
3.528671339154243469e-02
1.032525207847356796e-02
3.560838848352432251e-02
9.053272008895874023e-02
7.631738483905792236e-02
2.658983170986175537e-01
2.165034264326095581e-01
6.362197548151016235e-02
3.059080839157104492e-01
2.235640734434127808e-01
2.317559421062469482e-01
2.481372654438018799e-01
1.932095587253570557e-01
8.698045462369918823e-02
2.450549975037574768e-02
3.530307859182357788e-02
1.762466877698898315e-02
4.665173590183258057e-01
9.111309796571731567e-02
3.882303237915039062e-01
1.130656525492668152e-01
3.629616498947143555e-01
7.610857486724853516e-02
1.242783069610595703e-01
8.185774087905883789e-02
3.313589692115783691e-01
9.750178456306457520e-02
2.004510760307312012e-01
5.071772728115320206e-03
1.265715248882770538e-02
1.194857433438301086e-02
4.376969337463378906e-01
2.488651722669601440e-01
3.262763917446136475e-01
1.819085925817489624e-01
2.334392368793487549e-01
5.299578234553337097e-02
6.533169001340866089e-02
2.384968549013137817e-01
1.429178118705749512e-01
4.259259905666112900e-03
2.061151713132858276e-02
1.190164126455783844e-02
2.306181937456130981e-01
3.291152119636535645e-01
4.866892695426940918e-01
3.843976557254791260e-01
3.045899569988250732e-01
2.646849155426025391e-01
1.878878176212310791e-01
2.614019215106964111e-01
5.104760825634002686e-02
1.466368138790130615e-01
2.045673690736293793e-02
7.323632482439279556e-03
6.075549125671386719e-01
2.817724943161010742e-01
3.792909383773803711e-01
2.580476701259613037e-01
9.722116589546203613e-02
1.495620161294937134e-01
6.490475684404373169e-02
5.106873810291290283e-02
7.035366445779800415e-02
9.383689612150192261e-03
2.092257700860500336e-02
2.830964699387550354e-02
1.107636094093322754e-01
6.920375227928161621e-01
1.537652015686035156e-01
5.755460858345031738e-01
1.727215647697448730e-01
2.012195289134979248e-01
4.304450377821922302e-02
3.323791921138763428e-02
1.985815614461898804e-01
3.238534629344940186e-01
1.451327055692672729e-01
5.917499586939811707e-02
5.675368383526802063e-02
4.986932128667831421e-02
6.949082016944885254e-01
3.558171913027763367e-03
2.781694829463958740e-01
7.053140085190534592e-03
2.007274329662322998e-02
7.104132324457168579e-02
1.031968444585800171e-01
1.657381094992160797e-02
1.892444044351577759e-01
2.513161860406398773e-02
2.057274281978607178e-01
7.455890066921710968e-03
2.121386490762233734e-02
7.121757268905639648e-01
9.300199151039123535e-02
3.610659390687942505e-02
1.233926787972450256e-01
1.206650212407112122e-02
7.009489834308624268e-02
3.010163009166717529e-01
6.315592676401138306e-02
1.566501110792160034e-01
3.348838910460472107e-02
1.139005273580551147e-02
2.145922183990478516e-02
3.961881622672080994e-02
5.749238133430480957e-01
2.026377767324447632e-01
5.516519546508789062e-01
6.380133032798767090e-01
2.791086137294769287e-01
6.519823670387268066e-01
1.163718923926353455e-01
2.305647917091846466e-02
2.694174274802207947e-02
2.604348957538604736e-01
2.941335439682006836e-01
4.396750032901763916e-02
4.554792121052742004e-02
9.466934204101562500e-01
1.981312632560729980e-01
5.208139419555664062e-01
6.104484200477600098e-01
4.654880762100219727e-01
5.378744602203369141e-01
1.542965415865182877e-02
3.305834159255027771e-02
1.060256883502006531e-01
1.517851054668426514e-01
1.955314353108406067e-02
1.848235912621021271e-02
2.646479383111000061e-02
9.350990653038024902e-01
1.369053721427917480e-01
1.127373203635215759e-01
2.299765497446060181e-01
4.788923561573028564e-01
1.227114722132682800e-01
1.254259943962097168e-01
2.490986883640289307e-01
4.259397834539413452e-02
2.015509642660617828e-02
2.384735969826579094e-03
6.347414851188659668e-02
1.674963347613811493e-02
8.200381994247436523e-01
5.295147746801376343e-02
2.338967621326446533e-01
3.174862861633300781e-01
4.550985395908355713e-01
5.338384509086608887e-01
1.512623131275177002e-01
1.080661192536354065e-01
1.212933883070945740e-01
5.606552958488464355e-01
2.328307479619979858e-01
3.197719529271125793e-02
3.779140766710042953e-03
8.666936755180358887e-01
7.164281606674194336e-02
8.545162528753280640e-02
5.004813671112060547e-01
3.671320676803588867e-01
4.772018194198608398e-01
2.887245416641235352e-01
1.465964615345001221e-01
2.459693402051925659e-01
1.716409623622894287e-01
1.710873693227767944e-01
1.501847896724939346e-02
1.987259835004806519e-02
8.339551687240600586e-01
7.639975845813751221e-02
1.309387087821960449e-01
2.610901594161987305e-01
4.234212934970855713e-01
3.753476738929748535e-01
1.551383137702941895e-01
2.709633111953735352e-01
8.338042348623275757e-02
8.774233609437942505e-02
7.472994737327098846e-03
6.215488910675048828e-02
1.470152754336595535e-02
7.890137434005737305e-01
6.894422322511672974e-02
5.791882425546646118e-02
1.282954514026641846e-01
9.759919345378875732e-02
1.092232018709182739e-01
4.372360706329345703e-01
2.466077506542205811e-01
2.336223125457763672e-01
5.943454802036285400e-02
7.163471728563308716e-02
1.071761026978492737e-01
4.323108494281768799e-02
7.988336682319641113e-01
2.008444368839263916e-01
3.441320061683654785e-01
4.553877115249633789e-01
1.900126188993453979e-01
2.307953536510467529e-01
1.496970504522323608e-01
3.269547820091247559e-01
7.711739093065261841e-02
2.911703661084175110e-02
1.020712871104478836e-02
3.427560627460479736e-02
3.810390084981918335e-02
9.932021498680114746e-01
6.394330859184265137e-01
7.110890001058578491e-02
1.572533249855041504e-01
1.036423817276954651e-01
4.402307048439979553e-02
2.237004637718200684e-01
4.654192924499511719e-02
3.376406058669090271e-02
1.097930595278739929e-02
1.926706731319427490e-01
2.113201916217803955e-01
2.567437477409839630e-02
5.964480638504028320e-01
7.670419812202453613e-01
1.304634809494018555e-01
9.203082323074340820e-02
1.935659646987915039e-01
2.925939857959747314e-01
1.067668050527572632e-01
7.539839297533035278e-02
1.490471363067626953e-01
1.762612760066986084e-01
1.556651946157217026e-02
5.434282496571540833e-02
3.179351091384887695e-01
5.277343988418579102e-01
5.674704313278198242e-01
6.131706833839416504e-01
1.659466475248336792e-01
1.069534290581941605e-02
3.120533749461174011e-02
3.965120613574981689e-01
3.002823516726493835e-02
7.959442585706710815e-02
1.138426363468170166e-01
4.110090732574462891e-01
1.110406778752803802e-02
1.393375103361904621e-03
6.655087471008300781e-01
7.462124228477478027e-01
5.911401659250259399e-02
4.425749778747558594e-01
6.969753503799438477e-01
3.856918960809707642e-02
8.921554684638977051e-02
2.788909077644348145e-01
5.603343620896339417e-02
2.869789600372314453e-01
1.266739610582590103e-02
3.382899612188339233e-02
8.847413957118988037e-02
6.817470788955688477e-01
5.100221633911132812e-01
1.606912910938262939e-01
3.165619671344757080e-01
2.256152182817459106e-01
2.719825208187103271e-01
1.446649245917797089e-02
4.956176504492759705e-02
2.246790975332260132e-01
5.725536867976188660e-02
7.077873945236206055e-01
1.727924309670925140e-02
2.953558415174484253e-02
4.080960750579833984e-01
4.688323736190795898e-01
2.550224661827087402e-01
3.162332177162170410e-01
2.362802773714065552e-01
2.882271111011505127e-01
3.003975152969360352e-01
8.407115191221237183e-02
6.553119421005249023e-02
8.505064994096755981e-03
1.360157728195190430e-01
2.869703993201255798e-02
2.854511886835098267e-02
3.926547467708587646e-01
7.541197538375854492e-01
2.062188088893890381e-01
2.622683942317962646e-01
7.491637468338012695e-01
1.718346476554870605e-01
5.370380356907844543e-02
2.143037170171737671e-01
1.395676583051681519e-01
4.722336679697036743e-02
2.961511164903640747e-02
2.601811103522777557e-02
5.606754496693611145e-02
4.793007969856262207e-01
5.294489860534667969e-01
2.204970121383666992e-01
8.800543099641799927e-02
4.444369971752166748e-01
2.354678064584732056e-01
2.498978674411773682e-01
3.811982870101928711e-01
1.910274028778076172e-01
1.710006147623062134e-01
2.665697336196899414e-01
2.238756045699119568e-02
3.736435994505882263e-02
6.399223208427429199e-01
5.827808976173400879e-01
2.574369013309478760e-01
2.522086799144744873e-01
3.438571393489837646e-01
3.468468189239501953e-01
5.649388581514358521e-02
3.689811527729034424e-01
2.194190621376037598e-01
1.187127605080604553e-01
1.115220040082931519e-01
2.788544893264770508e-01
1.670318841934204102e-01
6.960636377334594727e-01
4.730527102947235107e-01
1.164970770478248596e-01
1.031495109200477600e-01
3.901265263557434082e-01
2.762108743190765381e-01
2.983852103352546692e-02
2.425668686628341675e-01
6.969571113586425781e-02
8.237560093402862549e-02
7.424879819154739380e-02
2.049751430749893188e-01
6.497280672192573547e-03
7.491697669029235840e-01
4.674084186553955078e-01
3.093057572841644287e-01
1.003512591123580933e-01
6.225172281265258789e-01
3.557705283164978027e-01
3.865931928157806396e-01
4.341366291046142578e-01
2.324677854776382446e-01
2.921610176563262939e-01
6.011278554797172546e-02
8.943320252001285553e-03
1.549519039690494537e-02
9.495282769203186035e-01
3.979815244674682617e-01
1.445834040641784668e-01
2.457884699106216431e-01
2.352349013090133667e-01
4.483103156089782715e-01
1.811363995075225830e-01
1.061660870909690857e-01
2.662586271762847900e-01
3.510057926177978516e-01
5.883843079209327698e-02
1.438272744417190552e-01
8.229252882301807404e-03
9.304980635643005371e-01
5.969698429107666016e-01
5.866240859031677246e-01
2.200668603181838989e-01
1.121810376644134521e-01
2.221046015620231628e-02
1.379962079226970673e-03
8.436387404799461365e-03
2.548030018806457520e-01
7.952306419610977173e-02
4.657025914639234543e-03
2.224001735448837280e-01
2.301136264577507973e-03
9.901532530784606934e-01
6.570422649383544922e-01
8.173079490661621094e-01
1.689614504575729370e-01
3.056146204471588135e-01
3.935263957828283310e-03
7.498316466808319092e-02
1.136620119214057922e-01
1.209694296121597290e-01
2.604541555047035217e-02
8.143635839223861694e-02
1.800369322299957275e-01
8.791813254356384277e-02
8.360840678215026855e-01
5.821772813796997070e-01
9.339753389358520508e-01
1.461404860019683838e-01
1.490315943956375122e-01
1.669879420660436153e-03
2.217999398708343506e-01
2.442632615566253662e-02
4.091041535139083862e-02
3.291915636509656906e-03
1.498463214375078678e-03
5.056120455265045166e-02
1.109969988465309143e-02
9.748721122741699219e-01
7.953871488571166992e-01
7.584062814712524414e-01
4.438305199146270752e-01
7.401008903980255127e-02
5.124015808105468750e-01
4.600523039698600769e-03
6.298825144767761230e-02
1.004205793142318726e-01
1.938563585281372070e-01
4.751376807689666748e-03
6.010810611769556999e-04
3.295910777524113655e-03
5.520025491714477539e-01
7.623884677886962891e-01
4.946472644805908203e-01
1.728777736425399780e-01
6.150238513946533203e-01
5.670878291130065918e-01
4.490883089601993561e-03
2.443468663841485977e-03
3.474929928779602051e-02
1.079368218779563904e-02
3.927836418151855469e-01
2.044500708580017090e-01
4.078857135027647018e-03
9.930818080902099609e-01
9.110957384109497070e-01
6.093062162399291992e-01
3.365027010440826416e-01
2.774651646614074707e-01
3.046247661113739014e-01
2.092407550662755966e-03
5.188800394535064697e-02
5.150216072797775269e-02
1.432676315307617188e-01
6.964069604873657227e-02
8.230292052030563354e-02
2.131394892930984497e-01
6.431072354316711426e-01
6.195791363716125488e-01
7.079394459724426270e-01
1.105303391814231873e-01
7.068447768688201904e-02
4.992731809616088867e-01
4.608524590730667114e-02
1.484791166149079800e-03
2.126290947198867798e-01
7.446580100804567337e-03
1.884215772151947021e-01
1.457724422216415405e-01
1.328347367234528065e-03
6.103903055191040039e-01
5.471147298812866211e-01
5.732567906379699707e-01
2.760875225067138672e-01
2.368836700916290283e-01
2.650119066238403320e-01
2.311217226088047028e-02
1.533674169331789017e-02
1.724430620670318604e-01
5.840005725622177124e-02
3.483514487743377686e-02
2.316228002309799194e-01
5.553368106484413147e-02
9.782179594039916992e-01
6.452588438987731934e-01
5.889564752578735352e-01
1.712573021650314331e-01
1.444829404354095459e-01
1.807795763015747070e-01
6.133325397968292236e-02
2.433049082756042480e-01
1.359037011861801147e-01
5.610033124685287476e-02
1.484130136668682098e-02
6.335871219635009766e-01
4.054687917232513428e-03
9.997583627700805664e-01
5.734535455703735352e-01
2.891195118427276611e-01
3.148516714572906494e-01
2.386541515588760376e-01
5.278116464614868164e-01
8.068804629147052765e-03
2.084306925535202026e-01
2.191254794597625732e-01
2.665875852108001709e-01
2.309957891702651978e-02
2.020756602287292480e-01
2.511990629136562347e-02
6.482183933258056641e-01
7.975230813026428223e-01
8.128591775894165039e-01
2.297584414482116699e-01
2.962246537208557129e-01
4.423609077930450439e-01
7.634339388459920883e-03
2.552264034748077393e-01
4.021930694580078125e-01
2.722477316856384277e-01
1.815836280584335327e-01
2.009627968072891235e-01
7.653285562992095947e-02
8.664645552635192871e-01
5.970822572708129883e-01
8.284663558006286621e-01
3.298516571521759033e-01
5.267839431762695312e-01
3.960944414138793945e-01
3.904528021812438965e-01
3.059785664081573486e-01
1.287777423858642578e-01
1.184915825724601746e-01
1.964907161891460419e-02
2.328825183212757111e-02
8.854800462722778320e-02
7.716399431228637695e-01
2.538386285305023193e-01
6.382977962493896484e-01
1.853544712066650391e-01
1.357521414756774902e-01
2.201596200466156006e-01
1.904913634061813354e-01
2.740577459335327148e-01
8.596403151750564575e-02
2.781907618045806885e-01
3.443248197436332703e-02
3.076674789190292358e-02
4.545663483440876007e-03
9.365084171295166016e-01
9.851629734039306641e-01
6.756795644760131836e-01
3.351036310195922852e-01
5.124856531620025635e-02
6.759358942508697510e-02
3.356597153469920158e-04
2.065033912658691406e-01
1.138747856020927429e-01
1.363742048852145672e-04
1.286430843174457550e-02
2.897626757621765137e-01
1.879062205553054810e-01
6.271634101867675781e-01
4.246282577514648438e-01
5.528184175491333008e-01
3.682772517204284668e-01
1.680760383605957031e-01
1.493421941995620728e-01
4.553933162242174149e-03
1.332278922200202942e-02
2.184249609708786011e-01
1.537244580686092377e-02
6.859718356281518936e-03
3.933537900447845459e-01
2.133251428604125977e-01
9.421517848968505859e-01
5.180395841598510742e-01
4.148997664451599121e-01
3.534128069877624512e-01
2.417895197868347168e-02
1.841253638267517090e-01
2.093031704425811768e-01
1.812012307345867157e-02
2.226411923766136169e-02
4.118124768137931824e-02
2.105501294136047363e-01
8.723589591681957245e-03
1.896901987493038177e-02
9.781979918479919434e-01
6.946741342544555664e-01
7.970350980758666992e-01
3.892534971237182617e-01
4.470611810684204102e-01
2.286717891693115234e-01
1.961627900600433350e-01
2.630566358566284180e-01
1.823013275861740112e-02
6.177065428346395493e-03
2.680472284555435181e-02
3.065572679042816162e-02
1.258190162479877472e-02
7.169896960258483887e-01
5.648592114448547363e-01
4.116971492767333984e-01
9.890526533126831055e-02
3.365544602274894714e-02
1.434656530618667603e-01
3.701873421669006348e-01
2.761956453323364258e-01
4.078910946846008301e-01
2.430493086576461792e-01
6.090307980775833130e-02
5.345692858099937439e-02
9.494708850979804993e-03
5.227103829383850098e-01
6.699808835983276367e-01
3.907734751701354980e-01
4.540893733501434326e-01
2.181189507246017456e-01
1.668779104948043823e-01
4.356583952903747559e-01
5.109188556671142578e-01
3.128392994403839111e-02
4.647285491228103638e-02
1.218136847019195557e-01
1.150452299043536186e-03
2.339922785758972168e-01
6.598892807960510254e-01
4.286889135837554932e-01
3.116300404071807861e-01
8.574047684669494629e-02
2.827712334692478180e-02
1.786451190710067749e-01
1.115639321506023407e-02
4.553323239088058472e-02
2.055391110479831696e-02
2.432770133018493652e-01
8.022776991128921509e-02
2.026360109448432922e-02
6.777390837669372559e-02
6.088522076606750488e-01
7.385560274124145508e-01
7.924242019653320312e-01
1.300063133239746094e-01
4.485905170440673828e-02
3.235979080200195312e-01
2.091188579797744751e-01
2.807597517967224121e-01
3.528341054916381836e-01
2.332262843847274780e-01
6.616830080747604370e-02
2.621447294950485229e-02
3.119942964985966682e-03
8.332711458206176758e-01
7.044460177421569824e-01
5.264528989791870117e-01
1.498057693243026733e-01
7.621920853853225708e-02
1.283026188611984253e-01
1.386116445064544678e-01
1.303272247314453125e-01
6.239768862724304199e-02
1.486109495162963867e-01
1.569470763206481934e-02
1.131726875901222229e-01
7.594457268714904785e-02
8.115661740303039551e-01
6.049448251724243164e-01
6.998074650764465332e-01
2.804528176784515381e-01
3.015107512474060059e-01
1.189921647310256958e-01
1.189478766173124313e-02
6.775578856468200684e-02
2.273531705141067505e-01
1.967632621526718140e-01
3.033621795475482941e-02
2.743860334157943726e-02
3.621066808700561523e-01
8.544201850891113281e-01
5.030508637428283691e-01
6.171000599861145020e-01
4.108344912528991699e-01
3.897997438907623291e-01
1.924046277999877930e-01
2.363540381193161011e-01
9.679712355136871338e-03
1.242069453001022339e-01
1.319389604032039642e-02
2.499938942492008209e-03
4.123380873352289200e-03
3.522288054227828979e-02
6.249917745590209961e-01
5.833688974380493164e-01
4.724070727825164795e-01
3.398741781711578369e-01
4.796560406684875488e-01
5.059667229652404785e-01
2.122090309858322144e-01
8.414779603481292725e-02
2.216944992542266846e-01
3.166549205780029297e-01
1.668948866426944733e-02
8.571185171604156494e-02
1.382275670766830444e-01
7.865209579467773438e-01
6.657185554504394531e-01
4.991800189018249512e-01
1.143021360039710999e-01
2.653733491897583008e-01
3.558763563632965088e-01
1.100297085940837860e-02
1.583838164806365967e-01
2.567403316497802734e-01
1.323780603706836700e-02
2.038009762763977051e-01
2.876367419958114624e-02
4.350915551185607910e-02
7.467094659805297852e-01
5.714201927185058594e-01
6.292703747749328613e-01
8.262094855308532715e-02
1.400797665119171143e-01
1.020607948303222656e-01
3.957622051239013672e-01
3.864485770463943481e-02
1.269241869449615479e-01
9.364107251167297363e-02
3.261569887399673462e-02
1.677304133772850037e-02
4.517973214387893677e-02
3.946321606636047363e-01
2.751451432704925537e-01
5.940728187561035156e-01
3.611165881156921387e-01
2.726494669914245605e-01
1.485836803913116455e-01
5.477146506309509277e-01
3.039708137512207031e-01
2.284054011106491089e-01
4.123800992965698242e-01
9.834460914134979248e-03
2.508115768432617188e-02
2.143660373985767365e-02
4.645819962024688721e-01
9.488378763198852539e-01
3.202545344829559326e-01
4.027168452739715576e-01
2.344522178173065186e-01
1.190929561853408813e-01
1.243648771196603775e-02
2.109595090150833130e-01
2.346840649843215942e-01
1.099143028259277344e-01
9.215261787176132202e-03
2.511383295059204102e-01
4.050438106060028076e-02
5.100826025009155273e-01
6.928224563598632812e-01
3.503424525260925293e-01
1.517091393470764160e-01
4.408841431140899658e-01
4.622718691825866699e-01
2.634270787239074707e-01
1.467778086662292480e-01
1.147913858294487000e-01
2.660527229309082031e-01
2.120427638292312622e-01
1.304482854902744293e-02
7.875489443540573120e-02
5.346429944038391113e-01
6.622308492660522461e-01
6.339505910873413086e-01
3.055117726325988770e-01
5.041455626487731934e-01
9.633489698171615601e-02
3.429337590932846069e-02
3.336090445518493652e-01
4.506270959973335266e-02
1.017176210880279541e-01
1.085294503718614578e-02
4.780331552028656006e-01
9.160850197076797485e-03
6.787563562393188477e-01
6.260828971862792969e-01
2.183846235275268555e-01
3.691825270652770996e-01
1.379150450229644775e-01
1.027052998542785645e-01
2.197064906358718872e-01
2.418901026248931885e-01
3.666757419705390930e-02
2.921742387115955353e-02
2.005824632942676544e-02
2.265932969748973846e-02
1.608387082815170288e-01
6.708341836929321289e-01
5.507331490516662598e-01
9.446025490760803223e-01
6.944902986288070679e-02
2.895099818706512451e-01
3.637969195842742920e-01
8.730959892272949219e-02
1.787126362323760986e-01
6.767346989363431931e-03
5.803069099783897400e-02
1.690540611743927002e-01
3.372732177376747131e-02
5.895336158573627472e-03
6.056466698646545410e-01
5.348151922225952148e-01
6.504536271095275879e-01
2.255868166685104370e-01
5.523933768272399902e-01
3.584083318710327148e-01
2.513746321201324463e-01
3.955978155136108398e-01
5.813540220260620117e-01
3.294485807418823242e-02
3.184794262051582336e-02
2.309045046567916870e-01
1.320431660860776901e-02
6.155261397361755371e-01
7.700036764144897461e-01
5.996928215026855469e-01
5.764546245336532593e-02
2.028608918190002441e-01
3.041380941867828369e-01
1.475988328456878662e-01
2.351370453834533691e-01
3.729174733161926270e-01
4.306580871343612671e-02
2.576629221439361572e-01
2.393652349710464478e-01
1.201692875474691391e-02
7.503703236579895020e-01
5.528494119644165039e-01
6.818737983703613281e-01
4.103352725505828857e-01
4.945124983787536621e-01
2.446232736110687256e-01
2.131457626819610596e-01
5.431137979030609131e-02
5.619918107986450195e-01
3.055526874959468842e-02
9.164362214505672455e-03
1.705287210643291473e-02
5.927051976323127747e-02
9.474066495895385742e-01
7.515231966972351074e-01
7.409006953239440918e-01
2.389582395553588867e-01
3.478509783744812012e-01
4.268320202827453613e-01
2.847035229206085205e-01
2.393066734075546265e-01
1.457518190145492554e-01
1.334243267774581909e-01
1.721061915159225464e-01
5.993406847119331360e-02
1.936292275786399841e-02
7.138978242874145508e-01
4.285091757774353027e-01
5.063005685806274414e-01
3.626884520053863525e-01
1.570254862308502197e-01
6.712359189987182617e-02
9.594435244798660278e-02
1.357474178075790405e-01
2.047096341848373413e-01
1.898900046944618225e-02
1.306138038635253906e-01
2.530984878540039062e-01
1.549949590116739273e-02
8.118379116058349609e-01
7.004721164703369141e-01
3.876714408397674561e-01
2.493117302656173706e-01
3.080952167510986328e-01
4.666540026664733887e-01
5.425748825073242188e-01
1.397650036960840225e-02
6.767100840806961060e-02
8.944163098931312561e-03
3.968898952007293701e-02
1.557779014110565186e-01
4.114666581153869629e-01
5.957994461059570312e-01
6.796754598617553711e-01
7.302781939506530762e-01
2.630383074283599854e-01
3.590908944606781006e-01
4.444311857223510742e-01
7.686375379562377930e-01
6.222651153802871704e-02
4.559848830103874207e-02
2.043751329183578491e-01
1.523059420287609100e-02
9.550831466913223267e-02
2.273970283567905426e-02
7.730702757835388184e-01
6.232164502143859863e-01
7.345907092094421387e-01
9.097678959369659424e-02
4.885395765304565430e-01
5.970109626650810242e-02
3.187374472618103027e-01
6.247486919164657593e-03
1.914432086050510406e-02
1.290769141633063555e-04
2.384510263800621033e-02
1.807984262704849243e-01
2.437572460621595383e-03
6.044056415557861328e-01
8.270770907402038574e-01
6.361217498779296875e-01
4.664744734764099121e-01
5.218906998634338379e-01
1.317866444587707520e-01
2.563934326171875000e-01
2.417834401130676270e-01
4.073325693607330322e-01
4.231613129377365112e-02
3.089150041341781616e-02
2.145616412162780762e-01
2.113074511289596558e-01
9.381576180458068848e-01
5.525254011154174805e-01
5.507927536964416504e-01
2.236090451478958130e-01
2.924636602401733398e-01
2.958209812641143799e-01
4.121229946613311768e-01
5.542760342359542847e-02
2.335888147354125977e-01
4.410468935966491699e-01
1.397376358509063721e-01
6.072867661714553833e-03
3.726090490818023682e-02
8.184760212898254395e-01
5.505649447441101074e-01
5.995641946792602539e-01
3.692810535430908203e-01
1.540693342685699463e-01
8.320954442024230957e-01
2.904671430587768555e-01
5.673067644238471985e-02
1.411987002938985825e-02
1.742993146181106567e-01
8.084055781364440918e-02
3.773805797100067139e-01
2.186861261725425720e-02
6.553657054901123047e-01
5.668535232543945312e-01
8.485574722290039062e-01
2.746024429798126221e-01
2.994397878646850586e-01
3.843520581722259521e-01
5.237225294113159180e-01
1.171005144715309143e-01
2.435463368892669678e-01
6.730709969997406006e-02
3.299549221992492676e-03
4.837889224290847778e-02
9.158395975828170776e-02
9.335720539093017578e-01
8.864989876747131348e-01
6.225152611732482910e-01
3.612439632415771484e-01
4.412333369255065918e-01
3.985725343227386475e-01
1.821072101593017578e-01
8.169407956302165985e-03
8.793259970843791962e-03
1.707091927528381348e-03
7.571073621511459351e-02
4.873984958976507187e-03
4.584241658449172974e-02
5.168392658233642578e-01
7.367644309997558594e-01
2.719883024692535400e-01
1.730967164039611816e-01
4.525835812091827393e-01
4.035689830780029297e-01
5.519937276840209961e-01
2.190816849470138550e-01
3.474134504795074463e-01
1.961782127618789673e-01
3.698471561074256897e-02
2.125223577022552490e-01
1.861308813095092773e-01
8.038088083267211914e-01
7.549063563346862793e-01
7.009605765342712402e-01
4.339960813522338867e-01
2.270890027284622192e-01
3.391698300838470459e-01
3.943699002265930176e-01
2.166448682546615601e-01
4.086656570434570312e-01
5.737608671188354492e-02
2.361445873975753784e-02
4.333022832870483398e-01
1.716569811105728149e-02
7.642881870269775391e-01
9.599807858467102051e-01
6.244654655456542969e-01
2.599317133426666260e-01
3.561492264270782471e-01
1.913393288850784302e-01
2.975073456764221191e-01
8.043944835662841797e-02
2.709017395973205566e-01
1.187409013509750366e-01
1.484159529209136963e-01
1.351045444607734680e-03
2.944959700107574463e-01
6.287711858749389648e-01
3.851017653942108154e-01
6.023178696632385254e-01
2.183984965085983276e-02
3.203043937683105469e-01
4.355612993240356445e-01
4.397604763507843018e-01
1.066182255744934082e-01
2.232734858989715576e-01
4.404686987400054932e-01
2.282122615724802017e-03
2.144562900066375732e-01
3.855373011901974678e-03
8.029112815856933594e-01
3.509580492973327637e-01
3.071669340133666992e-01
2.516279816627502441e-01
2.205827385187149048e-01
2.823710441589355469e-01
5.633047819137573242e-01
2.018758058547973633e-01
3.158588409423828125e-01
4.885821789503097534e-02
1.177310384809970856e-02
2.451891452074050903e-02
3.098709881305694580e-02
7.567661404609680176e-01
7.101460695266723633e-01
5.394759774208068848e-01
2.120929062366485596e-01
9.042664617300033569e-02
2.134947776794433594e-01
5.410008430480957031e-01
6.319294124841690063e-02
2.458495050668716431e-01
2.675984427332878113e-02
5.659133195877075195e-02
1.559338718652725220e-01
6.891575455665588379e-02
6.913236975669860840e-01
8.205819725990295410e-01
5.368405580520629883e-01
2.820121347904205322e-01
2.506088614463806152e-01
2.339054495096206665e-01
4.096320569515228271e-01
8.667323738336563110e-03
1.035230085253715515e-01
3.589999973773956299e-01
1.175617892295122147e-02
3.978274762630462646e-01
2.739872550591826439e-03
7.640337944030761719e-01
5.607352256774902344e-01
4.880145788192749023e-01
2.220836728811264038e-01
1.924172341823577881e-01
1.523703932762145996e-01
5.087718963623046875e-01
3.061311841011047363e-01
3.066139295697212219e-02
2.496253252029418945e-01
2.206053026020526886e-02
6.870169192552566528e-03
1.926696598529815674e-01
5.975978970527648926e-01
5.978370308876037598e-01
4.455858767032623291e-01
2.113905102014541626e-01
2.122269570827484131e-01
4.279828369617462158e-01
2.559893131256103516e-01
6.581574678421020508e-02
5.910176634788513184e-01
2.360111773014068604e-01
1.022800952196121216e-01
9.454345330595970154e-03
1.730403676629066467e-02
6.936177015304565430e-01
2.293723821640014648e-01
2.390959262847900391e-01
1.532880365848541260e-01
3.210816085338592529e-01
4.761985242366790771e-01
3.089010417461395264e-01
5.126895010471343994e-02
1.062268018722534180e-01
1.814017891883850098e-01
2.035976052284240723e-01
4.296958446502685547e-02
1.882572891190648079e-03
6.466857194900512695e-01
7.475963830947875977e-01
3.680413961410522461e-01
4.110102057456970215e-01
1.384976059198379517e-01
4.719514846801757812e-01
3.260564208030700684e-01
4.977623373270034790e-02
3.806247189640998840e-02
2.208435088396072388e-01
1.541269384324550629e-02
4.092386364936828613e-01
9.220451861619949341e-02
7.385987043380737305e-01
6.628783941268920898e-01
7.639212608337402344e-01
6.253234148025512695e-01
2.884927988052368164e-01
4.196512699127197266e-01
6.938799619674682617e-01
1.385317295789718628e-01
9.557063132524490356e-02
4.363898932933807373e-02
4.031723365187644958e-02
1.103944107890129089e-01
2.376734465360641479e-02
9.107899665832519531e-01
3.947080373764038086e-01
3.846360743045806885e-01
4.859827458858489990e-01
4.258395135402679443e-01
2.694820761680603027e-01
4.485830068588256836e-01
1.754115223884582520e-01
4.821639060974121094e-01
5.090652704238891602e-01
4.687746763229370117e-01
2.078973203897476196e-01
2.968911826610565186e-01
5.826082825660705566e-01
3.822563290596008301e-01
5.735701322555541992e-01
5.311378836631774902e-01
2.609401643276214600e-01
2.948505878448486328e-01
7.621138095855712891e-01
8.516686968505382538e-03
5.577208101749420166e-02
5.986672639846801758e-01
2.517459988594055176e-01
1.953301578760147095e-01
2.027333229780197144e-01
8.663032650947570801e-01
6.257346868515014648e-01
4.991868436336517334e-01
1.299412250518798828e-01
8.455105125904083252e-02
4.783978164196014404e-01
2.577997148036956787e-01
3.835789859294891357e-01
1.985604874789714813e-02
1.271527707576751709e-01
1.266287416219711304e-01
1.755509078502655029e-01
1.108702495694160461e-01
5.742746591567993164e-01
7.712130546569824219e-01
3.146558403968811035e-01
1.109906733036041260e-01
3.284633755683898926e-01
4.242710471153259277e-01
3.286014199256896973e-01
4.277195781469345093e-02
3.987874090671539307e-02
4.395557045936584473e-01
4.831750988960266113e-01
4.952777177095413208e-02
3.075895458459854126e-02
4.923622012138366699e-01
6.015168428421020508e-01
6.089597344398498535e-01
4.135423004627227783e-01
2.919152677059173584e-01
4.247345328330993652e-01
6.133261919021606445e-01
1.358977854251861572e-01
1.834999322891235352e-01
1.870803236961364746e-01
3.525437414646148682e-01
1.097620427608489990e-01
1.799782924354076385e-02
7.197669148445129395e-01
3.583305478096008301e-01
8.195301294326782227e-01
2.952095270156860352e-01
2.113935649394989014e-01
1.418901085853576660e-01
4.429685771465301514e-01
1.489980965852737427e-01
1.250240355730056763e-01
1.247559338808059692e-01
1.236910000443458557e-01
2.106935232877731323e-01
1.468784213066101074e-01
