9.926992654800415039e-01
9.943026304244995117e-01
9.878951311111450195e-01
9.899431467056274414e-01
9.876404404640197754e-01
9.838342070579528809e-01
9.778034687042236328e-01
9.813312888145446777e-01
9.629932641983032227e-01
9.509987235069274902e-01
9.889941215515136719e-01
9.603285193443298340e-01
9.792859554290771484e-01
9.596898555755615234e-01
9.852606654167175293e-01
9.268960356712341309e-01
9.834147691726684570e-01
9.736938476562500000e-01
9.557560682296752930e-01
9.095379114151000977e-01
9.639499783515930176e-01
9.676244258880615234e-01
9.798281192779541016e-01
9.943233728408813477e-01
9.664734601974487305e-01
9.384233951568603516e-01
9.924156665802001953e-01
9.736462831497192383e-01
9.666042327880859375e-01
8.601649999618530273e-01
9.696565866470336914e-01
9.811512231826782227e-01
9.408333897590637207e-01
9.790115356445312500e-01
9.878313541412353516e-01
9.627242088317871094e-01
9.941990375518798828e-01
9.907694458961486816e-01
9.756001830101013184e-01
9.262562990188598633e-01
9.731370210647583008e-01
9.824795126914978027e-01
9.899289608001708984e-01
9.147385358810424805e-01
9.906575083732604980e-01
9.903801679611206055e-01
9.843963980674743652e-01
9.767606258392333984e-01
9.961501955986022949e-01
9.789757728576660156e-01
9.898662567138671875e-01
9.929380416870117188e-01
9.781025648117065430e-01
9.441444873809814453e-01
9.869133234024047852e-01
9.730110168457031250e-01
9.943003058433532715e-01
9.594798088073730469e-01
9.839190244674682617e-01
9.806506037712097168e-01
9.244032502174377441e-01
9.932379722595214844e-01
9.962564110755920410e-01
7.898042201995849609e-01
9.089729785919189453e-01
9.923152923583984375e-01
9.709620475769042969e-01
8.825254440307617188e-01
9.064257740974426270e-01
9.608250260353088379e-01
9.055003523826599121e-01
9.813495874404907227e-01
9.972197413444519043e-01
9.983634948730468750e-01
9.877240657806396484e-01
9.413542747497558594e-01
9.965294003486633301e-01
9.918745160102844238e-01
9.541923999786376953e-01
8.681557178497314453e-01
9.719606041908264160e-01
9.850674271583557129e-01
9.935983419418334961e-01
9.764543771743774414e-01
9.371389746665954590e-01
9.650800228118896484e-01
9.893084168434143066e-01
9.927798509597778320e-01
9.735307097434997559e-01
9.030141830444335938e-01
9.484342932701110840e-01
9.566603302955627441e-01
9.860850572586059570e-01
9.888763427734375000e-01
9.354565739631652832e-01
9.303074479103088379e-01
9.964844584465026855e-01
9.958620071411132812e-01
9.886218905448913574e-01
9.911912083625793457e-01
9.957494139671325684e-01
9.865338206291198730e-01
9.726546406745910645e-01
9.687490463256835938e-01
9.755717515945434570e-01
9.772354960441589355e-01
9.864944219589233398e-01
9.832390546798706055e-01
9.758875966072082520e-01
9.545284509658813477e-01
9.837029576301574707e-01
9.808826446533203125e-01
9.869748950004577637e-01
9.720479249954223633e-01
9.786711335182189941e-01
9.642268419265747070e-01
9.097000360488891602e-01
9.727165699005126953e-01
9.860560894012451172e-01
9.814199209213256836e-01
9.901038408279418945e-01
9.826977252960205078e-01
9.465105533599853516e-01
8.906953334808349609e-01
9.700490236282348633e-01
9.460278749465942383e-01
9.465247988700866699e-01
9.962295293807983398e-01
9.972977638244628906e-01
9.950602054595947266e-01
9.519457817077636719e-01
9.406844377517700195e-01
9.907742738723754883e-01
9.995856881141662598e-01
9.819455742835998535e-01
9.855757951736450195e-01
9.984923601150512695e-01
9.878849983215332031e-01
9.815148711204528809e-01
9.289649724960327148e-01
9.828510880470275879e-01
9.583901762962341309e-01
9.871287941932678223e-01
9.875760078430175781e-01
9.314984083175659180e-01
9.680833816528320312e-01
9.798330664634704590e-01
9.885203838348388672e-01
9.675574302673339844e-01
9.558590650558471680e-01
9.852600097656250000e-01
9.537366628646850586e-01
9.963980317115783691e-01
9.834287762641906738e-01
9.614904522895812988e-01
9.867826700210571289e-01
9.891965985298156738e-01
9.773695468902587891e-01
9.174293279647827148e-01
9.799509048461914062e-01
9.691298007965087891e-01
9.792039990425109863e-01
9.756160378456115723e-01
9.509110450744628906e-01
9.787549376487731934e-01
9.576163291931152344e-01
9.816213846206665039e-01
9.745064973831176758e-01
9.779639840126037598e-01
9.957585334777832031e-01
9.935622215270996094e-01
9.798665046691894531e-01
9.918205142021179199e-01
9.907369613647460938e-01
9.793254137039184570e-01
9.815281629562377930e-01
9.803472757339477539e-01
9.655460119247436523e-01
9.300408959388732910e-01
9.810726642608642578e-01
9.890955090522766113e-01
9.767036437988281250e-01
9.813827872276306152e-01
9.886878728866577148e-01
9.952457547187805176e-01
9.797936081886291504e-01
9.891579151153564453e-01
9.853659272193908691e-01
9.704893827438354492e-01
9.924128055572509766e-01
9.797254204750061035e-01
9.810070991516113281e-01
9.890705347061157227e-01
9.809815883636474609e-01
9.074325561523437500e-01
9.797651171684265137e-01
9.728683233261108398e-01
9.857720732688903809e-01
9.875586628913879395e-01
9.495566487312316895e-01
9.861414432525634766e-01
9.749280810356140137e-01
9.215444922447204590e-01
9.823039770126342773e-01
9.758222103118896484e-01
9.471299648284912109e-01
9.669680595397949219e-01
9.824256300926208496e-01
9.441022872924804688e-01
9.806160926818847656e-01
9.758700728416442871e-01
9.917522668838500977e-01
9.861654043197631836e-01
9.498813152313232422e-01
9.851157665252685547e-01
9.839491844177246094e-01
9.430420398712158203e-01
9.778308272361755371e-01
9.799936413764953613e-01
9.628490209579467773e-01
9.156050682067871094e-01
9.752302169799804688e-01
9.537914991378784180e-01
9.736246466636657715e-01
9.586110115051269531e-01
