9.903849363327026367e-01
9.865736961364746094e-01
9.639710187911987305e-01
9.873077273368835449e-01
9.719053506851196289e-01
9.557508826255798340e-01
9.109973907470703125e-01
9.634417891502380371e-01
8.936848044395446777e-01
8.646762371063232422e-01
9.354802966117858887e-01
9.092668294906616211e-01
8.596547245979309082e-01
8.138043284416198730e-01
8.848658204078674316e-01
8.118205666542053223e-01
8.617669343948364258e-01
9.498980045318603516e-01
9.211090803146362305e-01
8.491857647895812988e-01
8.337463736534118652e-01
9.145059585571289062e-01
9.432650804519653320e-01
9.612753391265869141e-01
8.386644124984741211e-01
8.606256842613220215e-01
9.286142587661743164e-01
8.778690099716186523e-01
8.123650550842285156e-01
8.535685539245605469e-01
7.723742723464965820e-01
9.748216271400451660e-01
9.336502552032470703e-01
9.671502709388732910e-01
9.233151078224182129e-01
9.391031265258789062e-01
9.814817905426025391e-01
9.346696138381958008e-01
8.782101273536682129e-01
8.676721453666687012e-01
9.181845784187316895e-01
9.141241908073425293e-01
8.816524147987365723e-01
9.094346761703491211e-01
9.842178225517272949e-01
9.871676564216613770e-01
9.734111428260803223e-01
9.501953721046447754e-01
9.419955015182495117e-01
9.611493349075317383e-01
9.718552231788635254e-01
9.450665116310119629e-01
8.935725688934326172e-01
8.985957503318786621e-01
9.370331764221191406e-01
9.047576785087585449e-01
9.219301939010620117e-01
9.246389269828796387e-01
8.925108313560485840e-01
8.539285063743591309e-01
8.896148204803466797e-01
9.269365072250366211e-01
8.818560838699340820e-01
7.354094982147216797e-01
8.422165513038635254e-01
9.402344822883605957e-01
8.612521290779113770e-01
7.631581425666809082e-01
8.795094490051269531e-01
8.842469453811645508e-01
8.234865069389343262e-01
9.789063930511474609e-01
9.905394315719604492e-01
9.953346848487854004e-01
9.864251613616943359e-01
9.030357003211975098e-01
9.761101603507995605e-01
9.827122092247009277e-01
9.358934760093688965e-01
8.130324482917785645e-01
7.843676209449768066e-01
9.646741151809692383e-01
9.507907629013061523e-01
8.887928128242492676e-01
8.365262150764465332e-01
9.593326449394226074e-01
9.784088730812072754e-01
9.624846577644348145e-01
9.661700129508972168e-01
8.829067945480346680e-01
8.229331970214843750e-01
9.277176856994628906e-01
9.673954844474792480e-01
9.627243280410766602e-01
8.156003355979919434e-01
8.630892634391784668e-01
9.486923813819885254e-01
9.188332557678222656e-01
8.545144200325012207e-01
9.885026216506958008e-01
9.904602169990539551e-01
9.637634754180908203e-01
9.696411490440368652e-01
9.437591433525085449e-01
9.382323026657104492e-01
9.591612815856933594e-01
9.629517793655395508e-01
9.008172750473022461e-01
8.827186226844787598e-01
9.118050932884216309e-01
9.077363014221191406e-01
8.827698230743408203e-01
8.542619347572326660e-01
9.576674103736877441e-01
9.386840462684631348e-01
9.028981328010559082e-01
9.018970727920532227e-01
9.559285044670104980e-01
9.489570260047912598e-01
9.180490970611572266e-01
9.791177511215209961e-01
9.207450151443481445e-01
8.922696113586425781e-01
7.642772793769836426e-01
8.970747590065002441e-01
8.498680591583251953e-01
8.614383935928344727e-01
9.950484633445739746e-01
9.935186505317687988e-01
9.840465188026428223e-01
9.499760866165161133e-01
9.312057495117187500e-01
9.846100807189941406e-01
9.812334775924682617e-01
9.765673875808715820e-01
9.663020968437194824e-01
9.555796384811401367e-01
9.700841307640075684e-01
8.796889185905456543e-01
8.915793895721435547e-01
9.310855865478515625e-01
9.502557516098022461e-01
9.745518565177917480e-01
9.623122811317443848e-01
9.270414710044860840e-01
9.320937395095825195e-01
9.385294914245605469e-01
8.599338531494140625e-01
9.449715018272399902e-01
8.983440995216369629e-01
8.413288593292236328e-01
8.976525664329528809e-01
9.282959103584289551e-01
8.380947113037109375e-01
8.150743246078491211e-01
9.823626875877380371e-01
9.758386611938476562e-01
9.261962175369262695e-01
9.126003980636596680e-01
9.539475440979003906e-01
9.206144809722900391e-01
9.165291190147399902e-01
9.552967548370361328e-01
8.803035020828247070e-01
9.022272825241088867e-01
9.034708142280578613e-01
8.160341978073120117e-01
8.467383384704589844e-01
8.376035690307617188e-01
9.940057992935180664e-01
9.831947088241577148e-01
9.522087574005126953e-01
9.894894957542419434e-01
9.786213636398315430e-01
9.440413713455200195e-01
9.202777147293090820e-01
9.596179127693176270e-01
8.659716844558715820e-01
8.382582068443298340e-01
9.277084469795227051e-01
9.206808209419250488e-01
8.556362986564636230e-01
8.556794524192810059e-01
9.858727455139160156e-01
9.899962544441223145e-01
9.479058980941772461e-01
9.857080578804016113e-01
9.605287313461303711e-01
9.220770001411437988e-01
9.418767094612121582e-01
9.636954665184020996e-01
9.475342035293579102e-01
9.040681123733520508e-01
8.974568247795104980e-01
8.581334948539733887e-01
8.838549852371215820e-01
8.082277178764343262e-01
9.811826348304748535e-01
9.729911684989929199e-01
8.835731148719787598e-01
9.811115860939025879e-01
9.460347890853881836e-01
8.392145633697509766e-01
9.036789536476135254e-01
9.520393610000610352e-01
8.669982552528381348e-01
8.893596529960632324e-01
8.467109203338623047e-01
8.707029223442077637e-01
8.772115707397460938e-01
7.972630858421325684e-01
9.886074662208557129e-01
9.673025012016296387e-01
8.842733502388000488e-01
9.818848967552185059e-01
9.698865413665771484e-01
8.717997074127197266e-01
8.918399214744567871e-01
9.596030116081237793e-01
9.059792757034301758e-01
8.203902244567871094e-01
8.846341371536254883e-01
8.923910260200500488e-01
8.426493406295776367e-01
8.553244471549987793e-01
