2.129021790415908388e-01
2.297536776436922556e-01
1.312819664586081236e-01
2.330154833650270318e-01
3.014518303053381754e-01
8.966965972257849582e-02
1.461120794858568606e-01
2.506801730039744380e-01
1.953400942472329205e-01
1.832799013668241495e-01
1.526660062372684479e-01
1.421969279539413156e-01
2.223036491732972852e-01
3.544289269842780810e-01
1.866365250898525119e-01
2.793052082236569533e-01
4.159289213398901230e-01
1.384563497715414759e-01
2.295101478677959439e-01
2.387948415260045532e-01
3.904508086270652711e-01
3.411770641732101428e-01
1.901016261142033925e-01
3.113960067813212884e-01
2.486391305439890620e-01
2.411823261242646566e-01
4.160379300323816532e-01
2.422466393237790172e-01
4.875926265063194043e-01
1.856089690341972409e-01
3.235530224270545263e-01
3.154233779059723020e-01
4.416448028328326947e-01
3.811909299200543777e-01
3.595623202048815470e-01
3.699264757048625341e-01
4.359648144589020613e-01
1.236149637076708191e-01
2.484688270980348890e-01
2.204570092099647216e-01
3.122819820777155142e-01
2.042224643966899511e-01
2.474115441481654354e-01
2.728820476376523363e-01
3.727726591750979424e-01
2.175253709025967708e-01
2.395551321096718311e-01
2.374281168270569453e-01
2.854822831085094825e-01
4.433020003713094015e-01
1.710434389175274073e-01
3.183569274842739105e-01
3.407327839388297197e-01
3.673380760189432492e-01
3.908257454347152104e-01
3.015517138746173220e-01
3.873693508884081260e-01
3.398168358521965748e-01
3.614915586793078783e-01
2.994394696031052461e-01
2.144238367999115880e-01
5.115092898933932819e-01
3.570047413500455624e-01
3.667357542480413901e-01
2.574174464680254459e-01
3.866572390867916709e-01
2.904145141633657223e-01
2.986163799650967121e-01
3.266205028272591848e-01
4.253141872513179766e-01
4.092605680657120937e-01
3.224021950120983804e-01
3.642752356827259064e-01
3.479658590199855572e-01
4.037328345898109072e-01
1.654286382254213095e-01
1.950565225516374401e-01
2.872169918219487084e-01
2.784882864843194472e-01
2.749671808515603555e-01
3.029770242193570717e-01
2.675239642580541366e-01
3.802612377330660820e-01
2.806199811703453673e-01
2.670883570009699448e-01
2.331913360752738418e-01
2.861109053572782890e-01
3.570607479016941199e-01
2.940636419762785447e-01
2.535815733270003203e-01
3.453014792265513555e-01
2.784421043918253180e-01
3.105250113428785208e-01
3.474247434709328841e-01
3.451936068729712370e-01
4.063554895110428333e-01
3.936663138178678745e-01
4.387716289896231303e-01
4.834702473420363078e-01
3.888747399816146477e-01
3.138819982906660422e-01
