1.421321940142661333e-04
9.914752244949340820e-01
5.808035135269165039e-01
4.134268462657928467e-01
1.018645614385604858e-01
9.648575186729431152e-01
8.702733516693115234e-01
7.672294378280639648e-01
4.849025011062622070e-01
9.289169907569885254e-01
9.366794228553771973e-01
7.835982441902160645e-01
9.491935968399047852e-01
1.486883502366254106e-05
8.065704107284545898e-01
3.856252133846282959e-01
8.544477075338363647e-02
2.136525139212608337e-02
5.962174534797668457e-01
3.889354467391967773e-01
2.090061753988265991e-01
2.882356047630310059e-01
5.238019824028015137e-01
3.477868437767028809e-01
1.521653831005096436e-01
7.370343804359436035e-01
1.405558265332729206e-07
1.793161885643712594e-07
9.883726239204406738e-01
9.000293794088065624e-04
7.611574255861341953e-04
9.827761650085449219e-01
6.633979082107543945e-01
5.229914784431457520e-01
4.118750393390655518e-01
9.541953206062316895e-01
9.385334253311157227e-01
7.601084113121032715e-01
8.648701310157775879e-01
6.597657531415279664e-09
1.735094338073395193e-05
9.936043620109558105e-01
6.343772634863853455e-03
2.834113547578454018e-04
9.758660197257995605e-01
3.040256164968013763e-02
2.680974313989281654e-03
1.968909520655870438e-03
9.559950828552246094e-01
9.691508412361145020e-01
9.721814990043640137e-01
9.682208299636840820e-01
9.164854418486356735e-05
2.845244466698204633e-07
9.924708604812622070e-01
2.744953334331512451e-01
8.023319393396377563e-02
9.773449301719665527e-01
7.425165772438049316e-01
6.113898158073425293e-01
3.829281330108642578e-01
9.479260444641113281e-01
9.793431758880615234e-01
9.304000735282897949e-01
9.637994766235351562e-01
1.596588117536157370e-04
6.214658787939697504e-05
4.078136086463928223e-01
3.485211730003356934e-01
3.489258289337158203e-01
1.381328999996185303e-01
2.346614599227905273e-01
4.516038894653320312e-01
3.964844048023223877e-01
6.211753934621810913e-04
5.794848129153251648e-02
1.705282032489776611e-01
5.620406866073608398e-01
6.271817983360961080e-05
2.677850352483801544e-05
6.783793568611145020e-01
1.145185232162475586e-01
4.950701445341110229e-02
1.211150549352169037e-02
9.417760372161865234e-01
3.198854997754096985e-02
2.921786904335021973e-02
9.276162981986999512e-01
7.632737159729003906e-01
4.647228419780731201e-01
6.955052167177200317e-02
3.018771394636132754e-06
7.765615350763255265e-07
9.977355003356933594e-01
7.345118559896945953e-03
1.894672604976221919e-04
1.241058953382889740e-06
9.904849529266357422e-01
6.149018183350563049e-03
1.861486111920385156e-07
9.741986989974975586e-01
9.724720120429992676e-01
9.757995009422302246e-01
9.536530971527099609e-01
6.104250496719032526e-05
2.703764403122477233e-05
9.455038905143737793e-01
6.012393161654472351e-02
9.335806593298912048e-03
1.520783524028956890e-03
9.728006720542907715e-01
4.197086989879608154e-01
3.362346589565277100e-01
9.737698435783386230e-01
9.806504249572753906e-01
9.441560506820678711e-01
8.320110440254211426e-01
5.012068431824445724e-04
3.127831732854247093e-04
8.146370649337768555e-01
4.146752059459686279e-01
1.875694245100021362e-01
1.522274017333984375e-01
3.498710393905639648e-01
1.602692604064941406e-01
1.397103816270828247e-01
3.038197755813598633e-01
1.328134238719940186e-01
3.206535875797271729e-01
6.254559755325317383e-01
1.943646930158138275e-04
1.887436956167221069e-04
8.411166667938232422e-01
4.405794441699981689e-01
8.358785510063171387e-02
1.291078776121139526e-01
2.113360315561294556e-01
6.805145740509033203e-02
3.715418651700019836e-02
2.382631152868270874e-01
1.435819417238235474e-01
2.160002663731575012e-02
1.484678089618682861e-01
2.347567060496658087e-04
1.766096102073788643e-04
9.192926287651062012e-01
3.927153348922729492e-01
1.012935787439346313e-01
5.935899168252944946e-02
8.442543745040893555e-01
8.304821252822875977e-01
6.383674740791320801e-01
3.593508303165435791e-01
4.680873453617095947e-01
4.643261432647705078e-01
2.640802562236785889e-01
2.664925123099237680e-04
1.253205991815775633e-04
9.310539364814758301e-01
5.857124924659729004e-01
3.584521114826202393e-01
8.307421952486038208e-02
9.103171229362487793e-01
8.763446807861328125e-01
7.453121542930603027e-01
6.296303868293762207e-01
6.133783459663391113e-01
4.284670650959014893e-01
2.228385657072067261e-01
9.131412953138351440e-02
9.869074821472167969e-01
8.345941305160522461e-01
7.738396525382995605e-01
5.677242279052734375e-01
9.325848817825317383e-01
9.014317989349365234e-01
7.522164583206176758e-01
4.443555474281311035e-01
8.898072242736816406e-01
7.614244818687438965e-01
5.990186929702758789e-01
9.546332359313964844e-01
5.362713336944580078e-02
3.689429722726345062e-04
7.079002261161804199e-02
1.988062709569931030e-01
2.464325278997421265e-01
5.501896339410450310e-06
6.454073358327150345e-03
2.051412127912044525e-02
1.088544577360153198e-01
2.095540821756003425e-06
4.756342968903481960e-04
1.032396568916738033e-03
1.538930367678403854e-02
2.494744770228862762e-02
4.092733797733671963e-05
9.965642094612121582e-01
2.460242947563529015e-03
3.111325902864336967e-03
9.862226247787475586e-01
9.536085724830627441e-01
8.763979077339172363e-01
7.805680632591247559e-01
9.131047725677490234e-01
8.626958131790161133e-01
7.802426815032958984e-01
9.311156868934631348e-01
3.393298089504241943e-01
1.632452585909049958e-05
9.686048626899719238e-01
7.321029901504516602e-01
8.522933349013328552e-04
9.244011044502258301e-01
9.124463200569152832e-01
7.918924093246459961e-01
3.381690680980682373e-01
8.794552683830261230e-01
1.237909421324729919e-01
2.768005132675170898e-01
7.417705655097961426e-01
9.248090386390686035e-01
5.504048895090818405e-04
1.413201689720153809e-01
3.673748075962066650e-01
1.571532189846038818e-01
7.660911232233047485e-02
4.561332166194915771e-01
3.530082106590270996e-01
3.882201910018920898e-01
1.972743775695562363e-04
5.025666207075119019e-02
1.787619143724441528e-01
6.478114724159240723e-01
1.343327909708023071e-01
4.420745972311124206e-05
9.866173863410949707e-01
6.404945254325866699e-02
1.814775355160236359e-02
1.156563404947519302e-03
9.773811697959899902e-01
3.802862018346786499e-03
2.530138473957777023e-03
9.656224250793457031e-01
9.222863912582397461e-01
3.510020375251770020e-01
1.821464598178863525e-01
3.159873783588409424e-01
2.720654301811009645e-04
9.611861705780029297e-01
2.802935242652893066e-01
1.071330532431602478e-01
2.091774158179759979e-02
9.789089560508728027e-01
6.367616653442382812e-01
1.838173135183751583e-03
9.686146378517150879e-01
9.775775671005249023e-01
8.154973387718200684e-01
2.034609019756317139e-01
3.677944093942642212e-02
1.337804951617727056e-05
9.935939908027648926e-01
6.351813673973083496e-02
7.800060324370861053e-03
7.658907270524650812e-05
9.836769104003906250e-01
2.427968680858612061e-01
2.100274264812469482e-01
9.615634679794311523e-01
9.809086322784423828e-01
9.767245650291442871e-01
8.296957015991210938e-01
9.961030483245849609e-01
4.250650090398266912e-05
6.666972488164901733e-02
2.185221016407012939e-02
5.093814805150032043e-03
8.164659142494201660e-03
1.627198047935962677e-02
7.768735755234956741e-03
8.161251433193683624e-03
2.505587413907051086e-02
1.145086251199245453e-03
2.545318799093365669e-03
2.182590588927268982e-02
3.511511683464050293e-01
2.791232662275433540e-03
9.647974371910095215e-01
9.340056180953979492e-01
6.219039559364318848e-01
6.366530060768127441e-01
6.777281761169433594e-01
5.220719575881958008e-01
2.175540328025817871e-01
6.431940197944641113e-01
5.859767794609069824e-01
4.033813476562500000e-01
8.647363185882568359e-01
4.836711566895246506e-03
2.742477408901322633e-05
9.945917725563049316e-01
1.056516319513320923e-01
1.891894787549972534e-01
3.147487714886665344e-02
9.839456677436828613e-01
4.422306716442108154e-01
6.344614624977111816e-01
4.094803631305694580e-01
9.497568011283874512e-01
9.687839746475219727e-01
2.645402848720550537e-01
3.687220066785812378e-02
5.086627206765115261e-04
9.940803647041320801e-01
4.965215325355529785e-01
6.321687698364257812e-01
1.516645550727844238e-01
9.739757776260375977e-01
6.549275517463684082e-01
7.580912113189697266e-01
5.294003486633300781e-01
9.457333087921142578e-01
9.463991522789001465e-01
8.639076352119445801e-01
9.333373904228210449e-01
6.672353148460388184e-01
4.750331342220306396e-01
7.487362623214721680e-01
7.321816682815551758e-01
2.368222340010106564e-04
1.825686991214752197e-01
3.441315293312072754e-01
4.359880983829498291e-01
3.206774636055342853e-05
1.722843758761882782e-02
4.021578654646873474e-02
1.607798933982849121e-01
8.211407661437988281e-01
3.003352582454681396e-01
8.164184093475341797e-01
7.004822045564651489e-02
9.922849386930465698e-02
8.886156678199768066e-01
7.961391210556030273e-01
6.762409210205078125e-01
3.057702481746673584e-01
8.531455397605895996e-01
8.773785829544067383e-01
1.163558214902877808e-01
7.613992691040039062e-01
5.792871713638305664e-01
5.195406824350357056e-02
9.772418737411499023e-01
7.203423976898193359e-01
4.493210464715957642e-03
9.711970090866088867e-01
9.337853193283081055e-01
8.447824716567993164e-01
4.995691478252410889e-01
9.476357698440551758e-01
6.699737310409545898e-01
7.369627952575683594e-01
9.224281311035156250e-01
1.353568136692047119e-01
1.666964776813983917e-02
9.926566481590270996e-01
4.898342788219451904e-01
9.591072797775268555e-02
9.657284021377563477e-01
8.317995667457580566e-01
6.694564223289489746e-01
3.083211183547973633e-01
9.342978000640869141e-01
9.315439462661743164e-01
8.580331802368164062e-01
9.669046401977539062e-01
8.377124071121215820e-01
8.725705146789550781e-01
3.684238791465759277e-01
5.478346943855285645e-01
8.129590153694152832e-01
2.605573534965515137e-01
6.552552431821823120e-02
1.731513589620590210e-01
8.193669915199279785e-01
1.330101629719138145e-03
8.134000003337860107e-02
4.883717000484466553e-01
8.914055228233337402e-01
2.614216804504394531e-01
1.191230937838554382e-01
9.337924718856811523e-01
2.719555497169494629e-01
2.310255765914916992e-01
8.502566814422607422e-02
9.840548038482666016e-01
1.504619866609573364e-01
6.826632469892501831e-02
9.678409099578857422e-01
9.214267730712890625e-01
4.170015454292297363e-01
7.443735003471374512e-02
2.538749873638153076e-01
7.279227953404188156e-03
9.805127382278442383e-01
1.471081972122192383e-01
2.635146491229534149e-02
2.161544747650623322e-03
9.830281138420104980e-01
1.786293834447860718e-02
1.136990147642791271e-03
9.667270779609680176e-01
9.768617153167724609e-01
9.781152009963989258e-01
8.839809298515319824e-01
9.507998824119567871e-02
2.579189836978912354e-02
9.861199855804443359e-01
2.410680353641510010e-01
1.006800010800361633e-01
3.181520476937294006e-02
9.818322658538818359e-01
5.456798076629638672e-01
5.593440532684326172e-01
9.615984559059143066e-01
9.795523881912231445e-01
9.718377590179443359e-01
8.067967891693115234e-01
8.995261788368225098e-01
8.429912328720092773e-01
4.670583605766296387e-01
4.840447604656219482e-01
5.669912099838256836e-01
1.829755008220672607e-01
1.447920352220535278e-01
4.186809062957763672e-02
7.117839902639389038e-02
4.900512099266052246e-01
1.342921853065490723e-01
1.039461269974708557e-01
4.703739285469055176e-01
7.369285225868225098e-01
8.287885189056396484e-01
8.016473054885864258e-01
7.028270959854125977e-01
4.821291565895080566e-01
4.243096113204956055e-01
1.718163788318634033e-01
4.767135158181190491e-02
2.291725128889083862e-01
7.144170999526977539e-01
1.767069548368453979e-01
8.449736982583999634e-02
7.780409455299377441e-01
9.426239132881164551e-02
8.116974681615829468e-02
9.869893193244934082e-01
5.831992030143737793e-01
5.358622074127197266e-01
6.690772771835327148e-01
9.599558115005493164e-01
8.774679899215698242e-01
9.416354298591613770e-01
8.772340416908264160e-01
8.550354242324829102e-01
7.051289677619934082e-01
6.141229867935180664e-01
3.000905513763427734e-01
3.724883496761322021e-01
9.746890664100646973e-01
8.802148103713989258e-01
9.079689979553222656e-01
7.563083767890930176e-01
8.829849958419799805e-01
8.653632998466491699e-01
9.103147983551025391e-01
9.299474954605102539e-01
7.257678508758544922e-01
4.067467153072357178e-01
2.563814818859100342e-01
9.995163679122924805e-01
9.963128566741943359e-01
9.866966605186462402e-01
3.266567587852478027e-01
8.837828636169433594e-01
4.652060514587219586e-09
1.139863525168038905e-04
4.570442438125610352e-01
6.306183934211730957e-01
1.409255212525550860e-10
2.605076133477268741e-06
2.330653369426727295e-02
8.635726571083068848e-02
7.595175504684448242e-01
5.595815777778625488e-01
3.267738223075866699e-01
3.997113704681396484e-01
1.348591316491365433e-02
2.917236452049110085e-05
7.612355053424835205e-02
4.476658254861831665e-02
1.266085952520370483e-01
9.133091225521638989e-06
1.967309974133968353e-02
6.085656583309173584e-02
3.000426590442657471e-01
6.978833079338073730e-01
6.026557087898254395e-01
1.888519078493118286e-01
4.539155066013336182e-01
2.520666718482971191e-01
9.896061237668618560e-05
1.796008348464965820e-01
1.622260212898254395e-01
3.672213479876518250e-02
1.158556187874637544e-05
1.713128946721553802e-02
5.843594670295715332e-02
2.021943330764770508e-01
9.992755055427551270e-01
9.977666735649108887e-01
9.924028515815734863e-01
7.460781373083591461e-03
7.513006031513214111e-02
9.114771485328674316e-01
3.665873035788536072e-02
2.693529427051544189e-01
9.349432587623596191e-01
5.759694613516330719e-04
2.853494696319103241e-02
4.392608106136322021e-01
8.989661931991577148e-01
9.991809725761413574e-01
9.976798892021179199e-01
9.942621588706970215e-01
1.708940975368022919e-02
1.057740859687328339e-02
7.104246616363525391e-01
2.591195660817113833e-11
2.747960984706878662e-01
9.241859316825866699e-01
7.212219088614801876e-08
2.472023770678788424e-04
8.109393715858459473e-02
8.584246039390563965e-01
9.488577842712402344e-01
8.748903870582580566e-01
8.332448005676269531e-01
4.784616529941558838e-01
7.274127006530761719e-01
5.891314744949340820e-01
3.271097739343531430e-05
1.441731452941894531e-01
9.534852951765060425e-02
1.371903363178716972e-05
9.168747812509536743e-02
1.761159747838973999e-01
1.707815825939178467e-01
9.983933568000793457e-01
9.964460134506225586e-01
9.897361397743225098e-01
2.772848904132843018e-01
3.628437519073486328e-01
8.444607853889465332e-01
9.352712659165263176e-04
3.666045665740966797e-01
4.418179094791412354e-01
1.082279777619987726e-04
1.985643953084945679e-01
5.761461257934570312e-01
2.096232622861862183e-01
9.977645874023437500e-01
9.938331246376037598e-01
9.868493676185607910e-01
9.024157375097274780e-02
2.462759912014007568e-01
9.564263820648193359e-01
9.189937263727188110e-04
2.106248140335083008e-01
5.057051181793212891e-01
9.033584594726562500e-01
2.151910401880741119e-02
1.593366563320159912e-01
7.944328784942626953e-01
9.982384443283081055e-01
9.962260723114013672e-01
9.914632439613342285e-01
7.321500033140182495e-02
5.716906487941741943e-02
4.427551031112670898e-01
1.385712646879255772e-03
1.128578484058380127e-01
3.731149137020111084e-01
9.472308754920959473e-01
1.521886733826249838e-04
6.566074490547180176e-02
8.308180570602416992e-01
9.985184073448181152e-01
9.970523715019226074e-01
9.932975172996520996e-01
5.184185504913330078e-02
4.680641740560531616e-02
3.756737709045410156e-01
7.843572529964148998e-04
4.491395130753517151e-02
8.243115246295928955e-02
6.073549389839172363e-01
3.386064781807363033e-04
1.787513494491577148e-02
7.458211183547973633e-01
9.993762373924255371e-01
9.974274039268493652e-01
9.899661540985107422e-01
5.698364228010177612e-02
2.804449386894702911e-02
8.343665003776550293e-01
1.045230659656226635e-03
1.889360398054122925e-01
6.858839988708496094e-01
8.024929165840148926e-01
4.373582196421921253e-04
2.641460895538330078e-01
4.688981473445892334e-01
3.762757182121276855e-01
1.726025044918060303e-01
6.437262892723083496e-02
9.952777624130249023e-01
3.201290499418973923e-03
9.897340536117553711e-01
4.892397299408912659e-02
3.050336986780166626e-02
6.177265569567680359e-02
9.784432649612426758e-01
9.838584065437316895e-01
9.689869284629821777e-01
7.399316430091857910e-01
5.462234616279602051e-01
1.252417415380477905e-01
5.760974064469337463e-02
9.594655036926269531e-01
2.379059419035911560e-02
9.774976968765258789e-01
6.548624038696289062e-01
6.348374485969543457e-01
5.346775650978088379e-01
9.492782950401306152e-01
9.723370075225830078e-01
8.826849460601806641e-01
8.252412080764770508e-01
9.985719919204711914e-01
9.925644993782043457e-01
9.777134060859680176e-01
2.812633523717522621e-03
3.032793700695037842e-01
9.243520498275756836e-01
8.448755252175033092e-04
5.045741200447082520e-01
7.717384696006774902e-01
1.997900689332254842e-08
3.946247306885197759e-05
1.740795560181140900e-02
4.328312873840332031e-01
9.950378537178039551e-01
9.588207602500915527e-01
9.541228413581848145e-01
2.872501313686370850e-01
4.982832372188568115e-01
8.872247338294982910e-01
6.474763751029968262e-01
4.805817902088165283e-01
7.157474756240844727e-01
2.432042062282562256e-01
1.628173887729644775e-02
1.375241205096244812e-02
5.867831110954284668e-01
8.696298599243164062e-01
5.368160605430603027e-01
7.002172470092773438e-01
9.817069172859191895e-01
5.757182836532592773e-01
3.077679276466369629e-01
9.794206619262695312e-01
6.345801055431365967e-02
1.138341054320335388e-01
9.691510200500488281e-01
9.762722253799438477e-01
8.018135428428649902e-01
1.366197615861892700e-01
9.938640594482421875e-01
9.782699346542358398e-01
8.672817945480346680e-01
3.327849805355072021e-01
6.597896218299865723e-01
7.648638486862182617e-01
6.795182228088378906e-01
5.086278319358825684e-01
2.283688783645629883e-01
8.308731317520141602e-01
7.964888811111450195e-01
4.276750683784484863e-01
5.379773676395416260e-02
9.832302927970886230e-01
9.193093776702880859e-01
8.878924250602722168e-01
4.623633325099945068e-01
5.022864341735839844e-01
5.610983371734619141e-01
6.463693976402282715e-01
5.715653896331787109e-01
3.155589103698730469e-01
3.770263493061065674e-01
2.679464779794216156e-02
3.112167492508888245e-02
4.366616308689117432e-01
9.965565204620361328e-01
9.892976284027099609e-01
9.702430367469787598e-01
1.272568255662918091e-01
1.915381699800491333e-01
8.836782574653625488e-01
1.666909307241439819e-01
1.151862740516662598e-01
4.364495277404785156e-01
6.980651617050170898e-01
6.840946674346923828e-01
7.803988456726074219e-02
4.067475497722625732e-01
9.961309432983398438e-01
9.955286979675292969e-01
9.892791509628295898e-01
8.958058059215545654e-02
5.135035514831542969e-02
6.580109000205993652e-01
6.778822094202041626e-02
6.915973871946334839e-02
6.801145523786544800e-02
5.877030491828918457e-01
2.389925271272659302e-01
3.625370562076568604e-02
4.409468173980712891e-01
9.971253275871276855e-01
9.891502857208251953e-01
9.589866399765014648e-01
1.705623716115951538e-01
4.898296296596527100e-01
7.894030809402465820e-01
3.433770537376403809e-01
1.625966280698776245e-01
3.941112756729125977e-01
5.657021999359130859e-01
6.448491811752319336e-01
6.762314438819885254e-01
3.696479201316833496e-01
8.886235356330871582e-01
9.039760828018188477e-01
8.672117590904235840e-01
7.186326384544372559e-01
4.798750281333923340e-01
7.858775258064270020e-01
9.002487659454345703e-01
8.478461503982543945e-01
5.260434746742248535e-01
8.812159299850463867e-01
4.239850640296936035e-01
4.698206782341003418e-01
8.166482448577880859e-01
9.917872548103332520e-01
9.739876985549926758e-01
9.885488748550415039e-01
2.708696573972702026e-02
9.573875367641448975e-02
9.351001381874084473e-01
2.723984122276306152e-01
1.392704397439956665e-01
8.680442571640014648e-01
9.084909834200516343e-05
1.104464568197727203e-02
3.169043734669685364e-02
7.422406673431396484e-01
9.817618131637573242e-01
9.790589809417724609e-01
9.864182472229003906e-01
2.814634442329406738e-01
2.675360441207885742e-01
9.153571724891662598e-01
6.986792683601379395e-01
1.846464583650231361e-03
8.062765002250671387e-01
8.339902758598327637e-01
4.802465811371803284e-02
5.013426416553556919e-04
8.171663880348205566e-01
9.857560992240905762e-01
9.875283837318420410e-01
9.872974753379821777e-01
4.903459548950195312e-01
2.664788365364074707e-01
9.200870394706726074e-01
5.763667821884155273e-01
5.386160612106323242e-01
8.588736653327941895e-01
8.912575840950012207e-01
8.542513847351074219e-01
1.276382654905319214e-01
7.403926253318786621e-01
8.481654524803161621e-01
7.867294549942016602e-01
5.235241651535034180e-01
7.929946184158325195e-01
5.016730427742004395e-01
3.057077825069427490e-01
8.547273278236389160e-01
4.628505110740661621e-01
1.983928829431533813e-01
9.605148434638977051e-01
9.682481288909912109e-01
9.475347399711608887e-01
3.589949309825897217e-01
9.893482923507690430e-01
9.926413893699645996e-01
9.891427755355834961e-01
7.891351729631423950e-02
3.946729376912117004e-02
9.247480630874633789e-01
1.361340750008821487e-02
2.004365995526313782e-02
1.916060596704483032e-02
8.898816704750061035e-01
3.561252960935235023e-04
3.334005014039576054e-04
4.178306162357330322e-01
5.470441579818725586e-01
7.503468990325927734e-01
8.121862411499023438e-01
8.726289272308349609e-01
5.950031280517578125e-01
2.979593873023986816e-01
9.046629667282104492e-01
7.890019416809082031e-01
1.217409446835517883e-01
2.058303505182266235e-01
7.441507577896118164e-01
5.226412415504455566e-01
6.703450083732604980e-01
1.068699955940246582e-01
4.395106807351112366e-02
1.292288117110729218e-02
9.892772436141967773e-01
2.819935604929924011e-02
3.802724313572980464e-05
9.842431545257568359e-01
6.961797829717397690e-03
3.025921614607796073e-05
1.253665345757326577e-06
9.579053521156311035e-01
8.465348482131958008e-01
2.803543566187727265e-06
1.185737922787666321e-01
4.668840765953063965e-02
1.519919023849070072e-03
9.910916686058044434e-01
4.561725631356239319e-02
1.492001410952070728e-05
9.843644499778747559e-01
1.602777279913425446e-02
1.105172559618949890e-04
2.510534159227972850e-06
9.638614654541015625e-01
9.569187760353088379e-01
9.547080397605895996e-01
9.855039715766906738e-01
9.713419675827026367e-01
9.565777182579040527e-01
9.536624699831008911e-02
2.735164165496826172e-01
3.888891041278839111e-01
4.111811518669128418e-01
6.295646429061889648e-01
3.105961084365844727e-01
4.803577612619847059e-04
1.239128336310386658e-01
4.996404051780700684e-01
6.993235945701599121e-01
9.577899575233459473e-01
9.380414485931396484e-01
9.459210634231567383e-01
7.440061569213867188e-01
4.978685379028320312e-01
5.479989647865295410e-01
9.439050555229187012e-01
2.481182217597961426e-01
1.457850169390439987e-02
9.550172686576843262e-01
6.622158885002136230e-01
4.649185538291931152e-01
5.468115806579589844e-01
9.960565567016601562e-01
9.969480633735656738e-01
9.918276667594909668e-01
1.503293067216873169e-01
1.033081188797950745e-01
1.819291561841964722e-01
4.515710771083831787e-01
2.491669654846191406e-01
3.180073981638997793e-04
8.254841566085815430e-01
6.834700107574462891e-01
2.218612432479858398e-01
2.900364063680171967e-02
6.956921219825744629e-01
5.044074654579162598e-01
2.970955371856689453e-01
9.318534135818481445e-01
3.270796835422515869e-01
3.016411364078521729e-01
9.701426625251770020e-01
1.734005510807037354e-01
1.034824252128601074e-01
9.722771048545837402e-01
9.865494966506958008e-01
9.855508804321289062e-01
9.441623091697692871e-01
9.728408455848693848e-01
9.751732349395751953e-01
9.779341220855712891e-01
2.499038428068161011e-01
3.463764190673828125e-01
1.008757501840591431e-01
2.463493794202804565e-01
4.083962440490722656e-01
2.193421125411987305e-01
8.220789954066276550e-03
1.426841169595718384e-01
1.286694705486297607e-01
8.578345179557800293e-02
5.649940371513366699e-01
4.875080883502960205e-01
6.255618929862976074e-01
9.447618126869201660e-01
5.800392627716064453e-01
2.942743301391601562e-01
9.013063311576843262e-01
7.849748134613037109e-01
4.133590757846832275e-01
1.111846566200256348e-01
8.165336251258850098e-01
2.845518589019775391e-01
7.261279821395874023e-01
1.291538774967193604e-01
4.483317583799362183e-02
2.591633237898349762e-02
9.899082183837890625e-01
1.036670207977294922e-01
2.031947672367095947e-02
9.863866567611694336e-01
1.827521622180938721e-01
1.074660420417785645e-01
1.752157323062419891e-02
9.736176729202270508e-01
9.821218848228454590e-01
1.120203360915184021e-02
3.263374567031860352e-01
1.221684291958808899e-01
1.291904598474502563e-02
9.581415653228759766e-01
2.291001081466674805e-01
5.457519739866256714e-02
9.870189428329467773e-01
4.577710926532745361e-01
3.289800584316253662e-01
1.074616983532905579e-01
9.635108113288879395e-01
9.812895059585571289e-01
9.753148555755615234e-01
9.843530058860778809e-01
9.743871092796325684e-01
9.715541601181030273e-01
7.354940474033355713e-02
3.695984780788421631e-01
1.465278565883636475e-01
9.285511970520019531e-01
2.722193896770477295e-01
8.662375211715698242e-01
7.429475772369187325e-06
2.162693534046411514e-03
3.819914460182189941e-01
9.259152412414550781e-01
9.981406927108764648e-01
9.921355843544006348e-01
9.949404597282409668e-01
5.695751868188381195e-03
1.625458337366580963e-02
1.174359023571014404e-02
8.123850822448730469e-01
5.509367212653160095e-02
8.590549230575561523e-01
6.770153995603322983e-04
1.153644993901252747e-01
1.459371298551559448e-02
8.634762763977050781e-01
9.731221795082092285e-01
9.749183058738708496e-01
9.504010677337646484e-01
1.301334947347640991e-01
2.932712733745574951e-01
5.496665835380554199e-01
9.445729255676269531e-01
3.656218051910400391e-01
6.391882896423339844e-01
2.078558085486292839e-03
4.265656173229217529e-01
8.355547189712524414e-01
2.042252570390701294e-01
9.690763950347900391e-01
9.536051154136657715e-01
9.647038578987121582e-01
1.241363286972045898e-01
3.035121858119964600e-01
3.400347828865051270e-01
9.358657598495483398e-01
1.531634479761123657e-01
3.347125947475433350e-01
8.870621919631958008e-01
1.301296204328536987e-01
2.911075949668884277e-01
9.374449849128723145e-01
9.664406180381774902e-01
9.695427417755126953e-01
9.434080123901367188e-01
1.399797499179840088e-01
2.862944900989532471e-01
1.074060574173927307e-01
9.164829254150390625e-01
1.741138100624084473e-01
4.662935435771942139e-01
9.358671307563781738e-01
2.573746722191572189e-03
2.255168110132217407e-01
7.579821348190307617e-01
9.887907505035400391e-01
9.841890335083007812e-01
9.641424417495727539e-01
6.235606968402862549e-02
1.614092588424682617e-01
4.052304849028587341e-02
9.312198162078857422e-01
1.533198356628417969e-01
5.748834609985351562e-01
9.399702548980712891e-01
1.039954833686351776e-03
3.858147189021110535e-02
2.142800241708755493e-01
9.702142477035522461e-01
9.603700637817382812e-01
9.846022129058837891e-01
4.618595838546752930e-01
3.550976216793060303e-01
5.232362747192382812e-01
8.545736670494079590e-01
7.431478500366210938e-01
8.546991944313049316e-01
9.103983044624328613e-01
4.960965514183044434e-01
1.387324556708335876e-02
8.187075853347778320e-01
9.400227665901184082e-01
9.512531757354736328e-01
8.669777512550354004e-01
6.253765225410461426e-01
6.614712476730346680e-01
6.026587486267089844e-01
9.225612878799438477e-01
8.857267498970031738e-01
3.148560523986816406e-01
7.796041369438171387e-01
4.877261817455291748e-01
2.570621073246002197e-01
7.952371239662170410e-02
9.801146388053894043e-01
9.790449738502502441e-01
9.852267503738403320e-01
2.487762272357940674e-01
2.835788428783416748e-01
1.636619865894317627e-01
9.590525627136230469e-01
3.595059216022491455e-01
5.872395634651184082e-02
9.370956420898437500e-01
5.112260696478188038e-04
4.625377431511878967e-02
9.095006585121154785e-01
9.790337681770324707e-01
9.795426130294799805e-01
9.639106988906860352e-01
3.297365307807922363e-01
3.845526278018951416e-01
2.070767134428024292e-01
9.314228892326354980e-01
5.932196974754333496e-01
2.197381556034088135e-01
9.513036012649536133e-01
7.586005330085754395e-01
1.674559563398361206e-01
9.496128559112548828e-01
9.135344028472900391e-01
9.352776408195495605e-01
9.363047480583190918e-01
4.322780370712280273e-01
6.177713871002197266e-01
1.640475988388061523e-01
8.717057108879089355e-01
4.681909680366516113e-01
3.446438014507293701e-01
9.408155083656311035e-01
2.159335017204284668e-01
7.268895208835601807e-02
4.306605160236358643e-01
9.753066897392272949e-01
9.738994836807250977e-01
9.486652016639709473e-01
3.502078652381896973e-01
3.727958798408508301e-01
2.080420553684234619e-01
8.284794688224792480e-01
7.031241059303283691e-01
1.078487858176231384e-01
8.314323425292968750e-01
3.698931634426116943e-01
1.996079832315444946e-02
7.180482894182205200e-02
9.778851866722106934e-01
9.543092846870422363e-01
8.814728856086730957e-01
4.184572398662567139e-01
2.353625893592834473e-01
6.063266992568969727e-01
7.595344185829162598e-01
6.706139445304870605e-01
4.154806435108184814e-01
8.978736996650695801e-01
8.672871589660644531e-01
4.497404694557189941e-01
1.378693617880344391e-02
9.968179464340209961e-01
9.962041974067687988e-01
9.954455494880676270e-01
1.803667098283767700e-02
4.086299985647201538e-02
1.556357182562351227e-02
8.174244165420532227e-01
7.877960801124572754e-02
4.489326849579811096e-02
8.012338280677795410e-01
3.221368417143821716e-02
4.037841790704987943e-05
8.366987705230712891e-01
9.100059866905212402e-01
9.267696738243103027e-01
9.746920466423034668e-01
6.780524253845214844e-01
4.873305857181549072e-01
4.752298593521118164e-01
8.697979450225830078e-01
9.007951021194458008e-01
3.497453331947326660e-01
9.074362516403198242e-01
9.412701129913330078e-01
3.228812711313366890e-03
8.060555458068847656e-01
4.024381637573242188e-01
3.261030316352844238e-01
5.306834578514099121e-01
9.669474959373474121e-01
1.925773322582244873e-01
1.200939491391181946e-01
8.383209258317947388e-02
9.866687655448913574e-01
7.803755998611450195e-02
9.178363531827926636e-02
9.802756905555725098e-01
8.314450979232788086e-01
1.344600766897201538e-01
3.315828144550323486e-01
1.543108522891998291e-01
7.703083008527755737e-02
9.858412742614746094e-01
1.124148964881896973e-01
5.451449751853942871e-02
7.946921512484550476e-03
9.896135330200195312e-01
2.160876803100109100e-02
1.215124689042568207e-02
9.861320257186889648e-01
8.765814900398254395e-01
8.850353360176086426e-01
8.905682563781738281e-01
8.816050887107849121e-01
7.584986686706542969e-01
4.026345014572143555e-01
4.795111417770385742e-01
6.558945178985595703e-01
6.630998253822326660e-01
5.585750937461853027e-01
6.062920093536376953e-01
6.593465209007263184e-01
5.496918559074401855e-01
7.036306262016296387e-01
1.116565167903900146e-01
9.395586848258972168e-01
9.631348848342895508e-01
9.350098371505737305e-01
5.743988156318664551e-01
4.667919874191284180e-01
4.882381260395050049e-01
9.330565333366394043e-01
6.479151844978332520e-01
4.816303849220275879e-01
3.150836229324340820e-01
8.216487169265747070e-01
5.037254095077514648e-01
3.449908792972564697e-01
8.702213764190673828e-01
9.149610400199890137e-01
8.512986302375793457e-01
8.084764480590820312e-01
6.738594174385070801e-01
8.218612670898437500e-01
7.287172079086303711e-01
8.954920768737792969e-01
5.409373044967651367e-01
8.326658010482788086e-01
9.610939621925354004e-01
9.800964593887329102e-01
9.791647791862487793e-01
8.667260408401489258e-01
8.749714493751525879e-01
9.362641572952270508e-01
5.796951055526733398e-01
5.982030630111694336e-01
5.701390281319618225e-02
9.704668521881103516e-01
1.900247633457183838e-01
1.418991535902023315e-01
1.342911124229431152e-01
9.119271636009216309e-01
2.228815108537673950e-01
9.368288516998291016e-01
4.296295344829559326e-01
4.933811128139495850e-01
5.548346042633056641e-01
9.366883635520935059e-01
3.321082592010498047e-01
4.570137262344360352e-01
3.371941447257995605e-01
9.611759781837463379e-01
7.839766144752502441e-01
6.966741085052490234e-01
4.863601028919219971e-01
2.378705888986587524e-01
1.955316662788391113e-01
7.716816663742065430e-01
7.889360189437866211e-01
6.630682349205017090e-01
7.780516147613525391e-01
8.279244303703308105e-01
8.522508144378662109e-01
7.825958728790283203e-01
7.447783350944519043e-01
6.387596726417541504e-01
6.288760900497436523e-01
8.465843200683593750e-01
2.563319206237792969e-01
4.474653601646423340e-01
7.648625373840332031e-01
8.126499056816101074e-01
7.349868416786193848e-01
8.235965967178344727e-01
7.306261062622070312e-01
7.249717712402343750e-01
6.466500163078308105e-01
7.985310554504394531e-01
4.548439383506774902e-01
8.662096858024597168e-01
7.222843170166015625e-01
7.353556752204895020e-01
4.136731028556823730e-01
8.788428902626037598e-01
9.551470875740051270e-01
8.384821414947509766e-01
6.884710192680358887e-01
6.872743964195251465e-01
6.790881752967834473e-01
8.297899961471557617e-01
4.809719026088714600e-01
6.595687866210937500e-01
5.463644266128540039e-01
9.491264224052429199e-01
3.445743322372436523e-01
5.090693384408950806e-02
7.867865562438964844e-01
8.645585775375366211e-01
7.848821282386779785e-01
8.484028577804565430e-01
6.253577470779418945e-01
7.236641645431518555e-01
6.688873767852783203e-01
9.029654860496520996e-01
6.044706702232360840e-01
8.322575688362121582e-01
9.243044853210449219e-01
8.931472301483154297e-01
7.981379032135009766e-01
