7.002157646325380957e-01
4.620993075707072184e-01
6.021784740367522870e-01
4.632824507391258284e-01
6.180515611627496186e-01
4.074158856976562437e-01
4.201826481753064835e-01
4.623865365416489626e-01
5.305100600694109270e-01
4.212315803742967546e-01
3.063489592034154829e-01
5.495656287440886523e-01
5.789038454195878369e-01
7.570852390848673563e-01
1.226222709997273341e-01
6.412596148592666356e-01
6.241408955952815196e-01
4.051917575125116855e-01
4.117042381649997917e-01
5.394111572263332599e-01
5.023944465014770211e-01
1.025690465433469339e-01
6.348930518501080256e-01
5.033162166764668655e-01
6.230936053370197403e-01
5.179071879297575398e-01
6.555365175008773804e-01
7.073128393564659389e-01
6.418634678881901534e-01
5.373558209349329484e-01
4.858603471746811286e-01
4.905609543650196191e-01
5.802059706587058274e-01
4.675442817119451755e-01
5.631073329311150344e-01
7.127420598497757886e-01
7.144284156652597195e-01
5.042738310542580482e-01
3.295628611732144275e-01
3.384929330851054186e-01
5.292435084209921037e-01
4.922282303588643715e-01
4.927649660463570003e-01
5.868698783227815907e-01
5.618328472885948388e-01
5.038942581965014655e-01
4.604394202335522768e-01
5.322565329350674723e-01
5.216517316607328647e-01
6.537961429701402150e-01
5.177913633771501489e-01
6.613347212282510990e-01
6.745832126874190537e-01
7.203853806624045397e-01
6.482169410357108141e-01
6.109002725436136760e-01
5.075863582583574063e-01
6.724056154489517212e-01
7.757146587738623644e-01
5.152050145227874411e-01
6.253317089106601445e-01
7.613390340254857502e-01
7.208298593759536743e-01
4.673450950112265634e-01
6.855149131554824082e-01
3.213018679093343488e-01
4.001611535084241278e-01
5.156549234659626446e-01
6.781608287531596391e-01
4.725714766492064012e-01
6.380317216882338549e-01
4.090001338089888083e-01
6.502092870382162326e-01
3.594259499357296828e-01
5.049510330964739335e-01
5.488182450626482023e-01
4.812242866834052224e-01
5.987441496780285810e-01
5.770227622527343003e-01
5.628839447521246653e-01
4.736228700404843672e-01
7.293452184933882920e-01
7.233347663512597059e-01
5.504365569974581929e-01
6.728191604981055285e-01
6.388847346489245904e-01
5.711068301819838267e-01
6.424626369888966071e-01
4.817167440286049263e-01
7.265869020842589121e-01
4.619210093067242506e-01
4.436319175247962487e-01
6.370729815501433579e-01
6.941485244494217666e-01
8.410819310408371718e-01
5.830645882166348715e-01
6.128541918901296848e-01
7.037219496873708957e-01
7.750764351624709336e-01
6.679258501300444628e-01
8.008923805676974039e-01
