1.109752953052520752e-01
1.341689974069595337e-01
4.545264542102813721e-01
1.762870997190475464e-01
3.974174559116363525e-01
8.224719762802124023e-02
1.157967150211334229e-01
1.667687594890594482e-01
1.120169535279273987e-01
1.294498741626739502e-01
2.304944247007369995e-01
2.276985198259353638e-01
4.225083440542221069e-02
3.260405957698822021e-01
2.250694632530212402e-01
3.205902129411697388e-02
2.070367336273193359e-01
2.348340898752212524e-01
1.897006183862686157e-01
5.671549439430236816e-01
2.294113039970397949e-01
1.201975941658020020e-01
3.289383053779602051e-01
9.917628765106201172e-02
4.537030756473541260e-01
7.514219731092453003e-02
3.626689314842224121e-01
9.060867130756378174e-02
3.040723204612731934e-01
1.393410265445709229e-01
1.927028968930244446e-02
9.001472499221563339e-04
5.893120914697647095e-02
7.521432358771562576e-03
1.280629485845565796e-01
1.081023085862398148e-02
1.834052950143814087e-01
3.803966194391250610e-02
8.956186473369598389e-02
2.397417649626731873e-02
2.786213718354701996e-02
3.194579854607582092e-02
9.206011891365051270e-02
4.998237639665603638e-02
1.976817250251770020e-01
2.736051082611083984e-01
2.117187380790710449e-01
1.065674121491611004e-03
5.677272751927375793e-02
2.522288262844085693e-01
1.710170060396194458e-01
1.309238374233245850e-01
3.422553837299346924e-02
6.356717944145202637e-01
1.078317016363143921e-01
1.447619497776031494e-01
3.915320038795471191e-01
4.949640855193138123e-02
1.638038754463195801e-01
1.885788589715957642e-01
3.451967835426330566e-01
3.147152364253997803e-01
8.718936890363693237e-02
4.236027896404266357e-01
5.380707979202270508e-01
1.524577736854553223e-01
5.861385539174079895e-02
5.297192186117172241e-02
1.234373450279235840e-01
4.012892954051494598e-03
2.966014668345451355e-02
1.766090840101242065e-01
7.907995581626892090e-02
1.126275807619094849e-01
2.435587644577026367e-01
5.819383263587951660e-02
1.843405216932296753e-01
2.177648544311523438e-01
2.096059620380401611e-01
3.411141037940979004e-01
3.849890455603599548e-02
1.914380490779876709e-01
7.371921092271804810e-02
2.338884919881820679e-01
1.500544231384992599e-02
9.993115812540054321e-02
2.021546065807342529e-01
5.375350713729858398e-01
1.153912991285324097e-01
4.401235282421112061e-02
1.196607872843742371e-01
1.930679380893707275e-01
1.342962831258773804e-01
1.801088005304336548e-01
4.633581042289733887e-01
1.471526324748992920e-01
2.605608478188514709e-02
7.246756553649902344e-02
2.470162510871887207e-02
1.325211524963378906e-01
2.845939993858337402e-01
1.045363619923591614e-01
4.302357882261276245e-02
1.164224278181791306e-02
4.648441076278686523e-02
3.045868594199419022e-03
1.361719891428947449e-02
7.480549393221735954e-04
1.819706410169601440e-01
1.029560863971710205e-01
2.386243343353271484e-01
4.135769605636596680e-02
1.168955396860837936e-02
1.623986214399337769e-01
3.593251407146453857e-01
1.095106601715087891e-01
1.648576855659484863e-01
5.289189219474792480e-01
2.764541096985340118e-02
4.639912396669387817e-02
