2.820382528633882391e-01
3.162166317969632434e-01
3.088487486193816078e-01
3.055736718983658173e-01
2.769419478393571610e-01
1.403640222617048849e-01
3.032575850016795416e-01
3.244148900087636123e-01
2.755917224925584774e-01
3.111938793265905390e-01
2.708536436055929975e-01
3.097268437178662404e-01
2.888106297558316604e-01
3.174947803983321770e-01
8.016687145349211951e-02
3.265598124036422356e-01
2.896020907837038028e-01
1.465093235915096992e-01
2.252286152215674520e-01
2.463115993260334424e-01
2.718278420730851908e-01
2.576006321737972504e-01
2.668312160441508873e-01
3.416973979642184966e-01
3.567345693814926166e-01
8.841683187683184453e-02
4.123875197882835852e-01
4.147955280227156871e-01
2.960310839116573334e-01
1.746106605905179687e-01
2.958222022996498946e-01
3.765408081504014737e-01
2.974861516402317885e-01
2.936379567702085969e-01
2.554361837862346163e-01
2.380302850551043459e-01
3.334295190982699553e-01
4.464018164603308220e-02
3.812493869246771916e-02
3.062661224976181984e-02
2.263159861859793953e-02
3.180560499095008709e-02
6.976722030398938013e-02
5.375762367979265016e-02
2.916117848004572827e-02
6.547208707063244260e-02
5.452817377562706180e-02
3.094400333849569792e-02
3.171886095168212072e-01
2.954503287238857134e-01
9.570144056767905527e-02
2.351550499711615450e-01
3.177976540755480528e-01
2.994755028854482193e-01
2.485519942039480512e-01
2.592621971629202049e-01
2.854387205935871585e-01
3.139918424242820749e-01
3.417049382562534210e-01
1.358965023313290776e-01
2.724198917119513008e-01
3.020176096962621792e-01
2.742454325242971169e-01
3.033085255827664972e-01
3.007603531038442468e-01
2.731509379921659986e-01
3.072384474082635042e-01
1.848932461669811900e-01
3.137076453366227091e-01
2.852313272081888895e-01
2.995556519174267796e-01
2.658876245567136087e-01
2.639095084551417170e-01
2.215032175254936508e-01
3.232886340433301919e-01
9.932692312801148782e-02
1.228407625055227131e-01
1.463864983211701221e-01
1.835075836077941502e-01
1.688098380109295249e-01
1.673408761360825892e-01
2.744211210654332045e-01
2.769914773794320828e-01
2.224357823680083446e-01
2.446585874254546544e-01
2.345043111485070886e-01
3.107212274693526011e-01
2.680808382843119508e-01
2.104376466506017451e-01
1.980448689556886521e-01
2.881709206849336624e-01
3.236382144700306052e-01
2.547598815133544359e-01
2.708878505330246100e-01
3.640049393691767166e-01
1.964814828243106604e-01
2.113678732958550743e-01
2.459310357740972786e-01
2.460265332170260555e-01
2.382056616389980619e-01
3.515479178884281519e-01
