4.230803810060024261e-03
2.976522222161293030e-02
9.939842224121093750e-01
9.981721639633178711e-01
3.174094483256340027e-02
3.856420516967773438e-01
4.535338282585144043e-01
8.844587136991322041e-05
7.264725863933563232e-02
9.431817531585693359e-01
7.323516011238098145e-01
6.180172204039990902e-05
1.132370925915893167e-05
2.308502607047557831e-02
9.630517959594726562e-01
7.861295598559081554e-04
1.328587252646684647e-02
4.455386400222778320e-01
1.843442916870117188e-01
1.439848821610212326e-02
6.128756403923034668e-01
9.979996681213378906e-01
1.514220051467418671e-02
5.593960359692573547e-02
2.799284411594271660e-03
6.043103057891130447e-03
2.987942099571228027e-01
1.855391310527920723e-04
6.139196455478668213e-03
1.639394760131835938e-01
1.620505470782518387e-03
2.521261870861053467e-01
1.461045444011688232e-01
1.228427700698375702e-02
6.603004783391952515e-02
9.520381689071655273e-01
5.677225533872842789e-03
1.542093232274055481e-02
6.055890116840600967e-03
9.151597623713314533e-04
3.394484519958496094e-01
1.943672214110847563e-05
3.304084530100226402e-04
9.114859625697135925e-03
8.799249306321144104e-03
9.173548817634582520e-01
8.989871293306350708e-02
1.479028444737195969e-02
9.958536028861999512e-01
9.676635265350341797e-01
1.020342409610748291e-01
2.011200040578842163e-02
4.032861068844795227e-02
1.539583900012075901e-05
1.012155972421169281e-02
2.616948075592517853e-02
5.690911319106817245e-03
1.065773330628871918e-02
6.205933094024658203e-01
9.938051104545593262e-01
5.531617905944585800e-03
2.981437742710113525e-02
2.062646299600601196e-02
2.516845415811985731e-04
1.257954980246722698e-03
3.596936538815498352e-02
1.201196573674678802e-04
8.736310519452672452e-06
3.212926822016015649e-05
3.596081660361960530e-05
9.409959428012371063e-03
1.108358427882194519e-02
9.967327713966369629e-01
6.732098700013011694e-05
4.116163402795791626e-02
1.875148154795169830e-04
5.866459757089614868e-02
8.467485904693603516e-01
2.155411675630602986e-05
5.216287449002265930e-03
3.489189548417925835e-04
5.643385928124189377e-03
9.706389904022216797e-01
1.000436554932093713e-06
1.034655724652111530e-03
4.990570247173309326e-02
4.056516103446483612e-03
9.992015957832336426e-01
9.769828319549560547e-01
8.374373614788055420e-02
7.066119927912950516e-03
4.917671084403991699e-01
3.665111660957336426e-01
9.003622457385063171e-03
9.739281958900392056e-04
6.065562774892896414e-05
5.993856466375291348e-04
9.818583726882934570e-01
8.380883932113647461e-02
1.600529439747333527e-02
3.091445192694664001e-03
6.575775478268042207e-05
9.829945564270019531e-01
8.681922554969787598e-01
4.627491813153028488e-03
1.887812279164791107e-03
1.362090185284614563e-02
9.002071619033813477e-01
6.937641184777021408e-03
1.683242771832738072e-06
1.323660399066284299e-04
1.570871286094188690e-02
9.909987449645996094e-02
1.506038242951035500e-03
1.200858037918806076e-02
8.955706842243671417e-03
7.542598247528076172e-01
6.607972979545593262e-01
9.917452335357666016e-01
9.968067407608032227e-01
6.649210583418607712e-03
6.838552653789520264e-02
1.303587853908538818e-01
1.110352808609604836e-03
3.608698956668376923e-03
7.971528102643787861e-04
1.316862879320979118e-03
1.946887001395225525e-02
2.112961839884519577e-03
9.970477223396301270e-01
9.987167716026306152e-01
2.025640010833740234e-02
3.018652554601430893e-03
1.140258088707923889e-01
8.494392633438110352e-01
4.992886679247021675e-04
1.226030639372766018e-03
6.114010466262698174e-04
3.068938851356506348e-03
3.341058641672134399e-02
8.754952549934387207e-01
3.673865646123886108e-02
9.990029335021972656e-01
7.139617949724197388e-02
9.790878295898437500e-01
5.286166444420814514e-02
2.887236420065164566e-03
1.925734281539916992e-01
9.921131730079650879e-01
3.014928102493286133e-02
9.571656584739685059e-03
3.223197199986316264e-05
9.437155127525329590e-01
6.645055413246154785e-01
7.038357667624950409e-03
1.823388040065765381e-03
1.230025757104158401e-02
9.878579974174499512e-01
9.985133409500122070e-01
3.567463755607604980e-01
8.918415307998657227e-01
5.305558443069458008e-01
3.858015697915107012e-04
6.543204784393310547e-01
6.411911845207214355e-01
3.485964043647982180e-05
2.388366963714361191e-03
2.735564671456813812e-02
3.626008331775665283e-02
9.870076552033424377e-03
9.349771142005920410e-01
9.926453828811645508e-01
9.862427711486816406e-01
4.175315797328948975e-02
7.932376265525817871e-01
1.301987189799547195e-02
9.408956170082092285e-01
9.779737591743469238e-01
6.652436405420303345e-02
1.056619882583618164e-01
1.732604205608367920e-01
1.499587595462799072e-01
7.393188029527664185e-02
1.177833974361419678e-02
9.936006665229797363e-01
7.417706847190856934e-01
9.239164590835571289e-01
2.505974844098091125e-02
9.056730866432189941e-01
6.596136838197708130e-03
4.219196140766143799e-01
5.256302654743194580e-02
1.299053728580474854e-01
4.492790102958679199e-01
8.944838918978348374e-05
1.051289308816194534e-02
5.760207772254943848e-03
1.153869330883026123e-01
9.966824650764465332e-01
3.517259657382965088e-02
6.723311543464660645e-01
2.370970137417316437e-02
2.269091755151748657e-01
3.981447219848632812e-02
6.794795989990234375e-01
1.569006009958684444e-03
1.702467678114771843e-03
4.733333885669708252e-01
7.277069380506873131e-05
9.168186187744140625e-01
1.610366016393527389e-04
9.446809068322181702e-03
9.986898899078369141e-01
9.448891878128051758e-01
9.991720318794250488e-01
4.239059984683990479e-01
9.935977458953857422e-01
1.107529271394014359e-02
9.743962883949279785e-01
9.917556643486022949e-01
7.992937564849853516e-01
4.010455608367919922e-01
9.964585842681117356e-06
4.843307659029960632e-02
3.885308653116226196e-02
