9.840413928031921387e-01
9.748395085334777832e-01
9.709007740020751953e-01
9.784662723541259766e-01
9.576351046562194824e-01
9.901197552680969238e-01
9.932092428207397461e-01
9.659312367439270020e-01
9.887415766716003418e-01
9.850052595138549805e-01
9.949502348899841309e-01
9.827742576599121094e-01
9.983531832695007324e-01
9.959086179733276367e-01
9.988986253738403320e-01
8.956143260002136230e-01
9.289837479591369629e-01
9.927804470062255859e-01
9.907553791999816895e-01
9.890778064727783203e-01
9.911785721778869629e-01
9.837768077850341797e-01
9.966239929199218750e-01
9.966107010841369629e-01
9.926408529281616211e-01
9.887524247169494629e-01
9.988186359405517578e-01
9.791275858879089355e-01
9.945167303085327148e-01
9.422194361686706543e-01
9.242549538612365723e-01
9.771964550018310547e-01
9.887076616287231445e-01
9.914472103118896484e-01
9.898852109909057617e-01
9.738951921463012695e-01
9.952173233032226562e-01
9.926951527595520020e-01
9.898186922073364258e-01
9.772362112998962402e-01
9.918057918548583984e-01
9.911334514617919922e-01
9.970103502273559570e-01
9.842551350593566895e-01
9.760395884513854980e-01
9.883473515510559082e-01
9.817830324172973633e-01
9.943636655807495117e-01
9.938606619834899902e-01
9.808087348937988281e-01
9.931924939155578613e-01
9.859940409660339355e-01
9.944424629211425781e-01
9.690760970115661621e-01
9.991129040718078613e-01
9.963769316673278809e-01
9.976720213890075684e-01
9.986810684204101562e-01
9.905995130538940430e-01
9.810506105422973633e-01
9.530714154243469238e-01
9.981492161750793457e-01
9.980141520500183105e-01
8.748601078987121582e-01
9.949460029602050781e-01
9.898306727409362793e-01
9.899737834930419922e-01
9.544416069984436035e-01
9.970028996467590332e-01
9.932701587677001953e-01
9.992107152938842773e-01
9.819697141647338867e-01
9.733104109764099121e-01
9.855166673660278320e-01
9.834703803062438965e-01
9.088374972343444824e-01
9.696660637855529785e-01
9.865707755088806152e-01
9.637418389320373535e-01
9.664718508720397949e-01
9.737386107444763184e-01
9.869480133056640625e-01
9.876549243927001953e-01
9.729200601577758789e-01
9.836968183517456055e-01
9.831994771957397461e-01
9.766890406608581543e-01
9.777950644493103027e-01
9.807441234588623047e-01
9.007339477539062500e-01
9.304233193397521973e-01
9.724714159965515137e-01
9.867410659790039062e-01
9.824030399322509766e-01
9.853631258010864258e-01
9.756036996841430664e-01
9.981890916824340820e-01
9.976969361305236816e-01
9.983588457107543945e-01
9.839179515838623047e-01
9.763005375862121582e-01
9.655848145484924316e-01
9.807488322257995605e-01
9.549552202224731445e-01
9.882951378822326660e-01
9.768560528755187988e-01
9.805777668952941895e-01
9.937437772750854492e-01
9.840826988220214844e-01
9.808905720710754395e-01
9.972806572914123535e-01
9.938080906867980957e-01
9.983725547790527344e-01
9.859488010406494141e-01
9.760282039642333984e-01
9.648562669754028320e-01
9.237702488899230957e-01
9.404294490814208984e-01
9.939209222793579102e-01
9.893529415130615234e-01
9.969602227210998535e-01
9.763793349266052246e-01
9.920378327369689941e-01
9.392173886299133301e-01
9.975144863128662109e-01
9.870584011077880859e-01
9.984333515167236328e-01
9.869951605796813965e-01
9.794895052909851074e-01
9.719253778457641602e-01
9.543177485466003418e-01
8.927194476127624512e-01
9.151417613029479980e-01
9.992604851722717285e-01
9.561952352523803711e-01
9.480030536651611328e-01
9.996702075004577637e-01
9.744478464126586914e-01
9.332315921783447266e-01
9.716621637344360352e-01
9.987464547157287598e-01
9.846100807189941406e-01
9.751212596893310547e-01
9.691707491874694824e-01
9.633302092552185059e-01
9.108045697212219238e-01
9.766438007354736328e-01
9.991042613983154297e-01
9.602856040000915527e-01
9.631384015083312988e-01
9.912496209144592285e-01
9.672990441322326660e-01
9.955689311027526855e-01
9.820370674133300781e-01
9.915863275527954102e-01
9.776663184165954590e-01
9.563527703285217285e-01
9.292384982109069824e-01
9.687070846557617188e-01
9.354606866836547852e-01
9.863427281379699707e-01
9.622629880905151367e-01
9.622641801834106445e-01
9.797398447990417480e-01
9.737097024917602539e-01
9.312807321548461914e-01
9.956184625625610352e-01
9.759600758552551270e-01
9.776030182838439941e-01
9.849363565444946289e-01
9.743616580963134766e-01
9.684139490127563477e-01
9.794088602066040039e-01
9.608939886093139648e-01
9.876405596733093262e-01
9.879640340805053711e-01
9.553297162055969238e-01
9.956390261650085449e-01
9.877046942710876465e-01
9.940686821937561035e-01
9.993665218353271484e-01
9.963753819465637207e-01
9.988261461257934570e-01
9.816572070121765137e-01
9.728955030441284180e-01
9.673740267753601074e-01
9.352001547813415527e-01
9.642560482025146484e-01
9.843247532844543457e-01
9.973922967910766602e-01
9.242591261863708496e-01
9.871209859848022461e-01
9.924331903457641602e-01
9.876673817634582520e-01
9.319539666175842285e-01
9.743804335594177246e-01
9.930406212806701660e-01
9.769502282142639160e-01
9.713223576545715332e-01
9.670182466506958008e-01
9.358468055725097656e-01
9.824045896530151367e-01
9.900924563407897949e-01
9.929693341255187988e-01
9.266473650932312012e-01
9.839884042739868164e-01
9.823651313781738281e-01
9.903494715690612793e-01
9.377945661544799805e-01
9.726694822311401367e-01
9.837968349456787109e-01
9.805397391319274902e-01
9.687299728393554688e-01
9.579829573631286621e-01
9.666926264762878418e-01
9.697901606559753418e-01
9.813652038574218750e-01
9.893454909324645996e-01
9.576230645179748535e-01
9.881773591041564941e-01
9.844098091125488281e-01
9.783473610877990723e-01
9.615106582641601562e-01
9.952127337455749512e-01
9.818725585937500000e-01
