2.998284267333264363e-01
2.834738060837480589e-01
2.660995652572287762e-01
2.812936420086771250e-01
3.148343208460853693e-01
1.983194531998238863e-01
3.479772598948329687e-01
3.487839236712226287e-01
3.037078132351430648e-01
1.535791526789132277e-01
2.200735502947981648e-01
3.169882613807343263e-01
3.485551745362727161e-01
4.084719604311081165e-01
1.238711134803732183e-01
2.361473608762025833e-01
3.531246625889952195e-01
1.934378729022752652e-01
3.441548660540810212e-01
4.161444009783176190e-01
4.488134389886489495e-01
1.855945018402193336e-01
3.098636326165153387e-01
3.162741455822609682e-01
3.023315547325182706e-01
2.117838285026104606e-01
4.104450644853596675e-01
3.468439156332841500e-01
4.252151715067716831e-01
2.836306308611081239e-01
3.522483794770848164e-01
4.593813222331496471e-01
4.575177550387496961e-01
3.046853343705431816e-01
3.613735011313110590e-01
4.420053490365927207e-01
4.395149913616478443e-01
2.687416772465579529e-01
3.327534642213812455e-01
2.470010968362867654e-01
3.004498776717809960e-01
3.253847079355715599e-01
4.233757606125436723e-01
3.095197791324328374e-01
3.049438618713443683e-01
3.290194332184910309e-01
3.033751997872269346e-01
2.970829602546963266e-01
4.860467137052462694e-01
5.245691615228469384e-01
2.738264656733148117e-01
3.852565779995459905e-01
4.829167749446172109e-01
4.164396128259025831e-01
4.935411683355386270e-01
4.551745770642390831e-01
4.881424356538515696e-01
4.408716078435715446e-01
4.570182281761215326e-01
4.321828901481170049e-01
4.863716124628598703e-01
4.805910376688608543e-01
4.801519480533897877e-01
4.293679992238489396e-01
4.899927313941029317e-01
4.934530670826251519e-01
4.576157091472011218e-01
2.725403531087347564e-01
3.755639848979906437e-01
4.697069677595908654e-01
4.250216759168184977e-01
3.315012835843775263e-01
4.469153439769378289e-01
4.717184629004735341e-01
4.363413892972927699e-01
3.936366887333301312e-01
3.897010846099314696e-01
3.361689144512638450e-01
3.666084527055947784e-01
4.001431365121299044e-01
4.079474054921705117e-01
4.756993419275833967e-01
4.175061984704090956e-01
3.593600395207221521e-01
4.722380221176605830e-01
4.570316594953720557e-01
4.152788336460406793e-01
5.161390573216172450e-01
4.815465133064068537e-01
5.158417741588962047e-01
5.398048380246529554e-01
4.477631054245508890e-01
3.547111675411892540e-01
4.564518127769518485e-01
4.963699166412250396e-01
4.097886972415905604e-01
4.852014802253016845e-01
4.104398427029641860e-01
5.069406776187511676e-01
4.705387089544764145e-01
5.134336477718673963e-01
