1.692819194151805040e-01
1.485547578105559652e-01
1.978128052388246350e-01
1.730588158198560766e-01
1.697913806598920217e-01
1.651380683223788448e-01
1.883820484463985256e-01
1.591140091992341576e-01
1.773756742477416992e-01
1.797730745031283495e-01
1.870104699180676344e-01
2.250947404222992665e-01
1.877323363979275517e-01
2.462054427999716411e-01
1.557200023761162455e-01
1.709937745114215313e-01
1.533971570718746791e-01
2.156099407718731764e-01
2.535700353507239213e-01
2.568118211168509135e-01
2.423432086809323427e-01
2.704196847402132731e-01
1.867798232974914319e-01
2.164704824009766881e-01
2.526383624913600690e-01
2.093600504673444329e-01
2.760987741729387657e-01
1.917773458676842457e-01
3.166307371396284709e-01
2.645622385809054955e-01
3.169738504175956262e-01
2.438694722950458527e-01
2.706184655141372075e-01
2.453489515643853536e-01
2.618238037595382317e-01
3.267503306269645691e-01
2.985591934277461168e-01
1.786602191412104967e-01
2.549675247417046431e-01
2.074447605185783805e-01
3.053496697774299995e-01
2.184848872085030369e-01
2.851820290088653564e-01
2.404977727967959056e-01
2.454215013063870965e-01
2.412633130756708377e-01
2.592785132045929419e-01
2.696804415721159587e-01
2.661100935477476725e-01
2.935892018274618986e-01
2.554784625714931479e-01
2.638619856622356763e-01
2.465687930010832252e-01
2.336589647815204562e-01
2.400197370980794720e-01
2.400286449835850600e-01
3.021751582049406748e-01
2.898052778954689490e-01
2.308860353480737815e-01
2.554790132607405173e-01
2.856342709408356551e-01
2.815606638502616277e-01
3.092498564376280901e-01
2.358006703165861362e-01
3.219270253410705940e-01
2.896233911697680963e-01
2.740850866987155077e-01
2.995132556758247633e-01
2.850092213887434611e-01
2.787442119935384377e-01
3.360149089533548961e-01
2.496548423973413700e-01
2.764756583537046897e-01
2.231343355602943002e-01
3.275160468541659098e-01
3.271510452032089233e-01
2.256754567989936178e-01
3.301911844083896264e-01
3.076815628088437338e-01
2.918831534110583048e-01
2.404950258250419803e-01
2.575439885258674622e-01
2.475067139244996606e-01
3.598103302602584375e-01
2.699691813725691447e-01
3.678464515922734157e-01
2.532799054796879279e-01
3.233294600191024548e-01
2.793353910629565728e-01
2.979646342305036777e-01
3.198871059486499413e-01
3.430521946686964641e-01
2.888816554959003913e-01
2.192054770600337377e-01
2.707665029626626363e-01
2.413458679444514809e-01
2.721900319537290946e-01
3.363754777954174879e-01
2.820464240816923374e-01
2.556291827215598222e-01
2.870582201733039018e-01
