1.971886958926916122e-03
5.102555751800537109e-01
5.121310949325561523e-01
6.983593851327896118e-02
1.961014419794082642e-02
2.867878675460815430e-01
2.032429128885269165e-01
2.381141483783721924e-01
2.866564989089965820e-01
1.499654203653335571e-01
4.299264252185821533e-01
6.221773028373718262e-01
5.033540129661560059e-01
6.809480837546288967e-04
2.291588038206100464e-01
4.250905215740203857e-01
2.176614105701446533e-01
1.482515782117843628e-01
5.992679595947265625e-01
2.702260613441467285e-01
3.796407878398895264e-01
1.087567582726478577e-01
2.013932466506958008e-01
6.018671989440917969e-01
5.611164569854736328e-01
3.512270450592041016e-01
8.455276489257812500e-03
1.006051315926015377e-03
2.228154838085174561e-01
5.071148625575006008e-04
1.016891002655029297e-01
7.991828918457031250e-01
5.874220132827758789e-01
2.065688222646713257e-01
9.301896393299102783e-02
1.121359784156084061e-02
1.699268072843551636e-01
2.006292343139648438e-01
2.094030678272247314e-01
1.401000656187534332e-03
5.132907070219516754e-03
7.989990711212158203e-01
1.711209416389465332e-01
2.242258051410317421e-03
2.622322738170623779e-01
7.995299696922302246e-01
2.335568219423294067e-01
5.749670267105102539e-01
3.257945354562252760e-04
2.554055154323577881e-01
4.009110331535339355e-01
1.032679975032806396e-01
2.898727729916572571e-02
1.697626089480763767e-06
1.778378486633300781e-01
6.177903711795806885e-02
2.340100519359111786e-02
1.998800039291381836e-01
2.085199952125549316e-01
2.095202803611755371e-01
2.697969079017639160e-01
1.600119918584823608e-01
3.760158121585845947e-01
3.275902271270751953e-01
1.195830851793289185e-01
2.185031538829207420e-03
3.793592378497123718e-02
5.827263593673706055e-01
2.900423705577850342e-01
4.183557629585266113e-02
4.761032294481992722e-03
1.589030921459197998e-01
2.014793455600738525e-01
2.824118733406066895e-01
8.297972381114959717e-04
2.026835978031158447e-01
4.919174686074256897e-02
2.405653148889541626e-01
2.953879348933696747e-02
4.939116537570953369e-02
2.344017773866653442e-01
1.686815917491912842e-02
1.076961588114500046e-02
2.878823317587375641e-03
4.047213494777679443e-01
2.686203457415103912e-03
2.950710989534854889e-02
6.857885979115962982e-03
5.097332876175642014e-03
4.311363026499748230e-02
1.980422139167785645e-01
4.209539387375116348e-03
1.437594294548034668e-01
4.244216084480285645e-01
1.843791306018829346e-01
2.037838660180568695e-02
2.191330119967460632e-02
5.001419782638549805e-01
2.510928511619567871e-01
2.292932942509651184e-03
2.029395550489425659e-01
5.679801702499389648e-01
2.033918946981430054e-01
4.012925624847412109e-01
1.154175493866205215e-02
2.483147894963622093e-03
6.067866683006286621e-01
2.405043989419937134e-01
3.057630956172943115e-01
1.923016160726547241e-01
1.994468122720718384e-01
4.281221628189086914e-01
3.029915392398834229e-01
2.011935859918594360e-01
2.000966966152191162e-01
6.039733886718750000e-01
2.027636766433715820e-01
4.566985648125410080e-03
7.908934354782104492e-02
4.236951172351837158e-01
5.193625092506408691e-01
2.664250433444976807e-01
5.407770723104476929e-02
8.321262896060943604e-02
2.851902246475219727e-01
2.207476198673248291e-01
2.053064554929733276e-01
1.809596717357635498e-01
3.176690042018890381e-01
1.326544433832168579e-01
1.928646862506866455e-02
1.476458907127380371e-01
4.321013391017913818e-01
2.343819439411163330e-01
8.374089747667312622e-02
1.800883561372756958e-01
5.932434797286987305e-01
9.290244430303573608e-02
2.265111356973648071e-01
6.279178708791732788e-02
4.484906792640686035e-03
1.831225156784057617e-01
2.359308153390884399e-01
1.766961626708507538e-02
4.981824196875095367e-03
3.519968390464782715e-01
1.988475322723388672e-01
2.716693878173828125e-01
4.298345372080802917e-02
3.531118631362915039e-01
2.155544161796569824e-01
2.128272950649261475e-01
3.554946184158325195e-01
1.230512037873268127e-01
3.110136894974857569e-04
3.427152335643768311e-02
2.434313111007213593e-02
1.516176480799913406e-02
7.507570385932922363e-01
4.002847075462341309e-01
5.793171375989913940e-02
3.266298770904541016e-02
2.062810212373733521e-01
1.100109592080116272e-01
4.266899824142456055e-01
1.276992410421371460e-01
2.403234597295522690e-03
4.096180200576782227e-01
2.071805447340011597e-01
7.936131954193115234e-01
4.061023294925689697e-01
5.804648399353027344e-01
2.407205253839492798e-01
2.796818315982818604e-02
2.230303585529327393e-01
4.763255417346954346e-01
1.867397129535675049e-02
5.881682634353637695e-01
1.533759408630430698e-03
1.956878155469894409e-01
4.611431956291198730e-01
6.102304458618164062e-01
6.082023382186889648e-01
2.032659904216416180e-05
1.045576706528663635e-01
9.472660720348358154e-02
8.739938028156757355e-03
2.692216634750366211e-02
2.882774174213409424e-02
2.381915152072906494e-01
2.225592285394668579e-01
2.293588360771536827e-03
1.615217775106430054e-01
2.355146259069442749e-01
5.453066155314445496e-02
7.723461985588073730e-01
4.304641915950924158e-04
3.030430674552917480e-01
2.516268286854028702e-03
1.654731226153671741e-03
3.963920474052429199e-01
2.032039761543273926e-01
3.723120782524347305e-03
2.213439904153347015e-02
2.021340876817703247e-01
3.922908306121826172e-01
2.002212591469287872e-02
2.000309824943542480e-01
8.653997182846069336e-01
8.482506871223449707e-02
3.545773327350616455e-01
4.295267760753631592e-01
2.672981470823287964e-03
5.883049964904785156e-01
4.076844155788421631e-01
8.682944625616073608e-02
4.085949659347534180e-01
1.909890910610556602e-03
4.102408885955810547e-01
1.882696449756622314e-01
5.748640298843383789e-01
5.968140959739685059e-01
5.081117153167724609e-02
4.780026078224182129e-01
2.309274971485137939e-01
4.054260253906250000e-02
6.290062665939331055e-01
4.013714790344238281e-01
4.650894552469253540e-02
2.386211976408958435e-02
2.568383701145648956e-03
1.050452813506126404e-01
6.097669154405593872e-02
2.442988753318786621e-01
8.949932456016540527e-01
1.998569816350936890e-01
3.763918578624725342e-01
8.125592470169067383e-01
4.425411112606525421e-03
2.100826650857925415e-01
1.454212665557861328e-01
2.311273962259292603e-01
5.037658289074897766e-02
1.139603555202484131e-03
6.457822769880294800e-02
2.631685696542263031e-02
1.408625692129135132e-01
6.256750822067260742e-01
5.866286344826221466e-03
3.906846642494201660e-01
1.013992726802825928e-01
5.953274965286254883e-01
2.246650904417037964e-01
2.792977988719940186e-01
4.665040969848632812e-01
9.103721007704734802e-03
1.991068720817565918e-01
2.015503942966461182e-01
1.159591600298881531e-02
4.024176597595214844e-01
2.279518842697143555e-01
8.661743998527526855e-02
2.973381876945495605e-01
4.427017569541931152e-01
1.584464311599731445e-01
2.206421457231044769e-02
3.958372175693511963e-01
2.495854943990707397e-01
2.128643393516540527e-01
6.160439224913716316e-04
2.005743682384490967e-01
3.410998880863189697e-01
5.371275916695594788e-02
1.484170109033584595e-01
1.417924165725708008e-01
2.335801720619201660e-01
4.685957357287406921e-02
4.160627722740173340e-01
4.017592873424291611e-03
8.795066177845001221e-02
1.029576659202575684e-01
6.808789074420928955e-02
2.596306800842285156e-01
2.929941117763519287e-01
2.203668802976608276e-01
4.460957050323486328e-01
5.740952491760253906e-01
8.610279564891243353e-07
6.667842864990234375e-01
5.812557935714721680e-01
4.138105511665344238e-01
8.313843980431556702e-03
3.908056616783142090e-01
5.645912289619445801e-01
8.777532726526260376e-03
3.990502953529357910e-01
1.516795251518487930e-03
3.751679956912994385e-01
3.775362372398376465e-01
7.662036418914794922e-01
1.655817031860351562e-02
3.247137963771820068e-01
4.020292162895202637e-01
1.139034852385520935e-01
8.116921409964561462e-03
1.369321346282958984e-01
4.028055369853973389e-01
3.855021595954895020e-01
2.761966586112976074e-01
1.976945847272872925e-01
1.782920211553573608e-03
2.472743839025497437e-01
2.224058955907821655e-01
2.240117901237681508e-04
4.055810570716857910e-01
3.863113224506378174e-01
2.814173698425292969e-01
7.495271414518356323e-02
7.571400403976440430e-01
4.438198208808898926e-01
5.920369625091552734e-01
2.142359167337417603e-01
3.709592390805482864e-03
1.914595961570739746e-01
3.138219416141510010e-01
6.011347174644470215e-01
5.675221681594848633e-01
3.196997344493865967e-01
2.027851045131683350e-01
2.152679860591888428e-01
1.585085759870707989e-03
1.097497344017028809e-01
2.132603973150253296e-01
4.520742893218994141e-01
5.292218551039695740e-02
2.595191262662410736e-02
4.215775132179260254e-01
5.628322362899780273e-01
5.848888754844665527e-01
3.074967265129089355e-01
2.633629143238067627e-01
1.354129463434219360e-01
1.368372235447168350e-03
2.020897269248962402e-01
8.888012915849685669e-02
3.777107000350952148e-01
3.550261855125427246e-01
1.082437857985496521e-02
2.037297040224075317e-01
4.524828791618347168e-01
4.011426270008087158e-01
3.936540782451629639e-01
6.437708158046007156e-03
5.863992124795913696e-02
3.351069986820220947e-01
2.089387364685535431e-02
2.833695709705352783e-01
4.001390933990478516e-01
2.083537727594375610e-01
1.259904354810714722e-03
3.720768094062805176e-01
1.533845812082290649e-01
3.430515825748443604e-01
4.152178764343261719e-01
6.717939376831054688e-01
5.686739087104797363e-01
4.903478622436523438e-01
4.239289164543151855e-01
7.114664316177368164e-01
1.475251168012619019e-01
4.786210656166076660e-01
2.459701299667358398e-01
2.320433259010314941e-01
9.867561608552932739e-02
4.744651615619659424e-01
5.619850158691406250e-01
7.967661023139953613e-01
4.031295180320739746e-01
2.305303514003753662e-01
5.339093804359436035e-01
2.522933185100555420e-01
2.152616381645202637e-01
4.313753545284271240e-01
4.396035373210906982e-01
2.840089797973632812e-01
4.958015978336334229e-01
4.138826392590999603e-03
6.296150386333465576e-02
1.450411826372146606e-01
2.913249135017395020e-01
6.019513607025146484e-01
2.165367007255554199e-01
2.142944931983947754e-01
3.638308867812156677e-02
3.804549276828765869e-01
5.044950246810913086e-01
3.248863816261291504e-01
3.475250303745269775e-02
1.917465180158615112e-01
5.430420860648155212e-04
2.064622491598129272e-01
4.895765781402587891e-01
2.846881747245788574e-01
5.969300270080566406e-01
2.071529328823089600e-01
4.064565598964691162e-01
6.732196807861328125e-01
5.513590574264526367e-01
2.136353403329849243e-01
3.643555343151092529e-01
7.626971006393432617e-01
2.698570676147937775e-02
6.070666713640093803e-04
2.005352526903152466e-01
2.268830779939889908e-03
4.615680873394012451e-01
2.300140261650085449e-01
4.302949011325836182e-01
6.137442588806152344e-01
3.012894392013549805e-01
3.643315434455871582e-01
1.833799183368682861e-01
5.479699373245239258e-01
7.389931082725524902e-01
8.227967023849487305e-01
1.554884314537048340e-01
9.144752472639083862e-02
4.789605736732482910e-02
4.174450039863586426e-01
5.246492028236389160e-01
1.971692591905593872e-01
3.968736231327056885e-01
3.647095561027526855e-01
3.064574599266052246e-01
2.802770137786865234e-01
3.935482203960418701e-01
4.090067148208618164e-01
5.959435105323791504e-01
3.986485004425048828e-01
2.356519252061843872e-01
7.051324844360351562e-01
8.825172781944274902e-01
4.319473803043365479e-01
3.924172520637512207e-01
5.924832820892333984e-01
2.647700607776641846e-01
5.334446430206298828e-01
2.789824008941650391e-01
1.952890753746032715e-01
5.836001038551330566e-01
6.023470759391784668e-01
4.662271142005920410e-01
1.514165550470352173e-01
2.445834921672940254e-03
2.723901905119419098e-02
5.384725928306579590e-01
1.013641152530908585e-02
7.857080101966857910e-01
3.759171366691589355e-01
4.568543434143066406e-01
1.154174841940402985e-02
1.948722749948501587e-01
6.382766366004943848e-01
6.657224297523498535e-01
4.547113552689552307e-02
3.682714304886758327e-04
2.006933987140655518e-01
3.631034493446350098e-01
5.938106775283813477e-01
3.853019177913665771e-01
2.636635303497314453e-01
7.459917068481445312e-01
4.062745869159698486e-01
4.169907420873641968e-02
5.318951010704040527e-01
7.930914759635925293e-01
3.046701252460479736e-01
7.805038690567016602e-01
5.558469565585255623e-04
3.577357530593872070e-01
9.842537343502044678e-02
9.518629312515258789e-01
2.006431072950363159e-01
1.890843063592910767e-01
1.126866489648818970e-01
3.996320962905883789e-01
5.490208044648170471e-03
2.309518493711948395e-02
2.033915221691131592e-01
3.956781327724456787e-01
2.839909167960286140e-03
5.680940672755241394e-02
5.398971587419509888e-02
3.781957328319549561e-01
3.555781841278076172e-01
3.984245061874389648e-01
1.967089772224426270e-01
6.981088519096374512e-01
2.066247314214706421e-01
6.102340295910835266e-02
1.956696435809135437e-02
1.044541597366333008e-01
4.485185071825981140e-02
1.997333718463778496e-03
1.442309170961380005e-01
1.617985665798187256e-01
9.094983339309692383e-02
2.143174260854721069e-01
5.569406151771545410e-01
4.425607919692993164e-01
2.334709763526916504e-01
3.257786035537719727e-01
2.400866476818919182e-03
5.384917855262756348e-01
2.100895792245864868e-01
5.815574526786804199e-02
3.945426084101200104e-03
1.123280730098485947e-02
1.695029139518737793e-01
4.155097603797912598e-01
6.571019887924194336e-01
4.036556482315063477e-01
2.081858962774276733e-01
3.830215334892272949e-01
2.410038709640502930e-01
5.744668189436197281e-03
3.470694124698638916e-01
6.457352545112371445e-03
3.450497686862945557e-01
2.138369344174861908e-02
1.295028999447822571e-02
3.715994954109191895e-01
2.178444266319274902e-01
6.202076673507690430e-01
6.019501686096191406e-01
2.745451927185058594e-01
2.713777124881744385e-01
3.989776670932769775e-01
2.027077525854110718e-01
1.346930075669661164e-04
1.792112886905670166e-01
5.646576881408691406e-01
9.400503709912300110e-03
6.021115928888320923e-03
4.649102687835693359e-01
2.073202729225158691e-01
8.035804033279418945e-01
4.088892638683319092e-01
2.178045660257339478e-01
2.341402173042297363e-01
4.046571850776672363e-01
3.990304172039031982e-01
9.510552138090133667e-02
2.099128216505050659e-01
4.221590757369995117e-01
1.921071438118815422e-03
1.105324598029255867e-03
1.957278698682785034e-01
2.694403231143951416e-01
4.133335649967193604e-01
2.053003162145614624e-01
3.765135407447814941e-01
6.255901604890823364e-02
3.987841308116912842e-01
2.750310814008116722e-04
1.068038642406463623e-01
9.617858380079269409e-02
2.291666269302368164e-01
1.424153149127960205e-01
5.479682236909866333e-02
1.798298954963684082e-01
1.404629554599523544e-02
6.076623201370239258e-01
2.476872801780700684e-01
1.371809048578143120e-04
4.529489576816558838e-01
2.301737368106842041e-01
4.003038406372070312e-01
1.736781559884548187e-03
2.768905758857727051e-01
4.257185757160186768e-01
2.339101135730743408e-01
7.737749069929122925e-02
8.153900504112243652e-01
5.057696104049682617e-01
2.226916253566741943e-01
4.235280156135559082e-01
2.222403511404991150e-02
2.107670307159423828e-01
8.825240284204483032e-02
3.990924358367919922e-01
5.316134542226791382e-03
3.805191218852996826e-01
5.861295461654663086e-01
2.896442413330078125e-01
4.170328611508011818e-04
3.960183262825012207e-01
3.200893998146057129e-01
4.430748820304870605e-01
6.138657927513122559e-01
1.206191629171371460e-02
1.754601150751113892e-01
4.879156351089477539e-01
1.642208099365234375e-01
5.837060883641242981e-02
1.109882444143295288e-01
5.686393380165100098e-01
2.157979905605316162e-01
2.438565343618392944e-01
9.787522256374359131e-02
6.862976551055908203e-01
4.763880372047424316e-01
2.027955353260040283e-01
1.334221335127949715e-03
2.746372818946838379e-01
3.551466166973114014e-01
3.981457650661468506e-01
7.137972395867109299e-03
3.704233765602111816e-01
7.971574068069458008e-01
3.459552228450775146e-01
1.626396626234054565e-01
1.930525451898574829e-01
1.731105335056781769e-02
4.272712171077728271e-01
2.509657740592956543e-01
2.519515454769134521e-01
7.822536230087280273e-01
2.947378158569335938e-01
7.830997109413146973e-01
3.973535895347595215e-01
1.082680895924568176e-01
4.017027616500854492e-01
2.808910608291625977e-02
3.683865070343017578e-01
2.335036695003509521e-01
3.539895415306091309e-01
4.812891483306884766e-01
5.209120512008666992e-01
2.211778424680233002e-03
7.554308772087097168e-01
1.843735873699188232e-01
4.639036655426025391e-01
2.014932632446289062e-01
4.806543588638305664e-01
3.584752231836318970e-02
1.966532021760940552e-01
2.083006314933300018e-03
4.248781204223632812e-01
2.024003267288208008e-01
7.590541243553161621e-01
3.961618244647979736e-01
1.919827312231063843e-01
4.151374101638793945e-01
3.417919874191284180e-01
1.189029216766357422e-02
8.164247992681339383e-05
2.548280060291290283e-01
1.011596526950597763e-03
2.847424941137433052e-03
4.677849356085062027e-03
1.179032772779464722e-01
4.353646636009216309e-01
5.858471393585205078e-01
2.225167453289031982e-01
3.147368784993886948e-03
4.238130152225494385e-01
5.318569764494895935e-02
3.932253420352935791e-01
3.895877599716186523e-01
6.869901716709136963e-02
1.023322623223066330e-02
1.976387053728103638e-01
2.091825753450393677e-01
3.835244178771972656e-01
3.885061740875244141e-01
5.924848914146423340e-01
5.962263345718383789e-01
1.601117104291915894e-01
2.063241451978683472e-01
1.147683188319206238e-01
5.987044051289558411e-02
3.262626007199287415e-03
1.940664649009704590e-01
1.919522881507873535e-01
1.982368826866149902e-01
3.167601227760314941e-01
2.345640361309051514e-01
1.939606070518493652e-01
9.805766344070434570e-01
1.978705674409866333e-01
2.567206323146820068e-01
3.865413665771484375e-01
1.045166552066802979e-01
1.985590010881423950e-01
3.642269875854253769e-03
1.726306527853012085e-01
4.633926451206207275e-01
1.940708160400390625e-01
4.113962352275848389e-01
1.086361482739448547e-01
3.721581697463989258e-01
4.044268727302551270e-01
4.016973376274108887e-01
1.943107545375823975e-01
1.834823042154312134e-01
2.524414062500000000e-01
1.658879104070365429e-03
1.466051489114761353e-01
3.712207376956939697e-01
2.217046916484832764e-01
6.466443538665771484e-01
3.246186077594757080e-01
2.962701022624969482e-01
3.181070685386657715e-01
6.574105024337768555e-01
2.004150301218032837e-01
4.505608230829238892e-02
2.044941484928131104e-01
5.497218966484069824e-01
3.958275318145751953e-01
2.079289406538009644e-01
3.617366254329681396e-01
3.559354543685913086e-01
5.229356884956359863e-01
5.868146568536758423e-02
2.400356978178024292e-01
3.432680368423461914e-01
5.912547111511230469e-01
7.835726141929626465e-01
2.402698155492544174e-03
5.844027400016784668e-01
4.022325873374938965e-01
1.546757072210311890e-01
5.760890841484069824e-01
4.060499072074890137e-01
1.881180852651596069e-01
3.520334362983703613e-01
3.905263543128967285e-01
1.696029603481292725e-01
1.089786440134048462e-01
6.739871501922607422e-01
5.689951181411743164e-01
3.556247800588607788e-02
2.511654496192932129e-01
2.151722908020019531e-01
3.871774375438690186e-01
6.010840460658073425e-02
3.968360126018524170e-01
4.500727653503417969e-01
3.799671530723571777e-01
1.128137856721878052e-02
4.839949607849121094e-01
6.926568746566772461e-01
4.007782042026519775e-01
3.938570618629455566e-01
1.854894310235977173e-01
7.599604725837707520e-01
3.538836538791656494e-01
5.906730294227600098e-01
3.079069554805755615e-01
4.147404730319976807e-01
4.315862655639648438e-01
3.184232860803604126e-02
2.183118015527725220e-01
1.874533444643020630e-01
3.550820648670196533e-01
6.812530755996704102e-01
7.698783278465270996e-01
1.832777410745620728e-01
2.285577058792114258e-01
2.252042293548583984e-01
1.692964695394039154e-02
3.976916670799255371e-01
1.843262016773223877e-01
7.642732560634613037e-02
5.437296349555253983e-04
1.238792855292558670e-02
1.488389521837234497e-01
3.830267190933227539e-01
9.711757898330688477e-01
2.198803573846817017e-01
1.976745575666427612e-01
2.147192060947418213e-01
3.591553270816802979e-01
3.762339055538177490e-01
4.290917813777923584e-01
5.942638963460922241e-04
7.224778085947036743e-02
2.001298964023590088e-01
1.455512642860412598e-01
1.286698225885629654e-02
1.681119054555892944e-01
9.130691289901733398e-01
4.492239356040954590e-01
1.936013400554656982e-01
4.010138809680938721e-01
2.670625448226928711e-01
1.969803273677825928e-01
1.590837389230728149e-01
7.616286873817443848e-01
6.370848417282104492e-02
3.040579557418823242e-01
4.009531140327453613e-01
1.845236271619796753e-01
2.653827965259552002e-01
7.759669423103332520e-01
5.912751555442810059e-01
6.706804269924759865e-04
4.023945927619934082e-01
3.063530623912811279e-01
5.524364858865737915e-02
3.927665948867797852e-01
2.428047209978103638e-01
4.518458247184753418e-02
2.013059407472610474e-01
2.006432861089706421e-01
3.518455922603607178e-01
6.601839065551757812e-01
2.391458451747894287e-01
2.028160542249679565e-01
2.018615603446960449e-01
2.087278962135314941e-01
4.565896689891815186e-01
2.800570987164974213e-02
3.704204559326171875e-01
3.600604236125946045e-01
2.724449336528778076e-01
3.387352451682090759e-02
4.051619907841086388e-04
1.591058522462844849e-01
9.936470985412597656e-01
6.409609317779541016e-01
1.975633651018142700e-01
1.644135415554046631e-01
6.308780312538146973e-01
2.274665385484695435e-01
2.742623984813690186e-01
2.069510752335190773e-03
2.705480158329010010e-01
3.363770991563796997e-02
5.138532519340515137e-01
1.059558242559432983e-03
4.068338498473167419e-02
3.401779532432556152e-01
6.475372314453125000e-01
1.151065677404403687e-01
3.875147700309753418e-01
2.068291306495666504e-01
4.447221755981445312e-01
3.876895308494567871e-01
6.839485168457031250e-01
2.272064983844757080e-01
2.029788643121719360e-01
2.028330415487289429e-01
2.289158105850219727e-01
4.001331329345703125e-01
1.334055885672569275e-02
5.941588282585144043e-01
5.071308612823486328e-01
3.963795024901628494e-04
2.135830670595169067e-01
1.412014514207839966e-01
4.661351069808006287e-02
4.290549755096435547e-01
5.262153223156929016e-03
4.108697175979614258e-01
3.199122846126556396e-01
1.983095705509185791e-01
1.276943553239107132e-02
9.851002693176269531e-01
2.089544534683227539e-01
3.236794471740722656e-01
2.677758783102035522e-02
4.282954633235931396e-01
6.693909764289855957e-01
2.332200706005096436e-01
1.305149793624877930e-01
3.616263270378112793e-01
2.145186364650726318e-01
1.844267942942678928e-03
5.927138775587081909e-02
3.735719323158264160e-01
2.193566411733627319e-01
6.337511539459228516e-01
6.162836551666259766e-01
2.215657979249954224e-01
4.113433361053466797e-01
3.509130477905273438e-01
5.875359177589416504e-01
2.904261350631713867e-01
3.947299718856811523e-01
1.843747496604919434e-01
7.550782710313796997e-02
5.193952098488807678e-02
1.992891170084476471e-02
2.393436059355735779e-02
7.832858562469482422e-01
6.835478544235229492e-02
1.915632933378219604e-01
1.312814652919769287e-01
4.180699884891510010e-01
1.815432310104370117e-01
1.839246600866317749e-02
5.846528410911560059e-01
4.762089625000953674e-02
2.754147164523601532e-03
5.978072285652160645e-01
2.000316232442855835e-01
6.590127944946289062e-03
4.215660095214843750e-01
5.140603780746459961e-01
1.446345001459121704e-01
2.274089306592941284e-01
5.963308811187744141e-01
4.169310629367828369e-01
1.787888407707214355e-01
8.105279207229614258e-01
4.852184057235717773e-01
1.998913437128067017e-01
2.012375593185424805e-01
4.061459898948669434e-01
4.486420154571533203e-01
2.748182713985443115e-01
3.879088908433914185e-03
2.308199182152748108e-03
2.246667146682739258e-01
5.796319246292114258e-01
2.646907866001129150e-01
3.028983473777770996e-01
6.521239876747131348e-01
5.740031003952026367e-01
2.674263715744018555e-01
3.147056698799133301e-01
5.561499297618865967e-02
1.006497293710708618e-01
6.216676235198974609e-01
4.129973053932189941e-01
3.249734072596766055e-05
6.079272627830505371e-01
1.832030415534973145e-01
4.665180295705795288e-02
4.624938070774078369e-01
4.041521251201629639e-02
4.020605981349945068e-01
3.309225142002105713e-01
3.872176865115761757e-03
3.615975677967071533e-01
2.736299335956573486e-01
7.840970754623413086e-01
4.011453092098236084e-01
3.258179724216461182e-01
1.900522708892822266e-01
2.218173593282699585e-01
6.681153178215026855e-01
1.800685822963714600e-01
5.131419897079467773e-01
4.594122990965843201e-02
8.151087909936904907e-02
4.233317449688911438e-02
3.952006697654724121e-01
2.160602807998657227e-01
7.885028719902038574e-01
2.094928473234176636e-01
1.986120194196701050e-01
6.251410841941833496e-01
2.605414688587188721e-01
1.269733458757400513e-01
4.521433413028717041e-01
3.964699804782867432e-01
4.671741425991058350e-01
1.703021824359893799e-01
1.930689960718154907e-01
4.146065711975097656e-01
5.993161201477050781e-01
3.483529090881347656e-01
1.034250948578119278e-02
3.228835761547088623e-01
5.963974595069885254e-01
2.283716052770614624e-01
2.451396882534027100e-01
1.970175653696060181e-01
4.768282175064086914e-01
3.850204050540924072e-01
2.183020301163196564e-02
5.075982213020324707e-02
9.589669294655323029e-03
3.960295617580413818e-01
7.567086815834045410e-01
2.354183495044708252e-01
2.181427329778671265e-01
4.196287691593170166e-01
6.100559234619140625e-01
2.076284885406494141e-01
5.927618145942687988e-01
2.566311061382293701e-01
2.694075703620910645e-01
3.668378572911024094e-03
2.089387476444244385e-01
1.068702116608619690e-01
7.133791223168373108e-03
5.410259962081909180e-01
3.727460503578186035e-01
1.709361225366592407e-01
3.905296325683593750e-01
5.659305453300476074e-01
3.338596820831298828e-01
2.398001961410045624e-03
3.785842359066009521e-01
1.952226758003234863e-01
1.817160402424633503e-03
1.176831424236297607e-01
2.739557921886444092e-01
2.196869812905788422e-02
8.313221931457519531e-01
2.114998251199722290e-01
2.028633058071136475e-01
2.085009068250656128e-01
2.244537621736526489e-01
3.418043255805969238e-01
1.891493350267410278e-01
5.955757573246955872e-02
6.412771940231323242e-01
4.139125347137451172e-01
1.857651211321353912e-02
4.548641741275787354e-01
5.564653873443603516e-01
4.030885994434356689e-01
1.929539889097213745e-01
2.472198158502578735e-01
1.242395862936973572e-01
2.542036473751068115e-01
3.842942416667938232e-01
3.477450013160705566e-01
2.189854830503463745e-01
4.674865901470184326e-01
6.209577322006225586e-01
7.514921482652425766e-03
2.442380338907241821e-01
5.325216054916381836e-01
2.061478495597839355e-01
3.876300454139709473e-01
2.150218784809112549e-01
4.039240181446075439e-01
6.849948167800903320e-01
2.697148919105529785e-01
6.624543070793151855e-01
1.241419687867164612e-01
6.710703372955322266e-01
1.504876315593719482e-01
6.722799036651849747e-03
4.285864997655153275e-03
3.984168767929077148e-01
6.014731526374816895e-01
7.949400544166564941e-01
2.341700904071331024e-02
7.153035998344421387e-01
2.824972867965698242e-01
6.484282016754150391e-01
1.999569833278656006e-01
1.867136657238006592e-01
3.782879710197448730e-01
2.123555913567543030e-02
1.983312517404556274e-01
3.104023821651935577e-02
1.460988968610763550e-01
7.895105481147766113e-01
4.268911182880401611e-01
1.173724755644798279e-01
4.053217768669128418e-01
3.046779036521911621e-01
6.391521692276000977e-01
2.090771049261093140e-01
3.925455510616302490e-01
2.001369297504425049e-01
2.016101926565170288e-01
3.350161947309970856e-03
4.023763537406921387e-01
1.010088436305522919e-02
6.331974864006042480e-01
1.976655721664428711e-01
1.307183951139450073e-01
1.092506349086761475e-01
2.619302272796630859e-01
4.114874303340911865e-01
2.165461331605911255e-01
2.963232100009918213e-01
1.566565930843353271e-01
5.203765630722045898e-01
1.482641673646867275e-03
3.885030448436737061e-01
2.688820958137512207e-01
4.112089574337005615e-01
2.282787412405014038e-01
1.930844038724899292e-01
2.151632755994796753e-01
2.343921065330505371e-01
5.728496909141540527e-01
5.622475743293762207e-01
3.879647552967071533e-01
4.708325266838073730e-01
4.966170787811279297e-01
5.617229617200791836e-04
8.515608310699462891e-02
4.644655883312225342e-01
5.249839425086975098e-01
6.269729137420654297e-01
3.879224658012390137e-01
4.778009355068206787e-01
4.085186123847961426e-01
9.968092441558837891e-01
1.118883257731795311e-03
4.451721310615539551e-01
1.998663097620010376e-01
7.983233928680419922e-01
1.534235626459121704e-01
3.244500607252120972e-03
1.772888377308845520e-02
3.901189863681793213e-01
2.044773399829864502e-01
1.751790642738342285e-01
3.316941857337951660e-01
1.486243456602096558e-01
7.953131198883056641e-01
8.235813118517398834e-03
4.753801226615905762e-01
6.552654504776000977e-01
3.110788762569427490e-01
1.477332203648984432e-03
2.048476189374923706e-01
9.340395219624042511e-03
2.689784765243530273e-01
3.770246803760528564e-01
1.991416513919830322e-01
6.054624915122985840e-01
6.345043182373046875e-01
2.914387881755828857e-01
2.322670519351959229e-01
1.999296694993972778e-01
1.987726539373397827e-01
2.011568397283554077e-01
3.997625410556793213e-01
4.000660777091979980e-01
1.819866884034126997e-04
5.969669818878173828e-01
2.190418392419815063e-01
1.533339768648147583e-01
5.049365758895874023e-01
4.173851013183593750e-01
3.839115798473358154e-01
8.431102633476257324e-01
1.853392422199249268e-01
3.645469248294830322e-01
4.392495453357696533e-01
4.069702029228210449e-01
4.356514811515808105e-01
4.253799021244049072e-01
7.738238573074340820e-01
3.966109752655029297e-01
7.602208759635686874e-03
5.055378675460815430e-01
2.426447868347167969e-01
5.704784393310546875e-01
4.035828113555908203e-01
3.158959150314331055e-01
4.937042593955993652e-01
2.074358761310577393e-01
2.944260835647583008e-01
1.216039992868900299e-02
3.152385652065277100e-01
3.793848752975463867e-01
2.495136857032775879e-01
3.990381956100463867e-01
7.942640781402587891e-01
4.401999115943908691e-01
3.403816223144531250e-01
3.167530298233032227e-01
5.205973386764526367e-01
1.110475510358810425e-02
2.095677554607391357e-01
8.087430614978075027e-04
6.005016565322875977e-01
3.432188630104064941e-01
6.074101924896240234e-01
9.755537509918212891e-01
5.994905233383178711e-01
6.039000749588012695e-01
2.628798186779022217e-01
4.581156671047210693e-01
4.006544649600982666e-01
7.974673807621002197e-02
4.522014260292053223e-01
2.864288389682769775e-01
1.649275720119476318e-01
2.185969846323132515e-03
1.533155608922243118e-02
5.602096915245056152e-01
1.935829371213912964e-01
3.781009018421173096e-01
7.876486778259277344e-01
2.936902642250061035e-01
2.170757651329040527e-01
5.920715332031250000e-01
3.532568514347076416e-01
4.318917989730834961e-01
3.750420510768890381e-01
1.903913915157318115e-02
5.909427404403686523e-01
1.997139453887939453e-01
6.305299997329711914e-01
2.963406443595886230e-01
3.719612061977386475e-01
5.689093470573425293e-01
3.328584134578704834e-01
2.066147029399871826e-01
2.152942419052124023e-01
2.750634551048278809e-01
6.152174472808837891e-01
3.515403568744659424e-01
6.136670708656311035e-04
2.026724368333816528e-01
6.123486533761024475e-02
7.819012999534606934e-01
3.244905769824981689e-01
1.681581437587738037e-01
4.087168723344802856e-02
1.732840389013290405e-01
2.563890814781188965e-01
4.567158818244934082e-01
1.382938474416732788e-01
4.495683610439300537e-01
8.195313811302185059e-02
4.073995351791381836e-02
5.933634638786315918e-01
2.915908768773078918e-02
2.098708748817443848e-01
7.102119922637939453e-02
4.163029789924621582e-01
5.193586945533752441e-01
5.613032579421997070e-01
2.594389207661151886e-02
1.996171474456787109e-01
1.735026761889457703e-02
2.639611065387725830e-01
4.022363126277923584e-01
4.691225290298461914e-01
3.037127852439880371e-01
4.529294669628143311e-01
7.275949120521545410e-01
7.652336359024047852e-01
2.048058956861495972e-01
5.984439253807067871e-01
2.329569011926651001e-01
5.918819904327392578e-01
3.948914408683776855e-01
4.053630828857421875e-01
4.227311909198760986e-01
3.701636791229248047e-01
2.385327816009521484e-01
3.366770446300506592e-01
1.177044003270566463e-03
4.034246206283569336e-01
3.285801410675048828e-01
1.926300078630447388e-01
5.980961322784423828e-01
2.906744480133056641e-01
4.450293779373168945e-01
5.610144138336181641e-01
5.506827682256698608e-02
4.066412746906280518e-01
4.827179312705993652e-01
3.979694247245788574e-01
3.991927802562713623e-01
1.968879997730255127e-01
5.978044271469116211e-01
9.840959310531616211e-01
1.188667118549346924e-01
7.499231100082397461e-01
4.097949862480163574e-01
4.064824581146240234e-01
3.882973790168762207e-01
9.145369753241539001e-03
1.491558551788330078e-02
3.646516203880310059e-01
3.420710265636444092e-01
1.937529891729354858e-01
2.278308719396591187e-01
5.833120346069335938e-01
3.502091467380523682e-01
5.695311427116394043e-01
5.952700376510620117e-01
2.436270713806152344e-01
2.531322836875915527e-01
3.668562173843383789e-01
3.919035792350769043e-01
6.322786957025527954e-02
4.019619226455688477e-01
3.936389088630676270e-01
1.348885591141879559e-03
1.911059617996215820e-01
2.092782407999038696e-01
2.715291082859039307e-01
8.790523861534893513e-05
6.214135289192199707e-01
7.396214455366134644e-02
2.253460288047790527e-01
2.218817174434661865e-01
1.959802508354187012e-01
2.274059057235717773e-01
4.145208001136779785e-01
2.428222149610519409e-01
1.275812368839979172e-02
1.627587229013442993e-01
