1.973616008399403654e-06
1.751527888700366020e-03
2.891011070460081100e-03
7.816503057256340981e-04
2.822297101374715567e-04
1.999576687812805176e-01
7.036088500171899796e-04
1.757473510224372149e-04
1.506700413301587105e-03
1.941355764865875244e-01
1.997094154357910156e-01
1.167668074231187347e-06
4.486713442020118237e-05
5.332053206075215712e-06
2.097684144973754883e-01
2.995183749590069056e-04
7.005385123193264008e-03
3.526507061906158924e-04
4.115943983197212219e-02
1.320481969742104411e-04
2.519568661227822304e-04
7.857656106352806091e-03
3.198770457402133616e-07
3.531993925571441650e-02
1.115474617108702660e-03
1.090750796720385551e-03
1.463230307318513779e-13
3.012424087955878349e-09
4.005610942840576172e-01
4.698229652544405610e-12
1.629596795282850508e-07
5.815421342849731445e-01
1.128045732912141830e-05
2.843590252155081544e-09
2.826376658049412072e-06
2.000308632850646973e-01
3.757452532227034681e-06
1.903668999148067087e-05
6.805227167205885053e-05
1.382646492957551043e-12
1.668255377590410760e-13
1.098827794194221497e-01
1.349567715078592300e-02
1.903683460868776933e-11
2.012225389480590820e-01
1.865581180027220398e-05
2.245807088911533356e-03
1.586033022249466740e-06
2.002151310443878174e-01
1.936046173796057701e-03
1.707894960418343544e-03
9.805727074763126438e-08
2.230892641819082201e-05
1.023897056029454689e-07
4.038350582122802734e-01
6.622410845011472702e-03
2.192110056057572365e-03
5.993752479553222656e-01
1.771606691181659698e-02
1.294809590035583824e-05
2.447476674660720164e-07
5.994611978530883789e-01
2.654261334100738168e-05
1.835417788242921233e-05
4.794952474185265601e-05
2.035645429998567124e-09
1.097499868762952246e-08
2.001420855522155762e-01
2.272443473339080811e-01
2.537999534979462624e-03
6.113856215961277485e-04
6.831292994320392609e-04
3.155389102175831795e-03
3.458348219282925129e-04
7.102516293525695801e-02
1.845552818849682808e-03
1.919823698699474335e-03
3.063377516809850931e-05
1.826041398089728318e-07
9.829822147366940044e-07
2.004734128713607788e-01
3.654438769444823265e-04
2.163728786399587989e-04
3.751566691789776087e-04
4.386256114230491221e-05
3.816728712990880013e-04
2.895312036343966611e-06
2.009322941303253174e-01
8.178714779205620289e-06
1.375882420688867569e-03
6.448264699429273605e-03
1.034027377500024159e-06
5.612082532024942338e-06
3.712771867867559195e-04
2.025846578180789948e-02
6.209908751770853996e-04
6.917444261489436030e-05
4.069441258907318115e-01
1.565081812441349030e-02
7.433908991515636444e-03
3.703592337325756212e-13
2.001592665910720825e-01
1.165195935755036771e-04
7.009904365986585617e-03
8.400647857342846692e-06
3.356748726218938828e-03
5.809010863304138184e-01
5.768103292211890221e-04
7.458861451596021652e-03
9.259833605028688908e-04
5.996746420860290527e-01
3.434318216477549868e-07
2.938697434728965163e-06
4.167151451110839844e-01
3.939981979783624411e-04
2.960962592624127865e-04
3.515951448207488284e-06
9.837129333334360126e-09
2.689428129087900743e-06
4.491921663284301758e-01
4.038197221234440804e-04
3.306084498763084412e-02
1.600164687260985374e-03
2.307713439222425222e-04
2.302384376525878906e-02
1.637326204217970371e-05
1.048908525262959301e-04
2.244552364572882652e-03
5.879992386326193810e-04
5.895274171052733436e-06
2.295281155966222286e-04
2.346086380722312015e-10
7.999963164329528809e-01
1.800421741791069508e-03
6.582482455996796489e-05
6.893764948472380638e-04
2.087464779615402222e-01
2.219213172793388367e-02
1.496040385973174125e-05
4.794872947968542576e-04
2.587741315364837646e-01
3.369168611243367195e-03
4.800171300303190947e-04
1.982000394491478801e-04
1.550003275951894466e-06
2.008060216903686523e-01
2.764997188933193684e-04
5.516902310773730278e-04
8.275828440673649311e-04
4.821413755416870117e-01
1.137075969381839968e-06
2.941143757198005915e-04
1.643191062612459064e-04
5.998477935791015625e-01
1.741601881803944707e-04
6.394702359102666378e-05
2.081862703562364914e-06
3.437095585923088947e-07
7.978735811775550246e-05
9.154129773378372192e-03
8.705930085852742195e-04
8.327224059030413628e-04
4.439435770109412260e-07
1.643178839003667235e-04
6.634864985244348645e-05
3.308647777885198593e-03
1.600533181544960826e-07
2.987264189869165421e-03
7.708284101681783795e-06
6.514095067977905273e-01
2.202050089836120605e-01
1.025557052344083786e-02
4.437869414687156677e-02
1.080293168342905119e-05
2.533216684241779149e-05
1.349560217931866646e-03
9.722992777824401855e-02
5.413327598944306374e-04
2.516938745975494385e-01
3.493097377941012383e-03
5.453890480566769838e-05
1.903909444808959961e-02
6.510421037673950195e-01
1.251403958235641767e-08
3.301769538666121662e-06
8.303798676934093237e-05
8.364631212316453457e-04
7.983103278093039989e-04
1.920029707252979279e-02
1.528325490653514862e-02
9.401872754096984863e-02
7.335647195577621460e-02
1.219226643443107605e-01
2.449262829031795263e-04
3.332386910915374756e-02
8.088005781173706055e-01
9.661294218799281602e-15
4.064975380897521973e-01
1.236189345332761036e-10
6.918899231322939158e-09
8.490000963211059570e-01
1.987645477056503296e-01
2.529778839743812568e-07
2.531923428250593133e-06
1.257166150026023388e-04
1.100677298381924629e-03
1.828013658523559570e-01
1.321672243648208678e-06
4.047535061836242676e-01
2.648124775017635102e-10
4.000231623649597168e-01
2.637256383895874023e-01
2.385704419793910347e-06
2.021493017673492432e-01
6.890896474942564964e-04
5.727958050556480885e-04
2.087403117911890149e-05
2.568105450517776944e-10
2.064099162817001343e-02
1.834707893431186676e-02
2.025163965299725533e-03
7.914446592330932617e-01
3.597686202283512102e-07
2.005486190319061279e-01
6.495612859725952148e-02
1.779234153218567371e-03
1.030725659802556038e-03
1.062159389257431030e-01
5.596525594592094421e-02
1.394022721797227859e-03
5.003977566957473755e-04
7.053778506815433502e-03
2.000429034233093262e-01
3.192914882674813271e-03
8.129267692565917969e-01
1.513124857410730328e-06
2.027420103549957275e-01
3.339611925184726715e-03
5.179004278033971786e-03
1.398688618792220950e-04
4.000000059604644775e-01
2.139418211299926043e-05
1.002609147690236568e-03
4.131666719913482666e-01
3.761202970054000616e-05
1.970387548208236694e-01
2.299216650403224094e-10
8.100564479827880859e-01
3.684752155095338821e-03
3.012138605117797852e-02
1.425967668183147907e-03
9.923690930008888245e-03
1.064523402601480484e-02
4.364944994449615479e-01
2.150106430053710938e-01
2.281500492244958878e-04
1.665138751268386841e-01
1.870267791673541069e-03
2.988450578413903713e-04
6.791188206989318132e-05
8.931659460067749023e-01
3.206222842777606274e-09
7.823625802993774414e-01
8.086654543876647949e-02
7.075561210513114929e-03
9.794603101909160614e-04
6.056160926818847656e-01
2.526741661131381989e-02
1.916031390428543091e-01
2.063735947012901306e-02
1.556129455566406250e-01
5.359090864658355713e-04
1.000608535832725465e-04
7.998184561729431152e-01
7.180931788752786815e-06
5.705717206001281738e-01
9.331877343356609344e-03
1.325260964222252369e-03
1.640222217247355729e-05
1.996690928936004639e-01
4.008410498499870300e-03
1.744878292083740234e-01
2.516789827495813370e-04
8.659393340349197388e-02
5.945260636508464813e-04
9.590493864379823208e-04
5.899631381034851074e-01
2.931894414359703660e-06
3.971452116966247559e-01
4.979766905307769775e-03
2.010725624859333038e-02
7.697522640228271484e-02
3.605753183364868164e-01
1.629013419151306152e-01
1.343686413019895554e-02
4.905069945380091667e-04
5.221930678089847788e-06
4.752400331199169159e-03
6.670808652415871620e-04
7.672482728958129883e-01
2.468785969540476799e-03
3.618663847446441650e-01
2.358801662921905518e-03
1.407785923220217228e-03
2.980553517772932537e-06
1.992306858301162720e-01
1.734259771183133125e-03
4.596737926476635039e-05
3.836674150079488754e-03
4.214540123939514160e-01
1.719699800014495850e-01
1.543065067380666733e-03
5.255820751190185547e-01
4.467301550903357565e-06
3.839131444692611694e-02
2.726588165387511253e-03
1.334721018793061376e-04
2.987918605867889710e-07
9.821478277444839478e-02
5.496366694569587708e-02
3.898380236933007836e-05
3.159083425998687744e-04
1.805302649736404419e-01
1.641991138458251953e-01
3.357356763444840908e-05
9.807926416397094727e-01
7.732651829719543457e-01
1.392396241426467896e-01
1.631413772702217102e-02
2.797920405864715576e-01
4.017433675471693277e-04
3.976027437602169812e-05
1.546134706586599350e-03
1.252779737114906311e-02
2.619893639348447323e-04
3.070082366466522217e-01
5.689388444807264023e-07
1.343900896608829498e-02
9.999497532844543457e-01
7.997813820838928223e-01
3.130729496479034424e-01
1.975713670253753662e-01
1.992539018392562866e-01
3.974480926990509033e-01
8.435394614934921265e-02
4.027228951454162598e-01
1.790659189282450825e-05
2.237153425812721252e-02
6.205727004271466285e-06
5.107350349426269531e-01
4.856607019901275635e-01
4.039922654628753662e-01
7.924453616142272949e-01
2.021934539079666138e-01
2.487957826815545559e-04
7.381033007014536906e-10
3.187418624293059111e-04
2.244872848677914590e-05
1.444669365882873535e-01
1.909152842927142046e-06
5.997002124786376953e-01
1.609846435712825041e-06
2.629853261169046164e-04
1.303334011026890948e-05
6.137773394584655762e-01
3.993952274322509766e-01
2.000294178724288940e-01
1.153166443109512329e-01
1.584044308401644230e-03
5.954393744468688965e-01
1.288556144572794437e-03
2.004388719797134399e-01
1.315642862209642772e-06
1.352111436426639557e-02
2.036871592281386256e-04
3.991354405879974365e-01
4.816229047719389200e-04
9.958541989326477051e-01
3.984474539756774902e-01
1.660767702560406178e-05
1.958981603384017944e-01
3.622052958235144615e-03
1.723515102639794350e-03
1.332200467586517334e-01
6.334299594163894653e-02
4.990219697356224060e-02
1.996367424726486206e-01
1.809708294331358047e-07
1.676286011934280396e-01
1.522355228662490845e-01
9.941046237945556641e-01
5.715246796607971191e-01
5.292599201202392578e-01
1.081674266606569290e-02
1.227780431509017944e-02
1.460106926970183849e-03
2.268347889184951782e-01
7.090147584676742554e-03
7.107274723239243031e-05
1.972200125455856323e-01
7.166496285293533219e-09
1.927046626806259155e-01
3.159900428727269173e-03
6.517002582550048828e-01
8.288918733596801758e-01
5.970548391342163086e-01
7.634407375007867813e-03
2.580790780484676361e-02
1.942147035151720047e-03
3.390199542045593262e-01
8.313819766044616699e-03
2.139355689287185669e-01
1.820528297002965701e-07
1.664357334375381470e-01
8.313673447446490172e-07
6.026815623044967651e-02
6.657301187515258789e-01
7.792825102806091309e-01
1.246753527084365487e-05
6.470745801925659180e-02
2.058304697275161743e-01
8.002990484237670898e-02
5.854014158248901367e-01
1.906336545944213867e-01
7.429051038343459368e-05
2.165075242519378662e-01
7.540689408779144287e-02
4.919976709061302245e-05
3.153214603662490845e-02
7.996811270713806152e-01
7.999291419982910156e-01
2.427468597888946533e-01
2.862663473933935165e-03
4.000005722045898438e-01
5.948214326053857803e-03
6.013355255126953125e-01
1.015655603259801865e-02
8.774914592504501343e-02
2.019349336624145508e-01
2.037899941205978394e-01
5.190505646169185638e-03
5.022024270147085190e-04
5.995687246322631836e-01
6.979910731315612793e-01
2.122733443975448608e-01
3.858428597450256348e-01
2.015886902809143066e-01
8.845583535730838776e-03
3.999940752983093262e-01
1.238128542900085449e-01
3.325343132019042969e-01
1.565615384606644511e-04
2.501752972602844238e-01
1.621244102716445923e-02
1.025083662398174056e-08
9.993908405303955078e-01
2.564938068389892578e-01
2.195253670215606689e-01
2.000042349100112915e-01
3.999802470207214355e-01
2.237204462289810181e-03
5.803441405296325684e-01
1.095517501235008240e-01
5.513833602890372276e-04
2.761165052652359009e-02
2.008568197488784790e-01
1.555820554494857788e-01
4.752509994432330132e-07
6.337890625000000000e-01
5.884903669357299805e-01
3.629435300827026367e-01
4.278329666703939438e-03
2.017779797315597534e-01
1.048464849591255188e-01
1.999995261430740356e-01
2.444527808620478027e-06
1.488829702138900757e-01
1.426286413334310055e-03
4.620381593704223633e-01
1.257603522390127182e-02
2.699733898043632507e-02
8.002148270606994629e-01
7.999975085258483887e-01
7.974813580513000488e-01
1.029891073703765869e-01
6.067589521408081055e-01
4.588068259181454778e-05
1.104977503418922424e-01
2.253748625516891479e-01
2.932777106761932373e-01
1.656001380467841955e-08
1.629922166466712952e-02
7.386007811874151230e-03
2.085307240486145020e-01
9.978938698768615723e-01
5.439726114273071289e-01
5.997227430343627930e-01
9.892354864859953523e-05
5.006412267684936523e-01
8.060732856392860413e-03
7.916731992736458778e-04
3.240054866182617843e-05
4.310786891892348649e-07
5.386887933127582073e-04
2.397830598056316376e-03
3.374413251876831055e-01
6.559443473815917969e-02
8.000001907348632812e-01
3.996895253658294678e-01
4.621152877807617188e-01
1.601196378469467163e-01
2.457590103149414062e-01
1.040113121271133423e-01
6.261972337961196899e-02
1.087343879044055939e-02
8.646881324239075184e-04
1.087273631128482521e-07
1.297235861420631409e-02
1.521566659212112427e-01
3.763000667095184326e-02
8.000000119209289551e-01
4.234638810157775879e-01
7.994065284729003906e-01
9.215245023369789124e-03
1.969815939664840698e-01
2.076133489608764648e-01
2.094268649816513062e-01
2.604868113994598389e-01
1.999999284744262695e-01
9.081549734446525690e-09
1.573572605848312378e-01
1.674120724201202393e-01
2.456184029579162598e-01
8.069896697998046875e-01
5.533630251884460449e-01
7.285363078117370605e-01
7.931434083729982376e-05
4.561831653118133545e-01
8.191207051277160645e-02
1.104771308746421710e-05
1.560611128807067871e-01
4.001027345657348633e-02
4.326328344177454710e-04
1.001742202788591385e-02
1.990640759468078613e-01
2.620881199836730957e-01
8.301090002059936523e-01
7.998402714729309082e-01
6.368609666824340820e-01
1.427664756774902344e-01
3.845145925879478455e-02
7.108792662620544434e-01
1.675620442256331444e-04
1.993204206228256226e-01
3.715277314186096191e-01
3.786662273341789842e-05
4.098389297723770142e-03
4.119674563407897949e-01
2.704299688339233398e-01
2.817928493022918701e-01
6.420270204544067383e-01
4.002650976181030273e-01
3.269351436756551266e-04
1.407559961080551147e-01
6.892296075820922852e-01
9.389265626668930054e-02
3.119270084425806999e-03
1.997324079275131226e-01
1.363756880164146423e-02
4.196573793888092041e-02
9.416006832907442003e-06
1.270532608032226562e-02
7.999995946884155273e-01
4.001990258693695068e-01
7.858899831771850586e-01
3.650889173150062561e-02
1.999226361513137817e-01
4.000028669834136963e-01
1.376813799142837524e-01
4.208929021842777729e-04
4.018664360046386719e-01
2.765698425832852081e-08
1.642111875116825104e-02
5.853474736213684082e-01
1.626628339290618896e-01
9.566864371299743652e-01
7.999912500381469727e-01
7.944710254669189453e-01
1.045975163578987122e-01
1.896548271179199219e-01
3.749522647922276519e-08
3.996962681412696838e-03
1.256895661354064941e-01
5.996720790863037109e-01
1.998907029628753662e-01
5.155033084430771240e-12
2.083228230476379395e-01
2.019860781729221344e-02
6.318156719207763672e-01
4.703162312507629395e-01
4.080393612384796143e-01
3.460969403386116028e-02
1.977299898862838745e-01
5.999970436096191406e-01
1.144221276044845581e-01
8.721805177628993988e-03
3.044374883174896240e-01
3.999606966972351074e-01
1.714704412734135985e-04
3.788434341549873352e-02
3.020952939987182617e-01
6.355668902397155762e-01
3.998565375804901123e-01
3.483558893203735352e-01
6.223402451723814011e-04
3.636147454380989075e-02
2.002412676811218262e-01
2.762013114988803864e-03
4.348244110587984324e-04
2.509603798389434814e-01
4.634193480014801025e-01
9.049702435731887817e-03
2.002680301666259766e-01
2.253107260912656784e-03
6.019941568374633789e-01
7.999932765960693359e-01
2.002446353435516357e-01
4.597331862896680832e-03
4.003258943557739258e-01
7.875451445579528809e-01
2.138261683285236359e-03
1.492072176188230515e-02
3.555495440959930420e-01
3.998885154724121094e-01
7.044163648970425129e-04
2.017014920711517334e-01
1.999636292457580566e-01
7.999261617660522461e-01
4.280863404273986816e-01
3.996141552925109863e-01
1.809142678976058960e-01
1.856213361024856567e-01
1.966783255338668823e-01
9.927757491823285818e-05
3.240696387365460396e-03
3.420304507017135620e-03
3.006932735443115234e-01
5.191048257984220982e-04
8.180752396583557129e-02
1.346624485449865460e-04
9.971749782562255859e-01
7.979838252067565918e-01
5.010092258453369141e-01
2.029465734958648682e-01
6.702651828527450562e-02
8.323272049892693758e-05
3.112514736130833626e-03
2.330804914236068726e-01
1.999648660421371460e-01
2.059130999043645716e-08
4.829017817974090576e-02
1.469142455607652664e-02
3.999381065368652344e-01
8.042883872985839844e-01
6.003261804580688477e-01
4.018825590610504150e-01
1.998730450868606567e-01
2.004153728485107422e-01
1.987120956182479858e-01
2.034792900085449219e-01
1.848426759243011475e-01
3.999654650688171387e-01
2.590069561847485602e-05
1.177090052806306630e-05
1.695145517587661743e-01
1.723586618900299072e-01
7.659482359886169434e-01
8.539547920227050781e-01
7.848292589187622070e-01
2.000641971826553345e-01
1.942591369152069092e-01
5.740070939064025879e-01
3.999387919902801514e-01
6.756666116416454315e-04
2.383005991578102112e-02
1.778475195169448853e-01
5.891195032745599747e-04
9.771627932786941528e-02
1.999706923961639404e-01
9.997261762619018555e-01
7.999536395072937012e-01
6.680085659027099609e-01
6.745422482490539551e-01
6.842915415763854980e-01
3.621240893952881734e-12
1.945793479681015015e-01
7.924062758684158325e-02
1.997211482375860214e-03
1.999318748712539673e-01
9.812446311116218567e-03
2.006622403860092163e-01
8.571876151108881459e-07
4.128679037094116211e-01
6.003947854042053223e-01
8.701359033584594727e-01
1.711069047451019287e-01
3.991370797157287598e-01
3.999118506908416748e-01
9.783486276865005493e-02
1.971336081624031067e-02
2.247160673141479492e-02
2.432424116705078632e-05
3.452458381652832031e-01
2.067088484764099121e-01
1.070840060710906982e-01
5.084990859031677246e-01
6.014907956123352051e-01
2.012655735015869141e-01
5.654448270797729492e-01
4.592208266258239746e-01
4.000743031501770020e-01
2.008234262466430664e-01
2.901470288634300232e-03
3.778950776904821396e-04
3.832846879959106445e-01
1.991105526685714722e-01
2.145247954971063464e-13
2.727232277393341064e-01
7.965188622474670410e-01
4.000112712383270264e-01
9.613762497901916504e-01
1.113275502575561404e-04
2.858584821224212646e-01
1.834777593612670898e-01
2.044098228216171265e-01
1.872479915618896484e-01
2.267443835735321045e-01
4.079857468605041504e-01
5.353564023971557617e-01
2.308961120434105396e-05
3.999990224838256836e-01
7.998725175857543945e-01
5.999749898910522461e-01
7.496203184127807617e-01
2.000042796134948730e-01
1.753743179142475128e-02
5.102948125568218529e-05
2.928455471992492676e-01
1.630705893039703369e-01
2.885452508926391602e-01
1.818016469478607178e-01
7.777031860314309597e-04
2.087916800519451499e-04
3.906628990080207586e-04
9.977436661720275879e-01
5.202842950820922852e-01
2.000828087329864502e-01
2.000963836908340454e-01
3.527039370965212584e-04
2.000000178813934326e-01
2.006533443927764893e-01
3.446552529931068420e-02
1.827849587243690621e-06
3.996088206768035889e-01
7.985440082848072052e-03
3.338701617394690402e-07
3.363869154782150872e-06
6.024161577224731445e-01
9.992932081222534180e-01
4.370551109313964844e-01
1.911545842885971069e-01
4.163265402894467115e-04
2.928461646661162376e-03
1.467029360355809331e-04
5.954033695161342621e-03
1.999865472316741943e-01
4.242717732694245569e-09
7.678498979657888412e-03
1.714760251343250275e-02
2.925789728760719299e-02
6.086212396621704102e-01
5.973172187805175781e-01
7.999114990234375000e-01
5.999402999877929688e-01
1.633722800761461258e-03
1.688571460545063019e-02
4.018795788288116455e-01
2.192483469843864441e-02
3.994692564010620117e-01
2.172564200009219348e-05
2.014104742556810379e-03
1.815115247154608369e-04
4.151527285575866699e-01
9.989338517189025879e-01
9.998702406883239746e-01
3.021283447742462158e-01
3.979986608028411865e-01
1.492061745375394821e-02
2.097902595996856689e-01
2.000657021999359131e-01
2.426623739302158356e-02
1.715371310710906982e-01
1.945951581001281738e-01
8.036665618419647217e-03
3.690575659275054932e-01
1.860030344687402248e-03
4.015573263168334961e-01
8.032285571098327637e-01
4.156640172004699707e-01
5.895444750785827637e-01
7.621396798640489578e-05
1.999969929456710815e-01
4.005671739578247070e-01
4.100324804312549531e-05
6.457221843447769061e-06
3.962506055831909180e-01
5.520527809858322144e-02
1.655840314924716949e-02
7.488357823604019359e-06
7.999449372291564941e-01
3.999245762825012207e-01
5.999648571014404297e-01
3.658231794834136963e-01
1.544676162302494049e-02
4.665223062038421631e-01
2.132330089807510376e-01
2.051266580820083618e-01
1.033462584018707275e-03
3.353557586669921875e-01
3.729013726115226746e-03
3.066792190074920654e-01
4.143497943878173828e-01
8.005081415176391602e-01
3.998210728168487549e-01
7.996079921722412109e-01
2.022079527378082275e-01
4.457498434931039810e-03
2.363731386139988899e-03
5.935947895050048828e-01
6.296319514513015747e-02
6.657071411609649658e-02
2.001093178987503052e-01
2.364499568939208984e-01
5.811876431107521057e-02
3.903669714927673340e-01
8.058401942253112793e-01
5.391262769699096680e-01
7.999159693717956543e-01
7.988647222518920898e-01
4.884388908976688981e-05
4.100015759468078613e-01
1.996691673994064331e-01
2.433400750160217285e-01
1.359150931239128113e-02
2.121530175209045410e-01
3.937338590621948242e-01
1.999725103378295898e-01
1.649131923913955688e-01
4.206481873989105225e-01
9.987089633941650391e-01
6.117933988571166992e-01
2.000332623720169067e-01
5.624333396553993225e-03
1.999178379774093628e-01
2.331563085317611694e-01
2.106499075889587402e-01
7.439081557095050812e-03
3.996555805206298828e-01
5.882367509757457924e-11
5.575619070441462100e-06
8.983679435914382339e-05
5.770403146743774414e-01
5.999758839607238770e-01
7.210277915000915527e-01
4.063009023666381836e-01
5.848517175763845444e-04
1.311838394030928612e-03
2.756499816314317286e-05
2.001134753227233887e-01
2.476668544113636017e-02
1.891587271529715508e-05
2.004076391458511353e-01
3.803199977170379498e-10
8.520817500539124012e-04
8.022997379302978516e-01
7.999001145362854004e-01
5.944077968597412109e-01
7.736713087069801986e-06
1.134970486164093018e-01
3.990048170089721680e-01
3.989710211753845215e-01
1.336339116096496582e-02
5.541718195445355377e-08
2.000003904104232788e-01
8.721636980772018433e-02
1.752441448843455873e-06
3.345093546158750542e-06
8.076255321502685547e-01
4.149467349052429199e-01
3.995805978775024414e-01
3.634154796600341797e-01
1.995788216590881348e-01
5.214730626903474331e-04
2.348221242427825928e-01
7.473031990230083466e-03
1.002988924553305239e-11
2.004904150962829590e-01
1.999163329601287842e-01
5.409902706742286682e-02
4.356416241080296459e-07
6.142041683197021484e-01
7.770334482192993164e-01
5.964504480361938477e-01
3.930365443229675293e-01
1.680211536586284637e-02
2.015091478824615479e-01
3.056990681216120720e-04
3.674974897876381874e-03
8.838848769664764404e-02
3.999999761581420898e-01
2.408304717391729355e-04
8.521167842445720453e-07
2.000006437301635742e-01
9.999034404754638672e-01
4.815940260887145996e-01
5.009385347366333008e-01
5.994020700454711914e-01
2.804177440702915192e-02
3.856818079948425293e-01
2.023500800132751465e-01
1.677694767713546753e-01
1.278838664293289185e-01
3.229912836104631424e-03
1.990909623827974428e-07
5.694436913472600281e-05
1.999623179435729980e-01
9.946900606155395508e-01
8.108626604080200195e-01
4.053930640220642090e-01
3.998374342918395996e-01
1.170925870537757874e-01
1.913095265626907349e-02
3.999205231666564941e-01
1.687509417533874512e-01
1.778844511136412621e-03
5.583182201007730328e-07
3.989865183830261230e-01
3.196735997335053980e-05
1.537246498628519475e-05
5.999801754951477051e-01
6.842308044433593750e-01
7.417235374450683594e-01
7.713393867015838623e-02
2.277881801128387451e-01
3.019592259079217911e-04
4.913541674613952637e-02
3.100143885603756644e-06
2.000099122524261475e-01
2.666529966518282890e-03
7.865562438964843750e-01
8.312802528962492943e-04
1.692740947412119112e-09
6.000162363052368164e-01
5.772019028663635254e-01
4.565952420234680176e-01
2.022230327129364014e-01
5.204420909285545349e-02
5.885198106625466608e-07
4.313106536865234375e-01
1.030892208218574524e-01
2.589413634268566966e-05
5.530988005375547800e-07
4.027034342288970947e-01
4.854768216609954834e-01
9.180582710541784763e-04
5.971943736076354980e-01
3.997771739959716797e-01
2.205344438552856445e-01
3.527492582798004150e-01
1.999631673097610474e-01
1.125845015048980713e-01
2.337891757488250732e-01
1.625632494688034058e-01
4.000000357627868652e-01
3.465211018919944763e-02
1.755048724589869380e-04
2.003722637891769409e-01
3.258476257324218750e-01
5.999093055725097656e-01
7.995693683624267578e-01
3.943741917610168457e-01
3.948794305324554443e-02
2.988854236900806427e-02
5.216891318559646606e-02
5.750370025634765625e-01
2.676796952982840594e-07
3.690978288650512695e-01
4.601475666277110577e-06
6.266833841800689697e-02
1.167689788417192176e-06
1.859417898231185973e-05
9.999231100082397461e-01
9.973936080932617188e-01
2.233174294233322144e-01
3.940599560737609863e-01
2.350137680768966675e-01
5.937419831752777100e-02
3.999051749706268311e-01
2.242425580334383994e-06
5.228881327923318167e-09
1.624325886950828135e-05
3.660069108009338379e-01
1.409858115948736668e-03
3.356950765009969473e-04
7.995529174804687500e-01
3.960345387458801270e-01
7.907358407974243164e-01
1.880283057689666748e-01
7.100792601704597473e-03
1.414357423782348633e-01
4.704180657863616943e-01
5.133342742919921875e-02
1.723432093858718872e-01
2.380139380693435669e-01
2.026550769805908203e-01
1.479809405282139778e-03
2.000838965177536011e-01
5.998834371566772461e-01
9.952957630157470703e-01
7.959046363830566406e-01
5.132325887680053711e-01
6.190078798681497574e-03
2.829848043620586395e-02
2.004410624504089355e-01
9.063726291060447693e-03
1.710961163043975830e-01
2.705915272235870361e-01
5.477944764464837135e-09
2.004484385251998901e-01
1.999989151954650879e-01
7.997106313705444336e-01
1.999783962965011597e-01
5.488773584365844727e-01
2.000458985567092896e-01
2.613663300871849060e-02
2.331582009792327881e-01
9.672418673289939761e-05
6.817939132452011108e-02
1.277013421058654785e-01
1.524885930120944977e-02
2.550572529435157776e-02
2.438942342996597290e-02
3.188070952892303467e-01
7.998426556587219238e-01
7.453042864799499512e-01
5.962877273559570312e-01
3.993117213249206543e-01
5.982352420687675476e-02
6.550307385623455048e-03
2.000071257352828979e-01
1.428786814212799072e-01
4.046228528022766113e-01
6.485153676294430625e-07
5.843333783559501171e-04
1.748550916090607643e-03
4.444132173375692219e-06
9.738258719444274902e-01
5.965415239334106445e-01
3.998205363750457764e-01
4.368190765380859375e-01
3.817759221419692039e-03
2.739411545917391777e-03
2.605614066123962402e-01
3.999998569488525391e-01
5.756461177952587605e-04
2.000034600496292114e-01
1.614514621905982494e-03
1.608379352546762675e-05
5.935151712037622929e-04
4.925264120101928711e-01
2.084783613681793213e-01
3.998596966266632080e-01
1.925310045480728149e-01
3.689211905002593994e-01
2.477428466081619263e-01
4.004113078117370605e-01
1.933748166038640193e-07
2.083814144134521484e-01
5.992866680026054382e-02
9.151629172265529633e-03
2.549441158771514893e-01
2.000069469213485718e-01
7.999014258384704590e-01
5.416075587272644043e-01
5.177884101867675781e-01
9.117290028370916843e-05
2.613535337150096893e-02
1.134150326251983643e-01
1.282789278775453568e-02
2.000003755092620850e-01
1.355793094262480736e-03
1.155105735506367637e-07
1.991120427846908569e-01
2.015485763549804688e-01
3.877227008342742920e-01
9.369500875473022461e-01
4.177099466323852539e-01
2.633228003978729248e-01
5.038776397705078125e-01
2.185907587409019470e-02
6.071705743670463562e-02
2.598781975393649191e-06
4.023908674716949463e-01
9.363278001546859741e-02
2.658252120018005371e-01
5.587527751922607422e-01
1.524086812310088135e-08
2.029546052217483521e-01
8.314459919929504395e-01
4.002732932567596436e-01
5.821529626846313477e-01
4.226360619068145752e-01
3.027786500751972198e-02
5.930777173489332199e-03
4.000210165977478027e-01
3.999966979026794434e-01
1.077422784874215722e-04
2.018937021493911743e-01
5.156042575836181641e-01
2.580249656602973118e-06
1.511960726929828525e-05
6.019043922424316406e-01
9.999157190322875977e-01
6.002351045608520508e-01
2.163650244474411011e-01
9.645991772413253784e-02
5.300524830818176270e-01
4.000000357627868652e-01
1.523495167493820190e-01
1.752843558788299561e-01
2.000017315149307251e-01
2.212062827311456203e-05
9.232594165951013565e-04
1.570652557347784750e-06
9.923334121704101562e-01
7.561191916465759277e-01
3.976059556007385254e-01
3.964124023914337158e-01
1.787236779928207397e-01
6.553108990192413330e-02
2.000870853662490845e-01
4.657697677612304688e-01
1.450223964639008045e-03
2.001977562904357910e-01
7.365113706327974796e-04
2.254393696784973145e-01
3.603475987911224365e-01
9.248938560485839844e-01
4.055375456809997559e-01
5.982266664505004883e-01
1.999375075101852417e-01
3.888866398483514786e-03
2.037190794944763184e-01
2.363465130329132080e-01
8.050061950370945851e-09
3.461192827671766281e-04
4.047302603721618652e-01
4.476741821690666256e-07
5.362954922020435333e-03
4.416407346725463867e-01
8.118057250976562500e-01
7.967042922973632812e-01
7.431478500366210938e-01
2.207681387662887573e-01
8.553775027394294739e-03
1.222006529569625854e-01
4.000287652015686035e-01
2.727346100073191337e-06
4.228040575981140137e-03
5.741275548934936523e-01
3.987949490547180176e-01
1.200563684105873108e-01
2.040501534938812256e-01
4.005907177925109863e-01
6.002671718597412109e-01
7.775731086730957031e-01
3.983766436576843262e-01
1.988934874534606934e-01
2.911950275301933289e-02
4.013895392417907715e-01
4.092847108840942383e-01
5.798382312059402466e-02
3.228618879802525043e-04
1.876040250062942505e-01
1.940350234508514404e-01
4.305140919313998893e-07
8.883745670318603516e-01
2.265420258045196533e-01
7.934044599533081055e-01
1.403402723371982574e-02
4.894475936889648438e-01
4.170857071876525879e-01
4.356567263603210449e-01
3.976419866085052490e-01
2.486481070518493652e-01
1.256841584108769894e-03
3.999818265438079834e-01
1.094988547265529633e-04
7.085034667397849262e-06
5.342253446578979492e-01
7.949100732803344727e-01
6.883766055107116699e-01
3.996815383434295654e-01
4.569375514984130859e-02
3.766901195049285889e-01
6.002265810966491699e-01
7.063861191272735596e-02
3.740730881690979004e-01
2.131050825119018555e-01
1.999999880790710449e-01
1.185267814435064793e-03
7.966644625412300229e-05
9.181272387504577637e-01
9.844998717308044434e-01
1.999303549528121948e-01
5.625978112220764160e-01
3.270013257861137390e-02
1.539701819419860840e-01
6.137702465057373047e-01
1.999990642070770264e-01
1.149489893577992916e-03
1.567079424858093262e-01
2.000061273574829102e-01
6.679834041278809309e-05
7.738558948040008545e-02
9.959467053413391113e-01
6.014777421951293945e-01
5.972583293914794922e-01
2.082658857107162476e-01
4.700011573731899261e-03
2.035695910453796387e-01
2.039520144462585449e-01
4.660992026329040527e-01
2.172146458178758621e-03
1.679355800151824951e-01
5.944762229919433594e-01
2.000000625848770142e-01
2.047953195869922638e-02
4.162929356098175049e-01
5.997459888458251953e-01
5.962222218513488770e-01
1.930250227451324463e-01
2.115713357925415039e-01
1.459175441414117813e-02
5.999787449836730957e-01
2.000000029802322388e-01
8.666876703500747681e-03
3.406194150447845459e-01
1.443931614630855620e-05
1.144667804986454485e-09
2.046195324510335922e-03
7.999705076217651367e-01
4.000508785247802734e-01
7.484101057052612305e-01
2.365724295377731323e-01
3.918620677723083645e-06
3.141247332096099854e-01
6.587628126144409180e-01
3.846582472324371338e-01
1.481383293867111206e-01
5.004827976226806641e-01
4.000009596347808838e-01
1.899474710226058960e-01
3.534649014472961426e-01
9.999638199806213379e-01
2.000034451484680176e-01
5.417339205741882324e-01
2.004065215587615967e-01
4.271824285387992859e-02
1.583366990089416504e-01
5.782593488693237305e-01
1.110573485493659973e-02
2.017658352851867676e-01
1.357228175038471818e-04
2.000019848346710205e-01
6.699580334945665072e-10
2.220642864704132080e-01
7.849669456481933594e-01
7.996035814285278320e-01
5.992702841758728027e-01
3.985708653926849365e-01
5.965420044958591461e-03
6.576042622327804565e-02
1.998897790908813477e-01
5.999450087547302246e-01
1.150431185960769653e-01
3.427251875400543213e-01
4.208661913871765137e-01
1.593869477510452271e-01
4.383379593491554260e-02
5.999702215194702148e-01
7.982843518257141113e-01
7.426462173461914062e-01
2.378825098276138306e-01
1.472659758292138577e-03
3.652181625366210938e-01
5.996246933937072754e-01
1.398544162511825562e-01
3.184290253557264805e-04
4.979725480079650879e-01
1.771656423807144165e-02
5.402084589004516602e-01
2.523081377148628235e-03
