9.971804618835449219e-01
9.990449547767639160e-01
9.847033023834228516e-01
9.938560724258422852e-01
9.982262253761291504e-01
9.898227453231811523e-01
9.991300106048583984e-01
9.856835603713989258e-01
9.914568662643432617e-01
9.957028031349182129e-01
9.983270168304443359e-01
9.761713147163391113e-01
9.807432889938354492e-01
9.950598478317260742e-01
9.993052482604980469e-01
7.185205221176147461e-01
9.475303292274475098e-01
9.998303651809692383e-01
9.608495831489562988e-01
9.807379245758056641e-01
9.887586236000061035e-01
9.852910637855529785e-01
9.900935888290405273e-01
9.896594882011413574e-01
9.825370907783508301e-01
9.615314602851867676e-01
9.944741129875183105e-01
9.965888857841491699e-01
9.987789988517761230e-01
8.712123632431030273e-01
9.515734910964965820e-01
9.954327344894409180e-01
9.920517206192016602e-01
9.868367910385131836e-01
9.957640171051025391e-01
9.819082617759704590e-01
9.934226870536804199e-01
9.932418465614318848e-01
9.937227964401245117e-01
9.397553801536560059e-01
9.812954068183898926e-01
9.977421760559082031e-01
9.989977478981018066e-01
9.905019402503967285e-01
9.956012368202209473e-01
9.911431074142456055e-01
9.993616342544555664e-01
9.997127056121826172e-01
9.860147237777709961e-01
9.763062000274658203e-01
9.953424334526062012e-01
9.973507523536682129e-01
9.947002530097961426e-01
9.671575427055358887e-01
9.939467310905456543e-01
9.941838383674621582e-01
9.994185566902160645e-01
9.999998807907104492e-01
9.997998476028442383e-01
9.911480545997619629e-01
8.952008485794067383e-01
9.782487154006958008e-01
9.932525753974914551e-01
7.105432152748107910e-01
9.108901023864746094e-01
9.887359738349914551e-01
9.986749291419982910e-01
9.093281030654907227e-01
9.794313907623291016e-01
9.806874990463256836e-01
9.969941377639770508e-01
9.872918725013732910e-01
9.994968175888061523e-01
9.983251690864562988e-01
9.934937953948974609e-01
9.004942178726196289e-01
9.995831847190856934e-01
9.876046180725097656e-01
8.480523824691772461e-01
9.675515294075012207e-01
9.994738698005676270e-01
9.718953371047973633e-01
9.087530970573425293e-01
9.854296445846557617e-01
9.999445676803588867e-01
9.122346639633178711e-01
9.674423933029174805e-01
9.970844984054565430e-01
9.949688911437988281e-01
9.885374307632446289e-01
9.716924428939819336e-01
9.878126382827758789e-01
9.919638633728027344e-01
9.885990619659423828e-01
9.943799376487731934e-01
9.476837515830993652e-01
9.932999014854431152e-01
9.986180663108825684e-01
9.998458027839660645e-01
9.987355470657348633e-01
9.987336993217468262e-01
9.612940549850463867e-01
9.912959933280944824e-01
9.991735219955444336e-01
9.983143806457519531e-01
9.826101660728454590e-01
9.978377819061279297e-01
9.994888901710510254e-01
9.869865775108337402e-01
9.766949415206909180e-01
9.866821765899658203e-01
9.950578808784484863e-01
9.959106445312500000e-01
9.999005198478698730e-01
9.997230172157287598e-01
9.835103154182434082e-01
9.695020318031311035e-01
9.009621143341064453e-01
9.916415214538574219e-01
9.986345171928405762e-01
9.582292437553405762e-01
9.897872805595397949e-01
9.983540177345275879e-01
8.277407884597778320e-01
9.513525962829589844e-01
9.867070317268371582e-01
9.977552294731140137e-01
9.364292621612548828e-01
9.992559552192687988e-01
9.930741190910339355e-01
9.948035478591918945e-01
9.739565253257751465e-01
9.944958090782165527e-01
9.941205382347106934e-01
9.908503293991088867e-01
9.871656298637390137e-01
9.964665770530700684e-01
9.749152064323425293e-01
9.191986918449401855e-01
8.801867365837097168e-01
9.999397993087768555e-01
8.605262637138366699e-01
9.368658661842346191e-01
9.744569063186645508e-01
9.955112338066101074e-01
9.739415645599365234e-01
9.691565632820129395e-01
9.818375110626220703e-01
9.812586307525634766e-01
9.391769170761108398e-01
9.258752465248107910e-01
9.617564678192138672e-01
9.996640682220458984e-01
9.994781613349914551e-01
9.994190931320190430e-01
9.990653991699218750e-01
9.994607567787170410e-01
9.897987246513366699e-01
9.895730018615722656e-01
9.765411615371704102e-01
9.868987798690795898e-01
9.988536834716796875e-01
9.771575927734375000e-01
9.791300892829895020e-01
9.906576275825500488e-01
9.741546511650085449e-01
9.728801250457763672e-01
9.952914118766784668e-01
9.920132756233215332e-01
9.940404891967773438e-01
9.947727322578430176e-01
9.603273272514343262e-01
9.903782010078430176e-01
9.990561604499816895e-01
9.994553923606872559e-01
9.962766766548156738e-01
9.700337052345275879e-01
9.991068243980407715e-01
9.994395375251770020e-01
9.973675608634948730e-01
9.947260022163391113e-01
9.977715015411376953e-01
9.997567534446716309e-01
9.703620672225952148e-01
9.870514869689941406e-01
9.941055774688720703e-01
9.921345114707946777e-01
9.991574287414550781e-01
9.985768795013427734e-01
9.958750605583190918e-01
9.636373519897460938e-01
9.873121976852416992e-01
9.940463900566101074e-01
9.950729608535766602e-01
9.397210478782653809e-01
9.808266162872314453e-01
9.823244214057922363e-01
9.802555441856384277e-01
9.717981219291687012e-01
9.949489831924438477e-01
9.929827451705932617e-01
9.932749867439270020e-01
9.896399974822998047e-01
9.959746599197387695e-01
9.640116691589355469e-01
9.564914703369140625e-01
9.878428578376770020e-01
9.930344223976135254e-01
9.606480598449707031e-01
9.239593148231506348e-01
9.693764448165893555e-01
9.972807765007019043e-01
9.990188479423522949e-01
9.725888967514038086e-01
9.938486814498901367e-01
9.969800114631652832e-01
9.921410083770751953e-01
9.983553886413574219e-01
9.864001274108886719e-01
9.902498126029968262e-01
9.945890307426452637e-01
9.945266842842102051e-01
9.853405952453613281e-01
9.904540181159973145e-01
9.868215322494506836e-01
