9.984776377677917480e-01
9.948918223381042480e-01
8.429828882217407227e-01
8.338096085935831070e-05
3.054332628380507231e-04
1.302370801568031311e-03
3.466364741325378418e-02
9.769378304481506348e-01
3.559036552906036377e-02
2.358800545334815979e-02
8.226904901675879955e-04
8.610769174993038177e-03
1.583260893821716309e-01
9.990577399730682373e-02
3.900596639141440392e-03
1.429263502359390259e-04
1.718408241868019104e-02
1.846229715738445520e-04
7.837447337806224823e-04
5.374119500629603863e-04
2.082959003746509552e-02
2.189507484436035156e-01
4.922659322619438171e-02
5.425205826759338379e-02
1.630229817237704992e-04
9.854320883750915527e-01
9.664554893970489502e-02
2.650478295981884003e-02
1.327593997120857239e-02
9.996121525764465332e-01
4.168945364654064178e-03
2.969502529595047235e-04
4.470434796530753374e-04
1.847320934757590294e-03
8.391321636736392975e-03
6.565430015325546265e-02
8.325069397687911987e-02
3.234192263334989548e-04
1.122012690757401288e-04
7.867270112037658691e-01
3.913202136754989624e-02
7.257550954818725586e-03
1.111705973744392395e-02
9.750868678092956543e-01
3.856029212474822998e-01
4.942443338222801685e-04
5.222675390541553497e-04
1.964343711733818054e-03
8.549510240554809570e-01
3.373173967702314258e-05
1.361309932690346614e-05
3.739049861906096339e-05
5.726624294766224921e-05
9.894774556159973145e-01
3.098843991756439209e-02
1.261143246665596962e-03
1.772010582499206066e-04
9.999788403511047363e-01
9.989889860153198242e-01
9.677717089653015137e-01
3.627151600085198879e-04
1.043003867380321026e-03
1.151327788829803467e-01
6.052967510186135769e-04
5.329198393155820668e-05
1.007531755021773279e-04
6.789650069549679756e-05
2.036580990534275770e-04
3.258361816406250000e-01
8.357253670692443848e-01
2.955771684646606445e-01
9.593025445938110352e-01
9.753503799438476562e-01
9.555470943450927734e-01
5.199626553803682327e-03
3.729080036282539368e-02
9.834552407264709473e-01
1.972409896552562714e-03
2.631923416629433632e-03
1.449086889624595642e-02
9.934863448143005371e-01
1.412962592439725995e-04
1.071808765118476003e-05
1.743183966027572751e-04
9.929105043411254883e-01
9.645770788192749023e-01
9.291859269142150879e-01
9.808336496353149414e-01
6.678073550574481487e-04
1.014276291243731976e-03
1.396991908550262451e-01
2.876085042953491211e-01
1.465474665164947510e-01
1.368241617456078529e-03
9.228644967079162598e-01
9.684292078018188477e-01
5.185166001319885254e-01
1.052416563034057617e-01
1.491830917075276375e-04
9.979968667030334473e-01
9.985433816909790039e-01
8.433005213737487793e-01
1.019659102894365788e-03
3.247536951676011086e-03
5.436682607978582382e-03
9.912138581275939941e-01
2.547346800565719604e-02
1.904703822219744325e-04
2.474969369359314442e-04
3.616672529460629448e-06
4.642685235012322664e-05
9.435496926307678223e-01
5.957780778408050537e-02
9.988945722579956055e-01
9.974942803382873535e-01
9.207630157470703125e-01
2.141037548426538706e-04
7.931321160867810249e-04
1.414318685419857502e-03
1.454316228628158569e-01
1.555822200316470116e-05
1.426877570338547230e-04
3.676151682157069445e-04
2.031144540524110198e-04
4.975625872611999512e-01
3.046899437904357910e-01
1.832366883754730225e-01
9.977806210517883301e-01
9.952042102813720703e-01
9.444009661674499512e-01
2.084450679831206799e-04
5.807579727843403816e-04
1.881306176073849201e-03
4.297645986080169678e-01
1.176281459629535675e-02
8.294397965073585510e-03
2.097636461257934570e-03
9.028352499008178711e-01
3.377338871359825134e-02
9.694544076919555664e-01
9.999045729637145996e-01
9.848530888557434082e-01
9.622941613197326660e-01
9.882539510726928711e-01
1.650366783142089844e-01
7.530656643211841583e-03
3.453340381383895874e-02
9.835702776908874512e-01
9.701958298683166504e-01
9.367300197482109070e-03
2.937632501125335693e-01
2.728981431573629379e-03
2.671293914318084717e-04
5.835848241986241192e-06
9.502930045127868652e-01
9.911261796951293945e-01
9.756353497505187988e-01
9.814498424530029297e-01
1.753833639668300748e-04
7.280927966348826885e-04
1.434050872921943665e-02
5.398825407028198242e-01
9.806905984878540039e-01
3.383781760931015015e-02
2.045442759990692139e-01
7.777220010757446289e-01
2.630245944601483643e-06
6.997458986006677151e-04
4.696528485510498285e-04
9.911241531372070312e-01
9.900983572006225586e-01
9.288288354873657227e-01
4.604771675076335669e-04
7.868939428590238094e-04
1.575600705109536648e-03
7.483094930648803711e-02
2.430081218481063843e-01
1.143806497566401958e-03
1.563298329710960388e-02
5.231857649050652981e-04
1.148281246423721313e-01
1.847401820123195648e-02
5.634722299873828888e-03
9.728588461875915527e-01
9.684240221977233887e-01
8.633469343185424805e-01
5.191820091567933559e-04
7.349855150096118450e-04
1.258392934687435627e-03
7.305508852005004883e-02
4.832474223803728819e-04
6.663150998065248132e-06
1.549370499560609460e-04
3.957083972636610270e-04
7.669807672500610352e-01
2.246873686090111732e-03
1.266471343114972115e-03
9.692865610122680664e-01
8.782273530960083008e-01
6.952483057975769043e-01
3.418959968257695436e-04
5.217446596361696720e-04
1.143285422585904598e-03
9.858245849609375000e-01
1.478293825130094774e-07
4.114243665753747337e-07
6.550209263878059573e-07
1.354554260615259409e-04
8.325501084327697754e-01
4.568925942294299603e-04
1.833672448992729187e-02
9.216368198394775391e-01
7.298499345779418945e-01
8.284178972244262695e-01
6.008128984831273556e-04
5.967733450233936310e-04
1.017546863295137882e-03
9.897478222846984863e-01
1.451392890885472298e-03
1.400513720000162721e-04
5.607422281173057854e-06
5.078465619590133429e-05
7.354600429534912109e-01
4.638298973441123962e-02
5.520971957594156265e-03
