9.999998807907104492e-01
9.999995827674865723e-01
9.999958872795104980e-01
1.437250602975836955e-07
1.868650201686250512e-06
2.707218982322956435e-06
1.484233653172850609e-04
8.073642767520133184e-15
6.922907342873929615e-14
1.007608885217337047e-09
4.033242007039916643e-08
1.013578031492803847e-23
3.873913960136853906e-20
2.021275569065884153e-15
9.305053949582031692e-11
8.634171422272629570e-08
8.662786399327160325e-07
6.920558917045127600e-06
1.396289007971063256e-05
1.656636050029192120e-05
7.579991506645455956e-05
4.465856070362539398e-12
9.024636593579771215e-11
7.129759005408686789e-10
2.907242446781310719e-08
4.963330860149651622e-21
1.327542992266966668e-17
2.555592210765132537e-15
1.069124302977009222e-11
9.999982118606567383e-01
4.638841346604749560e-06
4.542951955954777077e-06
6.303948612185195088e-05
3.009133251907769591e-05
2.951046335510909557e-04
1.516661037211097796e-12
2.239502749912247737e-10
2.199674575820154132e-08
3.159784682793542743e-07
6.156397933779961911e-21
2.145770036433597861e-17
4.212858293012149147e-14
2.333338244842053655e-10
9.999989271163940430e-01
9.999995231628417969e-01
3.599297144774027402e-07
3.356307388457935303e-06
7.153047044994309545e-05
3.655253021861426532e-05
3.349771699715127504e-14
6.831939527995878336e-13
3.874227605393798513e-10
4.091901928404695354e-08
2.378528909667340331e-23
2.062067433793961509e-19
3.965930284728598010e-16
1.496141405210593689e-11
1.000000000000000000e+00
9.999992847442626953e-01
9.999949336051940918e-01
3.552037242116057314e-07
8.592620361014269292e-06
3.909727674908936024e-04
6.655464768355118721e-17
2.152941758518881615e-14
4.695315317104764574e-11
2.647533969835080825e-09
9.664764090195055859e-23
2.083004360605830314e-21
4.858688452755849634e-16
4.820834486815583908e-14
9.999998807907104492e-01
9.999998807907104492e-01
9.999853968620300293e-01
6.754785175644428818e-08
1.975679424504050985e-06
5.505173467099666595e-04
2.743246219240455183e-15
1.967355780984280343e-15
1.260856436618995602e-11
1.279937600351388483e-09
9.280782100274202257e-24
2.902297595991837464e-20
2.857127893174664542e-16
4.836734853776170073e-13
9.999985694885253906e-01
9.999932646751403809e-01
9.999831914901733398e-01
4.930506838718429208e-05
5.543092847801744938e-04
8.730698376893997192e-03
2.254119287059541676e-11
1.548257699823807343e-08
7.084428489179117605e-06
9.452246874570846558e-02
9.936434729989646554e-20
2.239691654251467490e-14
1.477386324388874073e-09
1.373672712361440063e-04
9.999995827674865723e-01
9.999994039535522461e-01
9.999912381172180176e-01
5.971015184513817076e-07
8.631055607111193240e-06
1.677127875154837966e-05
5.584178546002085963e-14
1.403932200529089958e-12
2.432278600750237274e-09
1.221786005700664646e-09
6.861447782562494649e-23
1.227204949988518720e-18
1.747759313035050777e-15
1.127388113419947047e-12
9.999998807907104492e-01
9.999996423721313477e-01
9.999976754188537598e-01
2.685874456176406966e-08
3.047474876893829787e-07
3.316270067443838343e-06
5.138106644153594971e-05
5.415602133542829835e-15
2.127481350810978000e-11
3.450245866787327031e-09
1.979562822396175698e-23
1.773079414465887640e-21
8.390542277634098511e-17
1.447342896573888815e-12
9.999996423721313477e-01
9.999993443489074707e-01
9.999948143959045410e-01
1.678362337997896248e-07
1.391523028360097669e-06
1.682400215941015631e-05
1.601645635673776269e-04
1.583735109744223435e-14
3.369440282341429338e-09
2.227685769184972742e-08
7.474261439464592045e-22
1.585781202531610923e-16
2.235585280874826004e-15
1.205728988873389085e-10
9.999980330467224121e-01
9.999970793724060059e-01
9.999834299087524414e-01
1.286025621993758250e-06
3.917092180927284062e-05
6.046200360287912190e-05
4.504655371420085430e-04
1.812958556066460170e-13
5.141593054092119530e-11
8.581733936807722785e-07
8.009545442704784928e-21
2.837493669457309860e-15
4.427641864257481075e-10
2.353359729312387572e-10
9.999986290931701660e-01
9.999983906745910645e-01
9.999883770942687988e-01
7.057502671159454621e-07
4.593944140651728958e-06
2.017411898123100400e-04
3.424988244660198689e-04
2.220881762998380693e-14
2.796931740031705083e-12
9.733606143313977554e-10
5.926098815121051506e-22
1.615905391633311955e-18
1.080482321418518767e-15
6.037669482753492411e-15
9.999997019767761230e-01
9.999995231628417969e-01
9.999980926513671875e-01
8.081182301111766719e-08
4.805305593436060008e-07
1.154271649284055457e-05
1.095570260076783597e-04
1.192623342646120538e-15
2.731557249271640564e-14
1.221932971473549401e-11
1.021859503680389025e-07
4.969262326753025032e-20
1.330956187628544227e-17
1.049569112177017871e-11
9.999978542327880859e-01
9.999991059303283691e-01
9.999968409538269043e-01
3.270066599725396372e-07
4.708447249868186191e-06
1.265400787815451622e-04
3.563193313311785460e-04
1.925132247354837539e-14
1.264913195887784614e-12
1.596551513216581952e-08
1.357634346277336590e-06
1.017803549154402092e-22
4.558187052632056702e-13
1.072319344430638921e-09
9.999988675117492676e-01
9.999930858612060547e-01
9.999519586563110352e-01
4.271659292953700060e-07
6.997074251557933167e-06
8.202472236007452011e-05
3.544772975146770477e-03
4.178212612590374853e-14
2.563373341715746712e-12
4.052818667332758196e-07
4.759056537295691669e-06
8.761133137159759817e-22
8.115758502972148078e-18
1.492771950495352939e-08
9.999997019767761230e-01
9.999988675117492676e-01
9.999894499778747559e-01
1.285776392023763037e-07
7.114923619155888446e-07
1.206955312227364630e-05
2.142944140359759331e-04
2.385180404964118428e-15
1.269936982179267759e-13
9.028512659714493793e-11
5.180176643193590280e-08
2.672114476489140550e-22
1.678749352997474257e-19
1.142513111714572546e-16
