2.119022011756896973e-01
4.026424586772918701e-01
4.982732236385345459e-02
5.664099454879760742e-01
4.226935505867004395e-01
4.810699820518493652e-01
4.639279842376708984e-01
2.155076861381530762e-01
2.969481945037841797e-01
4.330867230892181396e-01
5.706975460052490234e-01
4.016181826591491699e-02
1.469868123531341553e-01
7.821838855743408203e-01
8.493824005126953125e-01
3.324062749743461609e-02
2.635553181171417236e-01
2.334209829568862915e-01
8.909375220537185669e-02
4.525190591812133789e-02
5.031900852918624878e-02
1.968092024326324463e-01
3.463569581508636475e-01
2.627443969249725342e-01
4.513088241219520569e-02
2.219866067171096802e-01
1.997284442186355591e-01
4.548966586589813232e-01
2.728896439075469971e-01
7.550935149192810059e-01
5.750392377376556396e-02
4.003562331199645996e-01
2.439778894186019897e-01
1.452405750751495361e-01
9.730574488639831543e-02
2.180016338825225830e-01
3.086714744567871094e-01
1.603830605745315552e-01
3.299804329872131348e-01
3.119643218815326691e-02
7.934219390153884888e-02
5.873630046844482422e-01
1.455121934413909912e-01
5.886659622192382812e-01
2.331579625606536865e-01
5.808827877044677734e-01
2.473928034305572510e-01
4.084848761558532715e-01
5.839736759662628174e-02
3.173686191439628601e-02
2.279035747051239014e-01
5.302767157554626465e-01
3.879350125789642334e-01
4.476575925946235657e-02
1.156706213951110840e-01
7.720594406127929688e-01
6.384450793266296387e-01
6.441932916641235352e-01
3.431801199913024902e-01
1.236450858414173126e-03
2.531755566596984863e-01
4.592998027801513672e-01
5.338317155838012695e-01
1.278687641024589539e-02
7.449501752853393555e-02
2.387509793043136597e-01
6.680433750152587891e-01
2.480442449450492859e-02
4.415873065590858459e-02
2.495195120573043823e-01
3.162434697151184082e-01
1.899572014808654785e-01
3.971675038337707520e-01
1.189497560262680054e-01
4.680352210998535156e-01
2.539887428283691406e-01
4.493449330329895020e-01
4.001146256923675537e-01
5.904862284660339355e-01
3.785929381847381592e-01
6.748526096343994141e-01
1.924323849380016327e-03
1.600977778434753418e-01
6.645339131355285645e-01
8.989669084548950195e-01
6.007248163223266602e-01
5.976353287696838379e-01
2.279963344335556030e-01
5.713813900947570801e-01
3.341895341873168945e-01
6.325316429138183594e-02
6.729390621185302734e-01
6.909687519073486328e-01
3.927816748619079590e-01
4.617070257663726807e-01
3.758783265948295593e-02
2.073723524808883667e-01
4.258681237697601318e-01
1.984105408191680908e-01
6.372235417366027832e-01
7.793214917182922363e-01
1.590110659599304199e-01
7.291614413261413574e-01
4.019155502319335938e-01
2.388926297426223755e-01
3.611138463020324707e-02
2.204670459032058716e-01
6.239430904388427734e-01
5.913971662521362305e-01
2.589234113693237305e-01
1.360668987035751343e-01
6.881960630416870117e-01
5.130391716957092285e-01
7.744278907775878906e-01
6.049287319183349609e-01
5.294576287269592285e-03
7.207735776901245117e-01
4.271364212036132812e-01
2.127971053123474121e-01
6.693341732025146484e-01
1.687914580106735229e-01
7.890026569366455078e-01
3.253513276576995850e-01
1.107345521450042725e-02
3.467274457216262817e-02
4.115283191204071045e-01
5.777531862258911133e-01
7.983311414718627930e-01
5.440776348114013672e-01
2.346831373870372772e-03
5.589625239372253418e-01
2.276469618082046509e-01
6.318230628967285156e-01
4.537633657455444336e-01
1.942738443613052368e-01
3.567124307155609131e-01
3.032976984977722168e-01
7.367740571498870850e-02
4.514240026473999023e-01
6.915080547332763672e-01
6.226110458374023438e-01
7.686430215835571289e-01
3.999654650688171387e-01
2.457242906093597412e-01
5.909148454666137695e-01
5.852931737899780273e-01
6.955564022064208984e-02
4.143480658531188965e-01
2.138905823230743408e-01
3.203479051589965820e-01
4.858309626579284668e-01
1.811031848192214966e-01
5.834301710128784180e-01
2.752491831779479980e-01
4.746882915496826172e-01
5.555799007415771484e-01
3.994763493537902832e-01
3.275315463542938232e-01
5.960055589675903320e-01
3.753437399864196777e-01
2.575004696846008301e-01
3.672900795936584473e-01
2.302960008382797241e-01
9.581021964550018311e-02
9.300072789192199707e-01
8.565898984670639038e-02
4.008924365043640137e-01
5.951797962188720703e-01
5.487435460090637207e-01
2.058527320623397827e-01
5.217918157577514648e-01
4.000348038971424103e-03
5.979965329170227051e-01
1.615213006734848022e-01
6.064037084579467773e-01
2.701252698898315430e-01
4.224200248718261719e-01
6.407447159290313721e-02
7.454365491867065430e-01
7.386400103569030762e-01
2.591037452220916748e-01
2.351049631834030151e-01
8.000681996345520020e-01
6.162501573562622070e-01
5.905500650405883789e-01
9.040346741676330566e-02
5.890737175941467285e-01
3.168596923351287842e-01
3.879964053630828857e-01
7.620468139648437500e-01
3.955703377723693848e-01
2.795766294002532959e-01
7.368357181549072266e-01
6.486163735389709473e-01
2.639496922492980957e-01
8.130846023559570312e-01
4.270909130573272705e-01
5.993950963020324707e-01
7.867395281791687012e-01
3.897358896210789680e-03
3.847808837890625000e-01
6.186388731002807617e-01
5.236256718635559082e-01
2.191146463155746460e-01
2.165180742740631104e-01
5.211405754089355469e-01
4.382846355438232422e-01
6.657735109329223633e-01
1.794571876525878906e-01
6.108390092849731445e-01
1.756313443183898926e-01
7.990844249725341797e-01
3.994665145874023438e-01
1.363612245768308640e-03
5.594280958175659180e-01
1.377251744270324707e-01
4.347474575042724609e-01
1.294404864311218262e-01
2.216841578483581543e-01
4.428278207778930664e-01
7.099986672401428223e-01
4.640303850173950195e-01
4.044319503009319305e-03
5.221142172813415527e-01
5.690206885337829590e-01
