5.329703912138938904e-02
7.053139209747314453e-01
3.148272335529327393e-01
4.226022958755493164e-01
2.468110620975494385e-01
5.332614183425903320e-01
9.023960828781127930e-01
3.105419874191284180e-01
3.078619837760925293e-01
2.010976076126098633e-01
2.436239272356033325e-01
2.884653806686401367e-01
2.318334877490997314e-01
5.598798766732215881e-02
6.239751577377319336e-01
1.585903912782669067e-01
8.626134693622589111e-02
8.321992307901382446e-02
7.085451483726501465e-02
7.865783572196960449e-01
3.830738067626953125e-01
6.292931437492370605e-01
1.983291208744049072e-01
2.051270455121994019e-01
2.056234925985336304e-01
1.822186708450317383e-01
2.329850569367408752e-02
9.918204508721828461e-03
5.318660140037536621e-01
3.334026411175727844e-02
1.369181126356124878e-01
3.301788270473480225e-01
3.346316218376159668e-01
4.095742851495742798e-02
9.103054180741310120e-03
1.200129464268684387e-01
2.271838933229446411e-01
3.334156572818756104e-01
5.477085709571838379e-01
1.102953925728797913e-01
1.421356052160263062e-01
1.558022499084472656e-01
3.692344129085540771e-01
2.422277182340621948e-01
2.485498227179050446e-02
4.372567832469940186e-01
2.457785308361053467e-01
6.042938232421875000e-01
2.057200521230697632e-01
4.086975008249282837e-02
3.975305557250976562e-01
5.983758568763732910e-01
7.689911872148513794e-03
4.521771799772977829e-03
3.050391972064971924e-01
4.546033591032028198e-02
1.526637673377990723e-01
2.713968232274055481e-02
2.088716924190521240e-01
5.530080199241638184e-01
2.554720044136047363e-01
1.202632337808609009e-01
3.917800784111022949e-01
5.965257436037063599e-02
3.085170388221740723e-01
1.486397255212068558e-02
1.705883443355560303e-01
4.295829534530639648e-01
6.035841107368469238e-01
2.601642012596130371e-01
6.289751082658767700e-02
3.758465349674224854e-01
1.194355562329292297e-01
2.199493646621704102e-01
3.288595238700509071e-03
9.968038648366928101e-03
2.013715803623199463e-01
2.655931413173675537e-01
1.436212006956338882e-02
2.617834880948066711e-02
6.118647456169128418e-01
1.295503973960876465e-01
4.134014993906021118e-02
1.073445100337266922e-02
7.767121195793151855e-01
1.943976879119873047e-01
2.097259461879730225e-01
3.488462269306182861e-01
2.988837659358978271e-01
2.221082150936126709e-01
5.306351184844970703e-01
2.223227731883525848e-02
3.870477899909019470e-02
5.501406192779541016e-01
7.807846367359161377e-02
2.790514752268791199e-02
2.240352332592010498e-01
2.382896542549133301e-01
7.965205907821655273e-01
3.754427134990692139e-01
2.629931867122650146e-01
8.917686529457569122e-03
6.400354672223329544e-03
3.984689414501190186e-01
2.656322438269853592e-03
7.418860495090484619e-02
5.135807394981384277e-01
1.764418780803680420e-01
4.045916795730590820e-01
9.041770547628402710e-02
4.163230657577514648e-01
7.653977274894714355e-01
5.972911119461059570e-01
2.880651354789733887e-01
1.432396820746362209e-03
6.858439445495605469e-01
3.936383128166198730e-01
4.309372510761022568e-03
2.919118851423263550e-02
5.464224815368652344e-01
7.783115655183792114e-02
1.414498835802078247e-01
1.032719165086746216e-01
8.054822683334350586e-02
7.930209636688232422e-01
3.736019730567932129e-01
4.802605807781219482e-01
3.362798988819122314e-01
5.266548991203308105e-01
4.492500722408294678e-01
1.650140248239040375e-02
3.253022730350494385e-01
4.190534949302673340e-01
6.128504872322082520e-02
4.392898082733154297e-01
2.078066170215606689e-01
3.960241675376892090e-01
3.288192749023437500e-01
1.786919534206390381e-01
4.463776350021362305e-01
1.637649685144424438e-01
6.374839693307876587e-02
4.342540800571441650e-01
1.592252589762210846e-02
2.243352122604846954e-02
8.481321930885314941e-01
1.552485525608062744e-01
4.827886819839477539e-02
5.081082880496978760e-02
2.157284021377563477e-01
2.364226728677749634e-01
1.659875512123107910e-01
3.926829099655151367e-01
2.493298500776290894e-01
2.443073689937591553e-01
2.783611603081226349e-02
1.225015819072723389e-01
1.493482142686843872e-01
4.310376346111297607e-01
2.307877242565155029e-01
3.952686488628387451e-02
5.464844703674316406e-01
1.291741989552974701e-02
5.359606146812438965e-01
4.576483070850372314e-01
4.014096558094024658e-01
8.115255832672119141e-02
2.645130967721343040e-03
2.356512993574142456e-01
4.591624438762664795e-01
5.734463930130004883e-01
6.162145137786865234e-01
4.619975388050079346e-01
3.977631628513336182e-01
3.640762269496917725e-01
3.776527643203735352e-01
5.602193474769592285e-01
4.962176680564880371e-01
2.175857573747634888e-01
1.000368315726518631e-02
1.018803715705871582e-01
8.303906917572021484e-01
6.171934008598327637e-01
9.834337048232555389e-03
3.317334651947021484e-01
1.193629056215286255e-01
1.164105534553527832e-01
6.939891027286648750e-04
3.503387328237295151e-03
2.751452922821044922e-01
1.797952800989151001e-01
5.191449075937271118e-02
2.786793978884816170e-03
8.004164695739746094e-02
2.187142223119735718e-01
7.736788392066955566e-01
1.615239598322659731e-04
4.003754556179046631e-01
1.867603138089179993e-02
4.133079946041107178e-01
6.069762706756591797e-01
3.751279115676879883e-01
2.964117825031280518e-01
1.316665560007095337e-01
1.929793208837509155e-01
8.141794241964817047e-03
1.822058707475662231e-01
2.104686945676803589e-01
4.126695096492767334e-01
3.933639526367187500e-01
5.295578241348266602e-01
3.613037168979644775e-01
1.922734975814819336e-01
3.005740642547607422e-01
4.091307520866394043e-01
1.396279335021972656e-01
2.734662592411041260e-01
6.950188428163528442e-03
3.964988887310028076e-01
4.185808897018432617e-01
6.579067111015319824e-01
5.075653195381164551e-01
2.381812036037445068e-02
5.336150527000427246e-01
5.137383341789245605e-01
1.963089108467102051e-01
1.581170037388801575e-02
2.220450490713119507e-01
6.436198018491268158e-03
4.769594669342041016e-01
1.797512057237327099e-03
4.847066104412078857e-02
2.281954437494277954e-01
2.452337890863418579e-01
2.573856413364410400e-01
3.556405752897262573e-02
4.480494260787963867e-01
6.165768504142761230e-01
3.738290667533874512e-01
1.642382442951202393e-01
1.990476548671722412e-01
1.255194246768951416e-01
5.671989917755126953e-01
6.086658686399459839e-02
5.230105295777320862e-02
2.405146658420562744e-01
4.809877872467041016e-01
3.619722723960876465e-01
4.358814656734466553e-02
3.988178968429565430e-01
1.747489571571350098e-01
4.980032145977020264e-01
6.335315108299255371e-02
2.599592506885528564e-01
3.474420905113220215e-01
1.758614629507064819e-01
5.005404353141784668e-02
2.040629833936691284e-01
3.326687514781951904e-01
4.590085446834564209e-01
3.980712592601776123e-01
1.990641355514526367e-01
4.483256042003631592e-01
2.563710212707519531e-01
3.389093279838562012e-01
7.930130697786808014e-03
1.819091141223907471e-01
6.174733638763427734e-01
3.016659617424011230e-01
1.081315726041793823e-01
5.218002796173095703e-01
4.852761030197143555e-01
4.805830717086791992e-01
5.954809188842773438e-01
1.369613409042358398e-01
3.050731122493743896e-01
7.812165617942810059e-01
5.533107519149780273e-01
2.203400135040283203e-01
4.324735701084136963e-01
4.189391732215881348e-01
3.914905786514282227e-01
4.565103948116302490e-01
2.025762796401977539e-01
2.698653936386108398e-01
2.159318178892135620e-01
3.424437642097473145e-01
9.624846279621124268e-02
2.131787985563278198e-01
2.419077306985855103e-01
4.119331836700439453e-01
4.142384529113769531e-01
2.843711972236633301e-01
6.865462660789489746e-02
6.227900981903076172e-01
6.027855277061462402e-01
3.094960749149322510e-01
1.361602991819381714e-01
4.590349495410919189e-01
1.840426921844482422e-01
1.931816339492797852e-01
4.748241305351257324e-01
4.906581342220306396e-02
9.561579674482345581e-02
1.090625151991844177e-01
1.991566121578216553e-01
4.410938024520874023e-01
1.978711485862731934e-01
3.614321351051330566e-01
3.887881636619567871e-01
3.496479988098144531e-02
9.735099971294403076e-02
3.970776796340942383e-01
1.579007357358932495e-01
2.112083323299884796e-02
6.531370878219604492e-01
3.011146187782287598e-01
2.333171814680099487e-01
3.635954260826110840e-01
5.918141603469848633e-01
5.825667977333068848e-01
1.051340624690055847e-01
6.542571634054183960e-02
5.981796607375144958e-02
3.944125771522521973e-01
6.144949793815612793e-01
3.957998156547546387e-01
2.142166197299957275e-01
7.553341984748840332e-02
2.015210688114166260e-01
1.075589752872474492e-04
1.456087976694107056e-01
2.345185577869415283e-01
4.306748509407043457e-01
1.094519793987274170e-01
3.710402548313140869e-02
9.593334048986434937e-02
4.229109585285186768e-01
5.271618962287902832e-01
3.033711910247802734e-01
4.050373435020446777e-01
2.858816981315612793e-01
3.128956258296966553e-01
5.777392387390136719e-01
4.243721365928649902e-01
3.297337889671325684e-01
3.329591155052185059e-01
2.632785774767398834e-02
2.062635719776153564e-01
2.425944805145263672e-01
2.812540829181671143e-01
3.192040026187896729e-01
5.877094268798828125e-01
4.221821427345275879e-01
4.734247922897338867e-01
4.158778786659240723e-01
4.066652953624725342e-01
3.911594152450561523e-01
2.413221597671508789e-01
4.431430101394653320e-01
2.133608460426330566e-01
6.770383566617965698e-02
2.096595019102096558e-01
1.866091340780258179e-01
5.567630529403686523e-01
4.061390459537506104e-01
2.426374107599258423e-01
3.784218430519104004e-01
2.575780153274536133e-01
4.833202958106994629e-01
5.163198113441467285e-01
2.998415827751159668e-01
5.672140717506408691e-01
2.067590653896331787e-01
2.746732234954833984e-01
2.032420486211776733e-01
2.107374072074890137e-01
7.158215641975402832e-01
3.361893892288208008e-01
5.703048110008239746e-01
5.794183015823364258e-01
2.072201818227767944e-01
2.069736570119857788e-01
4.800271987915039062e-01
1.333704888820648193e-01
4.182691872119903564e-01
1.246507372707128525e-02
6.247263401746749878e-03
1.410916596651077271e-01
1.931940615177154541e-01
3.987165689468383789e-01
3.218093216419219971e-01
4.519026577472686768e-01
4.209120869636535645e-01
2.108027189970016479e-01
4.148264527320861816e-01
3.896889388561248779e-01
2.260035872459411621e-01
3.940752446651458740e-01
3.984960913658142090e-01
3.424555063247680664e-01
4.553585052490234375e-01
2.261818498373031616e-01
4.264870882034301758e-01
8.382748365402221680e-01
4.356419146060943604e-01
2.743529677391052246e-01
5.282237529754638672e-01
3.482649326324462891e-01
4.824440479278564453e-01
4.201488196849822998e-01
6.604028344154357910e-01
5.618831142783164978e-02
4.511689301580190659e-03
1.688552498817443848e-01
3.704724907875061035e-01
2.140010297298431396e-01
2.354642450809478760e-01
3.079029321670532227e-01
2.292653620243072510e-01
1.738484650850296021e-01
1.956698894500732422e-01
2.092207968235015869e-02
6.525306105613708496e-01
4.081955179572105408e-02
4.556406736373901367e-01
1.568849682807922363e-01
2.801368832588195801e-01
4.688571393489837646e-01
7.791583538055419922e-01
3.185368478298187256e-01
2.357883937656879425e-02
6.025936007499694824e-01
4.019800424575805664e-01
3.265245258808135986e-01
4.240679740905761719e-01
3.980515599250793457e-01
2.450568526983261108e-01
5.786992311477661133e-01
2.256992310285568237e-01
4.091176390647888184e-01
6.052884459495544434e-01
1.578414626419544220e-02
4.386312365531921387e-01
4.315584897994995117e-01
3.040843904018402100e-01
3.215207159519195557e-01
5.755009651184082031e-01
8.039926886558532715e-01
2.110215425491333008e-01
4.129683673381805420e-01
4.375093579292297363e-01
2.092525176703929901e-02
5.332952365279197693e-02
3.174689412117004395e-01
6.189514398574829102e-01
4.039704799652099609e-01
5.255246162414550781e-01
3.745117783546447754e-01
3.471411764621734619e-01
1.509737670421600342e-01
4.147296547889709473e-01
3.774772882461547852e-01
6.502424478530883789e-01
5.524249672889709473e-01
3.489055931568145752e-01
2.826978564262390137e-01
2.594825029373168945e-01
3.623944520950317383e-01
1.901415139436721802e-01
4.547445476055145264e-01
1.571124345064163208e-01
2.721921801567077637e-01
2.272258996963500977e-01
4.994655251502990723e-01
5.158035755157470703e-01
4.451237022876739502e-01
3.926489353179931641e-01
4.910765290260314941e-01
2.645645737648010254e-01
2.263247817754745483e-01
2.195421457290649414e-01
5.995796918869018555e-01
2.176026552915573120e-01
2.243928164243698120e-01
2.059741169214248657e-01
1.726049231365323067e-03
8.902165573090314865e-04
2.026615478098392487e-02
2.837399244308471680e-01
8.119863923639059067e-05
1.210668240673840046e-03
5.620786547660827637e-02
1.399909704923629761e-01
7.834501266479492188e-01
3.040557503700256348e-01
2.058524638414382935e-01
2.565608024597167969e-01
4.025572538375854492e-01
5.075680019217543304e-05
8.828163146972656250e-02
2.045541256666183472e-01
2.680573463439941406e-01
1.912067993544042110e-03
2.256487458944320679e-01
1.270944625139236450e-01
2.155895680189132690e-01
4.187979400157928467e-01
3.387370407581329346e-01
1.985422074794769287e-01
2.772769033908843994e-01
3.996965289115905762e-01
8.004366420209407806e-03
1.351909786462783813e-01
2.307952940464019775e-01
2.121653556823730469e-01
8.156288415193557739e-02
1.805352717638015747e-01
1.967496126890182495e-01
2.073763906955718994e-01
4.790969789028167725e-01
2.102980762720108032e-01
2.302942276000976562e-01
1.980596780776977539e-01
1.972946822643280029e-01
3.990458548069000244e-01
2.199515700340270996e-01
5.137624219059944153e-02
1.894699782133102417e-01
1.556172873824834824e-02
3.770449757575988770e-01
6.677842233330011368e-03
3.860377967357635498e-01
7.916656732559204102e-01
3.928757905960083008e-01
3.609126724768429995e-04
4.047860801219940186e-01
4.064144492149353027e-01
5.905303955078125000e-01
1.707138307392597198e-02
1.886970177292823792e-02
7.770565152168273926e-02
1.446903188480064273e-04
3.593972651287913322e-03
2.508326768875122070e-01
6.009780764579772949e-01
2.227251380681991577e-01
2.397661656141281128e-01
3.232700228691101074e-01
4.757977724075317383e-01
3.983296453952789307e-01
6.165128946304321289e-01
9.924484416842460632e-03
5.267016589641571045e-02
4.507914185523986816e-01
6.165036465972661972e-04
4.082589969038963318e-02
2.832607030868530273e-01
1.832246184349060059e-01
4.951278567314147949e-01
4.269733130931854248e-01
1.308610737323760986e-01
2.270115315914154053e-01
5.280175209045410156e-01
3.985871374607086182e-01
4.860076587647199631e-03
2.614856660366058350e-01
5.984135717153549194e-02
8.404416032135486603e-03
2.132003754377365112e-01
2.470318526029586792e-01
1.739957742393016815e-02
8.015146851539611816e-01
1.993395239114761353e-01
6.382065359503030777e-03
2.961458265781402588e-01
3.303250670433044434e-01
6.067501902580261230e-01
7.839506864547729492e-02
2.191194891929626465e-01
2.068828344345092773e-01
4.241736233234405518e-01
1.028650104999542236e-01
1.140671297907829285e-01
6.932380795478820801e-02
4.142327904701232910e-01
3.701872825622558594e-01
1.142418235540390015e-01
2.323023527860641479e-01
5.941271185874938965e-01
3.043890297412872314e-01
1.659496920183300972e-04
4.413160309195518494e-02
3.442177772521972656e-01
6.097651124000549316e-01
3.442270099185407162e-04
4.225420951843261719e-02
6.107807755470275879e-01
4.318029880523681641e-01
1.930928677320480347e-01
1.376789212226867676e-01
4.142990708351135254e-01
5.920444726943969727e-01
2.066326588392257690e-01
2.340554445981979370e-02
6.330358982086181641e-02
2.232107371091842651e-01
3.998419642448425293e-01
2.195020467042922974e-01
4.357405996415764093e-04
5.087626576423645020e-01
6.017360687255859375e-01
5.994383096694946289e-01
6.294681876897811890e-02
7.734804153442382812e-01
6.438367962837219238e-01
5.851498246192932129e-01
1.641583628952503204e-02
4.873134195804595947e-02
6.458010524511337280e-02
2.191958576440811157e-01
3.260139003396034241e-02
1.551735997200012207e-01
4.213195294141769409e-02
5.947890281677246094e-01
4.014496803283691406e-01
3.734167814254760742e-01
4.622299969196319580e-01
2.857839316129684448e-02
6.882732361555099487e-02
5.321618318557739258e-01
2.573481798171997070e-01
4.918294548988342285e-01
3.682920709252357483e-02
3.029496073722839355e-01
3.935257792472839355e-01
1.371596157550811768e-01
3.945716917514801025e-01
2.620753347873687744e-01
1.101095154881477356e-01
7.936604619026184082e-01
7.512367516756057739e-02
4.840537905693054199e-01
1.024338603019714355e-01
6.008665561676025391e-01
6.248297691345214844e-01
1.219939067959785461e-02
3.939015865325927734e-01
5.418339967727661133e-01
5.361815690994262695e-01
7.563601732254028320e-01
4.003797098994255066e-02
1.760844290256500244e-01
3.993943631649017334e-01
3.249066472053527832e-01
5.934820771217346191e-01
4.793308675289154053e-03
1.585002429783344269e-02
3.075944185256958008e-01
5.177092316444031894e-05
2.293422994625871070e-06
1.042399182915687561e-02
4.523502290248870850e-01
4.622817635536193848e-01
5.083768442273139954e-02
1.952763646841049194e-01
5.783768892288208008e-01
3.952648639678955078e-01
2.600568532943725586e-01
2.207327187061309814e-01
1.105358377099037170e-01
5.853543281555175781e-01
2.950899899005889893e-01
5.915242061018943787e-02
2.926469147205352783e-01
4.955714643001556396e-01
2.642990648746490479e-01
5.743989944458007812e-01
2.090257108211517334e-01
8.134529590606689453e-01
4.349954128265380859e-01
2.996748387813568115e-01
5.576024055480957031e-01
2.200706005096435547e-01
1.190365403890609741e-01
1.928090862929821014e-02
7.340735793113708496e-01
2.557301223278045654e-01
4.267613887786865234e-01
3.692224025726318359e-01
7.312154769897460938e-01
4.039166569709777832e-01
1.879286915063858032e-01
8.606479316949844360e-02
2.023380845785140991e-01
3.924901485443115234e-01
3.842719197273254395e-01
2.060175240039825439e-01
3.340915739536285400e-01
1.456505246460437775e-02
2.418166995048522949e-01
1.915415376424789429e-01
5.940474271774291992e-01
3.692203164100646973e-01
1.150663290172815323e-02
4.694772958755493164e-01
1.776665002107620239e-01
1.815892308950424194e-01
3.697566986083984375e-01
4.134983420372009277e-01
3.821194469928741455e-01
6.869854927062988281e-01
4.324714243412017822e-01
2.108284682035446167e-01
5.321530699729919434e-01
4.982065558433532715e-01
3.996506929397583008e-01
2.410334050655364990e-01
5.911765098571777344e-01
4.976462721824645996e-01
4.021217823028564453e-01
1.990990936756134033e-01
1.138597801327705383e-01
3.231091499328613281e-01
5.957953929901123047e-01
2.048194408416748047e-01
4.082546755671501160e-02
3.919210731983184814e-01
2.047697305679321289e-01
2.423947602510452271e-01
2.244388461112976074e-01
5.782904624938964844e-01
7.657546997070312500e-01
2.018451541662216187e-01
2.447597682476043701e-01
9.042368829250335693e-02
4.033163189888000488e-02
4.238528013229370117e-01
2.983552031219005585e-02
5.869287252426147461e-01
1.144507806748151779e-02
3.957480192184448242e-01
8.147289045155048370e-03
2.266310006380081177e-01
4.328108429908752441e-01
2.687884867191314697e-01
4.533601999282836914e-01
2.006974965333938599e-01
2.864071726799011230e-01
5.461200475692749023e-01
9.323045611381530762e-02
1.968416720628738403e-01
1.937447190284729004e-01
1.991771161556243896e-01
2.774825096130371094e-01
1.965731531381607056e-01
3.905366659164428711e-01
2.577393054962158203e-01
3.444342911243438721e-01
3.733478188514709473e-01
2.059997618198394775e-01
2.860838174819946289e-01
4.680310487747192383e-01
2.097077853977680206e-02
1.552968919277191162e-01
6.028738021850585938e-01
6.506851911544799805e-01
5.006154775619506836e-01
2.621257603168487549e-01
3.841707706451416016e-01
4.127139151096343994e-01
4.334795176982879639e-01
1.371966451406478882e-01
3.996841311454772949e-01
2.068733423948287964e-01
4.044070839881896973e-01
1.145461807027459145e-03
4.459182173013687134e-02
7.537310943007469177e-03
3.516781330108642578e-01
4.794488549232482910e-01
1.184673048555850983e-02
3.766498565673828125e-01
8.177031874656677246e-01
5.607317090034484863e-01
1.093914508819580078e-01
5.981727968901395798e-03
4.187706485390663147e-02
4.720704555511474609e-01
3.302190005779266357e-01
1.221998557448387146e-01
5.430344939231872559e-01
1.986535638570785522e-01
6.280100345611572266e-01
4.075376987457275391e-01
1.965385228395462036e-01
3.249125182628631592e-01
6.028665900230407715e-01
1.858924627304077148e-01
1.872721016407012939e-01
5.787023305892944336e-01
2.758303582668304443e-01
1.676355302333831787e-01
4.013204574584960938e-01
4.281665980815887451e-01
5.617035031318664551e-01
5.363216996192932129e-01
3.819298744201660156e-01
1.815880835056304932e-01
7.682009935379028320e-01
2.355070710182189941e-01
3.900887966156005859e-01
2.080495059490203857e-01
7.660732269287109375e-01
3.939711451530456543e-01
3.642893433570861816e-01
2.202763557434082031e-01
9.952344298362731934e-01
3.631356358528137207e-01
7.425029277801513672e-01
2.160012125968933105e-01
3.239512443542480469e-02
4.288458824157714844e-01
2.819032669067382812e-01
1.724696308374404907e-01
5.026099085807800293e-01
6.005022525787353516e-01
5.251241922378540039e-01
6.384456157684326172e-01
3.652919828891754150e-02
2.172803729772567749e-01
4.248805046081542969e-01
7.272313833236694336e-01
3.987363576889038086e-01
2.252952903509140015e-01
2.777283787727355957e-01
2.518635094165802002e-01
6.663835644721984863e-01
6.818562150001525879e-01
5.710747838020324707e-01
2.455949932336807251e-01
3.657244443893432617e-01
2.166830003261566162e-01
1.657848060131072998e-01
2.770492732524871826e-01
2.286925464868545532e-01
2.825907766819000244e-01
2.391132414340972900e-01
2.292731106281280518e-01
4.199021458625793457e-01
3.739362657070159912e-01
4.133970141410827637e-01
5.736273527145385742e-01
5.545442104339599609e-01
1.795438379049301147e-01
8.193536102771759033e-02
2.681323289871215820e-01
3.933773040771484375e-01
2.250386178493499756e-01
7.852676510810852051e-01
4.047988653182983398e-01
5.948020815849304199e-01
2.726522684097290039e-01
2.273109555244445801e-01
1.963587403297424316e-01
3.615692853927612305e-01
5.135296583175659180e-01
4.021304249763488770e-01
2.008644193410873413e-01
1.202754303812980652e-01
4.011896252632141113e-01
4.390776753425598145e-01
1.989850401878356934e-01
1.957855224609375000e-01
6.363201737403869629e-01
2.629802227020263672e-01
3.439379855990409851e-02
9.901423752307891846e-02
1.040366813540458679e-01
2.143991738557815552e-01
9.732584003359079361e-04
8.306253701448440552e-03
2.986502647399902344e-01
7.139904499053955078e-01
5.707168579101562500e-01
3.915611803531646729e-01
2.169179171323776245e-01
5.910974740982055664e-01
3.841350972652435303e-01
5.854105949401855469e-01
5.914871096611022949e-01
3.532490432262420654e-01
4.123440980911254883e-01
5.295646190643310547e-02
2.261543869972229004e-01
5.026940107345581055e-01
4.458965063095092773e-01
7.790392041206359863e-01
2.787452936172485352e-01
1.180912717245519161e-03
5.995957851409912109e-01
5.096934363245964050e-02
6.466572880744934082e-01
5.109075307846069336e-01
7.358742952346801758e-01
3.138771653175354004e-01
9.233237802982330322e-02
3.117740452289581299e-01
6.532870531082153320e-01
6.003376245498657227e-01
4.675110578536987305e-01
3.024832308292388916e-01
1.838541626930236816e-01
4.325829148292541504e-01
3.028426170349121094e-01
3.926953077316284180e-01
5.944573283195495605e-01
4.314744174480438232e-01
5.058317184448242188e-01
2.432986348867416382e-02
2.211639136075973511e-01
5.771471261978149414e-01
2.541624009609222412e-01
3.105103373527526855e-01
2.731424197554588318e-02
1.972192674875259399e-01
2.480866611003875732e-01
7.421366125345230103e-02
3.059193491935729980e-01
2.154271900653839111e-01
1.433470249176025391e-01
4.762700200080871582e-01
1.965468376874923706e-01
1.926076263189315796e-01
3.931430578231811523e-01
2.987377047538757324e-01
3.910534977912902832e-01
4.640623033046722412e-01
5.304587632417678833e-02
4.014644026756286621e-01
4.430482983589172363e-01
6.984359025955200195e-01
3.500474691390991211e-01
5.286734104156494141e-01
3.163855671882629395e-01
2.775027602910995483e-02
2.099806219339370728e-01
2.055822610855102539e-01
4.632646441459655762e-01
3.790645301342010498e-01
4.074193239212036133e-01
3.923476934432983398e-01
4.348886311054229736e-01
6.930552423000335693e-02
2.610487341880798340e-01
3.780303299427032471e-01
5.254659652709960938e-01
8.889352902770042419e-03
4.055585265159606934e-01
1.462392508983612061e-01
6.598699837923049927e-02
1.285347938537597656e-01
6.076529622077941895e-01
4.043621718883514404e-01
8.037564903497695923e-02
4.123993515968322754e-01
7.791437506675720215e-01
2.413004189729690552e-01
3.988880515098571777e-01
6.569424271583557129e-01
3.631953895092010498e-01
2.132791727781295776e-01
2.058268040418624878e-01
1.719445288181304932e-01
3.151556253433227539e-01
1.183773279190063477e-01
1.762519590556621552e-02
1.994975060224533081e-01
4.102319180965423584e-01
6.082566976547241211e-01
2.109800279140472412e-01
4.016060829162597656e-01
1.298785395920276642e-02
7.977514266967773438e-01
3.051297389902174473e-04
1.947807468241080642e-04
5.063519254326820374e-02
2.337061017751693726e-01
5.906038880348205566e-01
4.569771289825439453e-01
2.205312252044677734e-01
4.147892594337463379e-01
6.680556386709213257e-02
1.947625167667865753e-02
4.005790352821350098e-01
5.906031001359224319e-03
2.265592515468597412e-01
5.635792389512062073e-02
1.725706607103347778e-01
6.634663045406341553e-02
4.049175679683685303e-01
7.942547798156738281e-01
2.496479079127311707e-03
2.281592190265655518e-01
4.161907732486724854e-01
4.940613210201263428e-01
6.717133522033691406e-01
3.373939990997314453e-01
1.844659894704818726e-01
1.737197339534759521e-01
7.513669319450855255e-03
1.908929832279682159e-02
8.261785656213760376e-02
6.764282286167144775e-02
6.752411127090454102e-01
2.995836548507213593e-02
4.808697402477264404e-01
6.591414213180541992e-01
4.105684161186218262e-01
4.038777053356170654e-01
2.739485502243041992e-01
3.548405468463897705e-01
4.262849688529968262e-01
9.142333269119262695e-01
9.633287787437438965e-02
1.044925674796104431e-01
4.163964092731475830e-01
4.026221334934234619e-01
2.002887725830078125e-01
2.970778569579124451e-02
4.002151787281036377e-01
6.040182709693908691e-01
3.019669055938720703e-01
4.496834278106689453e-01
1.288561709225177765e-02
2.080297917127609253e-01
6.541144847869873047e-02
1.541249603033065796e-01
3.227022476494312286e-03
6.129410862922668457e-02
4.055304527282714844e-01
4.854608178138732910e-01
3.919900953769683838e-01
5.241451859474182129e-01
5.140209794044494629e-01
2.813917696475982666e-01
2.164582908153533936e-01
3.590365052223205566e-01
4.263859242200851440e-02
4.023097157478332520e-01
3.079081652685999870e-03
2.301009604707360268e-03
6.734120659530162811e-03
5.962088108062744141e-01
3.389931097626686096e-02
2.208921760320663452e-01
5.939453840255737305e-01
4.027257561683654785e-01
5.961523056030273438e-01
5.911014229059219360e-02
5.703619122505187988e-01
2.800896763801574707e-01
2.344712913036346436e-01
1.248171180486679077e-01
2.080499976873397827e-01
2.166151702404022217e-01
5.102832317352294922e-01
5.341374278068542480e-01
4.437032043933868408e-01
4.537609517574310303e-01
4.369828999042510986e-01
2.759697139263153076e-01
4.027701914310455322e-01
2.741762697696685791e-01
2.286156862974166870e-01
1.421141177415847778e-01
3.083603382110595703e-01
4.510493874549865723e-01
2.693136334419250488e-01
5.479737520217895508e-01
2.278707027435302734e-01
3.352898359298706055e-01
6.056872606277465820e-01
6.058801412582397461e-01
1.964995563030242920e-01
7.813028693199157715e-01
3.251529335975646973e-01
2.172947674989700317e-01
1.097866967320442200e-01
4.783223383128643036e-03
1.066789496690034866e-02
4.025944471359252930e-01
5.859963893890380859e-01
7.450376451015472412e-02
2.189118713140487671e-01
5.991482138633728027e-01
2.762023806571960449e-01
4.752584695816040039e-01
6.059493753127753735e-04
3.824591934680938721e-01
4.381462931632995605e-02
3.024907410144805908e-01
1.228008070029318333e-03
4.168505966663360596e-01
1.706408560276031494e-01
5.969971418380737305e-01
6.447241306304931641e-01
5.898210406303405762e-02
8.070391416549682617e-01
4.262877106666564941e-01
3.692880570888519287e-01
4.059699773788452148e-01
2.210656106472015381e-01
2.700448967516422272e-02
1.910599470138549805e-01
1.504685282707214355e-01
1.713013947010040283e-01
3.941489160060882568e-01
6.008540987968444824e-01
2.474579364061355591e-01
1.059261560440063477e-01
3.488576710224151611e-01
3.961634635925292969e-01
3.404868245124816895e-01
4.006261527538299561e-01
3.975298702716827393e-01
5.126948356628417969e-01
2.377810776233673096e-01
1.982675939798355103e-01
3.617163896560668945e-01
4.066611230373382568e-01
8.317688852548599243e-02
2.858246862888336182e-01
4.030926525592803955e-02
6.761454343795776367e-01
4.192431867122650146e-01
1.773708462715148926e-01
7.972592711448669434e-01
4.649979472160339355e-01
5.608526468276977539e-01
1.808476299047470093e-01
2.004813253879547119e-01
1.383746713399887085e-01
2.126925885677337646e-01
7.194042205810546875e-01
1.989639252424240112e-01
1.913753002882003784e-01
2.297461479902267456e-01
8.320669829845428467e-02
5.531491041183471680e-01
4.507457017898559570e-01
4.250370860099792480e-01
3.583145439624786377e-01
8.569777011871337891e-01
9.111351519823074341e-02
3.160550296306610107e-01
2.613891363143920898e-01
2.049545384943485260e-02
1.980915963649749756e-01
1.943639814853668213e-01
1.208774447441101074e-01
2.314345091581344604e-01
5.311022996902465820e-01
2.098746001720428467e-01
4.009262099862098694e-02
3.544392585754394531e-01
2.139618694782257080e-01
3.750626444816589355e-01
6.786588579416275024e-03
1.222563441842794418e-02
3.476935923099517822e-01
7.293354868888854980e-01
2.589090466499328613e-01
5.745650529861450195e-01
5.270021557807922363e-01
6.926699280738830566e-01
1.945083290338516235e-01
5.780564546585083008e-01
2.169492691755294800e-01
2.423750162124633789e-01
5.395727157592773438e-01
6.843745112419128418e-01
6.061706808395683765e-04
4.681728780269622803e-01
6.163395047187805176e-01
3.230068087577819824e-01
7.874181866645812988e-01
2.674128115177154541e-01
1.846855729818344116e-01
2.777436375617980957e-01
3.844028413295745850e-01
5.140472054481506348e-01
6.518458724021911621e-01
3.723951280117034912e-01
2.550458908081054688e-01
6.198959350585937500e-01
3.974167406558990479e-01
2.516354918479919434e-01
4.546190798282623291e-01
6.330494880676269531e-01
4.325975179672241211e-01
3.443413078784942627e-01
3.954533338546752930e-01
5.855019688606262207e-01
3.645884990692138672e-01
4.143465757369995117e-01
3.764440491795539856e-02
3.528778553009033203e-01
4.697562456130981445e-01
6.482533216476440430e-01
3.725965321063995361e-01
6.678914278745651245e-02
6.089926958084106445e-01
3.018936216831207275e-01
3.841981887817382812e-01
2.802901864051818848e-01
3.929154872894287109e-01
1.271555721759796143e-01
4.895327389240264893e-01
5.453618615865707397e-02
2.285776436328887939e-01
3.288748264312744141e-01
2.026182413101196289e-01
2.359072864055633545e-01
4.141358733177185059e-01
4.375008642673492432e-01
4.177654087543487549e-01
5.021622180938720703e-01
2.032841891050338745e-01
5.127123594284057617e-01
2.312022745609283447e-01
3.952724933624267578e-01
9.329259395599365234e-02
1.121727377176284790e-01
4.530097544193267822e-01
3.916339874267578125e-01
2.349509894847869873e-01
4.143060147762298584e-01
4.500955641269683838e-01
2.590950131416320801e-01
3.471735715866088867e-01
5.683932304382324219e-01
1.836887300014495850e-01
8.004528880119323730e-01
6.722328066825866699e-01
4.145852625370025635e-01
3.008716702461242676e-01
6.172448396682739258e-01
5.765303373336791992e-01
8.997452259063720703e-01
6.246893201023340225e-03
5.910828709602355957e-01
6.001160740852355957e-01
3.512108922004699707e-01
4.000180661678314209e-01
6.200068593025207520e-01
7.239086627960205078e-01
7.537733912467956543e-01
6.324280500411987305e-01
3.578303158283233643e-01
3.059462904930114746e-01
4.110488295555114746e-01
4.021331667900085449e-03
1.204210743308067322e-01
2.085495293140411377e-01
6.193668246269226074e-01
5.336334705352783203e-01
4.337638318538665771e-01
2.366051226854324341e-01
2.293399274349212646e-01
1.593182235956192017e-01
5.747088789939880371e-01
2.207377552986145020e-01
2.735019922256469727e-01
1.713970005512237549e-01
4.781433641910552979e-01
2.636471390724182129e-01
3.268269300460815430e-01
1.962772160768508911e-01
2.260632663965225220e-01
5.624061226844787598e-01
3.366442322731018066e-01
5.406649112701416016e-01
3.203005790710449219e-01
8.813086152076721191e-01
2.276033535599708557e-02
7.829742133617401123e-02
2.889389395713806152e-01
4.183834493160247803e-01
7.792063802480697632e-02
1.998264528810977936e-02
5.886229276657104492e-01
4.563685655593872070e-01
5.586739182472229004e-01
3.986836969852447510e-01
3.693279325962066650e-01
6.902987957000732422e-01
2.975232899188995361e-01
2.191415987908840179e-02
2.570071220397949219e-01
6.598896384239196777e-01
2.664542756974697113e-02
2.041344046592712402e-01
5.108345150947570801e-01
3.981719017028808594e-01
2.665236890316009521e-01
2.305630296468734741e-01
6.356565356254577637e-01
5.451282262802124023e-01
1.699256896972656250e-01
9.827113151550292969e-01
5.761932209134101868e-02
4.525738060474395752e-01
