4.364884755719833365e-12
7.198448777198791504e-01
2.490904368460178375e-02
4.275019455235451460e-05
1.567826420068740845e-01
7.068786025047302246e-01
5.413992912508547306e-04
2.322914004325866699e-01
9.462088346481323242e-02
5.283368825912475586e-01
4.699837882071733475e-04
3.967593014240264893e-01
3.444686456077761250e-07
9.446538024349138141e-05
9.623979926109313965e-01
2.557991072535514832e-03
1.733117471758305328e-08
5.919391128372808453e-07
7.798254489898681641e-01
8.376410696655511856e-04
3.907109494321048260e-04
5.296624294715002179e-08
7.995885014533996582e-01
5.754854064434766769e-04
1.856693178415298462e-01
3.240257203578948975e-01
4.213880856696050614e-06
4.673522431403398514e-03
8.708962202072143555e-01
3.156442195177078247e-02
1.240330020664259791e-04
5.815210938453674316e-01
7.627506274729967117e-04
1.535079263703664765e-07
9.219647836289368570e-06
8.044412136077880859e-01
2.019043862819671631e-01
1.999402344226837158e-01
4.314397519920021296e-04
2.554292497999877121e-13
1.883498020470142365e-02
7.641099691390991211e-01
8.562617585994303226e-04
2.289577126502990723e-01
6.172727942466735840e-01
3.912030661012977362e-04
1.038417965173721313e-02
3.654647152870893478e-03
8.019155263900756836e-01
5.733924990636296570e-05
4.475790046853944659e-05
3.120535496670129305e-10
1.616247370839118958e-02
2.926944289356470108e-03
8.534020781517028809e-01
8.930709445849061012e-04
4.902498796582221985e-03
6.749455928802490234e-01
2.930534183979034424e-01
2.704789636709392653e-08
8.306681364774703979e-02
7.302314639091491699e-01
7.936493493616580963e-04
1.892267018556594849e-01
1.462652471673209220e-05
1.084036659449338913e-02
1.249935621672193520e-06
9.905151128768920898e-01
1.406071614474058151e-02
1.069934200495481491e-02
2.305322512984275818e-02
4.868254764005541801e-04
8.956648116509313695e-07
2.730204723775386810e-03
2.643257721501868218e-05
2.189641352742910385e-03
1.323565142229199409e-03
2.525190636515617371e-02
1.106712517184860189e-07
4.556668456643819809e-03
6.540786027908325195e-01
2.215114422142505646e-03
6.964005478948820382e-06
4.843907663598656654e-04
7.673944234848022461e-01
1.111556892283260822e-03
1.088441815227270126e-02
9.988125562667846680e-01
1.782311941497027874e-03
1.304360455833375454e-03
5.991805718252862789e-09
5.294119473546743393e-03
5.824618673662407264e-14
8.999859690666198730e-01
5.170212686061859131e-02
1.308989478275179863e-03
8.457762845637262217e-08
9.972370862960815430e-01
2.563041821122169495e-02
1.987883006222546101e-04
6.027469038963317871e-01
4.485949466470628977e-05
5.160697646999778954e-09
6.565643125213682652e-04
8.280297624878585339e-04
3.493503900244832039e-03
7.956358790397644043e-01
1.010059531836304814e-05
6.137190014123916626e-02
5.313010420650243759e-03
7.997593879699707031e-01
2.091733925044536591e-02
1.039113840306526981e-06
7.643925547599792480e-01
1.545398775488138199e-02
1.994814872741699219e-01
1.319485367275774479e-03
1.435272570233792067e-04
1.733352217316347313e-18
8.636677861213684082e-01
3.635682631283998489e-03
2.091707661747932434e-02
1.134817466663662344e-06
4.338816106319427490e-01
1.419574371539056301e-03
2.008224129676818848e-01
1.979991346597671509e-01
1.112301135435700417e-03
2.964655403047800064e-03
3.609089925885200500e-02
3.370521822944283485e-03
5.885360224056057632e-05
6.406255960464477539e-01
6.639956496655941010e-03
8.829654008150100708e-02
1.611916534602642059e-02
8.682167530059814453e-01
1.798281795345246792e-03
1.365020056255161762e-03
2.694981405511498451e-03
7.912130355834960938e-01
3.719838730376068270e-07
5.414585396647453308e-02
1.504150441178353503e-05
2.602373569970950484e-07
9.973605871200561523e-01
5.290988483466207981e-04
3.030991365449153818e-06
2.105560525933469762e-08
8.108955025672912598e-01
3.129144012928009033e-02
7.438788656145334244e-03
3.481440136177127442e-10
6.057710647583007812e-01
2.573619363829493523e-03
1.200774777680635452e-02
3.323226701468229294e-03
1.962596550583839417e-03
9.341132044792175293e-01
8.268502540886402130e-03
3.019738360308110714e-04
3.702841695485403761e-07
7.430814504623413086e-01
4.352894029580056667e-05
7.391116768121719360e-02
2.890283009037375450e-03
5.265911221504211426e-01
5.358668044209480286e-03
4.296016129501367686e-07
1.954194456338882446e-01
7.836278080940246582e-01
1.357187167741358280e-03
2.390074041613843292e-05
2.128115884261205792e-04
6.398693323135375977e-01
2.328340662643313408e-03
1.000953398033743724e-05
8.477246761322021484e-02
9.991462230682373047e-01
1.020809169858694077e-03
9.773991769179701805e-04
3.871826231479644775e-01
2.312012948095798492e-02
3.592911301808499047e-09
5.813492927700281143e-03
3.163481233059428632e-05
5.250719823379768059e-07
8.148433640599250793e-03
1.679988950490951538e-01
3.054618369787931442e-03
2.053007781505584717e-01
2.778701600618660450e-04
8.100031875073909760e-03
2.167135062336456031e-05
2.754835248808262804e-10
5.961671471595764160e-03
1.224577630409839912e-07
7.984758019447326660e-01
9.347363378112150123e-13
1.681654364801943302e-03
8.542435169219970703e-01
1.846905946731567383e-01
3.387694479897618294e-03
7.188009098172187805e-03
9.262654781341552734e-01
2.338269166648387909e-02
7.871496450206905138e-07
3.569365362636744976e-04
1.959806978702545166e-01
1.069839529466154460e-12
8.820085525512695312e-01
1.550025586038827896e-02
4.795643035322427750e-04
7.973061800003051758e-01
8.661175961606204510e-04
1.261853962205350399e-03
5.805473029613494873e-02
9.922479391098022461e-01
4.556071944534778595e-03
2.091466733133984235e-08
1.402553461957722902e-04
3.212544918060302734e-01
9.806787967681884766e-02
9.971171617507934570e-01
4.177283495664596558e-03
5.516163073480129242e-03
2.435126589261926711e-06
4.096857737749814987e-03
7.375072527793236077e-06
2.548239308453048579e-06
1.137031140387989581e-04
3.058111760765314102e-03
4.965603002347052097e-04
1.118540880270302296e-03
1.053959596902132034e-02
1.352069148197188042e-06
7.989878058433532715e-01
3.336019441485404968e-02
1.151949800259899348e-05
2.258484073536237702e-06
6.201447248458862305e-01
1.501463586464524269e-03
3.132307319901883602e-04
9.998087286949157715e-01
1.695886339803109877e-06
1.976917237043380737e-01
3.338323040225077420e-06
9.709367528557777405e-03
7.454463712974757073e-09
8.599911928176879883e-01
4.638599231839179993e-03
1.847458481788635254e-01
1.171651092590764165e-06
4.011603593826293945e-01
4.160157870501279831e-03
4.495482244237791747e-06
7.988643050193786621e-01
1.039896276779472828e-03
1.532569676637649536e-01
1.346770441159605980e-03
5.572942551225423813e-03
7.540421051999146584e-07
9.852045178413391113e-01
1.180173549801111221e-02
8.597466163337230682e-03
1.759202739037846186e-08
7.346683740615844727e-01
9.754961938597261906e-04
3.275601102359360084e-06
6.493136286735534668e-01
3.177673788741230965e-03
4.947388661094009876e-04
1.832014429048456350e-09
3.167438507080078125e-02
7.280251401731163696e-11
8.507001399993896484e-01
2.003264427185058594e-01
7.191473618149757385e-03
3.806449377918852406e-09
9.649667739868164062e-01
4.331225529313087463e-03
1.130869891494512558e-02
1.190180773846805096e-05
1.749197486788034439e-03
5.073000676929950714e-03
4.651098046451807022e-03
2.824960974976420403e-03
1.977010924747446552e-06
8.305393457412719727e-01
1.607286483049392700e-01
4.445019294507801533e-05
5.908638983964920044e-02
6.195561885833740234e-01
1.952075958251953125e-01
6.828615069389343262e-02
5.832286924123764038e-02
6.375253200531005859e-01
1.435893587768077850e-02
1.079881265759468079e-01
5.340080242604017258e-03
6.489984105684243332e-10
8.094370961189270020e-01
1.919153495691716671e-03
7.457182649162064081e-10
1.483494270360097289e-05
3.928496241569519043e-01
6.894019432365894318e-03
3.550617992877960205e-01
3.910505212843418121e-03
4.306893646717071533e-01
2.194877481088042259e-03
1.663233994975144014e-08
4.908951465040445328e-03
1.954239793121814728e-03
9.714235067367553711e-01
7.453777827322483063e-03
2.834504130078130402e-06
7.344514330043239170e-09
5.989471077919006348e-01
2.109439969062805176e-01
2.781441480692592449e-06
1.436274033039808273e-08
7.990773916244506836e-01
2.584982896223664284e-03
3.906185156665742397e-05
1.977426856756210327e-01
2.609315793961286545e-03
2.579224761575460434e-03
9.337255731225013733e-03
2.725753915910900105e-07
2.447179052978754044e-03
2.846636809408664703e-03
2.555913233663886786e-04
1.976368874311447144e-01
2.527607604861259460e-03
4.656906239688396454e-03
6.624420639127492905e-04
2.191597159253433347e-04
3.932673037052154541e-01
1.741717460390646011e-05
7.914493083953857422e-01
1.951882839202880859e-01
6.292221144121867837e-08
6.076247692108154297e-01
8.588841301389038563e-04
7.220489806059049442e-07
1.171421786239079665e-07
7.524139285087585449e-01
2.580651044845581055e-01
2.382835082244127989e-04
1.775825069216807606e-07
5.413942933082580566e-01
1.383221298456192017e-01
8.512285947799682617e-01
6.744798272848129272e-02
3.346111625432968140e-03
8.162973523139953613e-01
8.718665339983999729e-04
2.459066536175669171e-06
6.405710009858012199e-04
8.956129550933837891e-01
7.398305926471948624e-03
1.434363573789596558e-01
2.283728761653947004e-09
1.737710088491439819e-01
7.896586612332612276e-05
9.939793348312377930e-01
6.931556016206741333e-02
7.110492326319217682e-03
6.204966902732849121e-01
8.358299732208251953e-02
1.510902121663093567e-02
2.029840517892012031e-09
9.044365882873535156e-01
5.818232148885726929e-02
2.013227343559265137e-01
1.572065499999553140e-08
4.454972513485699892e-04
5.065623554401099682e-04
3.925998210906982422e-01
1.518059521913528442e-01
2.909436449408531189e-02
1.191526379784590972e-07
1.279777735471725464e-01
4.387023000163026154e-05
6.320862667053006589e-06
1.722843262541573495e-05
6.738472264260053635e-03
4.032594617456197739e-03
5.485510919243097305e-03
1.852097809314727783e-01
3.244597315788269043e-01
7.303113341331481934e-01
1.783475428819656372e-01
8.373695891350507736e-04
1.217322703450918198e-02
9.556111693382263184e-01
9.342207573354244232e-03
4.632832133211195469e-05
5.850357413291931152e-01
5.868552252650260925e-03
1.986855268478393555e-01
1.149610540096546174e-08
1.752962358295917511e-02
5.675491993315517902e-04
6.539128422737121582e-01
6.446305196732282639e-03
7.072555366903543472e-03
1.028999804475461133e-06
7.303584218025207520e-01
3.883047029376029968e-03
2.614848654047818854e-06
7.977472543716430664e-01
2.000912874937057495e-01
6.598642794415354729e-04
5.203674361109733582e-02
3.863117191940546036e-03
2.091044792905449867e-03
4.532381296157836914e-01
1.592556945979595184e-03
6.722708698362112045e-03
4.139359225519001484e-05
8.316898345947265625e-01
1.999812722206115723e-01
1.527283748146146536e-04
8.010609745979309082e-01
1.673318259418010712e-02
1.518973135716805700e-06
5.987771601212443784e-06
1.530130952596664429e-01
1.450541317462921143e-01
8.482359051704406738e-01
2.859464287757873535e-01
1.319334143772721291e-03
1.059441245843117940e-08
9.282869100570678711e-01
3.522292012348771095e-03
1.588878184556961060e-01
1.601278540874773171e-07
4.728866741061210632e-03
3.050376847386360168e-02
5.403780564665794373e-02
1.756914108991622925e-01
1.604752838611602783e-01
7.988734841346740723e-01
3.191430494189262390e-02
2.118014963343739510e-04
1.773139648139476776e-02
7.869338989257812500e-01
5.672481376677751541e-03
3.228340297937393188e-03
6.597843021154403687e-03
9.972731471061706543e-01
1.685258448123931885e-01
5.516172052466572495e-08
3.229496777057647705e-01
1.001486270979512483e-05
6.617397665977478027e-01
1.089583989232778549e-02
2.841551122401142493e-06
3.566643863450735807e-04
7.883125543594360352e-01
2.173738330602645874e-01
1.993347853422164917e-01
1.218963041901588440e-02
9.909675121307373047e-01
1.132172299548983574e-03
1.643621345692736213e-07
9.410890750586986542e-03
4.399119410663843155e-03
9.847151041030883789e-01
4.368077963590621948e-02
1.642568968236446381e-03
1.221716843247122597e-07
8.302134275436401367e-01
2.831426858901977539e-01
5.783090841759985778e-07
1.045353101858381706e-07
7.965036630630493164e-01
2.011583894491195679e-01
1.998498439788818359e-01
9.697432629764080048e-03
1.987280547618865967e-01
1.940808147192001343e-01
4.963901592418551445e-04
1.965260207653045654e-01
1.681380905210971832e-02
4.260674904799088836e-05
1.977729946374893188e-01
6.176870781928300858e-03
1.418630972693790682e-06
1.689255441306158900e-05
3.877949711750261486e-05
1.060283807419182267e-06
3.724058866500854492e-01
3.872451484203338623e-01
9.328554142484790646e-07
1.574872061610221863e-03
1.427122056484222412e-01
2.318250015377998352e-03
6.715402007102966309e-03
9.290391462855041027e-04
2.067879977403208613e-04
1.281079091131687164e-02
2.019500359892845154e-03
1.934179570525884628e-03
3.605520818382501602e-03
1.096765138208866119e-02
3.635126352310180664e-01
1.987389624118804932e-01
4.915643949061632156e-03
7.911140099167823792e-03
7.085816934704780579e-03
6.309797987341880798e-03
7.486177235841751099e-02
3.492055839160457253e-06
8.112659998005256057e-05
7.408478413708508015e-04
3.123389184474945068e-01
2.365330047905445099e-02
2.003346681594848633e-01
6.393888499587774277e-03
1.160109786724206060e-05
5.189823452383279800e-03
4.979061894118785858e-03
8.575979620218276978e-02
6.289629638195037842e-02
1.680365502834320068e-01
2.309139381395652890e-04
5.506877205334603786e-04
3.922691568732261658e-03
9.186062961816787720e-03
8.617721498012542725e-02
2.239957638084888458e-02
1.878681927919387817e-01
2.404545899480581284e-03
3.060283064842224121e-01
9.961455315351486206e-02
3.929282128810882568e-01
1.587632206690586800e-13
4.824409552384167910e-05
1.161916225100867450e-05
1.611793559277430177e-04
5.228351429104804993e-02
9.113926353165879846e-05
1.116061466746032238e-04
4.100499749183654785e-01
2.004154771566390991e-01
3.733894601464271545e-02
3.270687302574515343e-03
4.934283904731273651e-03
2.154084068024531007e-04
2.533226972445845604e-03
2.545312978327274323e-03
1.604612171649932861e-02
5.768558476120233536e-04
6.454166490584611893e-03
1.266771391783549916e-06
3.927717386886797613e-07
5.366632831282913685e-04
3.585432932595722377e-05
4.403787897899746895e-05
2.428437117487192154e-03
1.825499087572097778e-01
3.069623489864170551e-04
8.460046956315636635e-04
9.948072955012321472e-03
9.378010872751474380e-05
7.312443922273814678e-04
1.140235736966133118e-02
2.493500360287725925e-04
8.474270813167095184e-03
2.262285724282264709e-02
3.835901916027069092e-01
5.829621841257903725e-06
3.358284011483192444e-03
7.925453246571123600e-04
2.922510355710983276e-02
9.019459248520433903e-04
8.666379377245903015e-03
4.960436854162253439e-05
1.338927540928125381e-05
3.267737105488777161e-03
9.066665995760558872e-08
6.808604211983038113e-06
2.064757794141769409e-01
2.019783016294240952e-03
2.546816691756248474e-02
9.789530932903289795e-02
4.149073734879493713e-02
1.966868638992309570e-01
1.344194984994828701e-03
7.012138515710830688e-02
4.234169051051139832e-02
1.796450123947579414e-05
2.268967917189002037e-03
1.063204981619492173e-04
1.423793146386742592e-03
3.070047358050942421e-03
2.046014880761504173e-03
1.845977306365966797e-01
1.034838408231735229e-01
2.448834329843521118e-01
1.906099617481231689e-01
4.148994921706616879e-04
9.713940322399139404e-02
6.412262791855027899e-06
1.923736333847045898e-01
5.708656390197575092e-04
7.165979593992233276e-03
2.322401815035846084e-05
1.573791168630123138e-02
5.178790729587490205e-07
1.643322855234146118e-01
3.404754772782325745e-02
1.003907062113285065e-02
1.274777616799838142e-07
2.257075626403093338e-03
4.395842552185058594e-03
1.287993490695953369e-01
5.202788315727957524e-07
4.316699632909148932e-04
4.392472561448812485e-03
4.128764383494853973e-03
2.619647979736328125e-01
5.961842180113308132e-05
1.565568254591198638e-06
8.156306743621826172e-01
2.072111219167709351e-01
5.987401604652404785e-01
1.901427516713738441e-03
1.446560915496775124e-08
6.502547115087509155e-02
4.155336618423461914e-01
1.127607356465887278e-05
2.001244574785232544e-01
1.513854712247848511e-01
1.716777980327606201e-01
1.882161796092987061e-01
1.794591844081878662e-01
8.036549687385559082e-01
5.261043770588003099e-05
8.206719160079956055e-01
4.460023774299770594e-04
5.003909114748239517e-03
6.385107338428497314e-02
5.990123748779296875e-01
4.753454777528531849e-05
4.227569792419672012e-03
2.729502734943878295e-10
1.811946332454681396e-01
1.816001683473587036e-01
1.087601035833358765e-01
9.927535057067871094e-01
7.216553203761577606e-03
1.288816705346107483e-02
1.153149696619948372e-06
4.540738154901191592e-05
2.497195731848478317e-03
8.590581826865673065e-03
1.534029252070467919e-05
9.607462743588257581e-06
6.504190387204289436e-04
1.974845528602600098e-01
6.443959136959165335e-05
6.340780854225158691e-02
5.184426307678222656e-01
6.995852454565465450e-04
2.075564116239547729e-02
9.920107126235961914e-01
6.525846198201179504e-03
1.119732856750488281e-01
5.345815420150756836e-01
9.726838767528533936e-02
1.630200495128519833e-05
1.969804763793945312e-01
1.306769321672618389e-03
2.445695921778678894e-03
1.365043135592713952e-04
9.143249392509460449e-01
3.249817018513567746e-05
1.555498238303698599e-05
7.077457904815673828e-01
7.151047611841931939e-05
4.679532721638679504e-04
7.892348766326904297e-01
1.696713864803314209e-01
6.476756198026123457e-08
1.984667778015136719e-01
3.410753011703491211e-01
2.796143817249685526e-04
8.290729019790887833e-04
9.648197293281555176e-01
8.521789277438074350e-05
3.211852970252948580e-07
8.038324713706970215e-01
1.312131062150001526e-03
3.739401563507271931e-06
8.174080252647399902e-01
2.094939947128295898e-01
2.347796969115734100e-02
2.023361157625913620e-03
1.944987624883651733e-01
1.971666663885116577e-01
2.442332729697227478e-02
9.939977526664733887e-01
1.925754249095916748e-01
3.504700213670730591e-02
7.963875532150268555e-01
1.991883069276809692e-01
7.776887714862823486e-02
7.082184404134750366e-02
9.313991758972406387e-04
2.170638646930456161e-03
1.515846088295802474e-04
1.296955496072769165e-01
5.425738170742988586e-02
8.529082151653710753e-06
7.234131097793579102e-01
1.183624262921512127e-04
1.182066742330789566e-03
7.978405356407165527e-01
7.872948050498962402e-02
1.123701986216474324e-05
1.848052144050598145e-01
4.543371498584747314e-01
2.670235000550746918e-03
1.605154946446418762e-02
1.256780028343200684e-01
1.242729558725841343e-05
1.552661160530988127e-05
9.211236238479614258e-01
1.425290702172787860e-05
1.751272939145565033e-02
9.373915791511535645e-01
2.710993248911108822e-05
2.730424888432025909e-02
1.069374633289044141e-08
6.310923099517822266e-01
5.236345532466657460e-05
1.413719654083251953e-01
1.414299244061112404e-03
2.996260300278663635e-02
1.385981738567352295e-01
9.956865310668945312e-01
3.973112688981927931e-05
9.280515951104462147e-04
9.765330553054809570e-01
1.973090171813964844e-01
3.821264486759901047e-03
4.361093451734632254e-04
8.553078174591064453e-01
1.998677700757980347e-01
6.538622546941041946e-03
1.964387595653533936e-01
3.311725959065370262e-05
7.145985146053135395e-04
8.595882058143615723e-01
6.185717880725860596e-03
8.021466732025146484e-01
4.614668712019920349e-02
2.451807260513305664e-02
3.318237773441978788e-08
9.597426652908325195e-01
2.635022392496466637e-03
9.229842135027865879e-08
1.767159206792712212e-03
1.839294098317623138e-02
2.385844854870811105e-04
2.426591345283668488e-05
9.162195920944213867e-01
6.860427092760801315e-03
1.868986189365386963e-01
1.629079878330230713e-01
5.461532737172092311e-08
2.229651272500632331e-07
6.743776611983776093e-04
3.997254651039838791e-03
8.894902236988855293e-08
9.684556061984039843e-06
3.594037294387817383e-01
1.639353334903717041e-01
1.885872632265090942e-01
9.973583221435546875e-01
9.760588407516479492e-02
3.118424443528056145e-03
6.502785682678222656e-01
1.048026024363934994e-03
1.467334868721081875e-06
9.984496831893920898e-01
9.383908945892471820e-06
7.274994277395308018e-05
4.723842266685096547e-06
2.277407236397266388e-02
1.767637878656387329e-01
1.440041582100093365e-03
7.990937829017639160e-01
2.877040999010205269e-03
2.191451130784116685e-06
7.394805550575256348e-01
1.722044944763183594e-01
1.267806965188356116e-06
9.427938461303710938e-01
1.625747233629226685e-01
1.995407789945602417e-01
2.271299536005244590e-06
3.626311942934989929e-02
8.183050667867064476e-04
4.377405730338068679e-06
6.064683198928833008e-01
5.033401772379875183e-03
7.574078440666198730e-02
8.987451791763305664e-01
2.732278313487768173e-03
1.887836605310440063e-01
6.046634912490844727e-01
2.109886147081851959e-03
1.993330121040344238e-01
1.641688868403434753e-04
2.163432389497756958e-01
3.832259774208068848e-02
2.977975199769389292e-08
8.563213348388671875e-01
5.388125311583280563e-03
2.006522417068481445e-01
5.475382208824157715e-01
1.683152765035629272e-01
1.618546889403660316e-06
1.099513261578977108e-03
7.500068750232458115e-04
3.312659391667693853e-04
5.657018721103668213e-02
1.985898017883300781e-01
1.947809308767318726e-01
1.343958824872970581e-01
9.615570902824401855e-01
1.962227523326873779e-01
2.742037468124181032e-04
7.939819693565368652e-01
1.819323049858212471e-03
2.389714063610881567e-05
1.993881911039352417e-01
8.678746819496154785e-01
6.625400856137275696e-04
2.588821246263250941e-07
3.653259277343750000e-01
2.643756270408630371e-01
2.024243175983428955e-01
8.069592714309692383e-01
1.109444424510002136e-01
4.703243234871479217e-07
9.969893097877502441e-01
1.201131753623485565e-02
7.517079357057809830e-03
4.947502020513638854e-05
7.827721834182739258e-01
3.148839809000492096e-03
2.206643819808959961e-01
3.453226089477539062e-01
1.505689620971679688e-01
4.947758043272187933e-07
8.380195498466491699e-01
1.965655386447906494e-01
1.629673242568969727e-01
7.633806467056274414e-01
2.020883858203887939e-01
1.514184921979904175e-01
1.988322883844375610e-01
7.480925917625427246e-01
2.549121975898742676e-01
1.926477551460266113e-01
1.674776375293731689e-01
7.939025817904621363e-05
1.875332146883010864e-01
8.041694760322570801e-01
4.537742584943771362e-02
1.457693427801132202e-02
2.358893631026148796e-03
9.121091570705175400e-04
1.260614084230837761e-07
5.233910307288169861e-02
2.191297011449933052e-03
2.826863527297973633e-02
2.525091730058193207e-02
1.975882649421691895e-01
1.954625993967056274e-01
1.266086250543594360e-01
9.914331436157226562e-01
1.648104041814804077e-01
6.003497168421745300e-02
7.803709506988525391e-01
4.004366637673228979e-04
5.295965238474309444e-04
9.799745678901672363e-01
2.104749670252203941e-03
1.925499054777901620e-05
5.364736432866834548e-10
1.111175566911697388e-01
1.550643064547330141e-04
9.913007488648872823e-06
8.782717585563659668e-01
3.005320904776453972e-03
6.365452009049477056e-06
7.080541253089904785e-01
2.065166085958480835e-01
7.412851851287862175e-18
7.993525266647338867e-01
2.026383727788925171e-01
1.791186048649251461e-03
2.986159324645996094e-01
3.500939905643463135e-01
6.385017186403274536e-02
7.145448535084142350e-07
8.012204766273498535e-01
7.064178586006164551e-03
8.613611012697219849e-02
7.995009422302246094e-01
2.777179004624485970e-03
3.363328874111175537e-01
6.011774539947509766e-01
8.071972406469285488e-04
1.852602064609527588e-01
2.926167308459071137e-09
1.234725816175341606e-03
1.404152810573577881e-01
1.816856638470198959e-05
8.099142313003540039e-01
1.060472130775451660e-01
2.061832100152969360e-01
9.993939995765686035e-01
3.732478246092796326e-02
1.523170024156570435e-01
1.968077123165130615e-01
2.008451614528894424e-03
6.715626269578933716e-02
5.392466917442106933e-08
5.591264925897121429e-03
7.050915883155539632e-05
1.697215702733956277e-05
4.417711794376373291e-01
7.656623609364032745e-03
7.915017753839492798e-02
9.775348901748657227e-01
1.233932077884674072e-01
1.698468404356390238e-04
4.062483682787387806e-10
9.978218078613281250e-01
1.640303730964660645e-01
6.225315883057191968e-05
2.096746563911437988e-01
1.770367920398712158e-01
3.385016043466748670e-06
9.895945191383361816e-01
3.017966519109904766e-04
1.899911761283874512e-01
9.972274899482727051e-01
1.947121918201446533e-01
1.560135185718536377e-01
1.602723642690762063e-07
6.887229084968566895e-01
6.026335954666137695e-01
1.095760069347306853e-07
1.250194618478417397e-03
9.283546387450769544e-05
9.978541129385121167e-06
9.934387207031250000e-01
5.332898348569869995e-02
2.648203517310321331e-04
7.907018661499023438e-01
3.008609265089035034e-02
9.921765013132244349e-05
6.287544965744018555e-04
7.377759218215942383e-01
5.048114340752363205e-03
2.098555713891983032e-01
2.148063182830810547e-01
3.739611804485321045e-01
1.814897805452346802e-01
9.448353052139282227e-01
2.119528315961360931e-02
2.591144526377320290e-03
1.168348026112653315e-04
1.393788158893585205e-01
3.228593245148658752e-02
4.290437791496515274e-04
3.544712439179420471e-03
2.508380021026823670e-06
6.472755842423794093e-08
1.895171105861663818e-01
1.789087951183319092e-01
3.471666714176535606e-04
8.330693840980529785e-01
1.638805419206619263e-01
2.187220379710197449e-02
8.922206237912178040e-03
1.736115897074341774e-03
7.595202191623684485e-07
5.036283400841057301e-04
5.424975417554378510e-03
1.019223853945732117e-01
7.756182551383972168e-02
1.684205234050750732e-01
1.734386314637959003e-03
1.752856373786926270e-01
9.899176955223083496e-01
4.220809414982795715e-02
1.962031424045562744e-02
1.799707114696502686e-01
1.992025412619113922e-03
1.926595866680145264e-01
1.757649588398635387e-04
3.370470181107521057e-02
6.393653154373168945e-02
2.832312602549791336e-03
4.734875692520290613e-04
3.170973213855177164e-04
4.076329350937157869e-04
5.988265872001647949e-01
2.349959453567862511e-03
2.068973779678344727e-01
7.488866150379180908e-02
2.803333699703216553e-01
8.263970166444778442e-02
3.728533192770555615e-05
3.015943802893161774e-02
5.761695653200149536e-02
1.844050139188766479e-01
3.887970149517059326e-01
1.635257303714752197e-01
1.970899211301002651e-05
7.750759720802307129e-01
5.716090090572834015e-03
2.299674997630063444e-05
9.475031495094299316e-02
1.905182152986526489e-01
3.604854643344879150e-01
9.979722648859024048e-02
7.219436112791299820e-03
1.667245058342814445e-03
1.025054871206521057e-06
1.975262165069580078e-01
2.012832737818825990e-06
1.698423875495791435e-05
3.274945616722106934e-01
6.267230957746505737e-03
5.804157699458301067e-04
1.037717536091804504e-01
1.083761919289827347e-03
3.268615528941154480e-02
1.042018311636638828e-07
1.511521695647388697e-04
1.079523353837430477e-03
1.178513513877987862e-03
7.279854733496904373e-03
1.351006911136209965e-03
1.752263456583023071e-01
8.611463308334350586e-01
1.676937798038125038e-03
1.689480268396437168e-05
8.909078808017056872e-09
6.025875806808471680e-01
8.358891500392928720e-05
7.860616445541381836e-01
1.315035751758841798e-05
1.984281465411186218e-03
3.463672474026679993e-03
1.381138060241937637e-02
3.099193054367788136e-05
5.381520837545394897e-02
8.008388280868530273e-01
3.519174084067344666e-02
2.581480657681822777e-05
1.448269337415695190e-01
8.302506208419799805e-01
3.061418533325195312e-01
9.999359846115112305e-01
1.987510174512863159e-01
1.539846807718276978e-01
4.501826595515012741e-03
3.861922323703765869e-01
1.845085471868515015e-01
1.899531632661819458e-01
9.819201231002807617e-01
1.295326650142669678e-01
4.552123136818408966e-03
7.897096686065196991e-03
8.019308447837829590e-01
1.952442653418984264e-05
7.701787581027019769e-07
5.208396487432764843e-07
2.227650955319404602e-03
2.245536450118379435e-07
1.979604959487915039e-01
1.642788797616958618e-01
4.127861000597476959e-03
7.436655759811401367e-01
9.665409475564956665e-02
1.444821804761886597e-02
1.480870892578423081e-08
7.706080675125122070e-01
3.227563574910163879e-02
1.244623604179651011e-07
8.980085849761962891e-01
6.065533398214029148e-06
1.452494529075920582e-03
1.910020262002944946e-01
2.657957084011286497e-04
1.864329427480697632e-01
7.398203015327453613e-01
9.175704792141914368e-03
1.062728988472372293e-04
1.759441494941711426e-01
7.992507219314575195e-01
8.424440238741226494e-06
6.924349982284638827e-11
7.682915925979614258e-01
2.628786265850067139e-01
8.535180240869522095e-03
1.724955043755471706e-03
6.889724318170920014e-05
8.488908410072326660e-02
7.771493196487426758e-01
2.300649136304855347e-01
1.857099980115890503e-01
1.971253454685211182e-01
9.078715443611145020e-01
1.449507271900074556e-05
2.259415168737177737e-06
6.155363917350769043e-01
1.993192583322525024e-01
2.669243142008781433e-03
1.998438686132431030e-01
1.836346983909606934e-01
5.602829332929104567e-06
8.208959102630615234e-01
7.357946131378412247e-03
7.124867290258407593e-03
3.251649832236580551e-05
9.836044907569885254e-01
5.667210556566715240e-03
6.007744073867797852e-01
3.925330638885498047e-01
1.706676329149559024e-07
3.913899490726180375e-05
1.691625714302062988e-01
1.122661679983139038e-01
5.162350498721934855e-05
9.252734184265136719e-01
7.311318814754486084e-02
2.088347263634204865e-02
2.054173499345779419e-01
8.057370185852050781e-01
2.668592613190412521e-03
6.082965061068534851e-02
2.664739498868584633e-03
1.843164199044622364e-08
4.226728051435202360e-04
1.075198203325271606e-01
1.240473739017033949e-05
5.709126980946166441e-06
7.814877629280090332e-01
5.013592168688774109e-02
1.188378591905348003e-04
1.207399254781194031e-04
8.712177872657775879e-01
5.173817276954650879e-03
3.074824519444518955e-07
7.991276383399963379e-01
4.256819840520620346e-03
3.333299234509468079e-02
1.964211612939834595e-01
1.719766855239868164e-01
1.456806319765746593e-03
8.265170454978942871e-01
4.540589172393083572e-03
1.327173958998173475e-04
1.937893331050872803e-01
7.880371809005737305e-01
3.429012000560760498e-02
5.318513605743646622e-03
7.662448883056640625e-01
2.136554336175322533e-03
6.779774821552564390e-07
9.871175512671470642e-03
1.857913732528686523e-01
3.643071651458740234e-01
8.417844176292419434e-01
1.569607062265276909e-03
1.278006471693515778e-02
2.249580290936137317e-07
7.378783226013183594e-01
4.932606592774391174e-03
1.933902800083160400e-01
9.774909019470214844e-01
4.015167243778705597e-03
6.771085463697090745e-05
2.481695078313350677e-02
1.353084517177194357e-04
1.498205733696522657e-06
9.879277944564819336e-01
1.334894727915525436e-02
6.824209121987223625e-04
1.213195082527818158e-05
8.185915946960449219e-01
3.234760463237762451e-01
6.505216333607677370e-06
2.783281961455941200e-03
1.078991070389747620e-01
4.338808139436878264e-05
2.135266959667205811e-01
2.106203697621822357e-03
3.625320792198181152e-01
5.146537423133850098e-01
4.767479375004768372e-03
6.220549694262444973e-04
1.948448568582534790e-01
3.988271951675415039e-01
9.476403705775737762e-03
8.948574215173721313e-02
9.560272693634033203e-01
7.191613316535949707e-02
1.924742311239242554e-01
1.869446635246276855e-01
2.462876727804541588e-04
3.103491617366671562e-04
7.228569984436035156e-01
5.206267535686492920e-02
1.902706772089004517e-01
2.056490816175937653e-02
8.165196776390075684e-01
1.589056220836937428e-03
7.256960868835449219e-02
9.869944453239440918e-01
4.242236900608986616e-04
2.692747674882411957e-02
3.627928206697106361e-03
1.883636862039566040e-01
1.716192066669464111e-01
6.145439147949218750e-01
3.377500688657164574e-03
1.481649815104901791e-04
9.158938378095626831e-02
5.301461815834045410e-01
6.959001999348402023e-03
2.269176766276359558e-02
6.111472572456477792e-08
1.083008665591478348e-02
4.970153421163558960e-02
7.368556223809719086e-03
1.559148040541913360e-05
1.850379258394241333e-01
7.967810630798339844e-01
8.299015462398529053e-02
2.162278105970472097e-04
1.847856765380129218e-07
7.081474065780639648e-01
1.253620088100433350e-01
1.992712914943695068e-01
5.879902839660644531e-02
6.151673849672079086e-03
1.609159260988235474e-02
3.956173360347747803e-01
1.120489239692687988e-01
7.698287663515657187e-05
9.322796463966369629e-01
2.331506088376045227e-02
1.040610019117593765e-02
2.095223680953495204e-05
7.984929680824279785e-01
3.317613853141665459e-03
3.290010397449805168e-07
1.982055604457855225e-01
1.860292851924896240e-01
1.001751944422721863e-01
2.428131923079490662e-02
9.831205010414123535e-02
2.379266545176506042e-03
9.784549474716186523e-01
4.308798536658287048e-02
2.185934968292713165e-02
1.156363915652036667e-02
9.956748485565185547e-01
1.226084530353546143e-01
2.467999234795570374e-02
5.067864432930946350e-02
6.274335384368896484e-01
1.505925506353378296e-01
3.741601109504699707e-01
1.939052790403366089e-01
4.804720083484426141e-05
9.960166215896606445e-01
3.123023081570863724e-03
1.397027913480997086e-02
6.111421436071395874e-02
9.642170667648315430e-01
2.668767422437667847e-02
2.020205706357955933e-01
1.172520001091470476e-07
9.978737831115722656e-01
8.017056970857083797e-04
1.654024720191955566e-01
1.938223093748092651e-01
8.897954248823225498e-04
6.051290631294250488e-01
1.795751508325338364e-03
4.662603139877319336e-02
1.984619945287704468e-01
8.343356251716613770e-01
1.282182638533413410e-03
1.428729738108813763e-04
2.542774950597959105e-07
8.164422512054443359e-01
2.025180310010910034e-01
