2.206974519619825468e-16
8.509286046028137207e-01
3.515885910019278526e-03
3.480747400317341089e-04
5.021742310873378301e-08
9.997153282165527344e-01
1.990792602300643921e-01
2.124887856780333095e-07
1.680740979281836189e-06
9.845785498619079590e-01
8.207274368032813072e-04
3.398290276527404785e-02
9.294559247791767120e-03
2.817502536345273256e-04
6.555237770080566406e-01
3.550870716571807861e-02
4.701951891183853149e-02
7.938854018618712871e-09
8.420993089675903320e-01
1.520956517197191715e-03
4.110350087285041809e-02
1.991762816905975342e-01
9.990540146827697754e-01
7.198319584131240845e-02
2.000091853915364482e-06
1.702536556180689331e-09
4.421070176618968617e-09
1.774784505126997924e-19
8.512803912162780762e-01
9.536294280285129155e-13
5.819742381572723389e-02
8.105427026748657227e-01
1.650052145123481750e-02
5.114622879773378372e-03
5.875507719244055238e-11
8.916362524032592773e-01
2.036610096693038940e-01
1.656240969896316528e-01
1.770823001861572266e-01
8.673897959547813459e-16
1.614951987242985165e-12
7.928387522697448730e-01
3.966601192951202393e-02
3.228093595721210664e-15
6.460552215576171875e-01
4.361917264759540558e-03
1.998047083616256714e-01
1.826769411563873291e-01
9.974557161331176758e-01
2.019740343093872070e-01
1.864288598299026489e-01
9.655485612436454090e-12
6.677591102288715774e-08
3.981059926161378826e-09
9.914020895957946777e-01
2.110893139615654945e-03
5.869793540114187635e-08
7.448234558105468750e-01
9.003039449453353882e-02
2.858516946434974670e-02
1.147164141457324149e-09
9.945945143699645996e-01
1.152900629676878452e-03
1.177913418359821662e-06
7.988535943859176314e-10
1.777685554316121852e-08
3.694105089380173013e-06
6.884047985076904297e-01
3.001403436064720154e-02
1.276093535125255585e-02
2.130862139165401459e-02
4.722234327346086502e-03
2.541019639465957880e-04
3.090139273353997851e-07
2.025939174927771091e-04
4.111854732036590576e-02
8.093357086181640625e-03
1.178495306521654129e-02
1.127025927416980267e-03
2.626070272526703775e-05
9.999871253967285156e-01
1.163800829090178013e-03
4.338623210787773132e-02
2.068127272650599480e-03
9.997806549072265625e-01
2.182031494157854468e-06
1.700191199779510498e-02
5.998397469520568848e-01
1.985477507114410400e-01
1.657365646678954363e-05
8.024093694984912872e-03
4.936123332299757749e-08
5.958339665085077286e-03
8.834086060523986816e-01
5.930588115006685257e-03
4.491272941231727600e-02
6.000550463795661926e-02
9.991735219955444336e-01
4.127368156332522631e-04
1.470443038442681427e-07
6.231719851493835449e-01
4.274911247193813324e-03
8.726278792892117053e-06
1.354723470285534859e-03
1.204206623306447455e-09
2.517643272876739502e-01
9.666420817375183105e-01
1.141463592648506165e-02
1.539072869150004408e-08
6.602987647056579590e-03
8.729395270347595215e-01
3.602905869483947754e-01
1.928529120050370693e-03
9.349403381347656250e-01
5.084024160169064999e-04
3.175995661877095699e-04
1.999794989824295044e-01
1.772986166770351701e-07
2.732771342550677218e-09
6.023753881454467773e-01
5.268203676678240299e-04
3.538670398484100588e-06
1.891008168458938599e-01
6.001644134521484375e-01
2.006606459617614746e-01
6.103001069277524948e-03
2.724302001297473907e-03
1.440196880139410496e-03
9.014080569613724947e-05
4.652207952204889807e-09
1.331120984104927629e-05
1.168456709155479140e-14
7.876412868499755859e-01
4.226600006222724915e-02
5.942548066377639771e-02
1.501211272625369020e-06
4.007382988929748535e-01
4.940160736441612244e-02
9.006077051162719727e-02
7.742835581302642822e-02
9.980497360229492188e-01
1.331044927610491868e-06
7.112978295253924443e-08
9.835311232109233970e-08
5.918340775679098442e-06
9.969093799591064453e-01
4.283166304230690002e-02
4.881208224105648696e-05
5.507735535502433777e-02
9.963064789772033691e-01
1.939606480300426483e-02
2.005084206757601351e-05
8.818878233432769775e-02
7.229464650154113770e-01
1.500345184467732906e-03
2.379945840402797330e-08
1.291486551053822041e-04
3.934988335174693930e-09
8.835604190826416016e-01
7.398124318569898605e-03
2.043137101281899959e-06
4.408939560107683064e-07
9.834105372428894043e-01
2.770369639620184898e-03
4.096602089703083038e-03
4.155863076448440552e-03
7.995461821556091309e-01
1.396868824958801270e-01
2.352970391511917114e-01
1.655829250812530518e-01
9.898145198822021484e-01
7.785739004611968994e-02
2.429535612463951111e-02
6.045925005082608550e-08
4.163641929626464844e-01
2.182915247976779938e-02
1.018113289319444448e-05
2.557101547718048096e-01
9.506966471672058105e-01
2.735721766948699951e-01
4.058276861906051636e-02
4.765182361006736755e-02
6.962360441684722900e-02
4.369007729110307992e-05
1.253980211913585663e-02
5.892918852623552084e-05
3.570780390873551369e-03
1.243852078914642334e-02
2.352885203436017036e-03
2.367789484560489655e-02
1.657623797655105591e-01
1.006379257887601852e-03
2.580928057432174683e-02
2.279196120798587799e-02
1.089811030396958813e-05
3.851441293954849243e-02
1.241750791081130956e-08
7.625805735588073730e-01
2.846960688029920306e-11
2.936315546264722798e-08
9.994855523109436035e-01
2.221853901573922485e-05
1.671836362220346928e-03
2.490806626155972481e-03
7.022821307182312012e-01
1.434063911437988281e-01
1.286564860492944717e-03
3.671989738941192627e-01
2.095102816820144653e-01
4.281283157348630062e-19
8.428982496261596680e-01
2.218142384663224220e-03
4.054692544741556048e-05
9.950954914093017578e-01
2.162077426910400391e-01
7.617642268087365665e-07
8.803804973922524368e-08
2.938939332962036133e-01
2.561288774013519287e-01
4.030721485614776611e-01
1.238325424492359161e-02
2.080726325511932373e-01
3.764507994219457032e-08
9.993414878845214844e-01
2.019702047109603882e-01
1.033700350672006607e-02
1.121615525335073471e-02
7.359805051237344742e-03
1.667754418122058269e-06
8.301525667775422335e-06
8.008531481027603149e-02
1.843461650423705578e-03
2.281199907884001732e-03
1.034633442759513855e-02
1.929528564214706421e-01
7.547937030949469772e-08
8.940964937210083008e-01
2.561467699706554413e-03
1.669084667810238898e-05
1.776914894580841064e-01
6.043996810913085938e-01
8.399249054491519928e-05
1.204310962066301727e-07
6.026598215103149414e-01
8.814264833927154541e-02
3.170397576468531042e-06
2.873808746528538904e-08
2.171458303928375244e-01
5.384210854941784419e-09
6.784479618072509766e-01
1.952577568590641022e-02
4.532764251052867621e-06
1.116589829325675964e-02
9.373065233230590820e-01
1.297128037549555302e-03
7.323395578850977472e-08
8.733898401260375977e-01
2.005071192979812622e-01
2.150712674620081089e-07
4.274662330772116547e-07
2.709461259655654430e-04
1.998763298615813255e-03
7.310728430747985840e-01
9.882134944200515747e-02
5.099276080727577209e-02
9.265497326850891113e-03
9.913822412490844727e-01
2.124866470694541931e-03
1.355387485091341659e-05
7.937716245651245117e-01
1.774315834045410156e-01
1.183951366692781448e-02
5.683860049288114169e-10
1.372097898274660110e-02
1.427375245839357376e-03
9.331178665161132812e-01
1.284275297075510025e-02
2.010638862848281860e-01
4.297142197629000293e-09
7.187955975532531738e-01
4.034990072250366211e-01
1.711526885628700256e-02
4.974695038981735706e-04
1.068010553717613220e-01
1.818208373151719570e-03
4.723354152247338789e-08
3.933814167976379395e-01
1.346876928563778275e-12
6.223937273025512695e-01
9.480130393058061600e-04
1.097412496164906770e-05
3.383666276931762695e-02
8.072496056556701660e-01
1.895419508218765259e-01
2.843402791768312454e-03
1.755479672738147201e-08
6.073324084281921387e-01
2.177929738536477089e-03
1.811380911931337323e-08
1.276886165142059326e-01
3.861261177462438354e-08
6.326413154602050781e-01
7.293353229761123657e-02
7.186470611486583948e-05
2.998357824981212616e-02
8.718599677085876465e-01
1.534464675933122635e-02
1.212198621942661703e-04
1.024013534188270569e-01
6.050515174865722656e-01
3.333176951855421066e-03
2.044892162084579468e-01
1.180785335600376129e-02
9.448810089907055954e-08
6.052838563919067383e-01
2.122661098837852478e-03
6.243051961064338684e-02
1.898833960294723511e-01
4.360424578189849854e-01
3.245826959609985352e-01
1.572636421769857407e-03
4.044217988848686218e-02
4.029470980167388916e-01
3.249851614236831665e-02
1.565994800500902784e-08
2.023215144872665405e-01
7.516525220125913620e-04
7.227414753288030624e-03
1.085876370780169964e-03
2.421984390821307898e-06
1.979642175137996674e-02
7.932206988334655762e-02
3.882171120494604111e-03
2.828802913427352905e-03
3.403256461024284363e-02
2.209771191701292992e-04
1.613596230745315552e-01
1.983168829156056745e-08
1.558230221271514893e-01
1.517194956541061401e-01
9.982797503471374512e-01
1.082242727279663086e-01
2.423630282282829285e-02
6.064951419830322266e-01
4.928552516503259540e-05
2.910865098237991333e-02
1.171511039137840271e-02
7.862865924835205078e-01
7.450588978826999664e-03
6.010658689774572849e-04
3.819017112255096436e-01
1.447098562493920326e-03
2.002938091754913330e-01
9.985123872756958008e-01
1.034364700317382812e-01
1.115839625559500448e-12
5.558512210845947266e-01
1.393563002347946167e-01
1.966899782419204712e-01
1.978583335876464844e-01
4.490447938442230225e-01
2.041421532630920410e-01
9.433641680516302586e-04
2.293307384271248139e-11
1.517934352159500122e-02
3.128945827484130859e-03
9.353119730949401855e-01
4.076625779271125793e-02
3.080216236412525177e-02
5.982484221458435059e-01
2.069543600082397461e-01
3.072647086810320616e-04
1.264565163694442163e-08
7.124415636062622070e-01
2.034828215837478638e-01
2.297343909740447998e-01
2.009183317422866821e-01
1.113126426935195923e-02
5.191218256950378418e-01
9.984109401702880859e-01
1.029530353844165802e-02
5.047536433266941458e-06
3.676612977869808674e-04
1.616093814373016357e-01
2.356354445219039917e-01
1.245697401463985443e-02
1.439208863303065300e-04
4.296243190765380859e-03
1.324326498433947563e-03
9.882763028144836426e-03
2.197597324848175049e-01
9.458649158477783203e-02
8.022915124893188477e-01
5.446155555546283722e-03
1.098218485713005066e-01
1.870125997811555862e-03
9.810532927513122559e-01
7.057953160256147385e-03
1.733246445655822754e-02
6.126906275749206543e-01
1.299600005149841309e-01
1.976759880781173706e-01
5.553799837798578665e-07
1.954717487096786499e-01
3.736157850653398782e-06
8.999978303909301758e-01
1.043748389929533005e-02
8.782400935888290405e-02
3.396046395209850743e-07
9.740427136421203613e-01
1.833279877901077271e-01
5.258632451295852661e-02
5.724887847900390625e-01
8.198025822639465332e-02
9.877945785774500109e-07
7.347620278596878052e-02
2.762400778010487556e-03
1.683336943387985229e-01
9.998027086257934570e-01
2.932587824761867523e-02
9.433590457774698734e-04
9.305654025126841589e-09
7.186485528945922852e-01
2.040818631649017334e-01
3.557009767973795533e-05
9.961980581283569336e-01
2.264053970575332642e-01
2.046218141913414001e-02
1.813837570807663724e-06
7.977004349231719971e-02
2.038088142871856689e-01
8.414612412452697754e-01
1.088169887661933899e-01
2.989916875958442688e-02
5.967830657027661800e-05
8.693962097167968750e-01
1.864919089712202549e-03
9.645617865317035466e-06
5.197366699576377869e-03
1.478504040278494358e-03
1.512562036514282227e-01
1.080845575779676437e-02
2.846839604899287224e-03
1.962534040212631226e-01
9.555411934852600098e-01
2.741146460175514221e-02
2.066481538349762559e-04
2.822026610374450684e-01
9.964712858200073242e-01
2.099000848829746246e-02
2.506485879421234131e-01
1.357913570245727897e-04
8.013644218444824219e-01
2.369335144758224487e-01
1.272342586844388279e-07
2.099599242210388184e-01
2.245620591565966606e-03
7.957181930541992188e-01
3.629640489816665649e-02
9.468060306971892715e-05
1.241781283169984818e-03
9.989300966262817383e-01
1.821034252643585205e-01
2.334840828552842140e-03
4.789785668253898621e-02
6.023997068405151367e-01
6.340614054352045059e-04
3.835514689853880554e-06
5.125128030776977539e-01
3.899029791355133057e-01
9.975825548171997070e-01
9.110520035028457642e-02
3.632048901636153460e-05
1.695883838692680001e-05
8.690835833549499512e-01
8.854346233420073986e-04
1.875717043876647949e-01
6.536555942147970200e-03
7.938261032104492188e-01
4.708976298570632935e-02
1.461378484964370728e-01
1.961462348699569702e-01
2.011607289314270020e-01
5.553039722144603729e-03
1.628060638904571533e-02
1.950795799493789673e-01
2.287832321599125862e-04
1.060674367181491107e-05
3.481012582778930664e-02
1.222841441631317139e-03
1.258735267128940905e-07
1.123531728808302432e-05
1.995544153032824397e-04
1.425244704478245694e-07
4.391072317957878113e-02
2.037876695394515991e-01
8.333573350682854652e-04
4.931699950248003006e-03
1.970532536506652832e-01
3.269074717536568642e-03
5.602165590971708298e-03
1.983195096254348755e-01
5.521672591567039490e-02
1.761781983077526093e-03
3.675846382975578308e-02
3.863821038976311684e-04
1.049076113849878311e-02
2.885750308632850647e-02
2.330725779756903648e-03
5.130520366947166622e-05
2.441489696502685547e-02
1.571970991790294647e-02
3.123627509921789169e-03
8.327998220920562744e-03
1.263653188943862915e-01
2.387663153058383614e-05
2.341554965823888779e-03
8.851634338498115540e-03
1.399572193622589111e-02
7.555157691240310669e-02
1.796326041221618652e-02
2.458824543282389641e-03
6.583931053683045320e-07
3.147603012621402740e-03
1.423057615756988525e-01
3.870388865470886230e-02
2.174713760614395142e-01
3.484904766082763672e-02
8.329837769269943237e-02
6.383634754456579685e-04
1.674068160355091095e-02
2.579819038510322571e-02
9.423307329416275024e-02
1.117916544899344444e-03
2.527339458465576172e-01
1.965976357460021973e-01
1.383057422935962677e-02
2.812162041664123535e-03
1.034145057201385498e-02
9.233818855136632919e-04
2.034799307584762573e-01
7.943824864923954010e-03
5.567578682530438527e-07
2.298709470778703690e-03
9.237106423825025558e-04
5.035660433350130916e-05
1.035285294055938721e-01
1.988681852817535400e-01
2.948379369627218693e-05
1.326807774603366852e-02
2.000449894694611430e-04
1.630158840271178633e-05
1.279505086131393909e-04
1.467912551015615463e-02
1.870548129081726074e-01
3.396920626983046532e-03
7.487818598747253418e-03
2.431725338101387024e-02
1.897599213407374918e-05
2.313751429319381714e-01
1.976061761379241943e-01
2.208633581176400185e-03
2.033409625291824341e-01
1.624548621475696564e-02
8.967628673417493701e-05
9.919618815183639526e-02
8.004669100046157837e-02
1.965270340442657471e-01
2.343726111575961113e-03
8.677112869918346405e-03
2.851272001862525940e-03
8.261333732662023976e-07
2.021436989307403564e-01
1.787883043289184570e-01
1.243759015778778121e-05
4.834660515189170837e-02
1.106573417782783508e-01
7.393353153020143509e-04
3.068238496780395508e-03
1.371800806373357773e-02
2.815123647451400757e-03
1.613080687820911407e-02
3.881190903484821320e-03
8.383613079786300659e-03
2.241905778646469116e-02
2.086453437805175781e-01
3.945239484310150146e-01
6.755166396033018827e-05
1.222634036093950272e-02
7.571779936552047729e-02
1.689570781309157610e-04
3.062497591599822044e-03
1.570384204387664795e-02
1.213763491250574589e-03
1.058533787727355957e-03
1.357761095277965069e-03
1.131006400100886822e-03
2.237149747088551521e-03
3.068399056792259216e-02
1.800167262554168701e-01
1.124107395298779011e-03
3.003825992345809937e-02
3.223343810532242060e-05
3.207398056983947754e-01
4.223464801907539368e-02
9.863262623548507690e-02
5.795008473796769977e-05
1.909223049879074097e-01
7.054409943521022797e-04
1.329585164785385132e-01
4.956490556651260704e-06
6.165688037872314453e-01
3.219337086193263531e-04
9.559073951095342636e-04
4.220889508724212646e-02
6.553641520440578461e-03
1.251225359737873077e-03
9.742862894199788570e-04
5.712796933948993683e-03
2.267695817863568664e-04
1.998298019170761108e-01
5.722868721932172775e-03
1.569402068853378296e-01
2.425927668809890747e-02
1.250806450843811035e-02
1.869737058877944946e-01
9.770844876766204834e-02
9.437856674194335938e-01
1.970517039299011230e-01
7.731041908264160156e-01
5.917349881201516837e-06
1.857022754848003387e-03
5.928521044552326202e-03
9.736801385879516602e-01
1.999084800481796265e-01
1.669036783277988434e-02
3.357647359371185303e-01
1.537131369113922119e-01
1.375038264086470008e-04
1.889070570468902588e-01
8.801758885383605957e-01
2.496373606845736504e-03
9.990578293800354004e-01
3.203202795702964067e-04
3.320417079066828592e-07
7.464158814400434494e-03
9.997959136962890625e-01
1.315297267865389585e-04
5.107982456684112549e-02
6.158705800771713257e-04
4.064294509589672089e-03
1.852099150419235229e-01
1.688992961135227233e-05
9.641419649124145508e-01
2.150535397231578827e-02
1.961139496415853500e-04
3.277306095696985722e-04
1.773603580659255385e-04
1.540509038022719324e-05
7.724753022193908691e-02
9.845074964687228203e-05
1.271346933208405972e-03
3.769686009036377072e-05
2.482810523360967636e-03
1.984845250844955444e-01
1.945385932922363281e-01
9.370827674865722656e-01
3.307082690298557281e-03
4.847627496928907931e-05
8.006213903427124023e-01
2.293053418397903442e-01
6.443351972848176956e-03
6.046205759048461914e-01
3.610968356952071190e-03
3.444382455199956894e-03
1.890312880277633667e-01
2.020367532968521118e-01
6.176077295094728470e-04
9.812408685684204102e-02
9.957114458084106445e-01
3.875238075852394104e-02
1.813296675682067871e-01
5.900261998176574707e-01
4.076776531292125583e-05
5.841728299856185913e-03
9.863284826278686523e-01
4.604322894010692835e-04
4.659778205677866936e-04
1.307615821133367717e-05
1.972120702266693115e-01
2.576123733888380229e-05
3.936353095923550427e-05
6.046649217605590820e-01
5.111621227115392685e-03
1.707227528095245361e-02
7.889534235000610352e-01
8.872807666193693876e-05
1.364421192556619644e-02
8.276825547218322754e-01
2.174392720917239785e-04
4.032853618264198303e-02
1.997849196195602417e-01
1.719499751925468445e-02
3.927709758281707764e-01
1.838084757328033447e-01
9.893417954444885254e-01
1.739444024860858917e-02
7.334276568144559860e-03
9.919543862342834473e-01
2.174345850944519043e-01
2.679935097694396973e-02
1.234026625752449036e-02
1.133324485272169113e-02
1.560419984161853790e-02
3.909117355942726135e-02
4.223475977778434753e-02
1.071916148066520691e-01
1.916596293449401855e-01
8.003564476966857910e-01
2.877789083868265152e-03
1.000788435339927673e-01
9.961184263229370117e-01
9.940815158188343048e-03
4.482497926801443100e-03
8.723408484456740553e-08
6.594549417495727539e-01
1.333940454060211778e-04
4.335452336817979813e-03
5.753022152930498123e-03
2.740251366049051285e-03
2.843744005076587200e-04
9.681313633918762207e-01
2.617316495161503553e-04
2.337059470391977811e-07
9.894081354141235352e-01
1.524748804513365030e-04
1.926556378602981567e-01
1.926430761814117432e-01
5.974167585372924805e-01
7.339670992223545909e-05
3.567789196968078613e-01
1.467443304136395454e-03
7.767166243866086006e-05
1.194786909763934091e-05
8.571476936340332031e-01
1.593041699379682541e-03
2.451750151521991938e-05
9.544252157211303711e-01
1.570760905742645264e-01
1.952949096448719501e-04
2.106694728136062622e-01
4.003306031227111816e-01
1.940948963165283203e-01
8.244070340879261494e-05
9.420140646398067474e-03
2.080634476442355663e-05
1.011760625988245010e-02
9.973248839378356934e-01
7.978568971157073975e-02
7.982975244522094727e-01
2.231526970863342285e-01
1.515091184955963399e-06
2.092234492301940918e-01
4.561060369014739990e-01
2.894525881856679916e-03
1.068059820681810379e-03
5.998295545578002930e-01
4.221259057521820068e-02
7.647124584764242172e-05
3.700084984302520752e-01
9.993119239807128906e-01
2.018050402402877808e-01
3.151657210764824413e-07
1.046063750982284546e-02
2.735873977144365199e-06
2.439272520859958604e-06
2.044003643095493317e-02
6.818168330937623978e-03
2.910745795816183090e-03
1.169702783226966858e-01
4.281052853912115097e-03
3.631015419960021973e-01
1.811184734106063843e-01
9.093557596206665039e-01
1.111258044838905334e-01
1.624035121494671330e-06
9.749063849449157715e-01
6.035649566911160946e-04
7.526930887252092361e-03
7.998797297477722168e-01
2.630908238643314689e-05
1.465187780559062958e-02
3.638952970504760742e-02
1.105980831198394299e-03
1.219950645463541150e-04
7.588637345179449767e-07
9.278966188430786133e-01
1.019936650991439819e-01
1.039025082718580961e-04
9.985992908477783203e-01
1.994492709636688232e-01
6.858166443635127507e-07
9.957970380783081055e-01
2.055804133415222168e-01
1.625661525395116769e-06
4.339007318776566535e-06
3.789716362953186035e-01
9.775482118129730225e-03
5.716750820283778012e-06
8.517092466354370117e-01
3.311258926987648010e-02
8.388569578528404236e-03
8.614285588264465332e-01
4.154553636908531189e-03
1.032715430483222008e-03
3.555389642715454102e-01
2.882188418880105019e-03
1.888619363307952881e-01
1.944829523563385010e-01
1.975661665201187134e-01
1.585345715284347534e-01
1.649772077798843384e-01
4.597275555133819580e-01
2.516877464950084686e-02
1.793795824050903320e-02
7.939196825027465820e-01
7.807203219272196293e-04
8.017303116503171623e-06
1.314042806625366211e-01
3.317150985822081566e-03
4.132972151182912057e-07
8.269727004517335445e-06
9.574107825756072998e-02
1.823651045560836792e-01
2.433277404634281993e-05
8.336729407310485840e-01
7.503940723836421967e-03
2.208976184192579240e-05
9.841674566268920898e-01
8.025947213172912598e-02
2.005786001682281494e-01
6.259584799408912659e-03
7.619510889053344727e-01
1.121723558753728867e-02
3.927351534366607666e-01
3.849964141845703125e-01
1.574356555938720703e-01
1.142844930291175842e-01
6.009531021118164062e-01
9.832493029534816742e-03
6.167605988594004884e-06
3.927691578865051270e-01
9.062070399522781372e-02
2.030292525887489319e-04
1.270253164875612129e-06
6.028887629508972168e-01
9.028911590576171875e-03
2.967577602248638868e-04
2.045397609472274780e-01
6.085556000471115112e-02
7.596550136804580688e-02
9.951220750808715820e-01
1.331052836030721664e-02
8.717850050743436441e-07
7.917419672012329102e-01
8.599265664815902710e-02
3.950303792953491211e-01
5.909907817840576172e-02
9.971402883529663086e-01
1.031067571602761745e-03
2.005388438701629639e-01
1.985157579183578491e-01
3.843430876731872559e-01
1.926999390125274658e-01
6.846913099288940430e-01
8.330997079610824585e-03
6.626903996220789850e-06
3.010413842275738716e-03
8.843802788760513067e-05
8.516790345311164856e-03
1.006742313620634377e-04
6.854920648038387299e-03
7.048229128122329712e-02
2.054535430673354313e-09
2.028496116399765015e-01
9.067402061191387475e-06
2.746258189745276468e-07
8.138406872749328613e-01
1.477871439419686794e-03
2.088258787989616394e-02
9.074400067329406738e-01
6.952285912120714784e-05
3.020997531712055206e-02
6.270258426666259766e-01
9.752284386195242405e-04
6.502497941255569458e-02
1.996958404779434204e-01
1.976499557495117188e-01
5.518185389519203454e-06
3.144724294543266296e-03
8.051033020019531250e-01
1.624589860439300537e-01
2.359735299251042306e-05
5.269669294357299805e-01
6.521859671920537949e-03
1.251875309009808576e-15
8.005440235137939453e-01
6.530355312861502171e-04
2.539164386689662933e-03
1.057657413184642792e-02
2.601430192589759827e-02
1.954543590545654297e-01
3.636262146756052971e-03
9.365392923355102539e-01
3.768084049224853516e-01
8.208272978663444519e-03
9.992482066154479980e-01
1.975400745868682861e-02
2.034148126840591431e-01
9.993059635162353516e-01
1.491232658736407757e-03
1.394254267215728760e-01
4.316456397646106780e-05
1.974865347146987915e-01
8.327581599587574601e-05
2.577456507424358279e-05
6.586035490036010742e-01
2.215575426816940308e-02
9.966380894184112549e-03
7.999882698059082031e-01
1.194561272859573364e-01
2.364555140957236290e-03
2.721209479972230838e-09
7.200649380683898926e-02
3.169116377830505371e-01
8.958050981163978577e-03
2.042071372270584106e-01
3.723197579383850098e-01
4.700666177086532116e-04
8.618285059928894043e-01
7.072883308865129948e-04
2.573673555161803961e-05
7.432247400283813477e-01
2.014567255973815918e-01
1.559941768646240234e-01
2.635263118833108820e-09
9.947786331176757812e-01
2.002889756113290787e-03
1.998253935653337976e-07
3.800010085105895996e-01
2.901299558288883418e-05
4.855606221099151298e-06
4.844987690448760986e-01
1.525104939937591553e-01
1.201966311782598495e-03
6.382587552070617676e-01
4.359611310064792633e-03
1.690087467432022095e-01
1.663012988865375519e-02
8.106011152267456055e-01
4.735856782644987106e-03
3.387695812762103742e-08
1.431258488446474075e-02
6.343819946050643921e-02
1.752654412712217891e-07
7.994581460952758789e-01
6.752482801675796509e-02
1.977919489145278931e-01
8.245196342468261719e-01
7.844286039471626282e-03
1.548317670822143555e-01
9.953846635823992983e-10
6.274861097335815430e-01
6.666754186153411865e-02
1.394431591033935547e-01
8.117448305711150169e-04
1.962189674377441406e-01
1.163951819762587547e-03
8.802366256713867188e-01
7.412327919155359268e-03
1.370163261890411377e-01
1.711943014015560038e-07
1.769001391949132085e-05
7.385997378150932491e-06
2.932183065240678843e-07
3.174199719069292769e-06
3.148952600895427167e-05
2.720044221860007383e-06
1.384083647280931473e-02
7.421192713081836700e-04
3.391862719581695274e-06
9.987953901290893555e-01
5.267635453492403030e-03
1.179333921754732728e-04
1.591386646032333374e-01
4.197091236710548401e-02
1.800343543291091919e-01
4.252234008163213730e-03
5.869818106293678284e-02
7.641659976798109710e-06
1.189923472702503204e-02
1.787875080481171608e-03
1.659142673015594482e-01
9.684555232524871826e-02
9.951849579811096191e-01
9.106265380978584290e-03
5.233487486839294434e-02
8.046340553846675903e-07
1.037484258413314819e-01
2.710624039173126221e-02
5.755702964961528778e-03
1.244445219635963440e-01
1.019848859868943691e-04
7.539907237514853477e-04
5.667301416397094727e-01
1.548235886730253696e-03
8.371441317933658866e-09
9.988533854484558105e-01
2.036897838115692139e-01
2.486844360828399658e-01
3.061680763494223356e-05
1.453509926795959473e-02
1.981368213891983032e-01
1.828952110372483730e-03
9.438016451895236969e-03
2.011376246809959412e-02
1.689979806542396545e-02
1.830008230172097683e-03
1.408256823197007179e-03
1.082982495427131653e-01
7.263072729110717773e-01
6.560840643942356110e-03
1.058245288731995970e-05
8.623833855381235480e-05
1.156642194837331772e-02
9.712213068269193172e-05
3.625206649303436279e-02
3.834033152088522911e-03
1.951231062412261963e-01
7.742847429881294374e-08
1.942425370216369629e-01
4.341814201325178146e-03
5.792380761704407632e-05
6.005448698997497559e-01
5.762575566768646240e-02
2.576545113697648048e-03
1.189471106044948101e-03
1.021565273404121399e-01
8.135691285133361816e-02
7.593464688397943974e-04
6.313847377896308899e-03
8.887220919132232666e-02
1.197583414614200592e-02
3.226956585422158241e-03
6.814929292886517942e-06
3.391905352145840880e-07
9.957586526870727539e-01
1.872046291828155518e-02
3.331993147730827332e-02
2.016967348754405975e-02
9.896317720413208008e-01
1.642128378152847290e-01
9.981843233108520508e-01
5.387246608734130859e-03
1.481320261955261230e-01
1.203799061477184296e-02
8.027703501284122467e-03
2.658646088093519211e-03
7.670890045119449496e-05
7.955192327499389648e-01
1.688141524791717529e-01
1.115488430514233187e-05
2.005967689910903573e-05
9.991484880447387695e-01
1.327400375157594681e-02
7.892129421234130859e-01
3.335768997203558683e-04
3.698078393936157227e-01
3.106835677613162261e-08
1.034507155418395996e-02
9.535144199617207050e-04
1.740443408489227295e-01
7.410706281661987305e-01
4.082321748137474060e-02
1.026101654133526608e-05
8.767972758505493402e-05
7.975379824638366699e-01
2.337734103202819824e-01
1.800924073904752731e-03
3.695786744356155396e-02
6.327345222234725952e-02
1.217111595906317234e-03
2.006188929080963135e-01
2.886743843555450439e-01
5.298695992678403854e-03
9.877258539199829102e-01
3.671608865261077881e-03
9.394391626119613647e-02
1.982370167970657349e-01
8.416611552238464355e-01
4.696755422628484666e-05
1.974841207265853882e-01
7.977604866027832031e-01
5.426020652521401644e-05
1.023216736939502880e-05
1.647449731826782227e-01
2.597702950879465789e-05
1.552955508232116699e-01
9.983894824981689453e-01
1.263934653252363205e-03
1.024551223963499069e-03
1.569119980558753014e-03
9.992731213569641113e-01
5.026342696510255337e-04
8.995916687126737088e-07
7.889876961708068848e-01
1.623493582010269165e-01
6.900911557750077918e-06
3.379647135734558105e-01
4.315146725275553763e-05
6.120224669575691223e-02
4.260583817958831787e-01
4.079736769199371338e-02
3.360385820269584656e-02
4.471196606755256653e-02
4.797070324420928955e-01
2.919989870861172676e-03
6.376165856636362150e-06
5.921933650970458984e-01
2.472159639000892639e-02
1.668770983815193176e-02
4.018476903438568115e-01
1.005777344107627869e-01
1.108430205931654200e-05
9.996713399887084961e-01
8.696055039763450623e-03
6.384519656421616673e-05
3.729394620677339844e-06
7.918098568916320801e-01
2.076198309659957886e-01
7.976258993148803711e-01
8.102333545684814453e-02
2.979219061671756208e-05
1.134864202612106965e-08
3.942007198929786682e-03
4.376324359327554703e-04
1.717733766781748272e-06
9.781774282455444336e-01
2.239898741245269775e-01
6.844975054264068604e-02
1.123171765357255936e-03
7.940517067909240723e-01
2.082481049001216888e-03
2.611388079822063446e-02
1.706336275674402714e-03
1.044491864740848541e-02
1.952657550573348999e-01
4.014941453933715820e-01
1.543455873616039753e-03
9.501791000366210938e-02
6.177864074707031250e-01
1.114861946552991867e-02
2.021916589001193643e-05
1.092080879061541054e-06
9.560031890869140625e-01
2.083717612549662590e-03
2.596357651054859161e-02
6.684948205947875977e-01
4.924587315713324642e-08
1.098646862374152988e-05
4.413549322634935379e-03
1.980868577957153320e-01
1.907214671373367310e-01
4.601179063320159912e-01
2.740151016041636467e-03
2.592548169195652008e-02
2.155004590749740601e-01
6.367272734642028809e-01
4.378011077642440796e-02
1.935711479745805264e-03
6.668199896812438965e-01
4.118463490158319473e-03
3.200222238319838652e-07
5.621219873428344727e-01
3.387525379657745361e-01
1.954808235168457031e-01
7.086040973663330078e-01
8.067469298839569092e-02
8.615098893642425537e-02
1.987426728010177612e-01
8.011853694915771484e-01
4.473624825477600098e-01
1.206924617290496826e-01
9.630736708641052246e-01
5.837907083332538605e-03
1.253739242201845627e-06
2.016321718692779541e-01
1.969647854566574097e-01
6.140975165180861950e-05
9.917680621147155762e-01
1.799279078841209412e-02
1.188808892038650811e-05
3.518993253237567842e-05
8.002126812934875488e-01
1.332375109195709229e-01
1.231075376272201538e-01
1.534533593803644180e-02
3.041967004537582397e-02
3.385305032134056091e-02
3.808436989784240723e-01
3.361217910423874855e-03
5.438053631223738194e-05
7.318037748336791992e-01
4.371207952499389648e-02
1.143428385257720947e-01
7.324929814785718918e-03
9.099009037017822266e-01
7.849748432636260986e-02
3.984879585914313793e-04
6.032136678695678711e-01
1.005170866847038269e-01
6.083913373089444576e-09
1.946042776107788086e-01
2.241734182462096214e-04
3.123892747680656612e-05
9.982808232307434082e-01
6.298038642853498459e-03
8.377909398404881358e-05
1.130085438489913940e-02
9.296199083328247070e-01
3.733125030994415283e-01
5.514214560389518738e-02
9.978507161140441895e-01
8.868041634559631348e-02
2.211655373685061932e-04
1.772454357706010342e-03
4.469927847385406494e-01
1.911117136478424072e-01
9.989758729934692383e-01
3.437592647969722748e-03
7.940150797367095947e-02
1.094486037800379563e-06
8.179884552955627441e-01
1.634091022424399853e-03
1.668933145992923528e-05
1.976583003997802734e-01
2.076670527458190918e-01
2.229662612080574036e-02
4.883333109319210052e-03
1.961771696805953979e-01
5.481477955981972627e-07
9.969334602355957031e-01
2.395468996837735176e-03
3.820282220840454102e-02
1.240934643931268511e-08
9.958100318908691406e-01
2.033244222402572632e-01
1.458567101508378983e-03
1.525343851227489722e-09
8.150001987814903259e-03
7.242872845381498337e-03
3.281609714031219482e-02
1.921653151512145996e-01
5.775655154138803482e-07
9.958889484405517578e-01
9.880543686449527740e-03
1.998575478792190552e-01
1.981508582830429077e-01
9.943031072616577148e-01
1.158145442605018616e-02
7.085374090820550919e-05
1.236014589667320251e-01
1.105957776308059692e-01
8.762776851654052734e-02
2.129245083779096603e-03
1.539687365293502808e-01
1.585248410701751709e-01
6.768608689308166504e-01
9.622400999069213867e-02
5.635852366685867310e-02
1.946521550416946411e-01
6.498153805732727051e-01
3.745757341384887695e-01
6.088635697960853577e-02
2.920770645141601562e-02
4.015692770481109619e-01
2.539743669331073761e-03
5.643127020448446274e-03
3.327559232711791992e-01
1.836833506822586060e-01
8.156743049621582031e-01
1.120455563068389893e-01
2.632732212077826262e-04
1.748265922069549561e-01
8.280730843544006348e-01
9.859106503427028656e-03
8.243925869464874268e-02
8.690427243709564209e-02
5.987948179244995117e-01
2.254681438207626343e-01
1.936829537153244019e-01
1.683612316846847534e-01
2.247313204861711711e-06
7.283059954643249512e-01
3.280601697042584419e-03
2.111907601356506348e-01
8.377419362659566104e-06
9.978749752044677734e-01
2.636703848838806152e-01
7.769391406327486038e-03
1.316296766162849963e-05
5.733015537261962891e-01
2.172141671180725098e-01
