7.398649454116821289e-01
9.171552658081054688e-01
7.012023329734802246e-01
9.594540111720561981e-03
4.755780845880508423e-02
1.313377469778060913e-01
4.249602556228637695e-01
4.149029403924942017e-02
2.688845619559288025e-02
2.860411405563354492e-01
1.361003369092941284e-01
4.458357580006122589e-03
5.733228754252195358e-03
6.961499154567718506e-02
1.514927595853805542e-01
4.398158751428127289e-03
7.777306716889142990e-03
1.401508152484893799e-01
3.745548054575920105e-02
4.949929565191268921e-02
1.197979599237442017e-02
1.117176562547683716e-01
3.589508682489395142e-02
3.766347467899322510e-02
1.789036765694618225e-02
1.562472200021147728e-03
5.340139940381050110e-02
1.588961295783519745e-02
1.535888668149709702e-02
9.285967946052551270e-01
1.278866920620203018e-02
6.335080415010452271e-02
7.544767111539840698e-02
4.156124964356422424e-02
3.075662441551685333e-02
9.902019798755645752e-02
1.062185876071453094e-02
2.438142150640487671e-02
4.648545011878013611e-02
3.014643117785453796e-02
5.313505535013973713e-04
1.016307622194290161e-01
8.267557248473167419e-03
8.384884595870971680e-01
8.407799005508422852e-01
4.140331223607063293e-02
1.571868211030960083e-01
2.140246033668518066e-01
1.068429574370384216e-01
1.036763191223144531e-02
6.123229861259460449e-02
1.143928170204162598e-01
1.542804092168807983e-01
1.459780242294073105e-02
2.190858125686645508e-02
8.381136506795883179e-02
2.210384905338287354e-01
8.778271675109863281e-01
5.387444496154785156e-01
4.985755681991577148e-01
1.559762805700302124e-01
3.675064444541931152e-01
2.389297485351562500e-01
2.089808881282806396e-02
6.144865765236318111e-04
8.650248497724533081e-02
3.015777468681335449e-01
1.844999007880687714e-02
1.522143185138702393e-02
1.108971014618873596e-01
4.396536946296691895e-02
9.543336033821105957e-01
8.311191797256469727e-01
6.790384650230407715e-01
1.212246865034103394e-01
2.823877632617950439e-01
4.193433225154876709e-01
1.058686003088951111e-01
2.026997506618499756e-02
1.495622992515563965e-01
4.056100547313690186e-01
2.944930270314216614e-02
7.371089421212673187e-03
3.050148487091064453e-02
1.861370503902435303e-01
8.476594090461730957e-01
8.254771232604980469e-01
8.525593280792236328e-01
1.093877758830785751e-02
5.067057907581329346e-02
2.727576494216918945e-01
5.388092994689941406e-02
1.150559633970260620e-01
5.881472304463386536e-02
2.696501612663269043e-01
7.133696693927049637e-03
2.756353840231895447e-02
5.883264914155006409e-02
9.812980890274047852e-02
7.968837022781372070e-01
8.721519708633422852e-01
4.564887285232543945e-01
6.164117157459259033e-02
1.178389415144920349e-02
2.686403691768646240e-01
8.101877174340188503e-04
1.932947197929024696e-03
4.953037574887275696e-02
7.666989415884017944e-02
4.039070382714271545e-02
1.199706457555294037e-02
1.651423424482345581e-01
4.026915132999420166e-02
8.376602530479431152e-01
8.335556983947753906e-01
6.743555068969726562e-01
1.859514415264129639e-02
1.579618304967880249e-01
3.879481852054595947e-01
3.372480869293212891e-01
1.035669371485710144e-01
1.099079996347427368e-01
4.450301229953765869e-01
2.646203339099884033e-02
3.777401149272918701e-02
8.857018500566482544e-02
1.600150465965270996e-01
7.878611683845520020e-01
6.489031910896301270e-01
7.116998434066772461e-01
5.995573010295629501e-04
3.236244246363639832e-02
3.839641809463500977e-01
4.256624877452850342e-01
7.441332936286926270e-02
4.713287577033042908e-02
1.634007245302200317e-01
2.806329913437366486e-02
1.499825716018676758e-02
1.333681046962738037e-01
2.604785263538360596e-01
9.708354473114013672e-01
7.336395382881164551e-01
8.095137476921081543e-01
6.863913685083389282e-02
4.048080742359161377e-02
1.986353993415832520e-01
6.906212568283081055e-01
4.387151449918746948e-02
2.571056224405765533e-02
8.767271041870117188e-02
3.219036385416984558e-02
1.957689225673675537e-02
5.224090069532394409e-02
8.546657860279083252e-02
8.506433963775634766e-01
7.941807508468627930e-01
2.018347382545471191e-01
2.148586660623550415e-01
1.327567100524902344e-01
3.183774054050445557e-01
4.829165339469909668e-01
2.396174240857362747e-03
5.822958797216415405e-02
3.506469726562500000e-02
1.244945451617240906e-03
7.096398621797561646e-04
5.951844155788421631e-02
1.469775103032588959e-02
9.608360528945922852e-01
6.436322927474975586e-01
8.014393448829650879e-01
2.176145762205123901e-01
8.060395717620849609e-02
3.024543821811676025e-01
4.972039461135864258e-01
3.561662137508392334e-02
1.163884997367858887e-01
1.573871076107025146e-01
2.383012920618057251e-01
3.732414334081113338e-04
2.768005803227424622e-02
1.273523569107055664e-01
7.102526426315307617e-01
8.380492925643920898e-01
6.727607250213623047e-01
1.785809695720672607e-01
3.640142828226089478e-02
4.063538610935211182e-01
2.737084925174713135e-01
5.679365620017051697e-02
7.667181082069873810e-03
1.067796200513839722e-01
4.844889044761657715e-01
3.661570139229297638e-03
1.410360038280487061e-01
3.509161174297332764e-01
8.558157086372375488e-01
6.534400582313537598e-01
6.243419647216796875e-01
8.936344087123870850e-02
5.264988541603088379e-02
1.745746731758117676e-01
5.301152467727661133e-01
5.157453194260597229e-02
5.290995538234710693e-02
8.132459223270416260e-02
1.592542231082916260e-01
3.668396500870585442e-03
2.077278494834899902e-02
5.490437150001525879e-02
7.094607949256896973e-01
9.708683490753173828e-01
5.731634497642517090e-01
1.041966751217842102e-01
1.043754220008850098e-01
3.220008909702301025e-01
6.516301631927490234e-01
6.211876403540372849e-03
1.654344610869884491e-02
1.483658552169799805e-01
5.005748867988586426e-01
7.068982813507318497e-04
3.706844523549079895e-02
7.202283293008804321e-02
