4.172084552833688065e-12
9.999998807907104492e-01
3.698515065480023623e-04
1.100528876918360766e-07
4.896156369227355754e-09
9.995815753936767578e-01
1.741774176480248570e-04
2.230260776059367345e-08
1.514093711518782470e-10
9.987470507621765137e-01
7.724643801338970661e-04
3.570629303339956095e-08
3.513583304512457595e-12
9.338479856069170637e-08
9.999995231628417969e-01
1.519329962320625782e-03
2.350478898733854294e-03
3.036695718765258789e-01
9.987245798110961914e-01
1.917983172461390495e-03
3.554355120286345482e-03
6.170479059219360352e-01
9.986714720726013184e-01
4.390990361571311951e-03
1.618337701074779034e-03
9.921854138374328613e-01
3.237101420250354522e-10
1.833921814409222861e-08
9.999998211860656738e-01
1.947796845342963934e-04
1.191279152408242226e-03
9.999999403953552246e-01
1.653785293456166983e-04
1.217463053762912750e-03
9.910289943218231201e-02
9.998705387115478516e-01
5.796565674245357513e-04
1.623737659883772722e-07
1.349560357630252838e-02
7.730171653163535402e-21
2.987032879342518572e-20
1.000000000000000000e+00
5.335162131814286113e-05
2.051478348633126766e-22
9.994181990623474121e-01
1.961982634384185076e-04
1.499644852742676449e-09
3.637653930992925354e-16
9.982407093048095703e-01
1.439192099496722221e-03
7.239786725676822243e-08
9.634749900298226338e-15
1.630703072574846146e-10
2.303188462702849409e-16
9.999989867210388184e-01
1.438327832147479057e-03
2.959420953629887663e-06
9.994992613792419434e-01
9.764945134520530701e-04
1.303459725932043511e-06
2.178440045099705458e-04
9.984505772590637207e-01
1.152841490693390369e-03
4.763112144701153738e-07
2.319815728402119248e-10
4.564955816022120416e-06
1.709085983847558055e-09
9.999998211860656738e-01
1.089968066662549973e-02
6.558864377439022064e-03
1.754050608724355698e-04
5.502398125827312469e-03
1.395988074364140630e-04
4.282078705728054047e-03
6.210158062458503991e-06
5.072116851806640625e-03
1.721544322208501399e-05
8.498881012201309204e-03
1.863790198564085898e-11
3.656443095349792838e-13
9.999997615814208984e-01
2.346252003917470574e-04
1.067273160515469499e-06
2.637974561014999608e-11
9.995265603065490723e-01
1.172809547256292717e-07
1.016869748127202655e-11
9.992053508758544922e-01
6.073105614632368088e-04
5.187849438925695722e-08
2.315898557994633400e-12
2.863295538169108312e-13
8.526123135731950129e-17
1.000000119209289551e+00
7.717283733654767275e-05
1.371010149853191251e-08
1.526246441512987828e-13
9.996781349182128906e-01
1.220333506353199482e-04
1.013462995165873015e-13
9.988827109336853027e-01
5.227748770266771317e-04
4.387183594189991709e-08
3.378389419345789735e-13
3.780782978357599688e-12
8.851087987690552496e-17
9.999998211860656738e-01
3.315557260066270828e-04
1.662832858073670650e-07
7.395880376225363872e-14
9.996681809425354004e-01
3.528396191541105509e-04
1.114484771136403651e-08
9.987055063247680664e-01
1.070263679139316082e-03
1.866930254834642255e-08
1.796507143351708247e-13
1.237611400028981734e-07
2.557590939034071198e-08
9.999996423721313477e-01
1.211089198477566242e-03
4.198832903057336807e-05
1.980719389393925667e-03
9.989440441131591797e-01
3.459855914115905762e-03
1.080043784895678982e-05
1.128964647650718689e-01
4.542092327028512955e-03
6.221340299816802144e-06
7.212778180837631226e-02
2.633942369767439118e-11
1.202142918543813721e-08
9.999998807907104492e-01
2.020371379330754280e-03
4.021741187898442149e-05
4.999478915124200284e-05
9.985426664352416992e-01
9.404197335243225098e-04
1.516039174020988867e-05
5.005092825740575790e-04
9.983867406845092773e-01
2.790279722830746323e-06
6.334090605378150940e-03
7.441254297191335354e-07
1.389095949377860961e-08
9.999995231628417969e-01
1.748965354636311531e-03
1.312642325501656160e-05
9.118242887780070305e-04
9.992657899856567383e-01
1.331367646344006062e-03
7.310115051950560883e-06
1.526209339499473572e-02
9.984321594238281250e-01
1.524007180705666542e-03
1.142802739195758477e-05
2.287045845150714740e-06
2.623119996769673890e-07
9.999996423721313477e-01
1.636240747757256031e-03
3.879073075950145721e-03
2.815330028533935547e-02
9.993790984153747559e-01
1.333504798822104931e-03
1.250501070171594620e-02
5.296775102615356445e-01
9.983417987823486328e-01
1.469223643653094769e-03
1.173599230241961777e-05
1.719827018678188324e-02
9.920589923858642578e-01
3.088819095864892006e-03
1.275765001773834229e-01
4.713839888572692871e-01
9.936968088150024414e-01
4.577309824526309967e-03
7.317663729190826416e-02
1.420622132718563080e-02
9.943817853927612305e-01
1.534548308700323105e-02
5.454457998275756836e-01
1.678696600720286369e-03
9.999794960021972656e-01
4.404347855597734451e-04
1.151184365153312683e-01
7.155539989471435547e-01
7.273866534233093262e-01
2.755582863755989820e-05
2.031415514647960663e-02
3.493668977171182632e-03
1.541244331747293472e-02
2.485453842382412404e-05
1.799119263887405396e-02
2.455699816346168518e-02
3.816058859229087830e-03
1.532863010652363300e-03
1.977129416229961897e-17
9.994634389877319336e-01
4.244871866195933986e-17
2.872266591236183331e-10
9.992187023162841797e-01
2.208767182310111821e-05
1.417578970874799893e-10
8.187398233545201652e-16
9.978865385055541992e-01
3.358474932610988617e-04
1.782865410859812982e-09
3.360295957029820098e-15
8.256295695900917053e-04
4.814147127815693317e-13
9.992278814315795898e-01
1.215548836626112461e-03
6.180551963552716188e-07
9.991703629493713379e-01
7.521712686866521835e-04
8.401396023316465289e-09
1.040153474463068051e-08
9.987426996231079102e-01
5.650232196785509586e-04
1.085332179684428411e-08
5.388086421476145915e-09
2.829766273498535156e-01
2.651415343279950321e-06
9.961962103843688965e-01
2.959048189222812653e-02
9.803068637847900391e-01
7.331821322441101074e-01
1.272771880030632019e-02
3.280502259731292725e-01
8.135021924972534180e-01
5.486773261509370059e-06
1.371276564896106720e-02
1.897401176393032074e-02
7.034197449684143066e-02
7.939077913761138916e-04
5.891777517252894114e-12
9.988843202590942383e-01
2.827913966029882431e-03
1.067615812644362450e-06
3.414114644328947179e-07
9.991527199745178223e-01
1.050005494107608683e-06
9.404850231931050075e-09
9.974685311317443848e-01
4.708147316705435514e-04
2.447110887260350864e-07
5.861426795317203897e-12
1.016194582916796207e-03
3.743511238301321098e-15
9.993363022804260254e-01
1.005857717245817184e-03
6.044499656354673789e-08
1.410598932582649012e-13
9.989013075828552246e-01
8.449321612715721130e-04
3.899236142301809593e-11
9.968461990356445312e-01
1.300675328820943832e-03
8.593252687205676921e-08
7.538902718806639314e-05
1.877397415228188038e-03
2.853219396858897028e-12
9.987698793411254883e-01
2.221126807853579521e-03
9.655582289269659668e-07
4.663324240650190688e-11
9.984319210052490234e-01
1.410661381669342518e-03
2.539490253639087314e-07
9.963762760162353516e-01
1.576970913447439671e-03
2.148732960449706297e-07
1.455663228844272794e-10
7.885219529271125793e-03
2.340061655559111387e-07
9.961025118827819824e-01
3.396370215341448784e-03
1.022686529904603958e-02
1.372925192117691040e-02
9.954261779785156250e-01
1.391626521944999695e-02
5.206140689551830292e-03
3.925816416740417480e-01
1.013925485312938690e-02
4.270019941031932831e-03
9.984995722770690918e-01
5.198830738663673401e-03
4.901946937252432690e-08
9.977633953094482422e-01
4.325448069721460342e-03
1.726691989460960031e-04
6.828880868852138519e-04
9.970076084136962891e-01
5.410447716712951660e-03
2.355520555283874273e-04
4.010595381259918213e-03
9.947564005851745605e-01
5.982055154163390398e-05
4.981711134314537048e-02
1.504335459321737289e-02
1.549180126403371105e-07
9.971513748168945312e-01
3.929984755814075470e-03
1.978525072336196899e-01
1.771933771669864655e-02
9.960375428199768066e-01
7.963920012116432190e-03
9.938242146745324135e-04
9.352027177810668945e-01
9.951657652854919434e-01
6.365374661982059479e-03
9.547029435634613037e-02
5.738490819931030273e-02
3.967544995248317719e-03
9.976749420166015625e-01
6.704736035317182541e-03
6.269449591636657715e-01
9.186722040176391602e-01
9.953183531761169434e-01
3.490507602691650391e-03
9.960520863533020020e-01
1.389755904674530029e-01
9.952294826507568359e-01
1.004055608063936234e-02
3.034171462059020996e-01
3.487979620695114136e-02
9.982652068138122559e-01
1.704779081046581268e-02
2.603970840573310852e-02
1.019516438245773315e-01
4.145835409872233868e-04
2.464143931865692139e-02
7.434108993038535118e-04
1.063306583091616631e-03
8.476444054394960403e-04
3.581185266375541687e-02
3.942754847230389714e-05
8.595281542511656880e-06
2.705019712448120117e-02
7.774822711944580078e-01
9.990971088409423828e-01
3.028217703104019165e-02
1.297877728939056396e-02
9.978629946708679199e-01
5.148025974631309509e-02
1.738996654748916626e-01
9.683145284652709961e-01
9.974943399429321289e-01
1.137151732109487057e-03
9.085252881050109863e-01
9.989613294601440430e-01
8.381534367799758911e-03
1.316399723291397095e-01
9.961403012275695801e-01
4.458293784409761429e-03
9.787164330482482910e-01
9.957912564277648926e-01
1.287922561168670654e-01
9.617064893245697021e-02
6.494075059890747070e-01
9.951902627944946289e-01
2.438640221953392029e-02
2.173199802637100220e-01
9.999992251396179199e-01
2.274444326758384705e-03
7.365925312042236328e-01
9.955190420150756836e-01
9.568033739924430847e-03
9.697396308183670044e-03
9.946460723876953125e-01
8.234500885009765625e-03
8.752618432044982910e-01
2.335778481210581958e-05
9.941781759262084961e-01
1.379350386559963226e-02
9.999781847000122070e-01
1.603641081601381302e-03
1.546581927686929703e-02
9.996126890182495117e-01
9.981167912483215332e-01
1.204775348305702209e-01
2.357530966401100159e-02
1.460473984479904175e-02
7.739984989166259766e-02
1.566106511745601892e-04
4.326040507294237614e-04
4.116375930607318878e-03
4.723510146141052246e-02
4.419340984895825386e-05
3.922914856957504526e-06
2.581616630777716637e-03
3.521567881107330322e-01
9.949268698692321777e-01
3.731936914846301079e-03
9.628691673278808594e-01
8.379238843917846680e-01
9.960771203041076660e-01
3.990719094872474670e-02
1.672512292861938477e-02
9.954735636711120605e-01
6.595295271836221218e-04
9.825438857078552246e-01
1.631690654903650284e-03
3.022484015673398972e-03
9.065846204757690430e-01
9.960315227508544922e-01
4.085232969373464584e-03
1.257968544960021973e-01
5.310320258140563965e-01
9.970964193344116211e-01
4.496813751757144928e-03
4.915693402290344238e-02
9.964801669120788574e-01
4.923049360513687134e-03
4.652236384572461247e-06
7.383548468351364136e-02
2.492412226274609566e-03
7.605959773063659668e-01
9.930006265640258789e-01
4.061166662722826004e-03
5.582991838455200195e-01
1.546116732060909271e-02
9.938266277313232422e-01
6.806303746998310089e-03
5.139303579926490784e-02
9.944208264350891113e-01
1.322994753718376160e-02
1.000000000000000000e+00
7.436410188674926758e-01
2.355589065700769424e-03
9.979663491249084473e-01
9.983670711517333984e-01
6.666912231594324112e-03
3.108571469783782959e-02
1.156155578792095184e-02
9.960901737213134766e-01
5.947649478912353516e-01
3.440812230110168457e-01
3.532947739586234093e-04
1.420468650758266449e-02
2.124193608760833740e-01
2.881869249904411845e-06
3.358819521963596344e-03
7.869439125061035156e-01
9.981568455696105957e-01
5.104409065097570419e-03
5.327049493789672852e-01
1.021767854690551758e-01
9.932695627212524414e-01
1.714859344065189362e-02
3.132465183734893799e-01
2.565948106348514557e-02
9.882405400276184082e-01
5.879013240337371826e-02
6.032832898199558258e-04
4.203571937978267670e-03
9.997979998588562012e-01
9.975544214248657227e-01
1.158824935555458069e-02
2.824745327234268188e-02
8.841377682983875275e-03
9.954978823661804199e-01
2.816820740699768066e-01
9.804983623325824738e-03
2.240558678749948740e-04
9.961402416229248047e-01
5.499509721994400024e-02
8.327132491103839129e-06
6.147026084363460541e-03
9.997869133949279785e-01
9.978706836700439453e-01
1.093254759907722473e-01
2.383373863995075226e-02
6.855290848761796951e-03
9.950645565986633301e-01
1.711324602365493774e-02
1.912962470669299364e-04
1.624051947146654129e-04
9.962967634201049805e-01
2.212619036436080933e-01
6.322562694549560547e-01
4.171351715922355652e-02
1.064609969034790993e-03
9.996293783187866211e-01
3.830920439213514328e-03
1.978605426847934723e-02
1.184550342259171885e-06
1.326306460214254912e-07
3.239953366573899984e-05
2.765076700598001480e-03
1.862517393647067365e-07
1.083471261154045351e-06
2.416809365968219936e-07
1.555792368890251964e-05
9.756422042846679688e-01
1.746268826536834240e-04
7.800598144531250000e-01
3.100363537669181824e-03
2.325544506311416626e-02
1.624305441509932280e-04
1.582523982506245375e-04
9.289656300097703934e-04
1.723091234453022480e-03
1.633194740861654282e-03
2.661268785595893860e-02
1.988020353019237518e-02
2.178690629079937935e-03
9.999926686286926270e-01
5.747370719909667969e-01
9.963114261627197266e-01
1.714622601866722107e-02
3.958117216825485229e-03
1.811254696804098785e-05
2.385352924466133118e-02
4.900508065475150943e-05
1.183147105621173978e-04
1.083655282855033875e-03
3.317878767848014832e-02
8.779464337749232072e-07
1.043012889567762613e-05
9.618632793426513672e-01
1.255022455006837845e-02
9.999969005584716797e-01
2.728424500674009323e-03
1.829761564731597900e-01
1.371311862021684647e-02
1.508060086052864790e-04
7.441141176968812943e-03
5.740281194448471069e-04
1.202255225507542491e-04
3.498208941891789436e-03
6.717198630212806165e-06
1.821981277316808701e-03
8.336889743804931641e-02
7.039086222648620605e-01
9.999535083770751953e-01
1.267753541469573975e-02
3.656288981437683105e-02
1.141355745494365692e-02
1.282082860015743009e-11
4.706291481852531433e-03
1.310758059844374657e-03
1.758973212417913601e-06
6.526893230329733342e-07
3.539621684467419982e-05
8.916297229006886482e-04
8.608540296554565430e-01
2.497986715752631426e-04
9.971850514411926270e-01
3.601001575589179993e-03
2.669797539710998535e-01
3.764769434928894043e-01
8.712803246453404427e-04
7.276697084307670593e-03
6.690357811748981476e-03
3.918269067071378231e-04
5.803834142170671839e-07
1.163539945991942659e-05
5.327766295522451401e-03
9.999972581863403320e-01
8.515903726220130920e-03
9.185512065887451172e-01
2.152339369058609009e-02
8.096307516098022461e-03
1.281990204006433487e-02
1.130398777604568750e-05
1.788073405623435974e-02
2.696795672818552703e-05
4.357732832431793213e-04
3.403907641768455505e-02
1.154414690063276794e-06
1.135812421892978819e-08
9.999982118606567383e-01
9.815950393676757812e-01
9.999619126319885254e-01
2.856044657528400421e-02
1.441826485097408295e-02
2.944538928568363190e-02
2.255532672279514372e-05
2.148860692977905273e-02
4.586753129842691123e-05
2.115315524861216545e-03
2.973189763724803925e-02
1.652164064580574632e-05
5.643464191962266341e-06
9.999929666519165039e-01
9.911385774612426758e-01
9.999512434005737305e-01
1.912169903516769409e-02
5.295667797327041626e-03
8.401040919125080109e-03
1.155349775217473507e-03
2.641687169671058655e-02
1.831098234106320888e-05
1.844843645812943578e-04
2.998098170792218298e-05
1.434469822925166227e-07
3.661421260403585620e-06
9.999966621398925781e-01
8.811045885086059570e-01
9.932186603546142578e-01
1.940522156655788422e-02
1.395051553845405579e-02
2.040671855211257935e-01
4.575820348691195250e-04
2.825786545872688293e-02
4.106272172066383064e-05
3.015812113881111145e-02
1.705675618723034859e-03
3.618300333619117737e-02
1.669442572165280581e-04
1.040336303412914276e-02
2.216068096458911896e-03
5.863864421844482422e-01
2.024270780384540558e-02
7.809011638164520264e-02
2.798207849264144897e-02
3.377352550160139799e-04
2.724188193678855896e-02
2.512568607926368713e-03
2.161038108170032501e-02
4.661754937842488289e-04
4.083257168531417847e-02
2.309702150523662567e-02
2.638351870700716972e-04
1.154536999337096859e-08
2.815417587953561451e-08
9.994989633560180664e-01
6.607394880120409653e-06
9.989247918128967285e-01
9.710907761473208666e-05
3.388890279509837455e-10
1.477727315513099882e-11
9.972836375236511230e-01
9.125843644142150879e-04
2.633412776731347549e-08
1.880729773306999419e-11
1.677561202086508274e-03
8.996855740406317636e-07
1.025746169034391642e-04
9.994809627532958984e-01
1.170068047940731049e-02
9.988946914672851562e-01
1.480346254538744688e-04
1.043353304266929626e-01
6.067853569984436035e-01
9.979062080383300781e-01
8.718786411918699741e-04
3.159422194585204124e-03
9.989517331123352051e-01
2.543428447097539902e-03
7.422507624141871929e-04
9.413432478904724121e-01
9.991959929466247559e-01
7.788586663082242012e-04
9.166908450424671173e-03
2.972877055640310573e-08
4.821431866730563343e-05
1.082998423953540623e-04
3.377368216206377838e-07
2.026506251695536776e-08
6.171265454213425983e-07
5.049734227213775739e-06
3.235128242522478104e-04
2.290016027473029681e-06
9.770341962575912476e-02
9.997249841690063477e-01
5.093925210530869663e-05
8.009551092982292175e-03
9.992063641548156738e-01
9.972414933145046234e-03
1.352373324334621429e-02
9.990905523300170898e-01
2.609383955132216215e-04
4.936519265174865723e-01
9.995168447494506836e-01
1.567086110298987478e-05
1.566266782937475455e-09
2.676342220758742840e-13
9.996567964553833008e-01
9.926147015448805178e-09
4.187936326616181759e-07
9.995341897010803223e-01
8.957205864135175943e-05
1.406156271696090698e-02
9.972620010375976562e-01
9.395008673891425133e-04
1.549827999269837164e-08
5.999766585773613770e-07
8.773464651312679052e-05
1.096706583325612883e-07
6.615880465687951073e-07
9.996836781501770020e-01
5.138276173966005445e-05
7.406402728520333767e-04
9.992980957031250000e-01
3.296627255622297525e-05
1.623869138711597770e-06
9.982473850250244141e-01
5.140868015587329865e-04
9.220358379025128670e-07
2.356545947962418452e-12
1.890589296817779541e-02
7.351610064506530762e-02
2.069404125213623047e-01
9.991172552108764648e-01
3.438092768192291260e-02
5.101181566715240479e-02
9.985828399658203125e-01
5.899255163967609406e-03
7.838355898857116699e-01
9.946405887603759766e-01
1.103230053558945656e-03
3.617094829678535461e-03
9.697034955024719238e-01
4.437025636434555054e-04
4.744611032947432250e-07
1.403095438945456408e-06
9.997469186782836914e-01
1.377657800912857056e-02
6.600340828299522400e-03
9.994544982910156250e-01
1.190679540741257370e-04
2.289543626829981804e-04
4.940181598067283630e-02
9.981948137283325195e-01
2.550879493355751038e-02
1.642051339149475098e-01
1.188888866454362869e-02
4.591606557369232178e-02
2.466093897819519043e-01
9.989261627197265625e-01
4.717264324426651001e-03
2.497224360704421997e-01
9.981586933135986328e-01
1.325745834037661552e-03
2.492074854671955109e-03
9.671622514724731445e-01
9.977874755859375000e-01
5.390069913119077682e-03
2.316287427674978971e-04
3.478341549634933472e-02
3.998854756355285645e-02
9.195648431777954102e-01
9.987724423408508301e-01
1.494174636900424957e-02
2.744093909859657288e-02
9.985458850860595703e-01
4.632765054702758789e-02
7.356393933296203613e-01
9.712115526199340820e-01
9.973602890968322754e-01
9.283273480832576752e-03
9.357897043228149414e-01
6.778557300567626953e-01
4.847986623644828796e-02
9.140684008598327637e-01
9.982488155364990234e-01
5.636046528816223145e-01
9.966989755630493164e-01
1.219421438872814178e-02
1.378010958433151245e-01
8.143978714942932129e-01
9.963535070419311523e-01
3.165546804666519165e-02
1.205211156047880650e-03
2.997129783034324646e-02
8.900316953659057617e-01
4.067762056365609169e-04
6.312817335128784180e-01
9.991270899772644043e-01
5.978108048439025879e-01
1.609915643930435181e-01
6.074099242687225342e-02
5.206912290304899216e-03
1.635623425245285034e-01
1.023675868054851890e-04
1.728971302509307861e-02
1.680106669664382935e-02
5.484099686145782471e-02
4.784053890034556389e-04
4.737558789713602891e-09
7.127205943480152683e-12
9.992492198944091797e-01
1.259290147572755814e-03
1.267495690626674332e-06
9.972259402275085449e-01
1.688771599775082399e-14
2.015971211580952493e-13
9.963468313217163086e-01
5.240282625891268253e-04
6.950505060387968115e-09
7.325506846088403190e-13
1.959203975275158882e-03
3.301479637229931541e-06
1.536504555588180665e-06
9.993242025375366211e-01
2.925285138189792633e-03
5.804092211292299908e-07
9.988670945167541504e-01
4.674960859119892120e-03
6.154840812087059021e-03
9.979019165039062500e-01
9.182888083159923553e-03
8.134841777973633725e-08
9.997997283935546875e-01
2.942098770290613174e-03
9.639988420531153679e-04
2.658541081473231316e-03
9.990996718406677246e-01
2.347903558984398842e-03
3.003617515787482262e-03
9.986563920974731445e-01
2.102609490975737572e-03
6.264186680482453085e-08
9.972322583198547363e-01
1.619583577848970890e-03
7.927773140181670897e-07
7.145865565938436248e-10
1.138957589864730835e-01
1.968295127153396606e-01
8.086697757244110107e-02
9.972777962684631348e-01
2.242399146780371666e-03
2.495051771402359009e-01
9.969066977500915527e-01
1.957705989480018616e-02
1.697659317869693041e-04
9.329330921173095703e-02
3.415683517232537270e-03
3.771746378333773464e-06
7.995724678039550781e-02
2.355183009058237076e-03
3.901743070855445694e-07
3.766683107642165851e-07
9.986224770545959473e-01
3.333274647593498230e-02
4.120700526982545853e-03
9.986469149589538574e-01
4.524901043623685837e-03
1.258586053154431283e-06
3.045084013137966394e-04
9.977210760116577148e-01
2.947611392301041633e-06
2.498350851237773895e-02
9.830327033996582031e-01
3.071603775024414062e-01
8.236824274063110352e-01
9.988340139389038086e-01
2.850592508912086487e-02
2.719698548316955566e-01
9.978922009468078613e-01
3.197227716445922852e-01
6.351633032863901462e-07
3.376550078392028809e-01
9.966725707054138184e-01
1.194440945982933044e-02
3.109584450721740723e-01
9.880340099334716797e-01
8.354832231998443604e-02
9.506127834320068359e-01
9.988074302673339844e-01
1.924025267362594604e-01
2.592821121215820312e-01
9.979657530784606934e-01
4.155504107475280762e-01
9.997274875640869141e-01
9.931012392044067383e-01
9.963426589965820312e-01
2.066813036799430847e-02
9.732198715209960938e-01
4.808443039655685425e-02
9.899001121520996094e-01
9.952462911605834961e-01
9.970244169235229492e-01
9.447867423295974731e-02
1.009521353989839554e-02
6.109244748950004578e-02
9.897988638840615749e-05
1.551633613416925073e-05
1.227752421982586384e-03
3.209802508354187012e-02
4.596409853547811508e-04
3.242526418034685776e-06
2.470471663400530815e-03
9.405580349266529083e-04
3.890885505825281143e-03
9.984877109527587891e-01
1.884581055492162704e-03
1.124646365642547607e-01
9.977152943611145020e-01
1.381183713674545288e-01
1.605292558670043945e-01
9.967139959335327148e-01
3.131463599856942892e-04
4.206202626228332520e-01
9.963563680648803711e-01
1.295767608098685741e-03
1.585061181685887277e-05
1.033706357702612877e-04
9.990175962448120117e-01
1.627343939617276192e-03
4.351625648268964142e-06
9.974652528762817383e-01
1.375205698423087597e-03
3.757973132678671391e-08
9.964081048965454102e-01
2.069102600216865540e-03
1.522535058029461652e-06
1.248462498188018799e-02
2.489691367372870445e-03
8.937630057334899902e-01
3.488678634166717529e-01
9.961447119712829590e-01
3.095701104030013084e-03
9.387357831001281738e-01
9.960787892341613770e-01
5.952386185526847839e-03
3.144259005784988403e-02
9.963361024856567383e-01
3.929249942302703857e-03
9.144872426986694336e-01
1.545789986848831177e-01
3.247485030442476273e-03
9.516572952270507812e-01
7.676243782043457031e-01
9.959868192672729492e-01
5.560338962823152542e-03
2.794063463807106018e-02
9.893240928649902344e-01
1.135048083961009979e-02
5.685273408889770508e-01
4.555102350423112512e-05
1.988711208105087280e-02
9.943045377731323242e-01
8.104904736683238298e-06
3.206281689926981926e-03
2.073826827108860016e-02
8.239916525781154633e-03
9.951130151748657227e-01
3.856330411508679390e-03
2.968011498451232910e-01
9.956843256950378418e-01
5.261810962110757828e-03
1.810581535100936890e-01
1.167197078466415405e-01
9.909439086914062500e-01
4.075550660490989685e-02
2.515785954892635345e-02
2.743182517588138580e-02
9.774636030197143555e-01
9.704169034957885742e-01
9.952045679092407227e-01
1.772772893309593201e-02
2.289574593305587769e-02
9.930889606475830078e-01
2.576174139976501465e-01
5.630956590175628662e-02
1.437058926967438310e-06
9.951128959655761719e-01
6.140085682272911072e-02
2.173170230435061967e-07
2.228965610265731812e-02
9.976651072502136230e-01
9.690757989883422852e-01
9.955313205718994141e-01
9.324338287115097046e-03
1.003796160221099854e-01
9.955056905746459961e-01
1.728565394878387451e-01
5.130842328071594238e-03
1.475637873227242380e-06
9.947364330291748047e-01
5.715873092412948608e-02
9.847092032432556152e-01
9.679206609725952148e-01
6.582615971565246582e-01
9.976969361305236816e-01
9.984696507453918457e-01
9.971933364868164062e-01
2.696598768234252930e-01
1.342206150293350220e-01
1.056977780535817146e-04
3.048391640186309814e-02
2.983145463986147661e-07
2.128631422237958759e-06
1.907237333398370538e-06
1.969782635569572449e-03
5.993474721908569336e-01
4.276037681847810745e-03
9.826938509941101074e-01
9.989283680915832520e-01
2.529045939445495605e-01
8.489696979522705078e-01
8.618087172508239746e-01
1.219751164317131042e-01
6.754789501428604126e-02
3.015749389305710793e-04
2.310912311077117920e-02
2.364569157361984253e-02
6.775835156440734863e-02
3.965720534324645996e-02
8.975020647048950195e-01
6.640585660934448242e-01
9.978710412979125977e-01
1.033867374062538147e-01
7.555910944938659668e-02
9.531505107879638672e-01
2.481034398078918457e-02
5.912634134292602539e-01
2.598625142127275467e-03
2.709226682782173157e-02
2.487270534038543701e-02
7.973556421347893775e-06
9.935595989227294922e-01
9.893053770065307617e-01
9.999926090240478516e-01
9.975432157516479492e-01
9.990434050559997559e-01
4.468175116926431656e-03
1.210402604192495346e-02
2.316330969333648682e-01
2.787633093248587102e-05
1.581359247211366892e-04
3.445536270737648010e-02
6.333903002087026834e-07
2.144843620044412091e-06
9.838749170303344727e-01
9.866855144500732422e-01
9.999816417694091797e-01
9.976959228515625000e-01
3.217969536781311035e-01
2.295828983187675476e-02
1.154563575983047485e-01
1.329402327537536621e-01
2.582994966360274702e-05
6.540244445204734802e-03
3.405951720196753740e-04
2.568122185766696930e-02
5.418432920123450458e-05
9.848378896713256836e-01
9.773335456848144531e-01
9.999558925628662109e-01
9.970922470092773438e-01
3.575286567211151123e-01
1.223341375589370728e-01
8.851267099380493164e-01
8.627466857433319092e-02
5.948774050921201706e-04
8.025949820876121521e-03
1.977319130674004555e-03
7.081975787878036499e-02
7.589299976825714111e-02
1.363651477731764317e-03
1.722729648463428020e-04
7.768431212753057480e-03
9.992743730545043945e-01
1.734184217639267445e-03
1.448638504371047020e-04
1.654377439990639687e-03
9.979310035705566406e-01
8.378791809082031250e-02
9.953466653823852539e-01
7.273429655469954014e-04
3.592001007746148389e-08
9.965204596519470215e-01
9.846435859799385071e-04
4.046390245093789417e-07
1.323195546865463257e-02
9.992911815643310547e-01
1.207868917845189571e-03
3.493733311188407242e-05
7.018372882157564163e-03
9.986503124237060547e-01
3.270547313150018454e-05
9.969671964645385742e-01
3.343468415550887585e-04
1.761254097800701857e-04
6.243055405974473615e-09
3.635790664702653885e-03
3.185333013534545898e-01
6.844791173934936523e-01
9.961570501327514648e-01
2.729366766288876534e-03
8.664087057113647461e-01
9.203004240989685059e-01
9.960064291954040527e-01
9.031213819980621338e-03
3.148397803306579590e-02
8.462540108666871674e-07
1.638602843740954995e-04
3.114936698693782091e-04
4.081175103783607483e-02
1.201871898956596851e-03
1.047859899699687958e-02
9.977875947952270508e-01
2.764976024627685547e-02
8.437641859054565430e-01
9.452815055847167969e-01
9.956859350204467773e-01
6.519197486340999603e-03
2.732464671134948730e-02
9.968416094779968262e-01
1.134113845182582736e-04
1.471891300752758980e-03
3.409713506698608398e-03
1.892150193452835083e-01
2.363961189985275269e-02
9.969755411148071289e-01
2.819015644490718842e-03
9.795347452163696289e-01
8.189339637756347656e-01
9.963371157646179199e-01
4.739635623991489410e-03
3.053208440542221069e-02
9.958519935607910156e-01
9.286811109632253647e-04
1.513811177574098110e-03
9.031414985656738281e-03
8.238282203674316406e-01
9.921568632125854492e-01
9.967930316925048828e-01
3.651932347565889359e-03
4.724458456039428711e-01
5.361582636833190918e-01
9.962627291679382324e-01
2.706187777221202850e-03
5.967500619590282440e-03
9.967284202575683594e-01
4.921784857288002968e-04
9.897891283035278320e-01
1.458322629332542419e-02
6.338024884462356567e-02
9.895198345184326172e-01
9.984552860260009766e-01
3.097654087468981743e-03
8.085217475891113281e-01
8.863360881805419922e-01
9.988778233528137207e-01
2.389297820627689362e-03
9.973083734512329102e-01
2.235543914139270782e-03
4.652435450225311797e-07
1.468557986328278275e-08
5.839235149323940277e-03
6.361600160598754883e-01
9.895239472389221191e-01
9.966789484024047852e-01
2.578499494120478630e-03
6.464532613754272461e-01
7.084030508995056152e-01
9.980034828186035156e-01
1.154335588216781616e-01
3.450567275285720825e-02
2.526615047827363014e-03
3.927633515559136868e-04
7.688967883586883545e-02
3.780386410653591156e-03
1.015730202198028564e-02
1.181162521243095398e-01
9.984408617019653320e-01
2.324711997061967850e-03
9.838541746139526367e-01
5.379643440246582031e-01
9.972115159034729004e-01
2.963776001706719398e-03
3.024515509605407715e-02
9.963735342025756836e-01
1.240428204596355499e-09
2.166087506338953972e-03
9.987951517105102539e-01
5.682077407836914062e-01
9.986453056335449219e-01
9.974716901779174805e-01
1.603566296398639679e-02
3.825297951698303223e-02
1.488055475056171417e-02
9.961504936218261719e-01
9.963238239288330078e-01
5.425773561000823975e-04
9.963363409042358398e-01
9.999780058860778809e-01
8.221990356105379760e-06
6.610095500946044922e-01
6.121073365211486816e-01
9.984015226364135742e-01
9.982635974884033203e-01
4.777887091040611267e-02
8.854593150317668915e-03
8.633788228034973145e-01
9.971754550933837891e-01
1.391043663024902344e-01
2.281061373651027679e-02
9.961243867874145508e-01
3.824416548013687134e-02
6.314975962595781311e-06
2.361173043027520180e-03
9.046092033386230469e-01
8.929114937782287598e-01
9.924318790435791016e-01
4.310407210141420364e-03
7.864577174186706543e-01
5.126558616757392883e-02
9.938216805458068848e-01
1.293931528925895691e-02
5.024276673793792725e-02
1.123612932860851288e-02
6.770112514495849609e-01
1.599785089492797852e-01
2.516482258215546608e-03
5.860523506999015808e-02
9.242768585681915283e-02
9.969360828399658203e-01
2.798684872686862946e-03
5.474532246589660645e-01
9.534378647804260254e-01
9.968674778938293457e-01
3.854690585285425186e-03
9.155790507793426514e-02
9.956517815589904785e-01
5.099137779325246811e-04
1.562240719795227051e-01
9.704096317291259766e-01
9.960668087005615234e-01
9.999862313270568848e-01
9.975012540817260742e-01
1.365721225738525391e-01
4.168218933045864105e-03
1.913598626852035522e-01
9.928240180015563965e-01
1.378352940082550049e-01
7.261062972247600555e-03
9.954039454460144043e-01
5.613357424736022949e-01
2.757829427719116211e-01
2.006140500307083130e-01
5.934337377548217773e-01
2.131872773170471191e-01
9.980450868606567383e-01
9.075772166252136230e-01
8.925428241491317749e-02
9.178746491670608521e-02
9.969875216484069824e-01
9.998807907104492188e-01
2.600950188934803009e-02
1.871764287352561951e-02
4.388240166008472443e-03
7.906614337116479874e-04
9.120923280715942383e-01
9.982911348342895508e-01
9.999961256980895996e-01
9.980726242065429688e-01
7.998098433017730713e-02
3.722856054082512856e-03
1.811136305332183838e-02
9.958876967430114746e-01
9.992405176162719727e-01
4.106898632016964257e-05
9.528447117190808058e-05
1.662953756749629974e-02
7.814891205271123908e-07
5.537300556898117065e-02
9.995227456092834473e-01
9.999995231628417969e-01
9.979914426803588867e-01
1.273179799318313599e-01
6.886579096317291260e-03
1.598293147981166840e-02
9.955565333366394043e-01
5.519814491271972656e-01
1.288789790123701096e-04
1.314778637606650591e-04
1.707521453499794006e-02
5.372954607009887695e-01
9.979925155639648438e-01
9.646458029747009277e-01
9.624805450439453125e-01
9.980530738830566406e-01
5.084803700447082520e-02
1.673647761344909668e-02
1.419206429272890091e-02
9.908792972564697266e-01
3.067085891962051392e-02
3.331905099912546575e-05
2.798712230287492275e-04
9.943884611129760742e-01
8.468909072689712048e-05
3.757549822330474854e-02
9.660704731941223145e-01
9.997518062591552734e-01
9.965315461158752441e-01
5.916565656661987305e-02
9.313638322055339813e-03
3.532908484339714050e-02
9.945529699325561523e-01
3.882075194269418716e-03
9.225306101143360138e-03
1.603564596734941006e-04
9.913598299026489258e-01
9.960141777992248535e-02
9.989250302314758301e-01
9.867896437644958496e-01
9.999405145645141602e-01
9.969713091850280762e-01
7.720666527748107910e-01
4.777563270181417465e-03
1.386463548988103867e-02
9.963881373405456543e-01
6.555078029632568359e-01
8.665184577694162726e-05
3.191180294379591942e-03
9.955050945281982422e-01
9.991423487663269043e-01
