2.203552954423894927e-01
2.259581593904071151e-01
1.908691193261102537e-01
3.094247443651301221e-01
2.949989498145161870e-01
1.275951830791977604e-01
2.264192532747983932e-01
2.497815898076869989e-01
2.750480890166587811e-01
2.360762125250543131e-01
2.020794347358437770e-01
2.372785297652276748e-01
2.389872199591511759e-01
2.826941488628361698e-01
2.890358584101284864e-02
3.076682382379658520e-01
2.861841170726200922e-01
1.191355143718493131e-01
2.690811193763063547e-01
2.684600408807729099e-01
3.165722207855791170e-01
1.821268999662536969e-01
2.517276067202245948e-01
2.618167632116147892e-01
3.006410805435454914e-01
4.191109269151218827e-03
1.865099473104167571e-01
3.108502600419412176e-01
2.879185072289636715e-01
1.357350958628208426e-01
3.004455537033768886e-01
1.386382233158656163e-01
2.891863266623448947e-01
2.012069788464626863e-01
3.142773817794827229e-01
2.697390127367235713e-01
2.538417312965836059e-01
7.174067834745266603e-02
5.579563867936835481e-02
3.732960804646049541e-02
4.824050470544814784e-02
8.676303532557237685e-02
4.139965439557832111e-02
6.934847129657729925e-02
4.945812322619994733e-02
6.758229305646287766e-02
4.944881028429266162e-02
3.792409061288008754e-02
2.882840820804736248e-01
2.511549888787648066e-01
1.115182110386396530e-01
1.909703684449106376e-01
1.711740325237705307e-01
2.051760015816101457e-01
1.877218498171272509e-01
2.906442752842289812e-01
3.047678806962302311e-01
3.140151142666907647e-01
3.151412967305917134e-01
9.711985174687402800e-02
1.694025204937212592e-01
2.749137008526864046e-01
2.643962962409624473e-01
2.537629231630441629e-01
2.799079634893972268e-01
2.623526721189801680e-01
3.091881521619282980e-01
1.564407477148611614e-01
1.830398148021441240e-01
2.579182806306947184e-01
3.043731210323480374e-01
2.708773545656675830e-01
1.857929022108482375e-01
2.544543132137802588e-01
3.004396455451071035e-01
1.570954818702364197e-01
1.312769058970913449e-01
1.434354632247749894e-01
1.175299735796565687e-01
1.332758460250541011e-01
1.272470028914260420e-01
3.502492999619929437e-01
3.382178977704964895e-01
2.488146150116545552e-01
2.146365257241926172e-01
2.934606969518147035e-01
2.514371178031769016e-01
2.751432120119436386e-01
2.834123699390497242e-01
2.668811878678815086e-01
2.536156588823639813e-01
2.534170362655808750e-01
2.606151789570084198e-01
1.958321311081258065e-01
3.089841490243368516e-01
2.145116654193351124e-01
2.211601634559010321e-01
2.188782481162679094e-01
2.779577915371191921e-01
1.531966254019258011e-01
2.225115726538925420e-01
