1.450231997296214104e-03
8.187695145606994629e-01
2.779881954193115234e-01
1.321545569226145744e-04
3.458176739513874054e-03
9.932203292846679688e-01
2.761417068541049957e-03
1.771149784326553345e-01
6.422835402190685272e-03
5.760091543197631836e-01
9.764800965785980225e-02
6.157616153359413147e-04
1.670789718627929688e-01
2.751622814685106277e-03
9.968636035919189453e-01
4.489165544509887695e-02
1.991487806662917137e-06
2.049774527549743652e-01
4.403206110000610352e-01
1.874210834503173828e-01
4.363003373146057129e-02
8.499968098476529121e-04
3.520356416702270508e-01
2.788748443126678467e-01
3.370541930198669434e-01
1.453948556445538998e-03
1.849524851422756910e-04
1.648560166358947754e-03
6.061601638793945312e-01
9.475720580667257309e-04
4.666612669825553894e-02
8.066250085830688477e-01
2.421756982803344727e-01
3.466005296104412992e-07
2.288530766963958740e-01
3.968022167682647705e-01
2.691655158996582031e-01
1.598680764436721802e-01
2.005678415298461914e-01
2.252070316899335012e-07
5.237848381511867046e-04
9.953128099441528320e-01
1.052898168563842773e-02
3.898580325767397881e-03
7.915489673614501953e-01
1.632845103740692139e-01
2.057464122772216797e-01
1.984641887247562408e-03
4.079220294952392578e-01
1.867255382239818573e-02
4.749045968055725098e-01
1.708237528800964355e-01
1.386397867463529110e-03
1.581678516231477261e-03
8.142580389976501465e-01
8.075412362813949585e-03
1.196103077381849289e-02
4.126470983028411865e-01
2.077302634716033936e-01
3.316319547593593597e-03
1.960066811079741456e-06
7.739280462265014648e-01
1.501918886788189411e-03
1.681508868932723999e-01
5.649155937135219574e-03
1.186064910143613815e-03
4.941080138087272644e-02
6.040981411933898926e-01
2.285609543323516846e-01
2.560975775122642517e-02
2.307650148868560791e-01
4.430795088410377502e-03
3.818703349679708481e-03
4.766295105218887329e-02
1.078526474884711206e-05
1.211143215186893940e-03
8.686500601470470428e-03
3.079546382650732994e-03
1.122823823243379593e-02
9.732797043398022652e-04
9.623142480850219727e-01
9.646769613027572632e-02
3.858088254928588867e-01
1.454574167728424072e-01
7.769765853881835938e-01
6.501681054942309856e-04
1.675811130553483963e-03
7.915763854980468750e-01
4.067207574844360352e-01
2.251430851174518466e-04
1.374400104396045208e-03
8.306729141622781754e-04
4.764619749039411545e-03
8.013020753860473633e-01
1.960676610469818115e-01
7.391378749161958694e-03
3.330260748043656349e-03
7.971906065940856934e-01
1.469412297010421753e-01
3.888102655764669180e-04
5.469573736190795898e-01
1.370493620634078979e-01
1.859883894212543964e-03
2.805359144986141473e-05
6.255092448554933071e-04
1.176907643675804138e-01
7.942165136337280273e-01
3.299808800220489502e-01
2.134991250932216644e-02
3.884054855518570548e-09
5.986719131469726562e-01
1.703297942876815796e-01
1.454402208328247070e-01
7.312156558036804199e-01
1.136979274451732635e-02
1.950362784555181861e-04
5.648657679557800293e-04
2.504276810213923454e-03
7.772491662763059139e-04
8.023675680160522461e-01
3.395844399929046631e-01
1.422606706619262695e-01
1.551718451082706451e-03
6.475616693496704102e-01
2.332719713449478149e-01
1.142043620347976685e-02
1.256022043526172638e-02
1.170445308089256287e-01
2.484620548784732819e-03
3.471443895250558853e-03
9.803214343264698982e-04
1.316088438034057617e-02
4.174048304557800293e-01
1.320447325706481934e-01
3.960475698113441467e-02
3.061425387859344482e-01
6.150733828544616699e-01
2.394700050354003906e-01
2.361464053392410278e-01
5.593637004494667053e-02
5.952807664871215820e-01
9.076328948140144348e-03
5.151261761784553528e-02
1.016989001072943211e-03
1.904326304793357849e-02
8.197118043899536133e-01
1.602330207824707031e-01
1.358758076094090939e-03
3.238141536712646484e-01
9.581495523452758789e-01
1.087813451886177063e-01
5.183473601937294006e-02
1.842722594738006592e-01
9.545212984085083008e-01
3.091695485636591911e-03
2.630572766065597534e-03
3.362028219271451235e-04
2.625626977533102036e-03
9.042741060256958008e-01
4.223984852433204651e-02
1.573073305189609528e-02
1.201118901371955872e-01
6.432589292526245117e-01
1.715067476034164429e-01
4.676034674048423767e-02
8.309425413608551025e-02
4.495570659637451172e-01
8.347934926860034466e-04
3.002980520250275731e-05
3.118445165455341339e-03
8.064641952514648438e-01
3.114689588546752930e-01
5.796872545033693314e-03
2.079766057431697845e-02
5.919098854064941406e-01
3.176421672105789185e-02
5.506599545478820801e-01
2.720730006694793701e-01
8.897273540496826172e-01
1.936852633953094482e-01
1.024124678224325180e-02
1.606735885143280029e-01
8.624660223722457886e-02
3.942010807804763317e-04
3.925426397472620010e-03
3.551499452441930771e-03
2.060338921694437886e-08
8.320258530147839338e-06
1.096484949812293053e-03
3.625068347901105881e-04
7.121460384951205924e-06
8.274565516330767423e-06
9.692190797068178654e-04
1.215823940583504736e-04
6.240489256015280262e-06
5.308520980179309845e-03
1.576045724505092949e-05
7.965528964996337891e-01
3.390544326975941658e-03
1.780115533620119095e-03
8.196532726287841797e-01
1.710377484560012817e-01
4.326914623379707336e-02
1.742662638425827026e-01
3.727531135082244873e-01
4.389523267745971680e-01
4.259291745256632566e-04
1.049994491040706635e-02
2.517364323139190674e-01
1.735940808430314064e-03
6.614924073219299316e-01
1.833398938179016113e-01
1.138147562742233276e-01
7.871285080909729004e-01
5.246767997741699219e-01
1.427842229604721069e-01
2.877027327485848218e-07
5.582525730133056641e-01
7.482222467660903931e-02
1.784974336624145508e-01
1.616757959127426147e-01
2.715281546115875244e-01
7.861935882829129696e-04
7.899243831634521484e-01
1.991458088159561157e-01
6.670992076396942139e-02
3.262878861278295517e-03
5.636535957455635071e-02
2.783537842333316803e-02
1.882720366120338440e-02
1.093841456167865545e-05
2.975578187033534050e-03
1.447227532480610535e-05
7.089353748597204685e-04
3.076118528842926025e-01
5.324045778252184391e-04
6.809979677200317383e-01
2.024577707052230835e-01
1.831299215555191040e-01
7.024858612567186356e-03
4.060683250427246094e-01
2.380019985139369965e-03
1.466054003685712814e-03
1.733801215887069702e-01
2.422343939542770386e-01
1.146560832858085632e-01
2.830571020240313374e-06
4.926061257719993591e-03
3.960260748863220215e-02
9.194226861000061035e-01
2.045221477746963501e-01
9.153975952358450741e-06
2.149099856615066528e-02
6.056965589523315430e-01
2.023664265871047974e-01
7.720922003500163555e-04
3.980321288108825684e-01
1.830924898386001587e-01
1.294782459735870361e-01
2.902845740318298340e-01
1.461196094751358032e-01
1.416224549757316709e-04
9.362225532531738281e-01
2.729591913521289825e-02
3.201374113559722900e-01
3.027291297912597656e-01
7.798475623130798340e-01
2.070175250992178917e-03
2.825253456830978394e-02
5.247039794921875000e-01
2.877929210662841797e-01
1.730604767799377441e-01
9.683922678232192993e-02
9.654121845960617065e-02
5.252112448215484619e-02
8.008472323417663574e-01
2.751887440681457520e-01
8.907803893089294434e-02
1.781369000673294067e-01
8.160291910171508789e-01
8.932375349104404449e-03
5.157288251211866736e-05
1.168372854590415955e-01
1.786278188228607178e-02
8.880944550037384033e-02
1.142214096034877002e-04
5.743528604507446289e-01
1.659981347620487213e-02
3.567006587982177734e-01
1.392417252063751221e-01
2.596092177554965019e-03
1.695320606231689453e-01
5.967967510223388672e-01
2.858279347419738770e-01
2.017398625612258911e-01
2.619084261823445559e-04
3.887968659400939941e-01
1.036354569805553183e-05
9.840842336416244507e-03
1.948917866684496403e-03
3.026562277227640152e-03
4.890805780887603760e-01
1.783575713634490967e-01
1.492861658334732056e-02
1.019220235320972279e-06
8.199813365936279297e-01
4.900655895471572876e-02
3.726896047592163086e-01
4.308703914284706116e-02
3.920547664165496826e-01
3.253207504749298096e-01
9.252637973986566067e-04
1.084554009139537811e-02
2.449989655595175009e-10
7.525439858436584473e-01
1.029881462454795837e-01
1.001212969422340393e-01
1.464569866657257080e-01
7.916693687438964844e-01
1.042858585715293884e-01
2.191514372825622559e-01
1.601031124591827393e-01
3.671350181102752686e-01
1.434457153081893921e-01
5.464423913508653641e-03
3.101710081100463867e-01
1.841278970241546631e-01
4.817646462470293045e-03
1.249891612678766251e-02
1.829823711887001991e-03
6.089676844567293301e-06
1.702005858533084393e-03
1.948890567291527987e-04
1.120706656365655363e-04
1.960061126737855375e-05
6.616092287003993988e-04
3.892116365022957325e-04
5.341183168638963252e-06
1.977706253528594971e-01
1.834689676761627197e-01
9.517719745635986328e-01
3.393811493879184127e-05
4.696473965282166319e-08
7.162171006202697754e-01
2.479922622442245483e-01
2.078345976769924164e-02
1.385824871249496937e-03
8.059815168380737305e-01
4.320060368627309799e-03
7.463035732507705688e-02
2.357763499021530151e-01
3.242424726486206055e-01
1.023725606501102448e-03
8.154678940773010254e-01
7.644474506378173828e-02
9.649010375142097473e-03
3.888541460037231445e-01
3.239088654518127441e-01
2.145253568887710571e-01
1.818924695253372192e-01
2.574894130229949951e-01
1.302492152899503708e-02
1.226692125201225281e-01
4.776788875460624695e-03
3.253830969333648682e-02
3.067657962674275041e-05
5.986789464950561523e-01
2.878840863704681396e-01
2.433744817972183228e-01
7.209980487823486328e-01
2.335815280675888062e-01
9.672163054347038269e-03
9.764552116394042969e-02
7.932671904563903809e-01
3.432452380657196045e-01
1.939121335744857788e-01
2.889934480190277100e-01
2.063122093677520752e-01
1.683163493871688843e-01
9.283579587936401367e-01
1.730534285306930542e-01
9.575032629072666168e-03
3.171906173229217529e-01
1.274781115353107452e-02
1.858119067037478089e-04
2.083239145576953888e-03
3.897599981428356841e-06
7.582152029499411583e-04
3.207235713489353657e-04
1.618397072888910770e-05
3.953611552715301514e-01
6.498202681541442871e-03
5.621849298477172852e-01
2.977591194212436676e-02
1.960073597729206085e-03
2.249092310667037964e-01
4.070029854774475098e-01
1.684717251919209957e-03
2.036980818957090378e-03
6.992675065994262695e-01
3.238486051559448242e-01
1.287111937999725342e-01
8.146314322948455811e-02
1.990773230791091919e-01
3.694422543048858643e-01
7.807113528251647949e-01
4.707159101963043213e-02
1.963102817535400391e-01
1.730441600084304810e-01
2.424885332584381104e-01
1.125244796276092529e-01
1.715239250188460574e-06
2.017373740673065186e-01
3.278637230396270752e-01
1.791925402358174324e-03
1.533857733011245728e-01
4.122681915760040283e-01
2.786863446235656738e-01
9.856739044189453125e-01
5.852694157510995865e-03
3.477736189961433411e-02
2.355593293905258179e-01
7.039667367935180664e-01
2.009333372116088867e-01
1.954645365476608276e-01
3.998388350009918213e-01
2.020630240440368652e-02
7.271157577633857727e-03
3.404118865728378296e-02
2.182833552360534668e-01
1.945449411869049072e-01
9.950167536735534668e-01
3.724041581153869629e-01
9.802624583244323730e-02
6.698824465274810791e-02
6.019609570503234863e-01
1.162539869546890259e-01
2.545378804206848145e-01
2.319873273372650146e-01
6.812776625156402588e-02
6.550632417201995850e-02
9.540726244449615479e-02
1.984953135251998901e-01
2.264990210533142090e-01
9.960733652114868164e-01
3.469204306602478027e-01
1.372724473476409912e-01
2.858083462342619896e-03
6.790118217468261719e-01
3.397063538432121277e-02
4.318424500524997711e-03
6.081837966576131294e-08
5.959009528160095215e-01
2.104076370596885681e-02
2.978484844788908958e-04
1.987162828445434570e-01
1.961873471736907959e-01
8.036257028579711914e-01
3.309696912765502930e-01
4.446861334145069122e-03
3.064242005348205566e-01
6.262747049331665039e-01
2.516626715660095215e-01
8.429681509733200073e-02
8.901289220375474542e-06
3.969608247280120850e-01
4.610277414321899414e-01
1.617768779397010803e-03
3.949503898620605469e-01
1.938050389289855957e-01
9.936254620552062988e-01
7.647867500782012939e-02
8.961817948147654533e-04
6.726809591054916382e-02
7.171940803527832031e-01
8.516319096088409424e-02
1.380447298288345337e-02
1.231870502233505249e-01
6.750324368476867676e-01
1.702475845813751221e-01
7.028724998235702515e-02
5.378811359405517578e-01
1.095775235444307327e-02
1.621395858819596469e-05
7.185749127529561520e-04
2.850978053174912930e-04
1.042305575182922439e-09
2.588505765288573457e-07
6.329324605758301914e-06
9.436696927878074348e-06
3.498894951547981691e-09
3.271114792369189672e-07
4.179277368621114874e-07
2.150671207346022129e-06
2.002689838409423828e-01
3.411551117897033691e-01
1.798887550830841064e-01
2.717066556215286255e-03
7.320824079215526581e-04
1.073329258360899985e-05
1.973487203940749168e-03
1.396863372065126896e-04
2.708190731937065721e-05
5.386738848756067455e-06
7.874697912484407425e-04
2.537316959205782041e-06
1.945083786267787218e-04
2.290807962417602539e-01
4.127990305423736572e-01
3.419778238367143786e-08
4.856026265770196915e-03
1.665958552621304989e-03
7.631982589373365045e-05
1.046390738338232040e-03
2.066599554382264614e-04
3.557378950063139200e-04
2.554066895754658617e-07
5.925734876655042171e-04
3.278573421994224191e-05
3.811620626947842538e-05
1.887993812561035156e-01
1.469223934691399336e-04
1.830875575542449951e-01
5.448766518384218216e-03
1.544358581304550171e-02
6.435841321945190430e-03
2.296660328283905983e-03
2.366862259805202484e-03
3.317493828944861889e-04
5.428414169728057459e-06
1.373078906908631325e-03
3.662388917291536927e-05
7.045902634672529530e-07
1.511365175247192383e-01
3.823066353797912598e-01
1.474559586495161057e-02
2.378247445449233055e-03
5.371650331653654575e-05
9.278994053602218628e-03
8.598745847299138489e-12
2.705260521906893700e-05
4.471281499718315899e-05
1.571974439507073384e-09
4.287706634187316013e-09
5.913741915719583631e-06
8.036484189233306097e-08
4.611016437411308289e-02
2.580976486206054688e-01
5.235520601272583008e-01
3.762180684134364128e-03
9.374408051371574402e-03
2.139891311526298523e-02
1.239060566149419174e-06
3.736439161002635956e-03
7.375496788881719112e-04
3.485737920527753886e-07
1.795849530026316643e-03
5.739169428125023842e-04
1.847861276473850012e-04
1.019693389534950256e-01
1.912863850593566895e-01
1.534955629267642507e-08
4.042325541377067566e-03
2.526101423427462578e-03
2.549199853092432022e-03
1.898988193715922534e-05
1.401042100042104721e-03
6.047722126822918653e-05
8.592556696385145187e-05
4.551123420242220163e-04
3.365084194228984416e-05
5.583939923781144898e-07
2.508475258946418762e-02
1.434994942428602371e-06
3.507047295570373535e-01
3.149034688249230385e-03
7.785998284816741943e-03
6.495465990155935287e-03
7.974419531819876283e-06
4.596936632879078388e-04
5.547543405555188656e-04
1.108902215491980314e-04
6.498464499600231647e-04
8.409385336562991142e-04
4.939783830195665359e-04
1.246571093797683716e-01
1.119023272622143850e-05
5.196348950266838074e-02
1.878312672488391399e-03
7.095078217389527708e-06
1.723526045680046082e-02
3.317081109344144352e-06
1.651640399359166622e-03
1.376458967570215464e-04
2.693865098990499973e-05
4.767208565681357868e-07
4.322395398048684001e-05
4.236454697092995048e-05
4.145765900611877441e-01
2.492367639206349850e-05
1.764573901891708374e-02
4.176912363618612289e-03
8.553411811590194702e-03
2.385830972343683243e-03
1.920710474223596975e-06
1.058674650266766548e-03
1.203588559292256832e-03
1.341574886737362249e-07
4.748324329284514533e-07
1.040412113070487976e-03
2.431549546599853784e-06
2.688258886337280273e-01
2.630412578582763672e-01
1.601766347885131836e-01
2.798249945044517517e-03
9.575443109497427940e-04
1.531967613846063614e-02
4.762398475577356294e-06
2.043515443801879883e-03
6.418216071324422956e-05
2.802138624247163534e-05
1.960481495189014822e-05
1.274689333513379097e-03
4.785470082424581051e-04
6.223253440111875534e-03
4.136866118642501533e-05
2.517929673194885254e-01
9.945737123489379883e-01
1.641406561248004436e-04
9.880146980285644531e-01
6.916620302945375443e-03
4.956134781241416931e-02
4.960735794156789780e-03
3.942365646362304688e-01
2.918493151664733887e-01
5.370987206697463989e-02
1.106426939368247986e-01
2.533639408648014069e-02
5.456069175124866888e-06
1.899811178445816040e-01
7.992796301841735840e-01
5.951035745965782553e-06
7.877696752548217773e-01
6.132514681667089462e-04
9.539330378174781799e-03
1.421697204932570457e-03
5.894092321395874023e-01
2.490626722574234009e-01
2.656130492687225342e-01
3.469649702310562134e-02
2.420890033245086670e-01
8.960195630788803101e-02
3.805386722087860107e-01
7.995044589042663574e-01
3.178570186719298363e-04
7.886218372732400894e-05
6.002287022965901997e-08
3.397143018446513452e-06
7.904661458724149270e-08
1.865295244651843376e-12
4.814533127728282125e-08
8.604521894994832110e-08
1.380608694034890505e-07
4.031394422054290771e-01
2.183137685060501099e-01
1.562053710222244263e-02
9.746590256690979004e-01
7.395780994556844234e-04
8.302631787955760956e-03
7.954375147819519043e-01
6.849033525213599205e-06
6.694589956168783829e-06
4.315521419048309326e-01
2.712642401456832886e-02
6.021752953529357910e-03
1.238252025359543040e-07
1.168854236602783203e-01
1.905655860900878906e-01
3.779739141464233398e-01
8.118971586227416992e-01
4.961354534316342324e-06
1.460200990550220013e-03
9.917488098144531250e-01
5.646847561001777649e-02
3.427119736443273723e-06
3.977093398571014404e-01
3.188475370407104492e-01
5.196366831660270691e-02
1.235018596053123474e-01
1.482628732919692993e-01
6.685387492179870605e-01
3.312474489212036133e-01
9.884420633316040039e-01
2.655445132404565811e-04
3.397253465209360002e-07
5.858349800109863281e-01
1.532318890094757080e-01
1.229265704751014709e-01
5.825937390327453613e-01
1.542201936244964600e-01
5.514002623385749757e-05
3.189647942781448364e-02
3.254677653312683105e-01
3.579573785827960819e-06
1.871319711208343506e-01
7.986304759979248047e-01
9.617804898880422115e-04
4.259625566191971302e-04
5.882022380828857422e-01
1.494340412318706512e-02
1.034571975469589233e-02
4.551444202661514282e-02
1.814467273652553558e-02
8.045165985822677612e-02
2.387829357758164406e-03
4.919987171888351440e-03
9.880357980728149414e-02
4.308222234249114990e-02
6.428474187850952148e-01
1.566249557072296739e-04
8.642955799587070942e-04
7.724046707153320312e-01
1.262088306248188019e-02
1.168276648968458176e-02
3.421748522669076920e-03
7.894890904426574707e-01
1.692649908363819122e-02
4.036353784613311291e-04
2.428808016702532768e-03
1.956995427608489990e-01
2.290062184329144657e-08
7.830431461334228516e-01
4.948200657963752747e-04
8.353644516319036484e-04
7.906980514526367188e-01
1.777478754520416260e-01
3.602211549878120422e-02
5.113820079714059830e-03
3.988591134548187256e-01
1.663162708282470703e-01
1.343057465419406071e-05
1.047382876276969910e-02
9.464149922132492065e-02
2.561496792452544469e-09
7.032101750373840332e-01
9.475612314417958260e-04
1.034614746458828449e-03
9.880329370498657227e-01
1.822723597288131714e-01
8.389049326069653034e-04
5.999228451400995255e-03
6.827255487442016602e-01
2.835730910301208496e-01
8.066549198701977730e-04
1.955156326293945312e-01
3.035473451018333435e-02
1.717143952846527100e-01
6.020556092262268066e-01
6.342328339815139771e-02
5.937057137489318848e-01
1.952225267887115479e-01
7.893099973443895578e-05
1.059015048667788506e-03
4.037274718284606934e-01
2.965561812743544579e-03
1.656184494495391846e-01
3.700518906116485596e-01
1.917849183082580566e-01
7.403408177196979523e-03
1.590342521667480469e-01
6.156489253044128418e-01
8.104638010263442993e-02
1.512656599516049027e-04
2.580167166888713837e-02
1.201443001627922058e-02
6.755035428795963526e-06
6.410013302229344845e-04
1.357079134322702885e-03
5.846993008162826300e-05
3.588446706999093294e-04
6.353074219077825546e-03
9.469708800315856934e-02
1.846630722284317017e-01
7.995123863220214844e-01
5.035413503646850586e-01
1.365854986943304539e-04
8.753311634063720703e-01
3.032154589891433716e-02
5.418483397079398856e-06
5.964870452880859375e-01
7.801598403602838516e-04
1.490033268928527832e-01
1.447732150554656982e-01
4.316871166229248047e-01
2.090570777654647827e-01
2.888409793376922607e-01
8.436169028282165527e-01
2.236667871475219727e-01
5.076860077679157257e-03
7.953365445137023926e-01
3.080542981624603271e-01
9.432401526510147960e-09
6.151171326637268066e-01
1.542566567659378052e-01
1.122666373848915100e-01
7.278811331445922406e-09
1.956453621387481689e-01
2.263712303829379380e-05
1.957028657197952271e-01
8.122223615646362305e-01
1.297744512557983398e-01
4.925534540234366432e-07
7.960904836654663086e-01
1.884795576333999634e-01
1.796863377094268799e-01
5.365574359893798828e-01
1.351212561130523682e-01
4.494850600167410448e-06
3.347357735037803650e-02
1.667215721681714058e-03
2.124594897031784058e-01
6.017160788178443909e-02
7.937791347503662109e-01
4.384790360927581787e-01
1.533647030591964722e-01
9.827858209609985352e-01
3.199003636837005615e-02
1.109615042805671692e-01
2.814192771911621094e-01
4.184191580861806870e-03
1.434060484170913696e-01
7.499266415834426880e-03
1.915703527629375458e-03
2.675281167030334473e-01
4.858776810579001904e-05
7.957537770271301270e-01
7.495659589767456055e-02
3.425568451120852842e-08
2.004000544548034668e-01
9.099626541137695312e-02
1.214825958013534546e-01
9.190677106380462646e-02
4.466370940208435059e-01
1.307900249958038330e-02
6.274213548749685287e-03
1.960779875516891479e-01
3.077100245718611404e-06
3.491672277450561523e-01
5.799862146377563477e-01
6.049151998013257980e-03
2.829724689945578575e-04
7.941129803657531738e-01
3.563232123851776123e-01
2.216169051826000214e-02
9.303403645753860474e-02
3.974213600158691406e-01
2.567920982837677002e-01
1.571940630674362183e-02
3.304689526557922363e-01
1.778389811515808105e-01
1.953313052654266357e-01
8.841745853424072266e-01
3.140784502029418945e-01
2.898369275499135256e-04
9.967800378799438477e-01
1.729156821966171265e-01
2.112441509962081909e-01
1.438407707610167563e-05
4.026996493339538574e-01
9.694199264049530029e-02
3.221361041069030762e-01
2.002187073230743408e-01
4.131920377403730527e-06
1.618566791705688956e-08
7.359762787818908691e-01
1.335268020629882812e-01
1.680187582969665527e-01
3.713843226432800293e-02
1.347977202385663986e-02
5.295606795698404312e-03
2.608662907732650638e-05
1.189791830256581306e-03
6.051599979400634766e-03
3.867262566927820444e-04
1.196564268320798874e-02
1.658060997724533081e-01
3.991394042968750000e-01
7.252292037010192871e-01
1.786413341760635376e-01
2.811740934848785400e-01
7.625261545181274414e-01
8.110610651783645153e-04
4.371062386780977249e-04
6.803365349769592285e-01
2.228795289993286133e-01
1.688189059495925903e-01
7.709221541881561279e-02
1.981541961431503296e-01
1.785592287778854370e-01
1.124866912505240180e-06
8.626343607902526855e-01
4.411299154162406921e-02
5.557933945965487510e-06
7.686946392059326172e-01
6.539943628013134003e-03
2.282369509339332581e-02
6.019719839096069336e-01
1.729510873556137085e-01
1.275096386671066284e-01
7.447785465046763420e-04
1.394380927085876465e-01
8.928409218788146973e-02
2.440547645092010498e-01
9.950202703475952148e-01
8.746364712715148926e-02
1.678249239921569824e-01
6.235181689262390137e-01
1.820532232522964478e-02
1.436246186494827271e-02
7.970055937767028809e-01
2.824559211730957031e-01
3.384163677692413330e-01
8.750867891649249941e-06
1.283291494473814964e-03
7.352081411227118224e-06
1.803006231784820557e-01
9.858477115631103516e-01
1.415283679962158203e-01
1.289140880107879639e-01
7.942630052566528320e-01
6.815340369939804077e-02
3.141095340251922607e-01
1.342658069916069508e-04
2.910489961504936218e-02
3.460378944873809814e-02
1.580405421555042267e-02
1.839782297611236572e-01
3.427597880363464355e-02
1.918665617704391479e-01
9.959095716476440430e-01
2.055656909942626953e-01
9.757696837186813354e-02
7.873998880386352539e-01
1.525628101080656052e-02
1.849139481782913208e-01
1.458473056554794312e-01
5.411381721496582031e-01
1.727098133414983749e-03
5.018646363168954849e-03
2.259730547666549683e-01
2.356586605310440063e-01
1.942789554595947266e-01
6.023749113082885742e-01
3.352007362991571426e-03
2.057009935379028320e-01
3.937621116638183594e-01
1.868809689767658710e-03
7.616483606398105621e-03
1.877504196556856186e-08
3.999303281307220459e-01
1.121431365609169006e-01
1.932209306687582284e-05
4.885614663362503052e-02
2.847178166121011600e-06
2.416472355548648920e-08
9.950488805770874023e-01
4.860442131757736206e-02
1.678081303834915161e-01
5.930838584899902344e-01
2.389611117541790009e-02
1.372424513101577759e-01
1.624343991279602051e-01
7.484653592109680176e-01
1.864897459745407104e-01
6.810769438743591309e-03
1.186142675578594208e-03
3.904281854629516602e-01
6.567503163523724652e-08
6.042293906211853027e-01
1.028261855244636536e-01
1.930572398123331368e-05
8.440507372142747045e-06
5.594968570221681148e-06
3.739243547897785902e-04
4.982485535265368526e-10
1.710521644326945534e-07
1.195127970277098939e-05
1.210350819746963680e-05
1.753188320435583591e-03
1.842322796583175659e-01
1.782168596982955933e-01
7.713232040405273438e-01
2.315903306007385254e-01
4.896597471088171005e-03
2.672290503978729248e-01
9.076178073883056641e-03
5.197281716391444206e-04
3.545582558217574842e-06
4.411768168210983276e-03
7.896388706285506487e-05
2.330327173694968224e-03
2.019247561693191528e-01
6.013019010424613953e-03
6.132873147726058960e-02
5.968477725982666016e-01
4.906310439109802246e-01
4.721517488360404968e-02
2.885507345199584961e-01
7.122714817523956299e-02
2.113206428475677967e-04
1.499393256381154060e-04
2.316421829164028168e-03
9.734038612805306911e-04
6.622095825150609016e-04
2.268307376652956009e-03
3.507537257974036038e-05
2.050175316981039941e-05
7.973759174346923828e-01
3.478355007246136665e-03
1.052211318165063858e-02
5.412839236669242382e-04
3.081587143242359161e-03
1.420017518103122711e-02
2.276206214446574450e-05
2.933489158749580383e-03
7.601287798024713993e-04
1.269784406758844852e-03
3.782051205635070801e-01
1.364144409308210015e-04
1.909506767988204956e-01
9.874376654624938965e-01
1.689734458923339844e-01
4.090525209903717041e-02
7.560479454696178436e-03
8.588243275880813599e-03
2.026712900260463357e-04
2.118904143571853638e-03
1.011466702038887888e-05
4.015102516859769821e-03
1.295210531679913402e-04
1.978451311588287354e-01
2.714568674564361572e-01
2.615395828797772992e-07
7.923699617385864258e-01
1.846397062763571739e-03
1.370050292462110519e-02
1.654506623744964600e-01
5.038379877805709839e-02
6.059807259589433670e-03
2.229307219386100769e-02
6.359179678838700056e-05
1.873052795417606831e-03
5.121469803270883858e-05
2.662620972841978073e-03
1.935210973024368286e-01
2.973501086235046387e-01
6.819708347320556641e-01
8.583012223243713379e-02
7.100348919630050659e-02
8.304521907120943069e-04
9.727798104286193848e-01
2.705503720790147781e-03
3.731081783771514893e-01
5.616821721196174622e-02
4.235082451486960053e-05
2.408251315355300903e-01
1.772211492061614990e-01
1.587370783090591431e-02
3.792321085929870605e-01
7.920687198638916016e-01
1.891945302486419678e-01
1.730690896511077881e-01
2.490307986736297607e-01
7.713152170181274414e-01
1.207475899718701839e-03
4.641516208648681641e-01
1.305956277064979076e-03
5.230533133726567030e-06
1.528424620628356934e-01
2.899365425109863281e-01
2.841728329658508301e-01
1.903898864984512329e-01
7.956725358963012695e-01
1.720934733748435974e-02
2.819030731916427612e-02
1.560692209750413895e-02
7.919363975524902344e-01
1.104074181057512760e-03
9.431683458387851715e-03
1.401083125074364943e-07
1.423774665454402566e-04
1.595441290191956796e-07
2.370141912251710892e-03
5.682552456855773926e-01
2.117850035429000854e-01
8.071831464767456055e-01
1.332296058535575867e-02
7.395520806312561035e-02
1.781954430043697357e-03
4.306631684303283691e-01
2.064133062958717346e-03
4.044604953378438950e-03
5.045883655548095703e-01
2.177240821765735745e-05
9.820067134569399059e-06
9.712366387248039246e-03
2.080633118748664856e-02
4.223572015762329102e-01
9.928309917449951172e-01
2.808495163917541504e-01
8.019134998321533203e-01
1.506116092205047607e-01
5.974543094635009766e-01
4.057709520566277206e-05
1.332825777353718877e-04
6.198610067367553711e-01
2.607772592455148697e-03
2.368070272495970130e-05
8.221141062676906586e-03
3.679165244102478027e-01
3.190929831475841638e-08
7.951923608779907227e-01
1.109779253602027893e-02
2.165087908506393433e-01
5.265255644917488098e-02
5.982075333595275879e-01
2.217125333845615387e-02
1.748278918967116624e-06
3.817333877086639404e-01
7.124786823987960815e-02
2.935754135251045227e-02
2.036243677139282227e-01
1.781978458166122437e-01
2.624526619911193848e-01
9.261492490768432617e-01
1.886183209717273712e-02
1.819465011358261108e-01
1.721834391355514526e-01
3.964996933937072754e-01
5.600678920745849609e-02
8.146801590919494629e-01
4.342233836650848389e-01
1.521879285573959351e-01
7.528474926948547363e-02
1.999636590480804443e-01
1.941996514797210693e-01
1.829552054405212402e-01
9.934872388839721680e-01
1.826891899108886719e-01
1.572674409544561058e-05
2.938041388988494873e-01
9.278382062911987305e-01
2.016037702560424805e-01
1.025887740979669616e-05
2.132239006459712982e-02
8.686659857630729675e-03
6.356772501021623611e-03
2.886249218136072159e-03
4.728826284408569336e-01
1.222145278006792068e-03
9.834322929382324219e-01
1.657873839139938354e-01
1.524714934930671006e-05
2.858084142208099365e-01
7.889416217803955078e-01
9.528649970889091492e-03
3.076270513702183962e-04
9.771711826324462891e-01
4.064697733952016279e-08
3.000345022883266211e-04
1.969973742961883545e-01
1.951201409101486206e-01
1.622145771980285645e-01
9.954957365989685059e-01
4.493326321244239807e-02
1.981494277715682983e-01
4.407586902379989624e-02
7.959581017494201660e-01
1.452924609184265137e-01
1.277810611099994276e-06
5.720325112342834473e-01
5.927814170718193054e-03
9.831847819441463798e-06
2.147935628890991211e-01
1.476767212152481079e-01
3.674687147140502930e-01
9.937635064125061035e-01
1.673059724271297455e-02
5.078338384628295898e-01
1.393794417381286621e-01
7.770752310752868652e-01
9.191076457500457764e-02
4.084982792846858501e-04
3.976480364799499512e-01
1.009882194921374321e-03
8.267583325505256653e-05
1.841861456632614136e-01
1.888079792261123657e-01
4.151714965701103210e-03
8.064324855804443359e-01
4.070988595485687256e-01
1.644207239151000977e-01
3.100994825363159180e-01
2.007162421941757202e-01
3.387278616428375244e-01
5.325795412063598633e-01
2.231105230748653412e-02
2.978894372063223273e-06
1.436178717995062470e-04
6.142627447843551636e-03
1.875066310167312622e-01
1.889118552207946777e-01
8.955645561218261719e-01
1.084830053150653839e-02
7.994813844561576843e-03
1.803081482648849487e-01
7.958004474639892578e-01
1.645630151033401489e-01
1.161423325538635254e-02
7.875804901123046875e-01
6.535243010148406029e-04
1.119770854711532593e-02
2.739009261131286621e-01
7.670686244964599609e-01
4.701374769210815430e-01
9.644614458084106445e-01
1.721231639385223389e-01
7.406468689441680908e-02
1.789265722036361694e-01
6.026997566223144531e-01
6.818967312574386597e-02
4.621217027306556702e-02
5.230244994163513184e-01
1.438185572624206543e-01
1.674140244722366333e-01
1.834343373775482178e-01
5.561843141913414001e-02
6.539086252450942993e-02
6.027047038078308105e-01
9.023159742355346680e-02
3.661329746246337891e-01
2.352959215641021729e-01
9.904343485832214355e-01
2.335816025733947754e-01
1.374604851007461548e-01
2.177555412054061890e-01
7.102248724550008774e-03
2.704755843296879902e-06
2.062629163265228271e-01
2.257105261087417603e-01
1.938742846250534058e-01
7.982326149940490723e-01
3.332787156105041504e-01
1.309584528207778931e-01
1.493034511804580688e-01
6.044884324073791504e-01
1.945780366659164429e-01
3.825327439699321985e-04
2.841488718986511230e-01
2.129964763298630714e-03
5.578936543315649033e-03
1.159476768225431442e-02
3.300561047581140883e-06
2.680460512638092041e-01
9.826892614364624023e-01
1.859392076730728149e-01
1.819308847188949585e-01
1.303195115178823471e-02
2.124157696962356567e-01
4.664830863475799561e-02
1.331928670406341553e-01
3.109552264213562012e-01
2.688180888071656227e-03
3.359478339552879333e-02
4.598320648074150085e-02
2.115046083927154541e-01
1.918665617704391479e-01
9.926791191101074219e-01
1.126716472208499908e-02
5.567991361021995544e-02
3.044275045394897461e-01
8.242731094360351562e-01
1.475596129894256592e-01
2.817627500917296857e-05
3.437368199229240417e-02
5.969583988189697266e-01
1.982251880690455437e-03
4.735087975859642029e-02
1.841348409652709961e-01
6.514372216770425439e-05
7.968370318412780762e-01
1.863718032836914062e-01
1.733080297708511353e-01
1.975091546773910522e-01
5.960348844528198242e-01
1.921399384737014771e-01
7.532494782935827971e-05
5.557414889335632324e-02
4.899924397468566895e-01
4.039319232106208801e-02
3.873615264892578125e-01
1.899366676807403564e-01
1.874908357858657837e-01
7.528325915336608887e-01
1.753807216882705688e-01
2.809423208236694336e-01
3.161018192768096924e-01
7.945604324340820312e-01
3.012107908725738525e-01
1.384863406419754028e-01
1.267251074314117432e-01
2.002028971910476685e-01
3.393907546997070312e-01
