1.281008007936179638e-05
1.868636114522814751e-03
1.810843050479888916e-01
2.132297158241271973e-01
1.177171058952808380e-02
5.119723267853260040e-03
6.916702724993228912e-03
1.619956642389297485e-01
1.618495136499404907e-01
3.890128061175346375e-02
1.557151824235916138e-01
4.894358571618795395e-03
5.197639465332031250e-01
4.739608266390860081e-05
2.720074653625488281e-01
1.406211555004119873e-01
1.378179490566253662e-01
5.086696520447731018e-02
2.600142359733581543e-01
2.135792560875415802e-02
2.922175228595733643e-01
7.388291507959365845e-02
2.176724141463637352e-03
2.054164409637451172e-01
1.099056005477905273e-01
2.128770053386688232e-01
6.804361873946618289e-07
2.424617093765846221e-07
8.879525586962699890e-03
1.664203591644763947e-03
2.860068889276590198e-05
3.600532114505767822e-01
7.548366487026214600e-02
3.230760395526885986e-01
2.234205417335033417e-02
1.001374766929075122e-04
1.732636883389204741e-05
2.056098729372024536e-02
1.992223262786865234e-01
1.180581674087299859e-11
5.167392558291794558e-08
2.370064258575439453e-01
1.506976634263992310e-01
3.055214983760379255e-05
1.758611649274826050e-01
5.646111443638801575e-03
1.696179434657096863e-02
2.326716855168342590e-02
4.570246860384941101e-02
1.423609256744384766e-01
4.540354479104280472e-03
1.907386183738708496e-01
8.459844393655657768e-04
1.668994955252856016e-04
2.050197571516036987e-01
1.825376152992248535e-01
1.290451288223266602e-01
1.010481268167495728e-01
1.973028182983398438e-01
2.745958268642425537e-01
1.501765698194503784e-01
1.762060225009918213e-01
3.044299955945461988e-05
1.162639781832695007e-01
7.613171637058258057e-02
1.353589323116466403e-04
1.560486853122711182e-04
2.752023339271545410e-01
1.926885843276977539e-01
1.429556012153625488e-01
1.131774485111236572e-01
5.906697333557531238e-05
1.598485112190246582e-01
1.023082882165908813e-01
4.136702045798301697e-06
1.426167786121368408e-02
2.464027404785156250e-01
1.567483246326446533e-01
4.604315909091383219e-04
3.674673644127324224e-05
5.521485805511474609e-01
3.150070458650588989e-02
4.150110483169555664e-01
1.458919197320938110e-01
1.975349038839340210e-01
1.387293934822082520e-01
4.222267493605613708e-02
2.281110286712646484e-01
1.417054591001942754e-04
3.105056881904602051e-01
2.180614769458770752e-01
1.549440785311162472e-03
2.056466764770448208e-04
1.221894994378089905e-01
2.820856571197509766e-01
9.531462565064430237e-03
2.900169417262077332e-02
2.475515902042388916e-01
1.039461717009544373e-01
1.839114576578140259e-01
2.632177493069320917e-04
4.030195251107215881e-02
9.047209285199642181e-03
1.160047873854637146e-01
1.155663121608085930e-04
1.566781575093045831e-04
1.205827891826629639e-01
4.435026645660400391e-01
3.431787788867950439e-01
9.067910164594650269e-02
5.595293268561363220e-02
8.970343321561813354e-02
2.736447453498840332e-01
2.055220975307747722e-04
4.571260884404182434e-02
1.986525207757949829e-01
4.322011172771453857e-01
2.662815968506038189e-04
1.135537422669585794e-05
1.870039254426956177e-01
1.442554742097854614e-01
1.336157172918319702e-01
6.090430170297622681e-02
2.707834541797637939e-01
6.870678812265396118e-02
1.946175843477249146e-01
1.920613944530487061e-01
2.329888229724019766e-04
2.453179955482482910e-01
4.058274030685424805e-01
6.395288510248064995e-04
8.279687608592212200e-05
1.231154128909111023e-01
1.668895184993743896e-01
4.141065776348114014e-01
1.781332641839981079e-01
8.006261289119720459e-02
2.502264976501464844e-01
2.579655051231384277e-01
1.979945451021194458e-01
5.620154552161693573e-03
2.210450172424316406e-01
3.926301598548889160e-01
5.378007190302014351e-04
2.384457911830395460e-05
2.195641696453094482e-01
5.474463105201721191e-02
5.433004349470138550e-02
6.293799728155136108e-03
3.825047984719276428e-03
1.930313408374786377e-01
2.521963119506835938e-01
2.111640572547912598e-01
4.404995124787092209e-03
1.920859962701797485e-01
2.235446572303771973e-01
5.241307662799954414e-04
1.814043025660794228e-05
7.820916175842285156e-01
1.268911957740783691e-01
1.869915053248405457e-02
7.190760970115661621e-02
1.903722004499286413e-04
1.850115358829498291e-01
2.331271767616271973e-01
4.342896342277526855e-01
4.831482470035552979e-02
1.640581525862216949e-02
4.880750493612140417e-04
6.069667339324951172e-01
1.707982718944549561e-01
1.389342546463012695e-02
3.435308039188385010e-01
2.719811163842678070e-02
2.150669934053439647e-05
3.069122135639190674e-01
1.384568959474563599e-01
1.310939341783523560e-01
1.469862908124923706e-01
1.435050740838050842e-02
5.768850445747375488e-01
1.510107070207595825e-01
8.005872368812561035e-01
8.762865036260336637e-06
3.840287029743194580e-02
1.281612925231456757e-02
7.397754117846488953e-03
1.527584231553191785e-06
1.246306812390685081e-03
7.734610885381698608e-02
1.536137610673904419e-02
9.757870884641306475e-07
9.223636589013040066e-04
7.015274837613105774e-03
4.756800457835197449e-02
8.352717161178588867e-01
8.343106117081333650e-08
1.921318471431732178e-01
1.426859962521120906e-04
1.974743354367092252e-04
1.967298157978802919e-04
1.710974425077438354e-01
3.263553977012634277e-01
3.662176802754402161e-02
1.504587009549140930e-03
1.288085803389549255e-02
8.505880832672119141e-03
2.870908081531524658e-01
8.401371240615844727e-01
2.464257420342619298e-08
1.615440845489501953e-01
1.505437344312667847e-01
1.177960002678446472e-04
2.641829475760459900e-02
1.543314382433891296e-02
1.137296640081331134e-04
3.618620103225111961e-03
1.420076042413711548e-01
1.336829427600605413e-05
1.135944426059722900e-01
3.290935158729553223e-01
8.223553299903869629e-01
3.346046651131473482e-05
3.404601812362670898e-01
1.321080978959798813e-02
2.012365460395812988e-01
5.792379379272460938e-02
7.747014611959457397e-02
5.476937890052795410e-01
1.114046275615692139e-01
6.994319846853613853e-05
9.020074503496289253e-05
1.410188376903533936e-01
2.479841560125350952e-01
6.983898878097534180e-01
2.288924406457226723e-05
3.943498432636260986e-01
1.588127911090850830e-01
7.719277590513229370e-02
1.455688327550888062e-01
1.501082815229892731e-02
4.397680982947349548e-02
1.172218173742294312e-01
1.987018436193466187e-01
2.207325072959065437e-03
2.723598666489124298e-02
3.836086392402648926e-01
9.290819168090820312e-01
5.114444502396509051e-05
1.621755957603454590e-01
2.815304398536682129e-01
1.593404859304428101e-01
2.816989272832870483e-02
1.974470447748899460e-03
1.120541128329932690e-04
9.444016031920909882e-03
4.909971949018654414e-07
3.016736824065446854e-03
1.983426362276077271e-01
1.755163669586181641e-01
7.576239109039306641e-01
1.735746336635202169e-04
2.017498463392257690e-01
1.389011181890964508e-02
8.795315027236938477e-02
7.008630316704511642e-03
1.717363148927688599e-01
3.090161364525556564e-03
1.852690875530242920e-01
2.812581897160271183e-06
1.684052199125289917e-01
4.218264222145080566e-01
2.025261223316192627e-01
6.071988940238952637e-01
6.251629201869945973e-06
1.235384568572044373e-01
1.026835367083549500e-01
1.730749607086181641e-01
8.137653768062591553e-02
1.852091401815414429e-01
9.507769346237182617e-02
9.421231597661972046e-02
9.856561571359634399e-02
1.579855568706989288e-02
1.095477193593978882e-01
1.916676610708236694e-01
6.604929566383361816e-01
6.022949946782318875e-06
1.521819382905960083e-01
1.070430725812911987e-01
1.338865756988525391e-01
2.559916488826274872e-02
8.875907398760318756e-03
1.279002875089645386e-01
1.178319081664085388e-01
3.918765187263488770e-01
4.505902325036004186e-05
3.404880762100219727e-01
1.544953435659408569e-01
7.868797779083251953e-01
1.612902451597619802e-05
4.437100887298583984e-02
4.043974354863166809e-02
2.509451843798160553e-02
3.990544937551021576e-03
3.572593210265040398e-03
9.402374178171157837e-02
3.413572013378143311e-01
2.866915464401245117e-01
1.083361953496932983e-01
1.982719600200653076e-01
2.333234101533889771e-01
5.421848297119140625e-01
5.313565998221747577e-05
3.657039701938629150e-01
1.451576799154281616e-01
1.766843199729919434e-01
3.905140608549118042e-02
4.285656809806823730e-01
1.533305794000625610e-01
6.303941365331411362e-03
1.937618553638458252e-01
3.230194920433859807e-07
1.047187745571136475e-01
1.313147842884063721e-01
9.590093493461608887e-01
4.146510362625122070e-01
3.491314128041267395e-02
7.098810672760009766e-01
1.671366840600967407e-01
3.397092950763180852e-05
7.219204679131507874e-03
3.289147019386291504e-01
5.933588743209838867e-01
9.995175059884786606e-05
4.949072375893592834e-03
4.806616902351379395e-02
6.836095452308654785e-01
6.175425648689270020e-01
6.567140817642211914e-01
8.452610671520233154e-02
5.698339343070983887e-01
3.179807960987091064e-01
1.994501799345016479e-02
1.365189403295516968e-01
6.206926703453063965e-01
6.265957355499267578e-01
1.290460582822561264e-02
6.230862811207771301e-02
2.747754193842411041e-02
6.173908710479736328e-01
7.346730828285217285e-01
9.748468995094299316e-01
5.908763408660888672e-01
5.839027836918830872e-02
2.262763155158609152e-05
1.972043961286544800e-01
1.326869428157806396e-01
1.013637557625770569e-01
2.623114036396145821e-03
2.099768631160259247e-02
1.569773703813552856e-01
1.996626704931259155e-01
1.325441990047693253e-04
7.995644211769104004e-01
6.864671707153320312e-01
2.097852677106857300e-01
2.187752276659011841e-01
8.723793029785156250e-01
2.705128192901611328e-01
5.982935428619384766e-03
9.705652594566345215e-01
3.120107948780059814e-01
8.282274752855300903e-02
1.581421643495559692e-01
5.104135274887084961e-01
5.976970195770263672e-01
6.157984137535095215e-01
8.871282339096069336e-01
2.227772176265716553e-01
9.087175130844116211e-02
9.991155266761779785e-01
4.085995256900787354e-01
8.295083045959472656e-02
4.441556036472320557e-01
4.208346009254455566e-01
6.925813067937269807e-05
2.281149849295616150e-03
8.426809310913085938e-02
6.866996288299560547e-01
7.382965087890625000e-01
4.449933767318725586e-01
7.357448339462280273e-03
1.834144443273544312e-01
6.289471387863159180e-01
2.062890529632568359e-01
1.970560848712921143e-01
3.836401402950286865e-01
6.452730298042297363e-01
7.003857754170894623e-04
1.851062662899494171e-02
2.629582285881042480e-01
8.408051729202270508e-01
5.572465658187866211e-01
7.879142761230468750e-01
3.076812922954559326e-01
1.345110870897769928e-02
8.555770516395568848e-01
6.254885792732238770e-01
5.753717422485351562e-01
1.874649673700332642e-01
7.837964892387390137e-01
4.381982216727919877e-05
2.244179835543036461e-03
9.189970046281814575e-02
4.787699580192565918e-01
7.327062487602233887e-01
7.345447540283203125e-01
4.012148976325988770e-01
1.733676791191101074e-01
9.429562091827392578e-01
4.232641458511352539e-01
3.706035017967224121e-02
7.287254184484481812e-02
7.454695701599121094e-01
3.591463435441255569e-03
1.912305802106857300e-01
4.357396364212036133e-01
5.745884180068969727e-01
8.212770223617553711e-01
5.980465412139892578e-01
3.247232437133789062e-01
9.608724713325500488e-02
6.402978897094726562e-01
4.956894516944885254e-01
1.454180032014846802e-01
9.563732892274856567e-02
2.499472051858901978e-01
7.717733383178710938e-01
2.887978916987776756e-03
1.782472431659698486e-01
9.539482593536376953e-01
9.031260013580322266e-01
7.680574655532836914e-01
2.536387443542480469e-01
1.167176663875579834e-01
7.095301151275634766e-01
2.297677844762802124e-01
1.924299448728561401e-01
3.089986974373459816e-03
6.438503861427307129e-01
4.587901234626770020e-01
5.803762469440698624e-03
4.333435595035552979e-01
9.890375137329101562e-01
3.844032287597656250e-01
7.982408404350280762e-01
3.949219584465026855e-01
2.874998152256011963e-01
8.357869386672973633e-01
3.404500782489776611e-01
1.745153814554214478e-01
2.961450517177581787e-01
6.624610424041748047e-01
7.048416733741760254e-01
1.534453040221706033e-04
4.240336362272500992e-03
9.841703176498413086e-01
8.501139283180236816e-01
7.950235605239868164e-01
3.907069861888885498e-01
4.813910722732543945e-01
9.935835003852844238e-01
1.696140468120574951e-01
2.910071925725787878e-04
4.609385877847671509e-02
3.579116463661193848e-01
7.179831266403198242e-01
8.989145499072037637e-06
6.936501711606979370e-03
3.975763022899627686e-01
8.003562688827514648e-01
8.131577968597412109e-01
1.503677815198898315e-01
5.355238914489746094e-01
5.412621498107910156e-01
1.312931090069469064e-05
3.412215970456600189e-03
4.073530733585357666e-01
6.040657162666320801e-01
4.646362867788411677e-05
1.854526490205898881e-04
1.584212332963943481e-01
4.726601541042327881e-01
8.292354941368103027e-01
6.241571307182312012e-01
2.423863261938095093e-01
3.765551140531897545e-03
3.849997520446777344e-01
2.338394733669701964e-05
8.449344022665172815e-05
1.258143805898725986e-03
5.470966100692749023e-01
6.063576165615813807e-07
1.094236067729070783e-04
4.782446660101413727e-03
2.088200300931930542e-01
6.498498320579528809e-01
8.911442756652832031e-01
1.809358894824981689e-01
1.958840340375900269e-02
4.564225077629089355e-01
5.366579716792330146e-05
4.388343542814254761e-03
7.877671122550964355e-01
3.555385768413543701e-01
6.542322080349549651e-05
2.253123559057712555e-03
2.049242705106735229e-01
7.884470820426940918e-01
6.282956004142761230e-01
7.812218070030212402e-01
1.842551529407501221e-01
1.901266910135746002e-02
5.120447874069213867e-01
4.857148528099060059e-01
1.259625889360904694e-02
5.912425518035888672e-01
7.245050668716430664e-01
2.042152482317760587e-05
9.310540626756846905e-04
7.638224959373474121e-02
6.695615649223327637e-01
9.999455213546752930e-01
7.912347316741943359e-01
2.759309709072113037e-01
1.102720573544502258e-01
5.038072466850280762e-01
3.710269629955291748e-01
9.593504728400148451e-07
2.908426821231842041e-01
4.174830317497253418e-01
2.493352803867310286e-05
9.156776941381394863e-04
3.063280582427978516e-01
8.273566961288452148e-01
7.006071209907531738e-01
8.785674571990966797e-01
9.214857220649719238e-02
6.245640106499195099e-03
7.177029848098754883e-01
3.485871851444244385e-01
2.771827348624356091e-05
1.333299325779080391e-03
4.661069214344024658e-01
1.388910845889768098e-06
1.491473267378751189e-05
7.129198405891656876e-03
5.894830226898193359e-01
8.191058635711669922e-01
7.969000935554504395e-01
1.487634778022766113e-01
7.997981458902359009e-02
6.717724800109863281e-01
5.313350558280944824e-01
8.588728087488561869e-05
2.589231589809060097e-03
7.450427860021591187e-02
2.900205799960531294e-05
3.575547132641077042e-03
1.379752457141876221e-01
4.511055350303649902e-01
8.067922592163085938e-01
7.974504232406616211e-01
1.422281712293624878e-01
6.499524228274822235e-03
5.900698304176330566e-01
4.017671048641204834e-01
6.138591561466455460e-05
2.324656117707490921e-03
4.308118820190429688e-01
6.312402486801147461e-01
2.309838542714715004e-03
3.026805818080902100e-02
9.946742057800292969e-01
8.211530447006225586e-01
5.394028425216674805e-01
3.385803103446960449e-01
1.555944513529539108e-02
6.663906574249267578e-01
3.151904046535491943e-01
2.807316741382237524e-05
9.766420349478721619e-03
6.754542589187622070e-01
5.131099224090576172e-01
7.831728225937695242e-07
5.866158008575439453e-01
9.999052882194519043e-01
8.178932070732116699e-01
9.940345883369445801e-01
3.105499148368835449e-01
2.687097713351249695e-02
6.845653057098388672e-01
6.756129264831542969e-01
4.452086868695914745e-04
7.889323867857456207e-03
4.032907187938690186e-01
7.258580327033996582e-01
1.827901996875880286e-06
1.333355976385064423e-05
8.470066189765930176e-01
6.447772979736328125e-01
9.562580585479736328e-01
2.928414642810821533e-01
1.675466261804103851e-02
5.404878854751586914e-01
4.937969446182250977e-01
2.678710552572738379e-05
1.186242606490850449e-02
3.971639871597290039e-01
4.299726784229278564e-01
4.111380985705181956e-05
6.210473366081714630e-03
2.112923860549926758e-01
6.104042530059814453e-01
7.076160907745361328e-01
1.219428703188896179e-02
4.040507376194000244e-01
5.069423317909240723e-01
2.669668197631835938e-02
6.340496707707643509e-03
1.717307418584823608e-01
6.468828320503234863e-01
6.692256033420562744e-02
9.326589293777942657e-03
5.130180120468139648e-01
3.569161891937255859e-01
7.887827754020690918e-01
9.961920380592346191e-01
3.819018006324768066e-01
7.947449684143066406e-01
5.761807560920715332e-01
1.163583435118198395e-02
3.077226318418979645e-02
5.888092517852783203e-01
1.106658130884170532e-01
3.906532377004623413e-02
2.009240537881851196e-01
2.948708534240722656e-01
3.188609480857849121e-01
6.120743751525878906e-01
4.528838694095611572e-01
1.317505836486816406e-01
2.963909506797790527e-01
5.600986480712890625e-01
6.071193218231201172e-01
2.502752933651208878e-03
8.904952555894851685e-02
5.145779848098754883e-01
1.093716764444252476e-05
3.381108166649937630e-03
1.576980575919151306e-02
8.331955671310424805e-01
5.813543796539306641e-01
9.674237370491027832e-01
1.577434837818145752e-01
1.982351988554000854e-01
9.399898648262023926e-01
6.070174574851989746e-01
1.328743528574705124e-02
5.284212827682495117e-01
7.025456428527832031e-01
1.055683014783426188e-06
1.497530378401279449e-03
3.078575134277343750e-01
8.978322744369506836e-01
7.777252197265625000e-01
8.283433914184570312e-01
1.336523592472076416e-01
1.242545545101165771e-01
6.060671806335449219e-01
2.123747169971466064e-01
6.386372447013854980e-02
1.678835153579711914e-01
6.660463809967041016e-01
9.749434888362884521e-03
2.830495685338973999e-02
5.918163061141967773e-02
7.999252080917358398e-01
8.602392673492431641e-01
6.785653233528137207e-01
2.629173398017883301e-01
2.700645010918378830e-03
1.909735351800918579e-01
7.062040567398071289e-01
2.658004872500896454e-03
1.786490827798843384e-01
4.491471946239471436e-01
1.313411723822355270e-02
1.760964747518301010e-03
5.108224749565124512e-01
3.779432773590087891e-01
7.522300481796264648e-01
7.729002237319946289e-01
1.321644186973571777e-01
1.371664367616176605e-02
6.298564672470092773e-01
8.202366232872009277e-01
4.179341495037078857e-01
2.092569880187511444e-02
4.991254508495330811e-01
7.339981794357299805e-01
2.914783172309398651e-02
4.563965499401092529e-01
9.761546850204467773e-01
5.981258153915405273e-01
6.267763376235961914e-01
1.858546435832977295e-01
5.100350379943847656e-01
4.538323879241943359e-01
3.985100686550140381e-01
4.676073440350592136e-04
1.519242823123931885e-01
4.454480409622192383e-01
6.587551832199096680e-01
8.246092125773429871e-03
9.225437045097351074e-02
9.387249946594238281e-01
7.986240983009338379e-01
9.121658205986022949e-01
2.834248244762420654e-01
4.227839410305023193e-03
5.017470717430114746e-01
4.802778959274291992e-01
2.441019052639603615e-03
7.447772473096847534e-02
4.427156448364257812e-01
8.619813323020935059e-01
2.391661255387589335e-04
7.164329872466623783e-06
8.506993055343627930e-01
9.976092576980590820e-01
9.774886369705200195e-01
6.000064015388488770e-01
1.974351704120635986e-01
2.457032799720764160e-01
4.301632642745971680e-01
2.091540694236755371e-01
1.861504018306732178e-01
4.648100733757019043e-01
8.612356185913085938e-01
5.603598430752754211e-02
1.098949648439884186e-02
1.628487408161163330e-01
9.494761228561401367e-01
7.960187792778015137e-01
3.650225996971130371e-01
1.236085314303636551e-03
1.961182653903961182e-01
2.158948928117752075e-01
1.260899007320404053e-01
5.267712846398353577e-02
5.805072933435440063e-02
1.146870851516723633e-01
6.754267378710210323e-04
1.994144171476364136e-01
2.548057120293378830e-03
9.031263589859008789e-01
7.860751748085021973e-01
2.564527392387390137e-01
5.741004273295402527e-02
3.181332349777221680e-01
3.103208243846893311e-01
3.191389515995979309e-02
6.327750533819198608e-02
5.584885478019714355e-01
4.814102794625796378e-05
1.840590698520827573e-06
5.591257475316524506e-03
2.853060662746429443e-01
9.971328973770141602e-01
7.974373102188110352e-01
7.425863742828369141e-01
3.032725453376770020e-01
1.926738023757934570e-02
3.191046416759490967e-01
1.518053263425827026e-01
5.042037228122353554e-04
2.810851335525512695e-01
2.770416811108589172e-02
1.770008930179756135e-05
2.064317231997847557e-03
5.417125225067138672e-01
7.385197281837463379e-01
9.808006882667541504e-01
3.303706049919128418e-01
5.731632709503173828e-01
1.096408516168594360e-01
2.108492553234100342e-01
6.612064689397811890e-02
1.775834113359451294e-01
3.204757273197174072e-01
9.891821537166833878e-04
2.129213213920593262e-01
1.719734864309430122e-03
3.273347616195678711e-01
5.510276556015014648e-01
6.840134859085083008e-01
1.774218976497650146e-01
2.403293251991271973e-01
1.810775846242904663e-01
1.853507310152053833e-01
3.764453344047069550e-03
3.099374175071716309e-01
3.397838678210973740e-03
2.284064590930938721e-01
2.160011263185879216e-07
5.408210679888725281e-03
1.626077890396118164e-01
7.022820711135864258e-01
7.717134952545166016e-01
9.374812990427017212e-02
2.044903859496116638e-02
1.375126931816339493e-02
2.490667700767517090e-01
1.773792058229446411e-01
4.207266494631767273e-02
2.703317999839782715e-01
3.379969000816345215e-01
5.992573127150535583e-02
2.742116339504718781e-03
6.612255573272705078e-01
6.264433860778808594e-01
7.571811676025390625e-01
5.936517715454101562e-01
6.398316472768783569e-03
1.431516408920288086e-01
2.277628630399703979e-01
1.091910079121589661e-01
3.155301601509563625e-05
1.005338621325790882e-03
4.613437056541442871e-01
5.387490615248680115e-02
2.033979743719100952e-01
6.944943666458129883e-01
9.717328548431396484e-01
9.932672977447509766e-01
2.316125333309173584e-01
3.644486367702484131e-01
2.312873303890228271e-01
4.901766031980514526e-02
1.839299052953720093e-01
2.922591865062713623e-01
8.467519283294677734e-02
1.261544674634933472e-01
1.275665126740932465e-02
1.854910624388139695e-05
2.113781571388244629e-01
9.833045005798339844e-01
7.976294755935668945e-01
3.172067999839782715e-01
2.590560819953680038e-03
1.324407607316970825e-01
3.215342164039611816e-01
3.534212009981274605e-03
1.641099152038805187e-05
1.526979953050613403e-01
3.789587020874023438e-01
1.312113851308822632e-01
1.081343623809516430e-03
2.025212347507476807e-01
5.148711204528808594e-01
7.928629517555236816e-01
1.635037660598754883e-01
3.635019529610872269e-03
1.195718944072723389e-01
5.518557429313659668e-01
3.248439170420169830e-03
8.896867036819458008e-01
2.643700838088989258e-01
1.174705539597198367e-05
1.942007988691329956e-02
2.715882956981658936e-01
4.200245141983032227e-01
5.884403586387634277e-01
7.978933453559875488e-01
1.530329585075378418e-01
2.055590152740478516e-01
4.821047559380531311e-02
6.076166629791259766e-01
1.425928771495819092e-01
1.555690467357635498e-01
5.307148694992065430e-01
2.126672537997364998e-03
6.658497266471385956e-03
3.061923682689666748e-01
4.368598461151123047e-01
6.740978956222534180e-01
9.215605258941650391e-01
1.666238158941268921e-01
1.567748188972473145e-02
3.410853818058967590e-02
3.939138352870941162e-01
1.413204357959330082e-03
9.319186210632324219e-02
1.210973423440009356e-04
1.505174208432435989e-02
9.878249466419219971e-02
4.210409149527549744e-02
9.793581068515777588e-02
5.791178941726684570e-01
6.042191982269287109e-01
2.252349629998207092e-02
4.073535799980163574e-01
1.354401856660842896e-01
8.443337678909301758e-01
1.556154713034629822e-02
1.294669359922409058e-01
7.743698954582214355e-01
1.420150883495807648e-02
7.424809038639068604e-02
7.663227319717407227e-01
2.570853233337402344e-01
5.442752242088317871e-01
8.754646778106689453e-01
3.625439852476119995e-02
5.559557080268859863e-01
1.143657267093658447e-01
5.787067413330078125e-01
1.074988540494814515e-05
8.443281985819339752e-03
5.825370550155639648e-01
1.009552329778671265e-01
5.455801263451576233e-03
3.123164176940917969e-01
7.454495429992675781e-01
9.314599037170410156e-01
9.568800330162048340e-01
3.385090231895446777e-01
2.099589677527546883e-03
3.493341803550720215e-02
6.038511991500854492e-01
2.202435862272977829e-03
2.338622212409973145e-01
9.425302743911743164e-01
3.795695304870605469e-01
1.530531328171491623e-03
3.601308763027191162e-01
5.505742430686950684e-01
7.408118247985839844e-01
8.369390964508056641e-01
9.452623873949050903e-02
3.896517753601074219e-01
5.149228870868682861e-02
7.423154115676879883e-01
2.476744055747985840e-01
2.156974524259567261e-01
8.655805587768554688e-01
3.120525479316711426e-01
1.172444317489862442e-02
3.857814590446650982e-04
5.761679410934448242e-01
6.382843852043151855e-01
6.320261359214782715e-01
2.758120596408843994e-01
3.102179765701293945e-01
5.039224028587341309e-01
6.167562603950500488e-01
2.812428176403045654e-01
2.299180924892425537e-01
5.393931865692138672e-01
5.267662405967712402e-01
1.786440163850784302e-01
2.691121073439717293e-03
4.193928837776184082e-01
7.491865754127502441e-01
7.640925645828247070e-01
1.223847046494483948e-01
3.046617507934570312e-01
1.776651293039321899e-01
6.434051990509033203e-01
7.671513557434082031e-01
5.956974625587463379e-01
5.145683884620666504e-01
5.818752106279134750e-05
8.683042833581566811e-04
3.033134937286376953e-01
9.033446907997131348e-01
8.362709283828735352e-01
9.141510725021362305e-01
1.079892516136169434e-01
5.717427656054496765e-02
1.878929138183593750e-01
7.307130098342895508e-01
9.912503957748413086e-01
4.230154305696487427e-02
8.198438882827758789e-01
8.212851753341965377e-06
4.594860132783651352e-03
2.546061994507908821e-03
5.015990734100341797e-01
6.118441820144653320e-01
4.704316854476928711e-01
1.396043598651885986e-01
3.944262564182281494e-01
2.368626296520233154e-01
7.006182074546813965e-01
6.229374408721923828e-01
1.427544001489877701e-02
4.616415798664093018e-01
8.014956256374716759e-05
5.257939454168081284e-03
7.332988977432250977e-01
2.900710105895996094e-01
3.833504319190979004e-01
4.462241530418395996e-01
3.121673166751861572e-01
3.577818870544433594e-01
3.925186693668365479e-01
7.551795840263366699e-01
7.132595777511596680e-01
1.514671742916107178e-02
2.301560342311859131e-01
7.094106674194335938e-01
4.577427171170711517e-03
1.077254414558410645e-01
9.930209517478942871e-01
5.925325751304626465e-01
7.042564153671264648e-01
7.648514211177825928e-02
2.138355672359466553e-01
4.847897887229919434e-01
6.551827192306518555e-01
6.477628946304321289e-01
4.196644760668277740e-03
3.121031522750854492e-01
7.999895811080932617e-01
1.173133568954654038e-05
6.206004880368709564e-03
9.014661312103271484e-01
9.608743190765380859e-01
9.689424633979797363e-01
3.840523213148117065e-02
2.929187119007110596e-01
1.620055139064788818e-01
7.808698415756225586e-01
2.504182457923889160e-01
4.078345745801925659e-02
2.285316437482833862e-01
5.716310143470764160e-01
2.286929520778357983e-04
9.166209958493709564e-03
1.934223175048828125e-01
8.147394657135009766e-01
6.726346015930175781e-01
9.926549158990383148e-03
2.031899094581604004e-01
6.502189487218856812e-02
5.067833662033081055e-01
5.251333713531494141e-01
1.802625656127929688e-01
4.572852253913879395e-01
1.699726226433995180e-07
3.307741601020097733e-03
2.744549652561545372e-03
5.640096068382263184e-01
7.986235618591308594e-01
7.545089125633239746e-01
2.660046219825744629e-01
4.210165888071060181e-02
2.712101936340332031e-01
4.637147188186645508e-01
6.353018283843994141e-01
1.965119540691375732e-01
2.458788305521011353e-01
1.048033013939857483e-01
3.699503606185317039e-03
3.191314339637756348e-01
5.015660524368286133e-01
7.258580923080444336e-01
7.937274575233459473e-01
3.983207046985626221e-02
1.451622843742370605e-01
5.393300577998161316e-02
7.508519291877746582e-01
8.456972837448120117e-01
2.248823177069425583e-03
5.478378534317016602e-01
6.430861949920654297e-01
5.190300755202770233e-03
1.265757232904434204e-01
7.877335548400878906e-01
7.959852814674377441e-01
7.041122317314147949e-01
1.166640520095825195e-01
2.204035222530364990e-01
1.036193668842315674e-01
5.876268744468688965e-01
5.441877841949462891e-01
1.385910511016845703e-01
5.164401531219482422e-01
3.704982995986938477e-01
8.991800248622894287e-02
1.450761407613754272e-01
7.403690218925476074e-01
7.970996499061584473e-01
7.709913849830627441e-01
8.214562386274337769e-02
3.827861845493316650e-01
3.333155438303947449e-02
6.925711035728454590e-01
3.999270200729370117e-01
9.720052778720855713e-02
3.329792618751525879e-01
7.657871842384338379e-01
3.972683567553758621e-03
3.719516098499298096e-02
9.981468319892883301e-01
5.674870610237121582e-01
6.813509464263916016e-01
7.087656110525131226e-02
3.434061706066131592e-01
1.840831786394119263e-01
7.676144838333129883e-01
7.322392463684082031e-01
3.661920130252838135e-02
4.506128728389739990e-01
4.334087371826171875e-01
7.716823893133550882e-05
5.926306359469890594e-03
1.688603162765502930e-01
9.641966819763183594e-01
5.884274840354919434e-01
3.385352790355682373e-01
3.786207139492034912e-01
2.525724470615386963e-01
5.825591087341308594e-01
7.538254261016845703e-01
1.580735319294035435e-03
1.842588186264038086e-01
5.596980336122214794e-04
6.535859711220837198e-07
1.219432335346937180e-03
2.000719010829925537e-01
8.014357089996337891e-01
7.057760357856750488e-01
1.816223375499248505e-02
2.167551815509796143e-01
4.480197653174400330e-02
7.003116607666015625e-01
6.245985627174377441e-01
2.005801051855087280e-01
5.550035461783409119e-02
9.233434200286865234e-01
1.474975422024726868e-02
1.191585324704647064e-02
7.564678192138671875e-01
7.869091033935546875e-01
7.305276393890380859e-01
2.323823869228363037e-01
1.499956357292830944e-03
9.392653405666351318e-02
3.374094963073730469e-01
5.964428782463073730e-01
9.904277324676513672e-02
1.455825440643820912e-05
5.388308763504028320e-01
1.338687725365161896e-03
7.678852416574954987e-03
8.317915201187133789e-01
7.993021607398986816e-01
7.770084142684936523e-01
2.054257690906524658e-01
1.907575279474258423e-01
1.921194046735763550e-01
3.777203261852264404e-01
9.921262264251708984e-01
1.958502531051635742e-01
7.072685658931732178e-02
3.881472349166870117e-01
1.762195900312235608e-08
2.074496895074844360e-01
5.397613048553466797e-01
8.560335636138916016e-01
7.711489200592041016e-01
2.387064695358276367e-01
2.388589084148406982e-01
1.112821847200393677e-01
4.675356447696685791e-01
9.719504117965698242e-01
8.337004482746124268e-02
1.890953183174133301e-01
4.491125941276550293e-01
8.964684605598449707e-02
1.060936665453482419e-05
2.204231568612158298e-04
7.021526694297790527e-01
9.650096893310546875e-01
8.598054945468902588e-02
1.855290532112121582e-01
6.162894144654273987e-02
6.459037065505981445e-01
3.353733122348785400e-01
3.446204960346221924e-01
5.983142182230949402e-03
5.759264230728149414e-01
5.751856602728366852e-03
5.862604379653930664e-01
2.495173513889312744e-01
4.098596274852752686e-01
7.355806827545166016e-01
1.079378873109817505e-01
2.867344617843627930e-01
2.050789743661880493e-01
4.870519042015075684e-01
2.308341264724731445e-01
3.768635094165802002e-01
1.286361068487167358e-01
4.864832162857055664e-01
1.881483185570687056e-04
2.367736846208572388e-01
2.955254316329956055e-01
9.678775668144226074e-01
7.728005647659301758e-01
1.786103993654251099e-01
4.609763026237487793e-01
1.968835294246673584e-01
8.783870935440063477e-01
5.348899960517883301e-01
8.083315193653106689e-02
1.469783335924148560e-01
1.491269469261169434e-01
1.469613313674926758e-01
9.096112102270126343e-02
2.479946166276931763e-01
9.009129405021667480e-01
5.970822572708129883e-01
3.853347599506378174e-01
1.645721122622489929e-02
1.396327912807464600e-01
4.546025395393371582e-01
5.581742525100708008e-01
2.247409075498580933e-01
1.720099300146102905e-01
3.349251747131347656e-01
8.443863391876220703e-01
7.004567980766296387e-02
9.999915361404418945e-01
7.857897281646728516e-01
4.273420274257659912e-01
1.480413042008876801e-02
1.158349663019180298e-01
3.436250239610671997e-02
7.870693206787109375e-01
3.588500916957855225e-01
1.968884170055389404e-01
3.352003693580627441e-01
8.013082146644592285e-01
8.532756567001342773e-01
1.228142809850396588e-05
8.524494171142578125e-01
7.879172563552856445e-01
4.006491303443908691e-01
9.116712026298046112e-03
1.048550009727478027e-01
8.228279650211334229e-03
8.800535798072814941e-01
2.712626010179519653e-02
1.132748182862997055e-02
2.377499192953109741e-01
6.422041654586791992e-01
7.945416569709777832e-01
1.033658832311630249e-01
9.093932807445526123e-02
6.186236739158630371e-01
9.736654758453369141e-01
2.505145072937011719e-01
5.794658064842224121e-01
2.864976227283477783e-01
8.595572710037231445e-01
5.588026642799377441e-01
1.607124656438827515e-01
1.749695278704166412e-02
3.905608057975769043e-01
6.912336945533752441e-01
5.472992546856403351e-03
6.515760421752929688e-01
9.973175525665283203e-01
7.286425828933715820e-01
3.364771902561187744e-01
1.517439931631088257e-01
2.539536058902740479e-01
7.554595470428466797e-01
6.033577322959899902e-01
1.023204326629638672e-01
1.247240006923675537e-01
7.860487699508666992e-01
5.299479961395263672e-01
5.903103556192945689e-06
4.199906885623931885e-01
8.625375628471374512e-01
7.863221168518066406e-01
7.685765624046325684e-02
4.160463511943817139e-01
2.594126760959625244e-01
5.398426651954650879e-01
1.314001381397247314e-01
1.326839992543682456e-04
6.005336996167898178e-03
4.283314645290374756e-01
6.312982439994812012e-01
1.302469718211796135e-05
1.313210930675268173e-03
