9.917076230049133301e-01
9.734229445457458496e-01
9.932976365089416504e-01
9.506332278251647949e-01
9.619390368461608887e-01
9.336031675338745117e-01
9.938037395477294922e-01
9.089022874832153320e-01
9.945572614669799805e-01
9.933359622955322266e-01
9.981596469879150391e-01
9.918456077575683594e-01
9.974671602249145508e-01
9.932584166526794434e-01
9.997625350952148438e-01
4.932897910475730896e-02
9.020288586616516113e-01
9.999999403953552246e-01
8.427050709724426270e-01
7.709528207778930664e-01
9.866933226585388184e-01
9.948161840438842773e-01
9.932337999343872070e-01
9.927207827568054199e-01
9.915148615837097168e-01
9.194421768188476562e-01
9.457495808601379395e-01
9.637296795845031738e-01
9.991250634193420410e-01
7.294690012931823730e-01
9.020658731460571289e-01
9.989448785781860352e-01
8.239365816116333008e-01
9.539093971252441406e-01
9.691237807273864746e-01
9.725336432456970215e-01
9.874455332756042480e-01
9.912119507789611816e-01
9.949002265930175781e-01
9.760790467262268066e-01
9.820238947868347168e-01
9.909147620201110840e-01
9.993759989738464355e-01
8.706190586090087891e-01
7.847733497619628906e-01
9.937795996665954590e-01
9.723926782608032227e-01
9.442243576049804688e-01
9.059247970581054688e-01
9.134480357170104980e-01
9.951111674308776855e-01
9.961499571800231934e-01
9.882645606994628906e-01
9.875503182411193848e-01
9.951606988906860352e-01
9.917003512382507324e-01
9.961691498756408691e-01
9.999997019767761230e-01
9.989100098609924316e-01
9.973505139350891113e-01
8.932081460952758789e-01
9.860653281211853027e-01
9.785388708114624023e-01
6.029393076896667480e-01
9.401037096977233887e-01
9.953341484069824219e-01
9.772180914878845215e-01
9.004465937614440918e-01
9.722045660018920898e-01
9.894349575042724609e-01
9.886673092842102051e-01
9.981015920639038086e-01
9.991536140441894531e-01
9.975747466087341309e-01
8.631974458694458008e-01
8.730620145797729492e-01
9.985653162002563477e-01
9.592639207839965820e-01
9.548091292381286621e-01
9.316672682762145996e-01
9.985234141349792480e-01
9.876178503036499023e-01
9.844356179237365723e-01
9.165356159210205078e-01
9.804530143737792969e-01
9.338200688362121582e-01
9.779032468795776367e-01
9.970467686653137207e-01
9.903847575187683105e-01
7.378106117248535156e-01
9.705584645271301270e-01
9.918548464775085449e-01
9.959071278572082520e-01
9.875422120094299316e-01
9.624752998352050781e-01
9.694330692291259766e-01
9.900565147399902344e-01
9.847393631935119629e-01
9.944084882736206055e-01
9.207237958908081055e-01
8.900301456451416016e-01
9.225086569786071777e-01
9.812593460083007812e-01
7.192646861076354980e-01
8.417578339576721191e-01
9.758599996566772461e-01
9.962880611419677734e-01
9.881196022033691406e-01
9.269041419029235840e-01
9.930669665336608887e-01
9.982821345329284668e-01
9.950898885726928711e-01
9.969174265861511230e-01
9.997342228889465332e-01
9.989109039306640625e-01
9.975813031196594238e-01
9.139462709426879883e-01
9.262213110923767090e-01
9.943227767944335938e-01
9.488062262535095215e-01
9.750028848648071289e-01
9.961494207382202148e-01
9.117396473884582520e-01
9.340034127235412598e-01
9.944269657135009766e-01
9.985517859458923340e-01
9.572065472602844238e-01
9.909010529518127441e-01
9.906137585639953613e-01
9.969946146011352539e-01
9.961510896682739258e-01
8.276800513267517090e-01
9.628950953483581543e-01
9.991325736045837402e-01
9.881429672241210938e-01
9.251231551170349121e-01
9.996540546417236328e-01
9.991410374641418457e-01
9.961898326873779297e-01
9.630065560340881348e-01
9.999095201492309570e-01
9.891638755798339844e-01
9.934969544410705566e-01
9.978826045989990234e-01
9.751673340797424316e-01
8.328408598899841309e-01
9.323143362998962402e-01
9.999579787254333496e-01
9.800676107406616211e-01
9.736809730529785156e-01
9.998975396156311035e-01
9.981412887573242188e-01
9.991698265075683594e-01
9.932152032852172852e-01
9.999133348464965820e-01
9.965599775314331055e-01
9.953783154487609863e-01
9.961136579513549805e-01
8.329659104347229004e-01
9.767340421676635742e-01
9.761142730712890625e-01
9.827187657356262207e-01
9.191889762878417969e-01
9.963392615318298340e-01
9.836549758911132812e-01
9.982782602310180664e-01
9.963350892066955566e-01
9.897992610931396484e-01
9.701625704765319824e-01
9.969925880432128906e-01
9.921599626541137695e-01
9.972756505012512207e-01
9.053753614425659180e-01
9.374809265136718750e-01
9.789491891860961914e-01
9.990887045860290527e-01
7.752933502197265625e-01
9.633347392082214355e-01
9.374818205833435059e-01
9.984969496726989746e-01
9.656210541725158691e-01
9.845528006553649902e-01
9.993025064468383789e-01
8.331456780433654785e-01
7.710177898406982422e-01
9.779105186462402344e-01
9.972592592239379883e-01
8.515917062759399414e-01
9.783781766891479492e-01
9.950683116912841797e-01
9.884363412857055664e-01
9.812769889831542969e-01
9.898033738136291504e-01
9.941721558570861816e-01
9.602153897285461426e-01
9.766970276832580566e-01
9.996981024742126465e-01
8.784345388412475586e-01
8.619028329849243164e-01
9.731796979904174805e-01
9.945326447486877441e-01
7.302527427673339844e-01
9.273813366889953613e-01
9.919301867485046387e-01
9.716617465019226074e-01
9.827932119369506836e-01
8.706082105636596680e-01
9.996457099914550781e-01
8.636171817779541016e-01
9.271953701972961426e-01
9.984946846961975098e-01
9.936137199401855469e-01
9.891638755798339844e-01
9.964129328727722168e-01
9.391836524009704590e-01
9.479289650917053223e-01
9.677751660346984863e-01
9.983239173889160156e-01
8.072901368141174316e-01
9.832696318626403809e-01
9.697072505950927734e-01
9.985942840576171875e-01
9.458544850349426270e-01
9.858824014663696289e-01
9.246451258659362793e-01
