4.561686888337135315e-02
4.408669769763946533e-01
3.618629872798919678e-01
4.946913421154022217e-01
1.927126199007034302e-01
1.687426492571830750e-02
1.543138921260833740e-01
3.185039460659027100e-01
3.734997510910034180e-01
3.400805592536926270e-01
6.472939252853393555e-02
4.548218250274658203e-01
4.637332558631896973e-01
1.525235082954168320e-02
3.695981502532958984e-01
2.456210739910602570e-02
3.961858525872230530e-02
4.621567949652671814e-02
5.413291454315185547e-01
4.583059549331665039e-01
3.730029463768005371e-01
4.189502894878387451e-01
3.878813982009887695e-01
2.052657157182693481e-01
2.115687727928161621e-01
9.521614909172058105e-01
2.013249136507511139e-02
2.235220931470394135e-02
6.036322712898254395e-01
6.213129311800003052e-02
4.285275191068649292e-02
2.023166418075561523e-01
8.047496676445007324e-01
2.888851165771484375e-01
9.584327787160873413e-02
5.009036511182785034e-03
8.918058127164840698e-02
3.592934906482696533e-01
2.014685571193695068e-01
1.148152817040681839e-02
9.735325723886489868e-02
5.859552025794982910e-01
3.123924694955348969e-02
1.324124634265899658e-01
4.004173278808593750e-01
5.029344558715820312e-01
4.311878085136413574e-01
2.180254757404327393e-01
1.607192903757095337e-01
3.141154646873474121e-01
5.754130482673645020e-01
3.451711535453796387e-01
4.344541579484939575e-02
1.441870816051959991e-03
4.876484572887420654e-01
4.440784752368927002e-01
7.316527515649795532e-02
2.012088894844055176e-01
2.387354075908660889e-01
4.066744148731231689e-01
6.321007013320922852e-02
1.912046521902084351e-01
4.599003195762634277e-01
6.191295981407165527e-01
3.379868865013122559e-01
5.782541260123252869e-02
1.958241127431392670e-02
4.451014697551727295e-01
6.370411068201065063e-02
6.933484971523284912e-02
2.270081937313079834e-01
3.150027394294738770e-01
2.133137136697769165e-01
2.286257892847061157e-01
1.405665068887174129e-03
1.182415802031755447e-02
2.331197112798690796e-01
7.034724950790405273e-02
9.807229042053222656e-03
2.634260430932044983e-02
8.008958101272583008e-01
2.412456572055816650e-01
3.377255499362945557e-01
2.696683816611766815e-02
4.506802856922149658e-01
4.384606704115867615e-02
1.743166595697402954e-01
2.243054658174514771e-01
2.147865891456604004e-01
2.178608775138854980e-01
2.282508313655853271e-01
2.248122589662671089e-03
4.431472625583410263e-03
8.008996248245239258e-01
4.007365405559539795e-01
1.596554368734359741e-02
1.402798667550086975e-02
4.845721721649169922e-01
4.167013168334960938e-01
1.852723509073257446e-01
1.438191067427396774e-02
4.294004142284393311e-01
6.033578887581825256e-02
2.978521585464477539e-01
1.437896043062210083e-01
2.128639370203018188e-01
2.631217539310455322e-01
5.663133859634399414e-01
4.374084621667861938e-02
1.384143438190221786e-02
2.039172202348709106e-01
5.353283882141113281e-01
3.931867182254791260e-01
8.048919029533863068e-03
4.462391734123229980e-01
5.926019549369812012e-01
2.880215048789978027e-01
5.389283597469329834e-02
3.091529570519924164e-02
7.404018640518188477e-01
3.993643820285797119e-01
1.149031743407249451e-01
6.167719513177871704e-02
7.897034287452697754e-03
5.733424425125122070e-01
2.211245894432067871e-01
2.849408388137817383e-01
3.227273374795913696e-02
2.354022711515426636e-01
2.092604339122772217e-01
6.015531346201896667e-02
8.465955033898353577e-03
7.295175790786743164e-01
3.068967461585998535e-01
2.180567830801010132e-01
1.590153016149997711e-02
5.724071860313415527e-01
5.495744943618774414e-01
2.639908194541931152e-01
4.065654873847961426e-01
1.881895214319229126e-01
3.130486011505126953e-01
2.069290131330490112e-01
1.905269771814346313e-01
2.634641155600547791e-02
5.539368391036987305e-01
2.470241039991378784e-01
1.924691051244735718e-01
8.513747900724411011e-02
3.856899142265319824e-01
6.315439939498901367e-01
4.063000380992889404e-01
8.339151740074157715e-02
1.610548980534076691e-02
1.568063348531723022e-01
2.449938058853149414e-01
8.912200108170509338e-03
2.083215266466140747e-01
6.390017271041870117e-01
2.267251461744308472e-01
1.380953937768936157e-01
2.540900930762290955e-02
2.031828761100769043e-01
3.601560890674591064e-01
4.279714524745941162e-01
2.380184531211853027e-01
4.103862643241882324e-01
1.426349729299545288e-01
3.330267965793609619e-01
2.737005054950714111e-01
3.921120166778564453e-01
2.293241024017333984e-01
4.428325891494750977e-01
3.828144371509552002e-01
3.176980614662170410e-01
2.696824967861175537e-01
1.526189688593149185e-02
4.325752854347229004e-01
2.595726847648620605e-01
2.905450761318206787e-01
4.009093642234802246e-01
4.278428554534912109e-01
5.623676776885986328e-01
3.420556709170341492e-02
6.181673407554626465e-01
9.642167389392852783e-02
8.614264428615570068e-02
2.975862845778465271e-02
5.238654017448425293e-01
8.740698546171188354e-02
2.076300680637359619e-01
5.213514901697635651e-03
8.736918866634368896e-02
6.079140901565551758e-01
2.207177691161632538e-02
9.903648495674133301e-01
7.447440922260284424e-02
6.596977710723876953e-01
3.706737607717514038e-02
3.336724042892456055e-01
2.868789136409759521e-01
1.554715782403945923e-01
2.149825841188430786e-01
2.147458344697952271e-01
1.101328874938189983e-03
2.061681151390075684e-01
3.966016173362731934e-01
1.872730851173400879e-01
5.835065841674804688e-01
3.034798800945281982e-01
1.072792559862136841e-01
5.039668083190917969e-01
1.416352987289428711e-01
3.964262604713439941e-01
3.402592837810516357e-01
4.987517893314361572e-01
2.132255136966705322e-01
1.971803605556488037e-01
2.066628634929656982e-01
6.126121282577514648e-01
2.877818048000335693e-01
4.096778333187103271e-01
1.371357310563325882e-02
2.769530713558197021e-01
6.080070734024047852e-01
1.623387783765792847e-01
1.527303755283355713e-01
2.795895040035247803e-01
1.558654904365539551e-01
2.625754177570343018e-01
9.104440920054912567e-03
3.568291962146759033e-01
9.006826579570770264e-02
3.557285070419311523e-01
6.038981676101684570e-01
1.166960923001170158e-03
5.158376097679138184e-01
4.119013845920562744e-01
3.111096564680337906e-03
8.216367103159427643e-03
3.838202059268951416e-01
3.406268954277038574e-01
3.403244614601135254e-01
3.913050144910812378e-02
3.919172286987304688e-01
2.155517041683197021e-01
3.977226018905639648e-01
4.957816898822784424e-01
1.982638537883758545e-01
7.008192539215087891e-01
4.762180447578430176e-01
3.032839894294738770e-01
4.818021506071090698e-02
2.263737320899963379e-01
1.591060906648635864e-01
1.572327613830566406e-01
1.021061744540929794e-02
2.143996655941009521e-01
2.787519395351409912e-01
2.266014218330383301e-01
6.032719612121582031e-01
2.225338965654373169e-01
2.150141596794128418e-01
2.013713568449020386e-01
2.228666841983795166e-01
9.133377112448215485e-03
4.678482115268707275e-01
4.839231371879577637e-01
6.144959926605224609e-01
2.498534172773361206e-01
3.363933265209197998e-01
3.028779327869415283e-01
7.014170885086059570e-01
1.388878226280212402e-01
5.586794391274452209e-02
2.286274731159210205e-01
2.997605204582214355e-01
5.196064710617065430e-01
1.106200963258743286e-01
3.916596770286560059e-01
5.971644520759582520e-01
4.711144790053367615e-02
4.656623005867004395e-01
3.448117524385452271e-02
4.434455633163452148e-01
5.944226384162902832e-01
4.456011354923248291e-01
2.706922590732574463e-02
4.723060727119445801e-01
2.236340343952178955e-01
3.053531795740127563e-02
2.406536787748336792e-01
1.107525546103715897e-03
7.656253576278686523e-01
3.962741792201995850e-01
3.843699395656585693e-01
2.142523527145385742e-01
4.407077729701995850e-01
8.071247339248657227e-01
7.226529717445373535e-02
8.140258491039276123e-02
5.761131048202514648e-01
7.962707430124282837e-02
2.994455099105834961e-01
4.622341319918632507e-02
1.599831432104110718e-01
6.096268892288208008e-01
4.292260110378265381e-01
3.975332081317901611e-01
1.941903531551361084e-01
4.475061595439910889e-01
1.478041410446166992e-01
4.121232628822326660e-01
2.796830609440803528e-03
2.092211693525314331e-01
4.288471341133117676e-01
3.673668503761291504e-01
1.845784485340118408e-01
5.682756900787353516e-01
9.821817874908447266e-01
4.737422168254852295e-01
2.006445080041885376e-01
2.504790425300598145e-01
3.107562959194183350e-01
3.979716002941131592e-01
2.621630430221557617e-01
6.039916276931762695e-01
2.109407484531402588e-01
4.316503107547760010e-01
1.113028675317764282e-01
1.244183443486690521e-02
2.246198803186416626e-02
8.702076673507690430e-01
4.594978690147399902e-01
1.199240908026695251e-01
1.751756221055984497e-01
2.444893121719360352e-01
5.471146106719970703e-01
4.083299040794372559e-01
6.019542217254638672e-01
2.005888223648071289e-01
2.026019394397735596e-01
1.233448684215545654e-01
4.979306459426879883e-01
3.828956782817840576e-01
8.384805917739868164e-01
2.987925112247467041e-01
9.876986593008041382e-02
2.283925861120223999e-01
7.144669294357299805e-01
6.087697148323059082e-01
7.937793135643005371e-01
4.383925199508666992e-01
4.062429666519165039e-01
2.434828579425811768e-01
1.712428927421569824e-01
3.304674923419952393e-01
9.118508547544479370e-02
2.805152833461761475e-01
2.925533615052700043e-02
7.313637435436248779e-02
3.773073256015777588e-01
7.546364665031433105e-01
4.499633312225341797e-01
5.635321736335754395e-01
4.296220242977142334e-01
6.465461850166320801e-01
5.201848596334457397e-02
8.180812001228332520e-01
7.958587259054183960e-03
5.748950839042663574e-01
3.092125058174133301e-01
2.868372499942779541e-01
7.830157130956649780e-02
1.381024718284606934e-01
7.571771144866943359e-01
4.645605087280273438e-01
7.967523336410522461e-01
2.112032771110534668e-01
6.405811905860900879e-01
2.732273936271667480e-01
1.414756383746862411e-02
5.325613021850585938e-01
2.883124351501464844e-01
5.319724678993225098e-01
5.325238704681396484e-01
2.646786160767078400e-03
1.142083853483200073e-01
5.393301844596862793e-01
4.950504302978515625e-01
7.960510849952697754e-01
6.022957563400268555e-01
2.551387250423431396e-01
2.265431135892868042e-01
4.164536893367767334e-01
7.961355894804000854e-02
1.964496523141860962e-01
4.445956647396087646e-01
4.193617701530456543e-01
4.394143521785736084e-01
5.908038616180419922e-01
3.524082303047180176e-01
5.457432866096496582e-01
6.129405498504638672e-01
1.629791259765625000e-01
1.961064785718917847e-01
5.577068328857421875e-01
5.978848338127136230e-01
1.250690072774887085e-01
3.148120641708374023e-01
1.302794665098190308e-01
3.466297984123229980e-01
3.264724314212799072e-01
8.511511981487274170e-02
2.089061439037322998e-01
3.396821618080139160e-01
6.013504862785339355e-01
7.874506711959838867e-01
6.617271900177001953e-01
3.816033601760864258e-01
4.679104983806610107e-01
1.462971568107604980e-01
4.557619988918304443e-01
2.630653679370880127e-01
3.573394417762756348e-01
4.560041725635528564e-01
7.031228393316268921e-02
7.986040711402893066e-01
6.465453505516052246e-01
2.601017057895660400e-02
3.915131986141204834e-01
3.037300109863281250e-01
1.540262997150421143e-01
4.602924585342407227e-01
2.178878039121627808e-01
5.651498436927795410e-01
3.637034296989440918e-01
5.787827968597412109e-01
5.596316456794738770e-01
4.302167147397994995e-02
5.108746886253356934e-01
7.794624567031860352e-01
6.150879263877868652e-01
6.374357342720031738e-01
3.965268433094024658e-01
3.520992994308471680e-01
7.147171497344970703e-01
3.579650223255157471e-01
5.915656089782714844e-01
3.719156384468078613e-01
6.095662713050842285e-01
7.957269549369812012e-01
3.387933373451232910e-01
1.325966119766235352e-01
5.551862120628356934e-01
4.537121057510375977e-01
2.851721644401550293e-01
4.064630866050720215e-01
7.920683920383453369e-02
6.811399459838867188e-01
5.957742333412170410e-01
3.691201210021972656e-01
4.828268587589263916e-01
2.164327949285507202e-01
4.823473393917083740e-01
3.090225160121917725e-03
7.441503554582595825e-02
1.267316788434982300e-01
3.879716396331787109e-01
3.853826820850372314e-01
5.978609919548034668e-01
4.271855950355529785e-01
3.485013246536254883e-01
1.207776740193367004e-01
4.145571589469909668e-01
4.079797565937042236e-01
8.295594453811645508e-01
7.428286075592041016e-01
2.686538733541965485e-02
3.937136828899383545e-01
4.783417284488677979e-01
8.029929399490356445e-01
8.035042285919189453e-01
4.221284389495849609e-01
2.132528871297836304e-01
2.856542766094207764e-01
5.176350474357604980e-03
6.649584323167800903e-02
2.100154608488082886e-01
2.338592559099197388e-01
4.106053616851568222e-03
3.960398584604263306e-02
9.258683025836944580e-02
8.952035009860992432e-02
7.217953801155090332e-01
2.040291875600814819e-01
6.284512579441070557e-02
3.089602589607238770e-01
5.503789782524108887e-01
4.355315864086151123e-02
1.061422750353813171e-01
1.528608426451683044e-02
2.785052955150604248e-01
1.080212891101837158e-01
3.528878837823867798e-02
9.096673130989074707e-02
5.571494996547698975e-02
5.970329642295837402e-01
6.524689197540283203e-01
3.974147439002990723e-01
1.972197592258453369e-01
1.155607476830482483e-01
6.854656385257840157e-04
3.177917599678039551e-01
1.488323211669921875e-01
2.115393131971359253e-01
1.684489427134394646e-03
8.506195247173309326e-02
3.004429861903190613e-02
4.471687376499176025e-01
8.027653694152832031e-01
4.603353738784790039e-01
3.549813926219940186e-01
8.920209109783172607e-02
5.734169483184814453e-02
3.507907390594482422e-01
3.245323523879051208e-02
2.432075589895248413e-01
4.545408189296722412e-01
6.151095032691955566e-03
2.177931666374206543e-01
4.281497895717620850e-01
5.943754315376281738e-01
7.277920842170715332e-01
3.955467343330383301e-01
4.459430929273366928e-03
1.021817624568939209e-01
3.123701512813568115e-01
1.374178379774093628e-01
6.899658124893903732e-03
2.182396799325942993e-01
4.339704215526580811e-01
9.339731186628341675e-04
4.100515041500329971e-03
2.007771730422973633e-01
3.970317244529724121e-01
6.128174662590026855e-01
4.022110998630523682e-01
1.181788928806781769e-02
5.252481251955032349e-02
3.794233202934265137e-01
4.523364007472991943e-01
4.676914587616920471e-02
2.923136055469512939e-01
3.940778970718383789e-02
5.461617838591337204e-03
3.567066043615341187e-02
9.962832927703857422e-02
4.362155795097351074e-01
8.011778593063354492e-01
4.055017828941345215e-01
3.888977468013763428e-01
4.137333035469055176e-01
2.479048073291778564e-01
3.147927820682525635e-01
1.711679995059967041e-02
5.857554450631141663e-02
4.775663018226623535e-01
1.118508353829383850e-01
2.771631442010402679e-02
2.293168753385543823e-01
5.031424015760421753e-02
9.988830685615539551e-01
6.074452996253967285e-01
6.789962947368621826e-02
1.529317200183868408e-01
4.346567094326019287e-01
2.748399078845977783e-01
1.828831434249877930e-02
7.203614711761474609e-02
4.606464132666587830e-02
4.757405221462249756e-01
1.738685369491577148e-01
2.239672839641571045e-01
4.411679804325103760e-01
5.417178869247436523e-01
2.046609371900558472e-01
2.145538628101348877e-01
2.945505678653717041e-01
1.549440175294876099e-01
2.751557826995849609e-01
2.845735661685466766e-02
2.629347443580627441e-01
2.261307090520858765e-01
4.829566776752471924e-01
4.926730878651142120e-03
4.149615392088890076e-02
6.482632160186767578e-01
3.842113316059112549e-01
4.005784392356872559e-01
2.606357932090759277e-01
2.237157374620437622e-01
2.624837160110473633e-01
6.883306503295898438e-01
3.810307825915515423e-04
3.109363466501235962e-02
4.268507957458496094e-01
2.276197969913482666e-01
1.959610432386398315e-01
1.136974245309829712e-01
3.468341529369354248e-01
2.872137427330017090e-01
1.650220155715942383e-02
1.292673870921134949e-02
9.329389035701751709e-02
6.526710391044616699e-01
4.171147346496582031e-01
2.201631665229797363e-03
2.229928225278854370e-02
5.550523400306701660e-01
9.311063587665557861e-02
2.298648469150066376e-02
7.644902169704437256e-02
2.342789471149444580e-01
1.931286230683326721e-02
2.022192180156707764e-01
4.895796254277229309e-02
5.622960329055786133e-01
3.960851430892944336e-01
3.959677517414093018e-01
6.908277273178100586e-01
1.380271911621093750e-01
2.648236751556396484e-01
2.578508853912353516e-02
2.002531290054321289e-01
4.973590970039367676e-01
5.669932365417480469e-01
8.514205813407897949e-01
5.978321433067321777e-01
5.993755068629980087e-03
7.291667461395263672e-01
3.606230318546295166e-01
2.304359525442123413e-01
8.608630895614624023e-01
4.930267035961151123e-01
2.374913692474365234e-01
2.020959556102752686e-01
3.154765367507934570e-01
5.153636932373046875e-01
6.844629645347595215e-01
4.083262085914611816e-01
6.652144193649291992e-01
1.069592894054949284e-03
3.941119015216827393e-01
1.921281516551971436e-01
2.940363287925720215e-01
1.719203591346740723e-02
1.980017870664596558e-01
8.105640299618244171e-03
6.749358959496021271e-03
6.211441941559314728e-03
1.822023093700408936e-01
3.617209196090698242e-01
4.844979643821716309e-01
3.584533631801605225e-01
1.970578730106353760e-01
9.341864585876464844e-01
2.224294245243072510e-01
2.355097234249114990e-02
7.210779190063476562e-01
2.588676214218139648e-01
4.214190542697906494e-01
3.750650212168693542e-02
2.057700008153915405e-01
5.271171927452087402e-01
4.904051423072814941e-01
5.675117373466491699e-01
7.765585184097290039e-01
1.260771602392196655e-01
5.756050348281860352e-01
2.687147259712219238e-01
4.777911901473999023e-01
5.948739051818847656e-01
6.418538689613342285e-01
5.032927393913269043e-01
3.181835412979125977e-01
1.066146641969680786e-01
2.274902313947677612e-01
4.076054692268371582e-01
4.369256645441055298e-02
4.102410376071929932e-01
1.983026415109634399e-01
9.744071364402770996e-01
7.497136294841766357e-02
2.205134332180023193e-01
6.017529964447021484e-01
4.783644080162048340e-01
1.418558210134506226e-01
2.002068422734737396e-02
3.989743590354919434e-01
7.349258065223693848e-01
4.048892855644226074e-01
5.935364961624145508e-01
6.341869235038757324e-01
2.241023257374763489e-02
2.454874962568283081e-01
2.409524470567703247e-01
2.350715696811676025e-01
3.951539993286132812e-01
2.060879915952682495e-01
4.172239303588867188e-01
6.626979112625122070e-01
2.082116901874542236e-01
2.655641138553619385e-01
3.972596526145935059e-01
2.094831913709640503e-01
5.790033936500549316e-01
1.289246603846549988e-02
2.115421742200851440e-01
5.957707166671752930e-01
2.517087161540985107e-01
3.782625496387481689e-01
3.821912407875061035e-01
1.184024065732955933e-01
8.669248819351196289e-01
3.912626802921295166e-01
5.679978430271148682e-02
4.841785430908203125e-01
3.672522306442260742e-01
4.790367782115936279e-01
2.432503998279571533e-01
3.977718353271484375e-01
1.983660310506820679e-01
5.300689935684204102e-01
5.940390229225158691e-01
4.284114837646484375e-01
2.496698200702667236e-01
7.118834853172302246e-01
9.623785153962671757e-04
1.227863226085901260e-02
1.620095521211624146e-01
9.900437593460083008e-01
4.010812044143676758e-01
2.732411921024322510e-01
7.878000736236572266e-01
3.441031873226165771e-01
4.113545119762420654e-01
3.939382135868072510e-01
2.657328844070434570e-01
8.851454257965087891e-01
4.289776682853698730e-01
3.267751261591911316e-02
1.384392976760864258e-01
3.213586807250976562e-01
3.508633673191070557e-01
5.603726506233215332e-01
2.242087274789810181e-01
4.068310856819152832e-01
2.535354495048522949e-01
5.818433761596679688e-01
4.345071017742156982e-01
2.073571830987930298e-01
1.978449374437332153e-01
1.492680609226226807e-01
6.214126348495483398e-01
4.018550813198089600e-01
4.042176008224487305e-01
3.523920476436614990e-02
3.963015377521514893e-01
2.410937249660491943e-01
5.163915157318115234e-01
1.666252762079238892e-01
9.175927937030792236e-02
3.046142458915710449e-01
8.828345686197280884e-02
4.371913075447082520e-01
1.034570951014757156e-02
2.742394246160984039e-02
1.202013492584228516e-01
4.723164141178131104e-01
4.213794767856597900e-01
5.943512320518493652e-01
8.281644433736801147e-02
3.972259350121021271e-03
3.219863474369049072e-01
2.986007742583751678e-02
4.749781191349029541e-01
8.468582294881343842e-03
3.354631662368774414e-01
1.543934792280197144e-01
2.680121734738349915e-02
2.097563296556472778e-01
1.828914433717727661e-01
7.282994389533996582e-01
1.590739586390554905e-03
3.394660651683807373e-01
7.811773419380187988e-01
4.321296513080596924e-02
2.120255678892135620e-01
5.194439888000488281e-01
6.012182235717773438e-01
1.034696102142333984e-01
1.121154241263866425e-02
2.337995767593383789e-01
4.505736827850341797e-01
2.513682842254638672e-01
1.302592158317565918e-01
4.837884604930877686e-01
3.301669657230377197e-01
6.095802187919616699e-01
7.175627350807189941e-01
4.017838537693023682e-01
8.889335989952087402e-01
8.272675871849060059e-01
4.437453746795654297e-01
1.308058500289916992e-01
4.348819255828857422e-01
4.004790782928466797e-01
4.722818434238433838e-01
7.085198760032653809e-01
3.919330835342407227e-01
4.017955064773559570e-02
3.307920694351196289e-02
4.523524641990661621e-02
7.574165612459182739e-02
7.606221437454223633e-01
5.912144184112548828e-01
2.490179389715194702e-01
6.968335509300231934e-01
1.991354376077651978e-01
3.296259939670562744e-01
4.733518362045288086e-01
4.083882570266723633e-01
4.424748420715332031e-01
8.337768912315368652e-02
3.914244174957275391e-01
5.191934108734130859e-01
2.568325400352478027e-01
4.596998095512390137e-01
3.136189877986907959e-01
4.669782221317291260e-01
3.579004108905792236e-01
2.311205565929412842e-01
3.765687942504882812e-01
5.801666975021362305e-01
4.731851816177368164e-01
5.376876592636108398e-01
2.190213799476623535e-01
4.074493348598480225e-01
2.464699298143386841e-01
7.205599546432495117e-02
7.059511542320251465e-02
1.065080687403678894e-01
2.436741814017295837e-02
1.841290444135665894e-01
2.083562612533569336e-01
1.981739848852157593e-01
2.879782319068908691e-01
5.152702927589416504e-01
1.942230314016342163e-01
2.399333715438842773e-01
5.648367404937744141e-01
1.956148445606231689e-01
2.165452986955642700e-01
1.331587135791778564e-01
1.233372464776039124e-01
5.248045921325683594e-01
2.258378118276596069e-01
9.433946572244167328e-03
1.015676259994506836e-01
5.467815399169921875e-01
4.938876032829284668e-01
7.450846433639526367e-01
4.210733473300933838e-01
2.435788661241531372e-01
1.326644867658615112e-01
4.697608575224876404e-02
5.740223526954650879e-01
3.149344325065612793e-01
5.761250853538513184e-01
9.062133729457855225e-03
2.649697661399841309e-01
1.461975872516632080e-01
3.787250816822052002e-01
6.013628244400024414e-01
5.766718983650207520e-01
5.846219062805175781e-01
5.190375447273254395e-01
2.934486567974090576e-01
3.775028586387634277e-01
3.916702866554260254e-01
2.641098201274871826e-01
1.075363233685493469e-01
1.258933730423450470e-02
4.113861918449401855e-01
3.430192768573760986e-01
4.861135482788085938e-01
3.066940009593963623e-01
4.820254631340503693e-03
1.403508987277746201e-02
5.008135437965393066e-01
4.546870589256286621e-01
2.994818687438964844e-01
2.425546348094940186e-01
2.069079577922821045e-01
2.951412200927734375e-01
1.183817535638809204e-01
6.329659372568130493e-02
2.800441384315490723e-01
1.094733327627182007e-01
2.627872526645660400e-01
3.316277563571929932e-01
7.137402147054672241e-02
6.024380922317504883e-01
1.423133462667465210e-01
9.909742474555969238e-01
7.229348421096801758e-01
4.327372610569000244e-01
5.591698884963989258e-01
4.612893164157867432e-01
5.193309783935546875e-01
5.194246172904968262e-01
5.505351424217224121e-01
3.912552595138549805e-01
4.574866294860839844e-01
4.845534637570381165e-02
7.064653187990188599e-02
1.163404583930969238e-01
2.949047684669494629e-01
7.205917835235595703e-01
3.996265530586242676e-01
2.533699274063110352e-01
5.639054179191589355e-01
9.859625995159149170e-02
5.338197946548461914e-01
8.281083703041076660e-01
5.703019499778747559e-01
1.740381419658660889e-01
2.036521732807159424e-01
4.947020411491394043e-01
4.091739058494567871e-01
4.547746181488037109e-01
3.250336050987243652e-01
5.952629446983337402e-01
8.001768589019775391e-01
6.147456169128417969e-01
2.045459859073162079e-02
3.413120210170745850e-01
8.145586252212524414e-01
4.304186105728149414e-01
4.043445289134979248e-01
3.315193345770239830e-03
3.970685601234436035e-01
2.448594868183135986e-01
4.226683974266052246e-01
3.738986700773239136e-02
6.405131816864013672e-01
6.251599788665771484e-01
8.750527165830135345e-03
3.022521436214447021e-01
2.100618928670883179e-01
7.276244163513183594e-01
2.829685509204864502e-01
3.953112661838531494e-01
1.514187268912792206e-02
4.006264507770538330e-01
2.403264045715332031e-01
2.257871776819229126e-01
7.966061234474182129e-01
1.889628767967224121e-01
3.279318213462829590e-01
1.691825091838836670e-01
6.677581667900085449e-01
1.988653242588043213e-01
5.008249282836914062e-01
2.797142565250396729e-01
1.785693466663360596e-01
2.008554786443710327e-01
4.029989540576934814e-01
3.193131983280181885e-01
5.369611382484436035e-01
5.629140138626098633e-01
5.571299791336059570e-01
5.919288396835327148e-01
3.025409823749214411e-04
3.378136083483695984e-03
2.066047340631484985e-01
7.943843603134155273e-01
2.032282650470733643e-01
2.054883688688278198e-01
4.584691487252712250e-03
4.325837194919586182e-01
2.149137109518051147e-01
4.454067945480346680e-01
5.295592546463012695e-01
1.623385697603225708e-01
8.658176660537719727e-02
1.557949334383010864e-01
3.046922199428081512e-02
4.551884904503822327e-02
2.087467908859252930e-01
5.646414160728454590e-01
1.883868277072906494e-01
2.159287035465240479e-01
4.774475991725921631e-01
2.159550935029983521e-01
3.887963891029357910e-01
4.065447747707366943e-01
4.037550464272499084e-02
5.256971716880798340e-01
1.110540404915809631e-01
5.444925650954246521e-02
4.415283799171447754e-01
8.300618827342987061e-02
5.872284770011901855e-01
4.692218266427516937e-03
4.032091498374938965e-01
5.944622159004211426e-01
3.546906709671020508e-01
3.760398626327514648e-01
4.005146622657775879e-01
1.126303002238273621e-01
3.337769508361816406e-01
6.318078637123107910e-01
6.554372608661651611e-02
3.132988512516021729e-01
3.359207510948181152e-01
2.303619235754013062e-01
7.909069061279296875e-01
5.899132490158081055e-01
4.609620869159698486e-01
6.684011220932006836e-02
5.882652997970581055e-01
3.078179359436035156e-01
3.153314292430877686e-01
4.041408300399780273e-01
4.194238185882568359e-01
1.160877943038940430e-02
6.882154848426580429e-03
1.457054615020751953e-01
4.049081802368164062e-01
4.841753244400024414e-01
1.214355695992708206e-02
3.523354232311248779e-01
2.214837074279785156e-01
6.228136271238327026e-02
4.407271742820739746e-01
2.419189214706420898e-01
2.164389193058013916e-01
4.968708455562591553e-01
6.282998365350067616e-04
4.764653742313385010e-02
4.778237938880920410e-01
6.014657020568847656e-01
2.035084515810012817e-01
2.058911472558975220e-01
3.985758721828460693e-01
3.751339316368103027e-01
4.152771532535552979e-01
3.548635542392730713e-02
4.374907612800598145e-01
3.531851470470428467e-01
1.943953568115830421e-03
8.960434235632419586e-03
4.567685350775718689e-02
3.350890576839447021e-01
5.963978171348571777e-01
5.126913189888000488e-01
2.410780191421508789e-01
2.105123698711395264e-01
1.503490358591079712e-01
2.712519466876983643e-01
1.850448781624436378e-03
5.901010036468505859e-01
4.909659922122955322e-01
2.260041683912277222e-01
2.149584293365478516e-01
2.426206022500991821e-01
8.747082203626632690e-02
5.461500883102416992e-01
7.734235525131225586e-01
3.482367377728223801e-03
4.503409937024116516e-02
5.967425704002380371e-01
3.670019209384918213e-01
9.105320274829864502e-02
8.573551177978515625e-01
1.947913914918899536e-01
2.364139407873153687e-01
2.205559797585010529e-02
1.144585236907005310e-01
2.152495086193084717e-01
5.750838518142700195e-01
3.900604248046875000e-01
4.774586483836174011e-02
6.346054077148437500e-01
1.386158615350723267e-01
2.412981241941452026e-01
2.548873722553253174e-01
3.790815472602844238e-01
8.472774177789688110e-02
5.635995864868164062e-01
1.943544000387191772e-01
3.068547248840332031e-01
3.002392351627349854e-01
8.115348219871520996e-01
5.986385345458984375e-01
4.346407353878021240e-01
5.841421484947204590e-01
2.267463952302932739e-01
4.067589044570922852e-01
1.178297027945518494e-01
5.885158777236938477e-01
5.730010569095611572e-02
6.942819356918334961e-01
2.048962116241455078e-01
1.963467150926589966e-01
4.352144002914428711e-01
4.042038619518280029e-01
5.950559377670288086e-01
2.509472193196415901e-03
7.913110852241516113e-01
8.756750077009201050e-02
5.637205243110656738e-01
3.802197873592376709e-01
6.149421930313110352e-01
3.778875470161437988e-01
8.778066188097000122e-02
5.213834643363952637e-01
5.877701938152313232e-02
4.565386772155761719e-01
8.235132694244384766e-01
1.928410530090332031e-01
3.600114583969116211e-01
3.291663825511932373e-01
7.695743441581726074e-02
3.467956185340881348e-01
4.335170984268188477e-01
4.458872675895690918e-01
1.947270631790161133e-01
2.116298675537109375e-01
4.473982453346252441e-01
4.025374948978424072e-01
3.026447631418704987e-02
4.887382984161376953e-01
1.996097266674041748e-01
2.015041559934616089e-01
4.105180501937866211e-01
2.724038064479827881e-01
1.716638207435607910e-01
4.228407144546508789e-01
4.098531901836395264e-01
6.475512385368347168e-01
2.628798782825469971e-01
6.113243103027343750e-01
7.884353399276733398e-02
4.908138811588287354e-01
4.226097464561462402e-01
6.169164776802062988e-01
4.309992492198944092e-01
1.650220602750778198e-01
3.045449852943420410e-01
5.751648545265197754e-01
2.249382287263870239e-01
2.481883913278579712e-01
1.774767339229583740e-01
5.888718962669372559e-01
2.531679868698120117e-01
4.975233972072601318e-02
2.348157577216625214e-02
7.239887118339538574e-01
4.039616286754608154e-01
9.523959457874298096e-02
5.936799049377441406e-01
3.422641158103942871e-01
3.756089508533477783e-01
3.280498385429382324e-01
5.412985682487487793e-01
5.280933976173400879e-01
6.049386225640773773e-03
6.904336065053939819e-02
2.831469774246215820e-01
1.162558272480964661e-01
7.688304185867309570e-01
6.003832221031188965e-01
5.076004266738891602e-01
7.866443991661071777e-01
4.033242166042327881e-01
3.608133494853973389e-01
1.676545711234211922e-03
5.121722817420959473e-01
1.819507777690887451e-01
5.183612182736396790e-02
3.513619303703308105e-01
1.936718225479125977e-01
2.287991940975189209e-01
5.919659137725830078e-01
4.042447805404663086e-01
1.863813996315002441e-01
5.948027372360229492e-01
3.194687366485595703e-01
6.255059838294982910e-01
1.119099333882331848e-01
1.992131322622299194e-01
1.821774691343307495e-01
7.512201070785522461e-01
2.871335744857788086e-01
1.128168255090713501e-01
5.350364446640014648e-01
7.998098134994506836e-01
1.912003010511398315e-01
1.558291316032409668e-01
3.923189640045166016e-01
2.569182813167572021e-01
6.345303654670715332e-01
5.621072053909301758e-01
2.412987947463989258e-01
4.021807909011840820e-01
6.640921831130981445e-01
7.129351049661636353e-02
5.632413029670715332e-01
6.752083301544189453e-01
8.034852743148803711e-01
5.973938703536987305e-01
6.320466287434101105e-03
5.818272829055786133e-01
4.890650212764739990e-01
5.164524316787719727e-01
2.005985975265502930e-01
2.031248658895492554e-01
4.274755120277404785e-01
4.788392782211303711e-01
6.735843420028686523e-02
2.991671860218048096e-01
4.142968654632568359e-01
6.029487848281860352e-01
5.759552717208862305e-01
2.532477080821990967e-01
7.619183659553527832e-01
2.231914401054382324e-01
1.975584924221038818e-01
6.704866141080856323e-02
4.003430008888244629e-01
9.523197412490844727e-01
8.429577350616455078e-01
4.301604032516479492e-01
4.616466462612152100e-01
7.412551641464233398e-01
4.563491940498352051e-01
2.024644166231155396e-01
6.882435083389282227e-02
7.947655320167541504e-01
7.628065347671508789e-02
6.491363048553466797e-01
3.891357779502868652e-01
4.816284775733947754e-01
1.069457903504371643e-01
6.621975302696228027e-01
2.384456396102905273e-01
3.198848664760589600e-02
4.293212890625000000e-01
5.652841329574584961e-01
5.794001817703247070e-01
7.290554046630859375e-02
1.906589567661285400e-01
2.809523940086364746e-01
4.228112697601318359e-01
2.354371100664138794e-01
4.393745362758636475e-01
4.087619185447692871e-01
4.219531714916229248e-01
4.761498570442199707e-01
2.199794501066207886e-01
1.007986962795257568e-01
6.073376536369323730e-01
2.598000466823577881e-01
2.385789006948471069e-01
6.527554988861083984e-01
1.863714754581451416e-01
3.175553083419799805e-01
2.904860973358154297e-01
6.942021250724792480e-01
2.061760239303112030e-02
6.604348421096801758e-01
6.860784292221069336e-01
5.319737363606691360e-03
4.257725477218627930e-01
3.887693881988525391e-01
7.932984828948974609e-01
8.758760690689086914e-01
2.104419022798538208e-01
3.696662783622741699e-01
3.760329186916351318e-01
4.685856103897094727e-01
5.658006072044372559e-01
2.274152934551239014e-01
3.574486076831817627e-01
4.096692800521850586e-01
1.947691440582275391e-01
2.121603041887283325e-01
4.103633463382720947e-01
3.896861076354980469e-01
3.354127407073974609e-01
7.932602763175964355e-01
2.614001631736755371e-01
6.540446281433105469e-01
7.348511219024658203e-01
4.158749282360076904e-01
2.179139852523803711e-01
4.286546707153320312e-01
2.576985061168670654e-01
4.165394008159637451e-01
4.563267529010772705e-01
