2.889420115495270891e-01
2.906826199116319676e-01
3.271313794281175413e-01
3.039616891410332755e-01
3.017369285713847327e-01
1.039944265286032177e-01
2.492312799477973129e-01
2.519262647073307049e-01
2.909321345219163524e-01
1.882097757140854810e-01
2.636073058955879511e-01
2.672709289787539300e-01
2.366488052280616983e-01
2.764763863731506954e-01
5.601061380518173455e-03
2.746138637583219189e-01
2.955703367913844470e-01
1.195608416742638541e-01
2.674870211037876921e-01
2.732669409792134463e-01
2.818231353181381293e-01
1.816513734557639870e-01
2.596904192310096060e-01
2.509255128034668103e-01
2.622370982395884065e-01
1.852375182674082660e-02
2.338363779717138324e-01
2.684312238154863972e-01
2.901156101856241509e-01
8.342516038292248359e-02
2.724856507451862142e-01
3.122934501533773943e-01
2.621683339006674052e-01
1.909682141060609628e-01
2.474332303718256298e-01
2.768825514719293057e-01
3.123289540782164808e-01
6.281539230140145052e-04
3.554254785635398931e-03
2.722496803716449761e-03
4.125811298837771431e-03
4.616171427869630861e-03
1.903148119951608231e-03
1.455654959978639612e-02
2.776852277687698149e-03
4.242516481431069485e-03
2.612213542691458473e-02
3.416634686874868605e-03
3.136291007037674272e-01
2.582924171107291444e-01
7.717957216546704469e-02
2.436495170451455361e-01
2.541774705568269344e-01
2.643290827479107263e-01
1.576417289745508099e-01
2.183688957944146802e-01
2.665100916771828699e-01
2.883687210071675944e-01
2.420624452577158081e-01
9.024505363297553873e-02
2.594840407730491516e-01
2.677524279009206309e-01
2.618173307342098743e-01
1.978453135596702495e-01
2.592925578362085814e-01
2.331395369379381521e-01
2.550908857652044448e-01
9.584363063120435178e-02
2.592246865029804725e-01
2.881186961428059412e-01
2.621779126382550174e-01
1.876247151905216237e-01
2.644848385380687006e-01
2.093447677019902031e-01
2.406291550583738725e-01
1.204899183718305539e-01
8.358959597159827670e-02
9.240242596006592590e-02
1.029890447767824180e-01
1.041237376756935923e-01
9.482072151786556657e-02
2.714006483187264562e-01
2.740742894399187946e-01
1.534386360102672764e-01
2.319033653944083673e-01
2.256318509856203580e-01
2.660518794816347232e-01
2.777652232981871472e-01
2.053928821856855214e-01
2.311057647356132283e-01
2.298621813013491666e-01
2.166036444298067853e-01
2.448566690310634286e-01
2.011549046361798820e-01
3.007367494328019308e-01
1.636590526043842364e-01
1.789738141309468455e-01
1.827612066859125306e-01
2.185974967749014231e-01
2.382811852699956712e-01
2.763977143719444363e-01
