6.735602617263793945e-01
6.559966802597045898e-01
4.261115789413452148e-01
2.110936939716339111e-01
5.149866640567779541e-02
2.168080657720565796e-01
5.760514140129089355e-01
1.302605122327804565e-02
2.738701365888118744e-02
8.541864156723022461e-02
5.531731843948364258e-01
4.713419079780578613e-02
8.026720955967903137e-03
5.217527970671653748e-02
2.549598217010498047e-01
2.796562155708670616e-03
5.546935647726058960e-02
5.593882799148559570e-01
1.390733867883682251e-01
2.104308456182479858e-01
3.499295935034751892e-02
2.090254724025726318e-01
3.122203052043914795e-01
2.076423913240432739e-01
3.671053647994995117e-01
1.104917656630277634e-02
9.747730218805372715e-04
1.833646595478057861e-01
2.219474762678146362e-01
7.697997689247131348e-01
2.627010270953178406e-02
4.153575003147125244e-01
1.834771633148193359e-01
2.266804724931716919e-01
5.574298277497291565e-02
4.517228603363037109e-01
5.994814261794090271e-02
1.267685927450656891e-02
2.441625297069549561e-01
3.676202381029725075e-03
6.548348814249038696e-02
2.128143236041069031e-02
1.086793933063745499e-02
3.696386218070983887e-01
6.082400679588317871e-01
3.540094196796417236e-01
1.549849361181259155e-01
1.852147728204727173e-01
2.685780525207519531e-01
7.896893657743930817e-03
2.645242214202880859e-01
1.771730929613113403e-01
2.402631789445877075e-01
5.546679254621267319e-03
2.839426975697278976e-03
4.007470905780792236e-01
9.562251567840576172e-01
8.259228467941284180e-01
9.679140448570251465e-01
3.733542859554290771e-01
1.965958476066589355e-01
4.953098893165588379e-01
5.755168199539184570e-01
1.540664117783308029e-03
3.143944079056382179e-03
1.178886145353317261e-01
4.415474236011505127e-01
1.696232939139008522e-03
1.329523045569658279e-02
4.843122512102127075e-02
2.121560126543045044e-01
9.765700101852416992e-01
6.479769945144653320e-01
4.583527147769927979e-01
2.797119021415710449e-01
1.020633131265640259e-01
7.042824029922485352e-01
3.517760336399078369e-01
1.797036034986376762e-03
5.723410844802856445e-01
5.509462952613830566e-01
1.997823268175125122e-02
5.537190008908510208e-03
2.212906256318092346e-02
1.671431660652160645e-01
7.930413484573364258e-01
9.316003918647766113e-01
3.741001784801483154e-01
1.575961410999298096e-01
2.872460782527923584e-01
5.940909981727600098e-01
3.688780367374420166e-01
2.137254923582077026e-02
2.355827204883098602e-02
7.040010094642639160e-01
2.794323721900582314e-03
1.064376253634691238e-02
7.517609000205993652e-02
3.367136120796203613e-01
7.838811874389648438e-01
7.248876094818115234e-01
6.589055061340332031e-01
6.011888980865478516e-01
2.004331648349761963e-01
3.359082341194152832e-01
8.328635990619659424e-02
1.431795805692672729e-01
1.598859131336212158e-01
5.676305890083312988e-01
1.005231887102127075e-01
1.455512596294283867e-03
2.131860703229904175e-03
3.816089034080505371e-01
8.299577832221984863e-01
5.503695011138916016e-01
3.465414643287658691e-01
2.222873121500015259e-01
1.174882426857948303e-01
1.989423185586929321e-01
6.449550390243530273e-01
9.528132155537605286e-03
8.624670654535293579e-02
6.273709535598754883e-01
1.391253666952252388e-03
1.503706816583871841e-02
6.219121068716049194e-02
5.214888453483581543e-01
7.653164863586425781e-01
7.719513177871704102e-01
7.871760129928588867e-01
1.969449222087860107e-01
2.098159492015838623e-01
3.947855532169342041e-01
6.079306602478027344e-01
9.076673304662108421e-04
3.318555951118469238e-01
6.743333339691162109e-01
6.539375055581331253e-03
5.615436937659978867e-03
7.274720817804336548e-02
3.946878314018249512e-01
5.606293082237243652e-01
7.691856026649475098e-01
3.019921779632568359e-01
2.244301885366439819e-01
2.271008342504501343e-01
1.825977861881256104e-01
6.386120915412902832e-01
1.496042907238006592e-01
6.183750629425048828e-01
6.192086338996887207e-01
4.963458515703678131e-03
1.228121109306812286e-02
4.552547633647918701e-02
3.347544670104980469e-01
5.867107510566711426e-01
5.888168215751647949e-01
7.667709589004516602e-01
2.106798738241195679e-01
4.320685267448425293e-01
1.879652291536331177e-01
4.482383728027343750e-01
1.369344536215066910e-03
3.127148747444152832e-01
1.772543489933013916e-01
1.569404453039169312e-01
4.947606474161148071e-03
1.841891556978225708e-01
6.257598754018545151e-03
9.714978933334350586e-01
9.656941294670104980e-01
2.900573015213012695e-01
1.802363544702529907e-01
2.897423207759857178e-01
4.533689916133880615e-01
8.108943700790405273e-01
9.365549776703119278e-04
7.061345875263214111e-02
6.345053315162658691e-01
3.777178823947906494e-01
5.297455005347728729e-03
1.654634773731231689e-01
3.715989589691162109e-01
4.968967139720916748e-01
9.215394258499145508e-01
5.174580812454223633e-01
5.371859297156333923e-02
3.210336863994598389e-01
8.353523910045623779e-02
9.284822344779968262e-01
1.978587210178375244e-01
5.026160925626754761e-02
2.669635415077209473e-01
8.252066373825073242e-01
2.081571817398071289e-01
7.878229767084121704e-02
4.726329445838928223e-01
4.147128164768218994e-01
5.771550536155700684e-01
6.400892734527587891e-01
5.656746625900268555e-01
3.073123693466186523e-01
2.658244669437408447e-01
9.375432729721069336e-01
6.476639956235885620e-02
1.402291357517242432e-01
1.892536878585815430e-01
7.436845898628234863e-01
3.020332893356680870e-03
9.049928933382034302e-02
2.372500300407409668e-02
8.760640621185302734e-01
5.923843979835510254e-01
6.418634653091430664e-01
4.549777209758758545e-01
9.153534471988677979e-02
4.136186242103576660e-01
5.629348158836364746e-01
1.161453314125537872e-03
4.437598884105682373e-01
4.728150665760040283e-01
5.259366631507873535e-01
5.475963000208139420e-03
2.005797624588012695e-01
8.447977714240550995e-03
