5.176157131791114807e-02
1.299430150538682938e-02
8.271361887454986572e-02
1.974178105592727661e-01
2.625598013401031494e-01
1.968115717172622681e-01
2.959899306297302246e-01
3.415885940194129944e-02
5.702374968677759171e-03
2.183071570470929146e-03
1.626004092395305634e-02
1.245275634573772550e-04
5.546281579881906509e-03
1.513906172476708889e-03
1.433970592916011810e-02
3.988333512097597122e-03
9.579202160239219666e-04
4.465111717581748962e-02
6.940115243196487427e-02
5.891632288694381714e-03
3.236835356801748276e-03
1.701363548636436462e-02
3.466133028268814087e-03
2.075285017490386963e-01
2.132534533739089966e-01
1.959062367677688599e-01
4.482257645577192307e-03
5.689269164577126503e-04
6.610306445509195328e-03
1.392916738986968994e-01
8.989050984382629395e-02
6.069422699511051178e-03
1.651466265320777893e-02
1.497954945079982281e-03
2.211110293865203857e-01
3.455930156633257866e-03
1.836604177951812744e-01
3.794542849063873291e-01
1.062280870974063873e-02
6.836789660155773163e-03
8.938124403357505798e-03
1.831471771001815796e-01
5.124863982200622559e-02
1.767118275165557861e-01
5.012164264917373657e-02
5.913294851779937744e-03
1.127945929765701294e-01
6.720633804798126221e-02
7.031001732684671879e-04
1.009420026093721390e-02
3.876497503370046616e-03
1.891739964485168457e-01
2.559741772711277008e-02
2.137937247753143311e-01
1.178782898932695389e-02
9.676788933575153351e-03
2.048639114946126938e-03
6.593984365463256836e-02
1.785728521645069122e-02
9.059543954208493233e-04
4.058646410703659058e-02
7.465109694749116898e-03
8.554024249315261841e-02
3.121167421340942383e-03
7.893618196249008179e-02
4.717259481549263000e-02
7.487501204013824463e-02
2.000845670700073242e-01
3.972731232643127441e-01
3.974382579326629639e-02
4.613592848181724548e-02
5.015508271753787994e-03
4.782633110880851746e-02
1.193210599012672901e-03
2.033398598432540894e-01
4.006097912788391113e-01
3.024133853614330292e-02
2.399655431509017944e-02
2.128569483757019043e-01
1.131963264197111130e-02
4.377963487058877945e-04
1.918727904558181763e-01
2.196177542209625244e-01
4.025342464447021484e-01
5.582155194133520126e-03
1.966113597154617310e-01
1.859630495309829712e-01
2.692752517759799957e-03
2.190071791410446167e-01
1.432493608444929123e-02
2.230628021061420441e-02
1.313059180974960327e-01
1.758015714585781097e-03
1.967173665761947632e-01
1.778747439384460449e-01
2.318894565105438232e-01
2.109376527369022369e-02
3.239898011088371277e-02
3.848664760589599609e-01
1.215648557990789413e-02
1.803804636001586914e-01
1.978614134714007378e-03
7.104349136352539062e-02
2.271109670400619507e-01
1.590348780155181885e-01
2.744536101818084717e-02
6.683897972106933594e-02
4.080280661582946777e-03
7.265394926071166992e-02
1.723902649246156216e-03
1.167533546686172485e-02
1.551792118698358536e-02
1.942165493965148926e-01
3.308435678482055664e-01
3.607136383652687073e-02
7.498251646757125854e-02
2.003935426473617554e-01
2.527250051498413086e-01
1.514080446213483810e-03
3.544096276164054871e-02
