1.932102895807474852e-05
7.255514447024324909e-07
6.740111857652664185e-03
5.044340156018733978e-03
1.569350482895970345e-03
3.117154701612889767e-04
2.606929745525121689e-03
1.006985199637711048e-03
3.539586439728736877e-03
7.190454285591840744e-03
1.085392897948622704e-03
9.850572049617767334e-02
7.496398873627185822e-03
2.951077651232481003e-03
5.920147941651521251e-06
4.765987604571364500e-09
9.696231037378311157e-02
2.909790538251399994e-02
2.460439503192901611e-02
8.387398906052112579e-03
3.525360487401485443e-03
4.802425610250793397e-05
1.008379967970540747e-06
6.646754336543381214e-04
9.995219707489013672e-01
9.458913207054138184e-01
7.394820917397737503e-03
3.087160177528858185e-03
2.823518007062375546e-04
2.693104397621937096e-05
1.192084746435284615e-03
2.232614497188478708e-04
1.035460829734802246e-02
6.261389935389161110e-04
9.905971884727478027e-01
4.145828634500503540e-02
4.106363281607627869e-03
1.746070804074406624e-03
1.986297545954585075e-03
1.912679581437259912e-04
7.774260360747575760e-03
3.268186701461672783e-04
1.529482156038284302e-01
9.912036657333374023e-01
2.889856696128845215e-03
1.374574843794107437e-03
5.182342192711075768e-06
3.872248299785496783e-08
1.107553941892547300e-07
2.332009898964315653e-05
2.253083046525716782e-03
5.560459569096565247e-03
3.353429292474174872e-06
5.579617572948336601e-04
3.645085826065042056e-06
1.597008854150772095e-02
1.918153138831257820e-03
5.172995151951909065e-04
1.804047729820013046e-03
2.695345319807529449e-04
5.759895429946482182e-04
4.157567673246376216e-06
1.852468959987163544e-02
7.732283789664506912e-03
1.071735471487045288e-01
1.518123084679245949e-03
3.160221735015511513e-03
7.212534546852111816e-04
3.523797169327735901e-02
9.333524852991104126e-03
1.279268786311149597e-02
2.917986130341887474e-04
1.028973311185836792e-01
1.092619076371192932e-02
7.770069874823093414e-03
7.947615813463926315e-04
3.018044494092464447e-02
4.308924078941345215e-02
9.592141956090927124e-03
1.182494452223181725e-03
4.461875185370445251e-03
7.787970360368490219e-03
8.787512779235839844e-01
4.336982674431055784e-04
8.841376256896182895e-06
2.236714959144592285e-02
8.721404592506587505e-04
1.648483239114284515e-02
1.450185850262641907e-02
9.180447668768465519e-04
8.079973049461841583e-03
1.196813100250437856e-04
3.043024539947509766e-01
9.705024361610412598e-01
4.522252827882766724e-03
1.136714126914739609e-03
6.441383156925439835e-04
6.014999144099419937e-06
4.351597453933209181e-05
7.044946528367290739e-07
3.879585862159729004e-02
7.051024585962295532e-02
7.580696139484643936e-03
1.963285962119698524e-03
1.375799797642685007e-06
3.642779944357243949e-08
8.862135473464149982e-06
9.600936579090557643e-08
4.567045252770185471e-03
1.093983766622841358e-03
1.207111752592027187e-03
8.441107720136642456e-02
9.919102922140154988e-06
5.008889711461961269e-04
1.435282456441200338e-06
1.353719830513000488e-01
8.952231705188751221e-02
1.283227698877453804e-03
9.104264609050005674e-05
1.963928574696183205e-03
