3.454861342906951904e-01
2.094919532537460327e-01
4.417582452297210693e-01
3.130161762237548828e-01
4.066135287284851074e-01
3.279587626457214355e-01
3.279587626457214355e-01
2.726686298847198486e-01
1.757587343454360962e-01
2.006140947341918945e-01
3.593313694000244141e-01
2.411935478448867798e-01
4.631166756153106689e-01
3.364116847515106201e-01
4.058759808540344238e-01
3.090953528881072998e-01
1.148538663983345032e-01
3.410921692848205566e-01
2.154107689857482910e-01
4.196485877037048340e-01
3.113695085048675537e-01
3.567284345626831055e-01
2.833479344844818115e-01
3.428819775581359863e-01
4.700683951377868652e-01
2.364734560251235962e-01
4.317378401756286621e-01
3.248174190521240234e-01
3.477904498577117920e-01
2.856453657150268555e-01
6.086677312850952148e-01
3.512600660324096680e-01
6.215041875839233398e-01
4.531881809234619141e-01
4.631166458129882812e-01
4.058760106563568115e-01
3.364116847515106201e-01
3.090953826904296875e-01
4.502314925193786621e-01
2.693401277065277100e-01
3.299950957298278809e-01
3.396527171134948730e-01
4.074746370315551758e-01
3.578084111213684082e-01
3.578084409236907959e-01
3.031195402145385742e-01
3.204732835292816162e-01
2.304384112358093262e-01
2.137456685304641724e-01
3.001030087471008301e-01
3.088350594043731689e-01
3.323262631893157959e-01
2.819451093673706055e-01
3.551312088966369629e-01
1.789950877428054810e-01
4.396299421787261963e-01
4.152270257472991943e-01
2.193568646907806396e-01
3.354100286960601807e-01
2.532154917716979980e-01
3.974247872829437256e-01
2.449760586023330688e-01
5.251024961471557617e-01
3.645511865615844727e-01
4.196485579013824463e-01
3.567284643650054932e-01
3.113695383071899414e-01
2.833479344844818115e-01
3.786008656024932861e-01
2.349394410848617554e-01
4.929031729698181152e-01
3.486987948417663574e-01
3.001030087471008301e-01
3.323262929916381836e-01
3.088350594043731689e-01
2.819451093673706055e-01
3.595679402351379395e-01
2.305241376161575317e-01
4.166053533554077148e-01
3.278531730175018311e-01
2.305864542722702026e-01
2.305864542722702026e-01
2.497420012950897217e-01
3.492477238178253174e-01
2.232371717691421509e-01
4.614505171775817871e-01
2.775189876556396484e-01
3.811527788639068604e-01
3.066140413284301758e-01
1.605852395296096802e-01
3.498263955116271973e-01
2.151235938072204590e-01
4.636723697185516357e-01
3.291358947753906250e-01
4.317378103733062744e-01
3.477904200553894043e-01
3.248173594474792480e-01
2.856453657150268555e-01
3.478973805904388428e-01
2.141068428754806519e-01
4.617152512073516846e-01
3.275235891342163086e-01
4.152270257472991943e-01
3.354099988937377930e-01
2.193568497896194458e-01
2.532154917716979980e-01
3.466435372829437256e-01
2.137567549943923950e-01
4.516853690147399902e-01
3.251286447048187256e-01
3.811528086662292480e-01
3.066140413284301758e-01
1.605852246284484863e-01
3.454861342906951904e-01
2.135303616523742676e-01
4.486428201198577881e-01
3.203830122947692871e-01
4.249995946884155273e-01
2.924046814441680908e-01
2.924046516418457031e-01
