3.107524278502051818e-01
3.545470633544027805e-01
2.203920891020411110e-01
3.059141875217811779e-01
2.789254205731245273e-01
1.774478101601394409e-01
2.526370797736140483e-01
2.485933604721839718e-01
3.346440288453148004e-01
3.203135986740772712e-01
2.572385192705461399e-01
2.247716659106887283e-01
2.363555845625411878e-01
4.347554582099502074e-01
1.482333888953480117e-01
2.911893954464735979e-01
3.496832453574125754e-01
2.304936992737706414e-01
3.294721167319669131e-01
2.577300248757147805e-01
3.010813827411486510e-01
2.978622765647462312e-01
2.586926592540784164e-01
2.855513747915840450e-01
3.119288185754647835e-01
2.379560669740805323e-01
2.990698519234473718e-01
3.776980635638420569e-01
3.332202434539794922e-01
3.026543408632278442e-01
2.720480085565493700e-01
3.083804662411029351e-01
3.497653190906231391e-01
3.538887711385121926e-01
4.804020767601636654e-01
3.411679485669502632e-01
3.465973820823889384e-01
2.326858040088644330e-01
1.573527782367399042e-01
1.717866239352868196e-01
1.848302968204594554e-01
2.447777317586140033e-01
1.975486423247135581e-01
1.889186482070586981e-01
2.553892963780806658e-01
2.465723595658066425e-01
1.850587241810549566e-01
1.728361048825228508e-01
3.211911217524455187e-01
3.245211348045043964e-01
1.909560392193200840e-01
3.277441142843319777e-01
2.937793837716946022e-01
3.346214531204448339e-01
3.736741671768518680e-01
3.393635279857195597e-01
4.278696290521810663e-01
3.011341109802462834e-01
2.565653484601240764e-01
2.274892430107753882e-01
2.291152530994552960e-01
4.111089069002236140e-01
2.674277109237244709e-01
2.906537661328911781e-01
2.983913654998804343e-01
3.133837706767595988e-01
2.830120015602845540e-01
3.239308435183305135e-01
3.571389200738989134e-01
2.610716422630223188e-01
4.040561928772009592e-01
3.391100758543381111e-01
3.646055103208010184e-01
3.421474532582439165e-01
4.185273425223735577e-01
2.551683968721100704e-01
2.622783613892701871e-01
3.077907595747652048e-01
3.441627552876105889e-01
2.052219375305307514e-01
2.625561580778314474e-01
2.435838064322104757e-01
2.740808501839637756e-01
3.017132582854873402e-01
3.020059026759834286e-01
2.717648071075717819e-01
3.160732964841792003e-01
3.052846163224715581e-01
3.684087550410857781e-01
3.455450925617836733e-01
2.712495474574657672e-01
3.268092383558933722e-01
4.003538632622131721e-01
3.666524902845804679e-01
3.933044319542554623e-01
3.254203732626942402e-01
3.273252302494186750e-01
3.846213986667302853e-01
3.474832936548269968e-01
4.413902464394385827e-01
4.065492428266085367e-01
