9.291439056396484375e-01
9.187396764755249023e-01
8.891507387161254883e-01
1.425302401185035706e-02
8.890514075756072998e-02
4.684203863143920898e-02
1.605979204177856445e-01
8.382742106914520264e-02
5.499714985489845276e-02
1.011219527572393417e-02
1.366280578076839447e-02
7.595119997859001160e-03
4.693702459335327148e-01
3.157130628824234009e-02
3.732352051883935928e-03
2.571990247815847397e-03
4.836368188261985779e-02
4.912681877613067627e-02
9.312843531370162964e-02
1.392683386802673340e-01
2.810443341732025146e-01
6.582872867584228516e-01
5.685399752110242844e-03
1.583683304488658905e-02
5.827619880437850952e-02
2.352951765060424805e-01
9.977725744247436523e-01
1.927929222583770752e-01
7.475340273231267929e-03
9.215804338455200195e-01
2.274557575583457947e-02
1.295819506049156189e-02
1.017644256353378296e-01
1.276892721652984619e-01
1.461519151926040649e-01
1.931478679180145264e-01
6.323568522930145264e-03
5.477961152791976929e-03
3.046084567904472351e-02
1.364726573228836060e-03
5.464422702789306641e-01
3.987013921141624451e-02
4.364967346191406250e-03
9.631886482238769531e-01
7.885973453521728516e-01
9.653890505433082581e-03
9.295959025621414185e-02
9.524604678153991699e-02
2.019258141517639160e-01
7.726471126079559326e-02
9.603044949471950531e-03
2.094145864248275757e-02
1.160176470875740051e-02
9.380402043461799622e-03
2.584071755409240723e-01
1.811884641647338867e-01
3.122773719951510429e-03
9.773366451263427734e-01
9.761360287666320801e-01
9.752582311630249023e-01
1.777639426290988922e-02
3.173878043889999390e-02
6.361498683691024780e-02
5.178664578124880791e-04
1.626023789867758751e-03
5.910068750381469727e-03
1.071385759860277176e-02
8.346641808748245239e-02
9.343844056129455566e-01
1.685942057520151138e-03
6.987038068473339081e-03
9.376343488693237305e-01
8.750658631324768066e-01
8.123484849929809570e-01
9.721630811691284180e-01
1.075495406985282898e-02
1.175990253686904907e-01
9.751878380775451660e-01
2.244355976581573486e-01
2.277984097599983215e-02
3.546254336833953857e-02
6.094629764556884766e-01
7.053281664848327637e-01
1.230415422469377518e-03
1.145448815077543259e-02
8.972023725509643555e-01
7.926861643791198730e-01
6.007723212242126465e-01
9.627423286437988281e-01
5.015224963426589966e-02
6.249478459358215332e-02
9.541071057319641113e-01
9.775992482900619507e-03
3.007054701447486877e-02
1.953217200934886932e-02
6.739875674247741699e-02
9.972833395004272461e-01
6.068176031112670898e-02
4.452905617654323578e-03
8.886726498603820801e-01
9.118201136589050293e-01
9.184894561767578125e-01
2.354694530367851257e-02
1.161761507391929626e-01
7.123047113418579102e-02
9.676533937454223633e-02
4.266020841896533966e-03
2.888117916882038116e-02
1.604996249079704285e-02
2.540959045290946960e-02
9.695503711700439453e-01
5.794710479676723480e-03
1.401337794959545135e-02
8.634667396545410156e-01
9.595140814781188965e-01
9.253498315811157227e-01
1.980307884514331818e-02
8.204250037670135498e-02
8.935582637786865234e-02
1.377853751182556152e-01
2.296757251024246216e-01
1.481146179139614105e-02
6.191711872816085815e-03
1.560806334018707275e-01
1.541159600019454956e-01
8.580624461174011230e-01
1.827173866331577301e-02
8.992600440979003906e-01
9.439271092414855957e-01
9.370874166488647461e-01
1.102369464933872223e-02
9.505230188369750977e-02
9.817099571228027344e-02
1.398003846406936646e-01
9.165237545967102051e-01
1.036299951374530792e-02
1.054886449128389359e-02
9.523153901100158691e-01
9.733784794807434082e-01
6.165905855596065521e-03
1.335389562882483006e-03
8.969632387161254883e-01
9.196873307228088379e-01
9.391737580299377441e-01
1.138439029455184937e-02
1.055125743150711060e-01
8.850678056478500366e-02
1.077014207839965820e-01
2.742153406143188477e-01
1.940258778631687164e-03
2.173243649303913116e-02
9.906384944915771484e-01
3.951377235352993011e-03
1.137825101613998413e-02
3.144072135910391808e-03
8.837391734123229980e-01
9.377621412277221680e-01
9.375798702239990234e-01
1.175693515688180923e-02
1.042736917734146118e-01
7.423327863216400146e-02
1.220121160149574280e-01
6.642619264312088490e-04
3.309395397081971169e-03
1.999165490269660950e-02
8.472551107406616211e-01
2.560465037822723389e-01
6.845639087259769440e-03
6.944289896637201309e-03
9.181901216506958008e-01
9.256911277770996094e-01
9.065916538238525391e-01
8.532041683793067932e-03
9.227529913187026978e-02
3.652609884738922119e-02
1.389913558959960938e-01
5.363240488804876804e-04
4.509465768933296204e-03
1.361372787505388260e-02
1.412253268063068390e-02
2.373312860727310181e-01
5.869450047612190247e-02
3.935810644179582596e-03
9.574748873710632324e-01
8.605647683143615723e-01
8.801558017730712891e-01
1.050411351025104523e-02
8.464099466800689697e-02
3.158796206116676331e-02
1.635934859514236450e-01
6.809735298156738281e-01
1.263312343508005142e-02
3.276345431804656982e-01
9.161743335425853729e-03
2.944011357612907887e-04
8.326576948165893555e-01
3.047851845622062683e-03
9.718467593193054199e-01
8.557511568069458008e-01
8.929454088211059570e-01
1.063886843621730804e-02
7.783833891153335571e-02
3.325451537966728210e-02
1.511836498975753784e-01
2.894757091999053955e-01
1.416122019290924072e-01
1.178910508751869202e-01
9.919157251715660095e-03
7.214729674160480499e-03
5.641472060233354568e-03
2.722169738262891769e-03
9.427125453948974609e-01
8.741968870162963867e-01
9.048553705215454102e-01
1.992230489850044250e-02
8.443420380353927612e-02
3.082117065787315369e-02
1.468038558959960938e-01
2.262790650129318237e-01
8.660484105348587036e-03
5.585998296737670898e-02
1.305059902369976044e-02
6.789928674697875977e-02
3.467263579368591309e-01
1.142776105552911758e-02
