2.290343099202100940e-01
2.364822349224526277e-01
1.659083717219206056e-01
1.933459879536736925e-01
2.736466526447867142e-01
2.371221513559038929e-01
1.611488468300264487e-01
1.979900404649715118e-01
1.854910555635937153e-01
2.690560525068296793e-01
1.833557912435095916e-01
2.974477172342281373e-01
2.695602813529638930e-01
3.733150294910256850e-01
1.451090938588514845e-01
2.939386991627263579e-01
2.239766507784592131e-01
2.132631314122521160e-01
1.807088179115313442e-01
2.360798169930393986e-01
2.770119017133346184e-01
2.909973964695102278e-01
2.596830417549846337e-01
2.311730148861757816e-01
3.911992489861754185e-01
2.371782824540367429e-01
4.737085367624576104e-01
2.358129150413263431e-01
4.418513866571279758e-01
4.096138505981518629e-01
3.267678099039655337e-01
2.883988164293651568e-01
3.467588879597874874e-01
4.061209553709396736e-01
4.501095123839779499e-01
4.852561125388512031e-01
4.169178708241536024e-01
2.485489946288558238e-01
1.277098017744719982e-01
1.880402749834152454e-01
2.400300087263950999e-01
2.582996443200569758e-01
1.969308221484355470e-01
1.983885299593496909e-01
2.584090672361736285e-01
2.464821037182655938e-01
2.573316386148620238e-01
2.700057827616826889e-01
3.485341041277234542e-01
2.357084585640292773e-01
2.736253166356338862e-01
3.272502156905829906e-01
3.684147023237668295e-01
2.843415486411406401e-01
3.151117654947134250e-01
4.199262903286860582e-01
3.372345245085083265e-01
4.149154436129789958e-01
2.647991849763247085e-01
2.521211344462174764e-01
2.725421652341118439e-01
2.601925204866207819e-01
2.692223758651660082e-01
2.053379793472301373e-01
3.368192908282463538e-01
3.218287898657413715e-01
1.773439751794705088e-01
3.300499606591004720e-01
3.314199954262361247e-01
3.122053384118211872e-01
4.144010952172371143e-01
4.446758639353972087e-01
2.899008841934399006e-01
4.355430557177616957e-01
3.142184366767581394e-01
3.711049175606324080e-01
2.749462995248345143e-01
2.863878074030463683e-01
3.521271990522599205e-01
3.448202170145053258e-01
2.969674973820264352e-01
3.616186088094344719e-01
3.995702089025424120e-01
4.156134354953582299e-01
4.067027112827278357e-01
2.896339057120852489e-01
4.171246673481968648e-01
2.972064139858747733e-01
2.686763657973362807e-01
2.731362331586961734e-01
3.138674067763181919e-01
3.365352946476867779e-01
4.295007685342660531e-01
3.367305035040212280e-01
3.498769476293371317e-01
3.507026263978332281e-01
2.435882260593084103e-01
4.400086099855028410e-01
4.411292469952828865e-01
3.302698118182328946e-01
2.919146583343927848e-01
