2.476351708173751831e-02
1.033420488238334656e-01
3.947445154190063477e-01
9.984225630760192871e-01
5.021734163165092468e-03
5.707732439041137695e-01
8.254415392875671387e-01
9.964407682418823242e-01
2.876544895116239786e-04
6.403361260890960693e-02
9.357079863548278809e-03
9.949998259544372559e-01
3.076907433569431305e-02
9.660179615020751953e-01
9.856910109519958496e-01
1.136099436749304914e-09
8.617800517640716862e-08
9.998142719268798828e-01
4.835878789890557528e-04
3.255064484619651921e-08
1.239120843820273876e-03
9.800163507461547852e-01
2.493759542703628540e-01
3.294485111382527975e-07
2.680899924598634243e-04
9.938102960586547852e-01
5.840731859207153320e-01
1.547274450786062516e-06
3.210437471423688294e-10
5.673004686832427979e-02
2.986460800880053057e-10
9.429441690444946289e-01
1.561273093102499843e-04
4.167857525771978544e-07
2.026716356340330094e-05
9.729351401329040527e-01
3.532400727272033691e-02
2.861114900554184715e-08
1.398276071995496750e-04
9.962008595466613770e-01
5.865758061408996582e-01
2.139219759555999190e-06
2.201622044395445954e-11
3.016662411391735077e-02
2.128225564956665039e-01
9.994510412216186523e-01
1.230403315275907516e-02
8.901063799858093262e-01
8.234093189239501953e-01
9.929459691047668457e-01
4.850800149142742157e-03
4.427377283573150635e-01
8.160248398780822754e-01
9.974648356437683105e-01
1.525155641138553619e-02
2.168830633163452148e-01
9.641604423522949219e-01
1.070602424442768097e-02
9.892790913581848145e-01
9.921800494194030762e-01
1.580179296433925629e-02
2.110815979540348053e-02
2.374097146093845367e-02
6.333756027743220329e-05
2.359697595238685608e-02
3.193735392414964736e-05
1.926986314356327057e-02
1.803134800866246223e-03
3.143177181482315063e-02
5.488877650350332260e-04
2.393921278417110443e-02
9.947448372840881348e-01
9.983939528465270996e-01
5.590209364891052246e-01
9.979935884475708008e-01
2.578925713896751404e-02
7.103099487721920013e-03
9.953662753105163574e-01
3.697073832154273987e-02
1.284707454033195972e-03
5.018559284508228302e-03
9.939317107200622559e-01
1.393474638462066650e-01
2.994473288708832115e-05
4.044831097126007080e-01
9.167577140033245087e-03
2.322020381689071655e-02
6.046465039253234863e-02
9.922486543655395508e-01
5.000384408049285412e-04
1.468277303501963615e-03
9.959431290626525879e-01
8.118694648146629333e-03
1.219462149038008647e-07
7.843859493732452393e-03
9.973656535148620605e-01
1.919572651386260986e-01
5.108266122988425195e-06
7.029353291727602482e-04
3.615972772240638733e-02
1.720006912946701050e-01
1.076396405696868896e-01
9.991971254348754883e-01
5.171872675418853760e-03
9.968698024749755859e-01
9.983261823654174805e-01
1.150110503658652306e-03
1.648543030023574829e-01
9.822243452072143555e-01
9.983187913894653320e-01
1.814322359859943390e-02
1.419990807771682739e-01
9.965546131134033203e-01
2.878330461680889130e-02
9.161710143089294434e-01
5.334478020668029785e-01
9.976322054862976074e-01
3.854497894644737244e-02
9.990409016609191895e-01
6.314425170421600342e-02
4.408628866076469421e-02
3.240342484787106514e-03
1.073911599814891815e-02
1.500969193875789642e-02
9.748546406626701355e-03
1.142710074782371521e-01
9.684839248657226562e-01
2.650075964629650116e-02
1.928508281707763672e-01
2.876816987991333008e-01
9.319939017295837402e-01
3.224672982469201088e-03
4.665024876594543457e-01
1.242336165159940720e-02
9.941263794898986816e-01
1.483456194400787354e-01
3.936530265491455793e-05
9.931980371475219727e-01
3.326569870114326477e-02
9.139746543951332569e-05
1.708612660877406597e-03
1.144493231549859047e-03
6.173558533191680908e-03
4.351498782634735107e-01
9.837039709091186523e-01
2.710975822992622852e-04
3.226938657462596893e-03
9.233970642089843750e-01
9.927704334259033203e-01
2.942728102207183838e-01
9.111269712448120117e-01
9.982137084007263184e-01
9.308721125125885010e-02
6.517454236745834351e-02
2.950814814539626241e-05
4.707359150052070618e-02
3.712816536426544189e-02
2.094904482364654541e-01
9.990344047546386719e-01
1.318622007966041565e-02
9.345097541809082031e-01
9.484124779701232910e-01
9.983347654342651367e-01
7.365117780864238739e-04
1.027682051062583923e-01
9.961872696876525879e-01
3.546605408191680908e-01
9.781286120414733887e-02
9.966329932212829590e-01
2.703379653394222260e-02
1.377400010824203491e-01
3.873568177223205566e-01
9.991877079010009766e-01
4.040985368192195892e-03
9.968426823616027832e-01
7.526482343673706055e-01
9.876717925071716309e-01
1.074813422746956348e-03
8.024587482213973999e-02
8.116802573204040527e-01
2.700463868677616119e-02
9.966958165168762207e-01
9.902182221412658691e-01
1.074675247073173523e-01
2.841421216726303101e-02
3.015011847019195557e-01
9.716095328330993652e-01
1.552723697386682034e-03
8.011814355850219727e-01
6.978583335876464844e-01
9.963375329971313477e-01
6.612347788177430630e-04
9.946212172508239746e-01
1.818264136090874672e-03
9.888318777084350586e-01
6.628827577515039593e-06
6.052170395851135254e-01
3.343762084841728210e-02
3.129799664020538330e-01
2.877390384674072266e-01
9.915007352828979492e-01
3.015934722498059273e-03
9.939893484115600586e-01
1.553287208080291748e-01
9.878072738647460938e-01
7.346754427999258041e-04
9.099553227424621582e-01
9.988785982131958008e-01
9.908708333969116211e-01
4.808230102062225342e-01
9.999753832817077637e-01
5.752079561352729797e-02
3.343858122825622559e-01
4.051529467105865479e-01
9.992743730545043945e-01
5.439588427543640137e-01
9.895713329315185547e-01
2.236289829015731812e-01
9.595083594322204590e-01
1.608678326010704041e-02
2.928045578300952911e-03
8.894716389477252960e-03
9.981976151466369629e-01
1.409550756216049194e-02
8.521735435351729393e-04
