2.445799757439929834e-01
2.525620902530275602e-01
2.175387430783862763e-01
2.106647872360554175e-01
3.629688189472429771e-01
1.334927966101811525e-01
2.671124973835853345e-01
2.879017394510671179e-01
2.987826441307194214e-01
2.601786039662189465e-01
2.607851543848832554e-01
2.199275402728324835e-01
2.502167311747773293e-01
3.525184178903985610e-01
1.057441666397118396e-01
2.080523378770941789e-01
3.020731261497600628e-01
2.263601230135044162e-01
3.886729728143948903e-01
2.694856045910945519e-01
4.146539640541260230e-01
2.876515598394550066e-01
2.910392485702267273e-01
2.710054302588105202e-01
2.959756115485036587e-01
2.447172354978437714e-01
3.731343319209722287e-01
3.006016072747745294e-01
3.535731330227393499e-01
3.458965720178989178e-01
3.847626780088131415e-01
3.153094520720725047e-01
3.560040352436212308e-01
4.355616608562951075e-01
3.755276758725253350e-01
3.354168723408992303e-01
3.473493972649940864e-01
2.893471022644706903e-01
1.438065248305345212e-01
1.389813495239090591e-01
2.620073442275707709e-01
2.542048453424985421e-01
1.944670821316182019e-01
1.991670627478295263e-01
2.047528513581850229e-01
1.711744145138184847e-01
2.375770956456947913e-01
1.130742368583853991e-01
4.225700595057927389e-01
2.674285864027646786e-01
2.463109416521547246e-01
2.936460314175257102e-01
3.003628724612869005e-01
2.908811838581011888e-01
3.996157580270217058e-01
3.957554623484611511e-01
3.735729679465293884e-01
3.244916028701342325e-01
3.063276048857145328e-01
2.246531572443647984e-01
3.775287671731068495e-01
2.568352463153692478e-01
2.370889277842182508e-01
3.617771548720506436e-01
3.404126075597909695e-01
2.983890220236319890e-01
2.412066723291690640e-01
3.181238013558658206e-01
3.662065901489068853e-01
3.125214266340033409e-01
3.577236787487680925e-01
3.892659413126798862e-01
3.133322601564801912e-01
2.860001835092239597e-01
3.423053404459586724e-01
3.466057464583383041e-01
2.974196433340414170e-01
2.634997287621864692e-01
2.763524822389277213e-01
2.953173646886940729e-01
2.986646692196910369e-01
3.024925175481117945e-01
3.052376381193215860e-01
3.472275139334110028e-01
3.617807502070298775e-01
2.535557905917252830e-01
3.405542484699533579e-01
3.112538131312109213e-01
3.009952483340524454e-01
3.637980696632107103e-01
2.730911962258127934e-01
2.949860181587820041e-01
2.860034250009518275e-01
3.440308198332786560e-01
3.254096680679000597e-01
4.605233750592630515e-01
4.404570067731233829e-01
3.648574799299240112e-01
3.229325468150469058e-01
3.631513864160157423e-01
3.906763579982977519e-01
