9.837200045585632324e-01
9.875848293304443359e-01
3.572798967361450195e-01
6.556796431541442871e-01
9.395353794097900391e-01
9.858819842338562012e-01
9.831687808036804199e-01
7.024289369583129883e-01
9.897073507308959961e-01
9.465979933738708496e-01
8.987942337989807129e-01
7.470171153545379639e-02
9.883379936218261719e-01
9.952959418296813965e-01
9.999873042106628418e-01
2.211541141150519252e-04
4.746446851640939713e-03
9.988813996315002441e-01
8.954254388809204102e-01
7.729031443595886230e-01
8.646088838577270508e-01
9.562391042709350586e-01
9.950203299522399902e-01
8.589899539947509766e-01
6.432159543037414551e-01
5.866661667823791504e-01
9.925680756568908691e-01
9.967085719108581543e-01
9.999340772628784180e-01
1.800088286399841309e-01
5.848890170454978943e-03
9.417911767959594727e-01
9.553005099296569824e-01
2.027892321348190308e-01
5.758023858070373535e-01
7.366116642951965332e-01
9.686933159828186035e-01
9.699272513389587402e-01
9.878612756729125977e-01
4.997064918279647827e-02
7.543071508407592773e-01
9.290037751197814941e-01
9.990090727806091309e-01
6.328957676887512207e-01
4.967904388904571533e-01
6.921269893646240234e-01
7.608125805854797363e-01
2.210617065429687500e-01
8.978646248579025269e-02
7.499691843986511230e-01
9.836388230323791504e-01
6.887962818145751953e-01
4.398209750652313232e-01
7.708918768912553787e-03
9.512589573860168457e-01
9.787127971649169922e-01
9.999487400054931641e-01
1.000000000000000000e+00
9.999200701713562012e-01
5.597262382507324219e-01
9.249688386917114258e-01
9.871259927749633789e-01
9.995011091232299805e-01
1.760807186365127563e-01
2.717222571372985840e-01
9.789205193519592285e-01
9.934353828430175781e-01
2.072390355169773102e-02
9.500644207000732422e-01
9.831005930900573730e-01
9.995083808898925781e-01
9.986221790313720703e-01
9.999949336051940918e-01
9.823802113533020020e-01
2.875968813896179199e-02
7.188177108764648438e-01
9.984741210937500000e-01
8.421162962913513184e-01
1.056225374341011047e-01
7.852524518966674805e-01
9.409016370773315430e-01
7.700479626655578613e-01
8.214867115020751953e-01
9.800004363059997559e-01
9.998745918273925781e-01
5.917801260948181152e-01
5.343623757362365723e-01
4.467768669128417969e-01
8.051648736000061035e-01
6.464873552322387695e-01
5.199418663978576660e-01
9.335358142852783203e-01
9.780055880546569824e-01
6.314981579780578613e-01
9.163655638694763184e-01
3.827844560146331787e-01
9.579902887344360352e-01
8.772906661033630371e-01
9.519372582435607910e-01
6.814459562301635742e-01
5.461267232894897461e-01
5.320359766483306885e-02
8.078882694244384766e-01
9.824306964874267578e-01
8.691434264183044434e-01
9.428485631942749023e-01
9.918214678764343262e-01
7.544706463813781738e-01
1.888713240623474121e-01
8.583298325538635254e-02
9.854336977005004883e-01
9.991437196731567383e-01
9.957630038261413574e-01
9.998729228973388672e-01
9.955145716667175293e-01
2.269228696823120117e-01
8.674286655150353909e-04
4.390282034873962402e-01
9.404293894767761230e-01
9.918944835662841797e-01
4.853038862347602844e-02
9.391173124313354492e-01
7.779625058174133301e-01
2.280633198097348213e-03
5.713784694671630859e-01
9.588967561721801758e-01
9.999920129776000977e-01
7.642569541931152344e-01
9.619100093841552734e-01
2.934536039829254150e-01
5.175911188125610352e-01
5.420729517936706543e-01
7.420513033866882324e-01
9.830372333526611328e-01
5.445758104324340820e-01
7.750993371009826660e-01
6.673607230186462402e-01
2.951392829418182373e-01
5.299580097198486328e-01
7.148016095161437988e-01
9.996911287307739258e-01
8.181889653205871582e-01
9.923564195632934570e-01
7.261286973953247070e-01
6.417315602302551270e-01
6.542559266090393066e-01
5.609873533248901367e-01
9.613609313964843750e-01
9.690548181533813477e-01
7.188546061515808105e-01
5.766053199768066406e-01
6.338256001472473145e-01
9.935514926910400391e-01
9.789211153984069824e-01
9.982448220252990723e-01
9.993101954460144043e-01
9.989541172981262207e-01
5.344861373305320740e-02
4.092813134193420410e-01
9.636167883872985840e-01
9.961866140365600586e-01
7.874583601951599121e-01
8.838952183723449707e-01
9.827643036842346191e-01
9.905300140380859375e-01
5.829212665557861328e-01
9.919775128364562988e-01
9.997036457061767578e-01
9.962839484214782715e-01
9.462915062904357910e-01
8.765439987182617188e-01
1.813083887100219727e-01
3.366268277168273926e-01
6.614789366722106934e-01
9.452571272850036621e-01
9.169796705245971680e-01
5.012517571449279785e-01
8.410701751708984375e-01
9.338546395301818848e-01
7.598180174827575684e-01
7.292950153350830078e-01
9.562121033668518066e-01
9.997317194938659668e-01
3.133201301097869873e-01
7.668759226799011230e-01
6.211649626493453979e-02
7.870212793350219727e-01
5.438687801361083984e-01
6.176106333732604980e-01
7.860872149467468262e-01
5.145813822746276855e-01
8.470551967620849609e-01
9.610095024108886719e-01
9.322584867477416992e-01
3.963646013289690018e-03
1.620346866548061371e-02
9.799838066101074219e-01
9.975743293762207031e-01
9.998283982276916504e-01
9.194614291191101074e-01
5.903467535972595215e-01
9.074313044548034668e-01
9.615699648857116699e-01
9.998785853385925293e-01
6.728276610374450684e-01
9.568282961845397949e-01
7.664132714271545410e-01
9.997844099998474121e-01
1.042828634381294250e-01
8.472956418991088867e-01
9.981582164764404297e-01
9.995948672294616699e-01
9.997650980949401855e-01
1.138946712017059326e-01
4.077415764331817627e-01
9.435737729072570801e-01
9.858700633049011230e-01
9.445893168449401855e-01
7.892369627952575684e-01
9.867181181907653809e-01
9.870031476020812988e-01
4.109520018100738525e-01
2.143258452415466309e-01
9.920330643653869629e-01
8.793262839317321777e-01
