3.279512524604797363e-01
5.264078080654144287e-02
6.696994900703430176e-01
2.658449113368988037e-01
1.059774011373519897e-01
4.676558077335357666e-02
5.628360509872436523e-01
1.823617704212665558e-02
3.658112604171037674e-03
9.580022096633911133e-01
5.170026049017906189e-02
1.069316640496253967e-02
3.601643955335021019e-03
9.233493804931640625e-01
2.167168706655502319e-01
1.897778660058975220e-01
1.095326244831085205e-01
4.425299167633056641e-01
8.738910406827926636e-02
1.078544855117797852e-01
1.058162096887826920e-02
7.264066934585571289e-01
4.026027768850326538e-02
7.029887437820434570e-01
7.388300299644470215e-01
1.015134155750274658e-01
6.143962591886520386e-02
2.305653505027294159e-02
8.348641395568847656e-01
8.682881295680999756e-02
6.570162773132324219e-01
1.783290505409240723e-01
1.595292091369628906e-01
1.924277544021606445e-01
2.141360891982913017e-03
9.311917424201965332e-02
1.801167055964469910e-02
1.758481748402118683e-02
3.686746954917907715e-01
9.487417936325073242e-01
7.688134908676147461e-02
1.745821908116340637e-02
9.544967859983444214e-02
6.163177490234375000e-01
4.110265523195266724e-02
1.823136657476425171e-01
1.579028964042663574e-01
7.579555511474609375e-01
8.328064531087875366e-02
1.016001403331756592e-01
7.383555769920349121e-01
3.174072504043579102e-02
1.840292364358901978e-01
6.670293956995010376e-02
6.061998605728149414e-01
2.097599953413009644e-02
2.207946181297302246e-01
1.598239876329898834e-02
7.537817955017089844e-01
2.514920383691787720e-02
2.225015461444854736e-01
1.324640493839979172e-02
7.618936300277709961e-01
1.418255269527435303e-01
1.436690688133239746e-01
9.275895543396472931e-03
6.333197467029094696e-03
3.511103615164756775e-02
2.001433819532394409e-01
1.624923944473266602e-01
8.024055361747741699e-01
6.614384800195693970e-02
2.134418301284313202e-02
6.545568704605102539e-01
2.038307487964630127e-02
1.715685278177261353e-01
3.089546859264373779e-01
7.389420866966247559e-01
4.801895469427108765e-02
5.321918427944183350e-02
6.311312783509492874e-03
6.482090950012207031e-01
1.158534456044435501e-02
9.170886874198913574e-02
1.954859197139739990e-01
8.955192565917968750e-01
6.137748807668685913e-02
1.272769570350646973e-01
5.401721000671386719e-01
1.406055968254804611e-02
3.431869149208068848e-01
1.756066679954528809e-01
9.100614190101623535e-01
5.172676220536231995e-02
2.918592691421508789e-01
2.933350950479507446e-02
2.114284969866275787e-02
6.783336400985717773e-02
4.632089659571647644e-02
7.124942541122436523e-01
3.711175918579101562e-02
3.785130754113197327e-02
4.967345297336578369e-02
8.041187524795532227e-01
2.226370573043823242e-02
2.522005140781402588e-01
3.312057629227638245e-02
9.367777109146118164e-01
5.451375991106033325e-02
3.517549335956573486e-01
4.842625558376312256e-02
7.139686346054077148e-01
5.896664783358573914e-02
2.098945826292037964e-01
6.536742448806762695e-01
8.671357482671737671e-02
8.746421337127685547e-02
2.925758063793182373e-01
7.144783735275268555e-01
4.465709999203681946e-02
