6.047364473342895508e-01
2.624580562114715576e-01
2.192761600017547607e-01
4.396972656250000000e-01
4.190908372402191162e-01
3.369747400283813477e-01
2.057688981294631958e-01
5.877891778945922852e-01
4.210457205772399902e-01
3.600926399230957031e-01
8.346323370933532715e-01
4.112315475940704346e-01
2.651866972446441650e-01
6.188292503356933594e-01
7.245663404464721680e-01
2.524725794792175293e-01
4.965669810771942139e-01
6.145845055580139160e-01
8.863683789968490601e-02
3.370317518711090088e-01
3.673248887062072754e-01
5.986412763595581055e-01
8.198274672031402588e-02
1.679735332727432251e-01
5.458664894104003906e-01
4.001025855541229248e-01
6.057399511337280273e-01
3.411884307861328125e-01
4.359658360481262207e-01
2.102123945951461792e-02
1.686732918024063110e-01
9.192523956298828125e-01
2.743650376796722412e-01
2.174697369337081909e-01
3.168784677982330322e-01
4.611054435372352600e-02
6.257604956626892090e-01
5.717827677726745605e-01
4.442258775234222412e-01
9.348566643893718719e-03
4.322612881660461426e-01
4.725876748561859131e-01
5.149207711219787598e-01
5.988748669624328613e-01
4.485020637512207031e-01
6.394320130348205566e-01
6.135056167840957642e-02
4.486978054046630859e-01
3.345680236816406250e-01
1.972517520189285278e-01
4.267692267894744873e-01
6.441626548767089844e-01
6.597792506217956543e-01
1.535090059041976929e-02
4.679696559906005859e-01
3.454539477825164795e-01
5.009557008743286133e-01
3.414178192615509033e-01
3.878249228000640869e-02
1.598537713289260864e-02
7.904520630836486816e-02
4.320478737354278564e-01
7.932047247886657715e-01
1.771612837910652161e-02
8.117482811212539673e-02
6.355944871902465820e-01
5.752939581871032715e-01
1.666498742997646332e-02
2.392945438623428345e-01
1.649926006793975830e-01
2.648636698722839355e-01
5.718245506286621094e-01
7.866166830062866211e-01
2.185780107975006104e-01
5.919913649559020996e-01
1.675259023904800415e-01
5.070539116859436035e-01
1.975960284471511841e-01
4.026863351464271545e-02
6.817430257797241211e-01
2.229017615318298340e-01
3.905548527836799622e-02
1.521326005458831787e-01
5.928881168365478516e-01
3.813499212265014648e-01
4.653777778148651123e-01
3.646877408027648926e-01
1.084860712289810181e-01
5.974340438842773438e-01
5.242440104484558105e-01
2.526854574680328369e-01
2.050859928131103516e-01
9.776941537857055664e-01
4.643545150756835938e-01
5.045535564422607422e-01
4.148753285408020020e-01
2.107422947883605957e-01
7.827119827270507812e-01
5.877322554588317871e-01
4.486466944217681885e-01
8.064008355140686035e-01
3.881830275058746338e-01
6.015874743461608887e-01
2.715459167957305908e-01
2.671373188495635986e-01
2.238311171531677246e-01
5.760092139244079590e-01
7.443109154701232910e-01
3.540483713150024414e-01
1.290132571011781693e-02
4.016952514648437500e-01
4.868474304676055908e-01
3.333600163459777832e-01
6.016646623611450195e-01
2.429886758327484131e-01
4.124921262264251709e-01
2.253062427043914795e-01
2.634689211845397949e-01
2.004637569189071655e-01
4.734094142913818359e-01
3.767223283648490906e-02
4.608886837959289551e-01
6.638229489326477051e-01
3.395436704158782959e-02
1.099372506141662598e-01
1.173448860645294189e-01
1.249049305915832520e-01
7.874076366424560547e-01
1.210719719529151917e-01
2.528096083551645279e-03
2.494804114103317261e-01
2.554401457309722900e-01
4.556357562541961670e-01
4.143598079681396484e-01
2.118156254291534424e-01
1.353516578674316406e-01
5.566297173500061035e-01
4.645420238375663757e-02
8.197346329689025879e-02
3.721832633018493652e-01
6.411513686180114746e-01
4.956685900688171387e-01
5.535930395126342773e-01
2.961128354072570801e-01
5.931137800216674805e-01
7.811446785926818848e-01
6.366417407989501953e-01
2.835249304771423340e-01
2.794373035430908203e-01
5.802272558212280273e-01
1.790270507335662842e-01
6.774765253067016602e-02
6.153907775878906250e-01
2.534029185771942139e-01
5.146790742874145508e-01
3.825119137763977051e-01
4.311813116073608398e-01
3.064749538898468018e-01
9.460597038269042969e-01
5.816965103149414062e-01
3.218536078929901123e-01
2.655888497829437256e-01
2.370004057884216309e-01
6.124624609947204590e-01
5.101722478866577148e-01
2.041947841644287109e-01
3.155627250671386719e-01
5.381160974502563477e-01
1.926348358392715454e-01
4.358320236206054688e-01
2.533548772335052490e-01
1.979243308305740356e-01
4.156774878501892090e-01
2.068549394607543945e-01
6.767147183418273926e-01
5.719331502914428711e-01
5.838353037834167480e-01
2.137403488159179688e-01
6.631208658218383789e-01
5.620051026344299316e-01
2.281756699085235596e-02
1.710193008184432983e-01
6.572809219360351562e-01
2.195681482553482056e-01
1.986809968948364258e-01
1.623944491147994995e-01
7.749490141868591309e-01
6.827758550643920898e-01
2.171842008829116821e-01
4.040032327175140381e-01
3.076520562171936035e-02
6.039728522300720215e-01
3.126143813133239746e-01
1.809161305427551270e-01
3.735114634037017822e-01
2.675961852073669434e-01
9.067727625370025635e-02
3.047362267971038818e-01
2.133989930152893066e-01
2.494069933891296387e-01
5.971222519874572754e-01
2.509459555149078369e-01
4.803056716918945312e-01
3.295847177505493164e-01
3.982284665107727051e-01
4.875076934695243835e-02
2.715034484863281250e-01
5.212583541870117188e-01
5.931489542126655579e-02
4.242971539497375488e-01
3.156699538230895996e-01
4.018959701061248779e-01
6.371158957481384277e-01
3.112466037273406982e-01
7.251021265983581543e-01
5.979734659194946289e-01
8.536402583122253418e-01
7.864955067634582520e-01
5.979713797569274902e-01
2.373148798942565918e-01
3.437930345535278320e-01
7.050552368164062500e-01
1.428627874702215195e-02
2.618660330772399902e-01
2.514844834804534912e-01
