9.345166683197021484e-01
9.126696586608886719e-01
9.329015016555786133e-01
7.091184854507446289e-01
7.774865031242370605e-01
8.342475891113281250e-01
9.918987751007080078e-01
1.147182434797286987e-01
8.513739705085754395e-02
9.803581237792968750e-01
2.160812616348266602e-01
9.136364096775650978e-04
5.434273183345794678e-02
1.795298978686332703e-02
9.830583333969116211e-01
7.210908830165863037e-02
1.398167572915554047e-02
7.926734685897827148e-01
1.566486209630966187e-01
1.098712831735610962e-01
1.112583000212907791e-02
6.116096973419189453e-01
1.085912138223648071e-01
1.898079365491867065e-02
9.467629715800285339e-03
7.286827266216278076e-02
2.424348592758178711e-01
2.110836803913116455e-01
7.280948013067245483e-02
9.504867196083068848e-01
1.247053686529397964e-02
2.130673825740814209e-01
1.029859855771064758e-01
5.575725063681602478e-02
4.047131538391113281e-02
3.734930455684661865e-01
3.860820084810256958e-02
2.456722222268581390e-02
8.932842873036861420e-03
2.014591358602046967e-03
2.577553987503051758e-01
1.261702775955200195e-01
5.574285611510276794e-02
9.589820504188537598e-01
8.868589401245117188e-01
3.854966163635253906e-01
2.413173578679561615e-02
9.779040813446044922e-01
5.034440755844116211e-01
2.170310169458389282e-02
7.007110118865966797e-02
1.017213389277458191e-01
5.683903098106384277e-01
4.287466799723915756e-05
7.825183682143688202e-03
1.651798374950885773e-02
1.396858319640159607e-02
1.434125900268554688e-01
5.547218918800354004e-01
9.546666145324707031e-01
9.621116518974304199e-02
4.265547730028629303e-03
9.152625203132629395e-01
4.394482821226119995e-04
1.878393813967704773e-02
9.859970211982727051e-01
1.601128578186035156e-01
7.746375922579318285e-05
1.214626803994178772e-02
1.118173897266387939e-01
4.873228967189788818e-01
8.998906612396240234e-01
9.370285868644714355e-01
9.643422961235046387e-01
7.793685197830200195e-01
3.429644703865051270e-01
9.450848102569580078e-01
2.797660529613494873e-01
3.320801630616188049e-02
7.902222871780395508e-01
4.568359553813934326e-01
1.166368136182427406e-03
1.912488788366317749e-01
2.399905771017074585e-02
4.865501541644334793e-03
1.889326795935630798e-02
9.644718170166015625e-01
9.612805843353271484e-01
1.559189856052398682e-01
1.420518010854721069e-01
9.467036128044128418e-01
2.331684529781341553e-01
4.279761016368865967e-02
1.491916459053754807e-02
2.631657058373093605e-03
8.299594745039939880e-03
1.743241548538208008e-01
6.724554300308227539e-02
3.764032945036888123e-02
9.416472911834716797e-01
9.144282341003417969e-01
9.666831493377685547e-01
3.186585307121276855e-01
5.547431856393814087e-02
9.755221605300903320e-01
1.154096424579620361e-01
4.172837734222412109e-02
2.096546441316604614e-01
4.563907980918884277e-01
6.000536377541720867e-04
7.844750583171844482e-02
7.917634211480617523e-03
7.639026734977960587e-03
1.656615920364856720e-02
8.637539148330688477e-01
9.641005396842956543e-01
3.173805177211761475e-01
2.645162343978881836e-01
9.329429864883422852e-01
7.517922520637512207e-01
7.735312730073928833e-02
9.874868988990783691e-01
2.245064228773117065e-01
3.779944017878733575e-05
9.893314912915229797e-03
1.078819110989570618e-02
9.422401785850524902e-01
9.131550788879394531e-01
8.915883898735046387e-01
9.538717269897460938e-01
5.634030103683471680e-01
2.598566710948944092e-01
8.622118234634399414e-01
9.929779767990112305e-01
5.415553599596023560e-02
8.682525753974914551e-01
5.641133785247802734e-01
2.071902155876159668e-03
1.332806795835494995e-02
9.570548534393310547e-01
3.531865179538726807e-01
9.296585321426391602e-01
9.690045118331909180e-01
9.769296050071716309e-01
3.355203568935394287e-01
3.066608123481273651e-02
9.700806140899658203e-01
9.951461553573608398e-01
5.313518643379211426e-01
4.384738206863403320e-02
6.511502712965011597e-02
1.690000481903553009e-02
2.973291873931884766e-01
1.356977075338363647e-01
4.599348828196525574e-02
9.791692495346069336e-01
9.264267086982727051e-01
9.828597307205200195e-01
6.731153726577758789e-01
8.799685835838317871e-01
9.479900598526000977e-01
9.453946352005004883e-01
1.098360940814018250e-01
7.935124635696411133e-02
8.015599846839904785e-01
5.748168332502245903e-04
5.640743672847747803e-02
1.781294867396354675e-02
7.825237698853015900e-03
9.557381868362426758e-01
9.235322475433349609e-01
9.777064323425292969e-01
8.272503614425659180e-01
9.780227541923522949e-01
9.848992824554443359e-01
9.948335886001586914e-01
4.063047468662261963e-02
1.494030356407165527e-01
9.880481958389282227e-01
1.801175922155380249e-01
7.549025584012269974e-03
2.617932111024856567e-02
9.938892722129821777e-01
8.776416182518005371e-01
9.387506246566772461e-01
9.574332237243652344e-01
3.499271273612976074e-01
6.511282920837402344e-02
9.580407738685607910e-01
9.837494492530822754e-01
3.666878640651702881e-01
3.838218003511428833e-02
1.309126149863004684e-02
4.132913947105407715e-01
1.559267565608024597e-02
6.137297488749027252e-03
9.547471068799495697e-03
8.944830894470214844e-01
9.112502336502075195e-01
9.523175358772277832e-01
6.315330862998962402e-01
9.712252616882324219e-01
9.546937346458435059e-01
9.705027937889099121e-01
5.097487568855285645e-01
8.860468864440917969e-02
9.375823736190795898e-01
3.983249068260192871e-01
2.054316550493240356e-02
2.844022512435913086e-01
4.612716659903526306e-02
9.518541097640991211e-01
9.047110676765441895e-01
9.791072607040405273e-01
7.886450886726379395e-01
9.693149328231811523e-01
9.367440640926361084e-02
9.756355881690979004e-01
8.103992044925689697e-02
7.983249425888061523e-02
4.716106057167053223e-01
2.423152625560760498e-01
4.428610554896295071e-04
4.164046421647071838e-02
1.323140785098075867e-02
