6.012956611812114716e-03
8.789500594139099121e-01
6.010459735989570618e-02
1.050319333444349468e-04
5.222041465913207503e-08
7.454789876937866211e-01
2.242695353925228119e-02
1.456379052251577377e-02
1.867315972958749626e-07
6.741417646408081055e-01
2.177048325538635254e-01
1.714837923645973206e-02
6.386991590261459351e-03
2.477497328072786331e-04
9.733961820602416992e-01
1.175284851342439651e-02
2.107349224388599396e-03
9.670062572695314884e-04
2.777150273323059082e-01
1.173402518033981323e-01
7.041762000881135464e-04
2.418962594674667343e-07
7.655358314514160156e-01
3.486500680446624756e-02
1.024988479912281036e-02
6.619550986215472221e-04
1.033689329688058933e-07
8.834508480504155159e-05
3.286869227886199951e-01
6.883117293909890577e-07
2.357394434511661530e-03
1.264712810516357422e-01
9.819729626178741455e-02
2.263859380036592484e-03
1.286369677444554327e-08
9.571123123168945312e-01
1.378744691610336304e-01
1.652520149946212769e-02
3.231045047868974507e-05
5.148423554146575043e-08
4.144761078350711614e-06
1.557813286781311035e-01
1.267083082348108292e-02
7.350242725578937097e-08
1.924937814474105835e-01
9.436944127082824707e-02
1.569482381455600262e-03
3.818795502041893997e-09
9.790422916412353516e-01
1.847787797451019287e-01
2.495615184307098389e-02
1.596429035998880863e-03
1.281461678445339203e-03
2.075903117656707764e-03
9.274466633796691895e-01
7.683385629206895828e-03
1.129544526338577271e-02
2.865841984748840332e-01
9.544265270233154297e-02
1.016340756905265152e-04
5.639913433697074652e-05
8.934389352798461914e-01
1.241427958011627197e-01
1.782767125405371189e-03
5.172326928004622459e-04
1.645162265049293637e-04
6.433001160621643066e-02
9.999088048934936523e-01
7.092150393873453140e-03
1.248586486326530576e-04
1.241270601749420166e-01
2.250383049249649048e-02
2.817642642185091972e-03
9.039983153343200684e-03
3.402806818485260010e-03
6.801116978749632835e-04
4.886991344392299652e-03
1.638389192521572113e-03
7.462419307557865977e-05
1.143047399818897247e-02
9.268922805786132812e-01
3.556030988693237305e-02
1.930144644575193524e-04
1.412741187959909439e-02
9.131518602371215820e-01
3.471636737231165171e-04
1.186589337885379791e-02
9.956670403480529785e-01
4.077982157468795776e-02
6.598958134418353438e-05
7.587510626763105392e-03
7.489851559512317181e-04
4.863656067755073309e-05
5.315428972244262695e-01
2.555649541318416595e-02
1.544694896438159049e-05
2.836518797266762704e-05
8.275187611579895020e-01
5.927653610706329346e-02
2.273732206958811730e-07
9.794363379478454590e-01
2.177506387233734131e-01
2.804123796522617340e-03
9.104468626901507378e-04
2.698575844988226891e-04
1.708058640360832214e-02
9.249131679534912109e-01
7.749591488391160965e-03
1.121730916202068329e-02
1.341467630118131638e-02
8.644524812698364258e-01
6.607708334922790527e-02
1.928823476191610098e-04
9.394256472587585449e-01
1.618346273899078369e-01
5.468183662742376328e-04
3.082463226746767759e-04
9.693820175016298890e-05
1.362674124538898468e-02
4.899124149233102798e-03
6.140922661870718002e-03
1.143449917435646057e-02
6.672766758129000664e-04
9.969816207885742188e-01
1.279148459434509277e-01
1.441726344637572765e-03
7.898047624621540308e-05
9.795647114515304565e-02
1.265312731266021729e-02
3.186171306879259646e-05
1.921817893162369728e-04
1.338131073862314224e-02
3.920089453458786011e-03
7.546151988208293915e-03
8.603650145232677460e-03
1.849035732448101044e-02
9.003717899322509766e-01
1.476166993379592896e-01
1.991450227797031403e-02
9.008906999952159822e-06
3.232875897083431482e-04
3.455223143100738525e-02
5.995745304971933365e-04
1.141347966040484607e-04
3.325614845380187035e-03
9.410617351531982422e-01
8.647613227367401123e-03
8.157411357387900352e-04
3.746453206986188889e-03
9.815741777420043945e-01
3.415028750896453857e-01
4.537072032690048218e-02
1.208777073770761490e-03
9.379585972055792809e-04
2.658800184726715088e-01
4.576897772494703531e-04
1.395413564750924706e-04
2.092194510623812675e-03
8.436708711087703705e-03
6.403317674994468689e-03
1.187415234744548798e-02
1.776628382503986359e-02
9.949087500572204590e-01
2.972401976585388184e-01
1.484574284404516220e-03
3.822968574240803719e-04
9.669770598411560059e-01
1.191944479942321777e-01
3.191592544317245483e-02
6.910864114761352539e-01
9.816401600837707520e-01
1.181394234299659729e-02
1.895771478302776814e-03
2.632469497621059418e-02
4.962254315614700317e-02
9.156465530395507812e-02
2.185137243941426277e-03
1.188574239030515400e-09
7.811129093170166016e-01
4.532507955445908010e-05
8.893106132745742798e-03
4.131246823817491531e-04
2.060345560312271118e-01
4.747592896592323086e-08
1.498102582991123199e-02
1.565898507833480835e-01
5.975923268124461174e-04
3.801357252086745575e-06
1.794415038602892309e-05
3.118070075288414955e-03
3.769010538235306740e-03
7.229963084682822227e-04
1.478185057640075684e-01
2.602868480607867241e-03
1.382791996002197266e-02
5.406016111373901367e-02
2.205478085670620203e-05
2.819481492042541504e-01
4.314711645747593138e-07
5.570269072385780618e-12
8.081256747245788574e-01
6.855122745037078857e-02
1.275606104172766209e-03
1.510398135451396229e-07
9.877123236656188965e-01
1.150126159191131592e-01
4.415804985910654068e-03
7.742797955870628357e-03
9.705885648727416992e-01
7.108874910954909865e-08
2.035851180553436279e-01
1.210870221257209778e-02
2.712192720844691651e-14
6.837354600429534912e-02
6.716888397932052612e-02
9.818068705499172211e-03
9.655929034124710597e-08
9.392874836921691895e-01
4.938334226608276367e-03
3.077303525060415268e-03
4.359786980785429478e-04
1.699361056089401245e-01
6.095789558457909152e-06
9.993661642074584961e-01
3.493067622184753418e-02
1.164953038096427917e-02
1.330879982560873032e-02
8.163261227309703827e-03
9.728366509079933167e-03
1.436705794185400009e-02
2.873409688472747803e-01
5.014686612412333488e-04
3.888934105634689331e-02
9.078200091607868671e-04
8.891515731811523438e-01
3.541802521795034409e-03
4.795453846454620361e-01
1.546537689864635468e-02
3.500469727441668510e-03
2.060209214687347412e-02
1.813988983631134033e-01
1.427337061613798141e-02
3.395055886358022690e-03
9.889770746231079102e-01
2.381749264895915985e-02
5.872706882655620575e-03
9.064131416380405426e-03
8.950816392898559570e-01
1.951375743374228477e-03
4.033703804016113281e-01
4.063167423009872437e-02
3.394392251721001230e-07
3.177058324217796326e-02
1.986470520496368408e-01
7.385893911123275757e-02
5.206864273077371763e-08
9.681580066680908203e-01
1.438957452774047852e-01
8.863043040037155151e-03
3.805226515396498144e-05
5.116546750068664551e-01
1.679036067798733711e-03
9.552744626998901367e-01
6.610702257603406906e-03
3.334590466693043709e-03
1.003308780491352081e-02
2.991161495447158813e-02
9.449150413274765015e-02
3.015941183548420668e-04
8.848464488983154297e-01
1.193599998950958252e-01
3.332006279379129410e-03
4.164655110798776150e-04
4.004071056842803955e-01
8.414409123361110687e-03
5.312521941959857941e-03
1.936053112149238586e-02
5.819381028413772583e-02
3.226088732481002808e-02
9.742162227630615234e-01
1.533360928297042847e-01
7.160707027651369572e-04
1.752778615582428756e-07
3.311132313683629036e-03
3.362619131803512573e-02
3.903411561623215675e-05
6.978943943977355957e-02
8.954858407378196716e-03
1.169604947790503502e-03
3.379311263561248779e-01
1.803454756736755371e-01
4.055377095937728882e-02
9.845634102821350098e-01
2.979818284511566162e-01
1.974606513977050781e-02
2.167581385492667323e-07
3.847480984404683113e-04
6.433320231735706329e-03
1.431977943866513669e-05
4.605747163295745850e-01
2.351250033825635910e-03
9.105907678604125977e-01
4.424617160111665726e-03
2.204066608101129532e-03
3.036284074187278748e-02
8.506655097007751465e-01
2.070257216691970825e-01
5.515093356370925903e-02
2.600020961835980415e-04
7.249116897583007812e-04
1.467028707265853882e-01
2.598590799607336521e-04
2.871699929237365723e-01
3.942869625461753458e-06
3.182014822959899902e-02
1.718268729746341705e-02
2.189439721405506134e-02
2.519596926867961884e-02
7.721298933029174805e-01
1.580705344676971436e-01
4.575953644234687090e-04
1.276184571906924248e-03
8.900488615036010742e-01
5.984548106789588928e-02
1.592885144054889679e-02
1.840843558311462402e-01
1.666391268372535706e-02
7.526449859142303467e-02
4.050359874963760376e-02
9.824964945437386632e-05
3.912284970283508301e-03
2.896924888773355633e-05
1.219218373298645020e-01
2.899441824411042035e-05
8.532257197657600045e-05
3.532497212290763855e-03
4.152441397309303284e-03
1.499427598901093006e-04
9.376028776168823242e-01
3.309325984446331859e-05
9.937823414802551270e-01
1.611919701099395752e-02
2.853431091409674991e-08
9.705770015716552734e-01
1.400102488696575165e-02
9.950219392776489258e-01
8.538453839719295502e-04
9.972918033599853516e-01
5.127489566802978516e-03
9.956345558166503906e-01
2.472058683633804321e-02
9.889118075370788574e-01
2.205030918121337891e-01
4.238623678684234619e-01
1.330550177954137325e-03
6.843551281221493809e-10
6.718474626541137695e-02
1.572506316006183624e-02
1.193214302475098521e-05
7.315716743505618069e-08
9.247852563858032227e-01
7.337709516286849976e-02
6.035951897501945496e-03
1.501582155469805002e-04
9.902714490890502930e-01
4.357491061091423035e-02
9.802969694137573242e-01
8.213881254196166992e-01
3.006411343812942505e-02
6.417987942695617676e-01
6.640438921749591827e-03
2.140564322471618652e-01
6.590909790247678757e-03
9.412719011306762695e-01
3.892656043171882629e-02
1.515654730610549450e-06
5.228562513366341591e-04
2.575106620788574219e-01
4.286374524235725403e-02
3.469058126211166382e-02
2.189053408801555634e-02
1.474105566740036011e-01
1.164057059213519096e-03
1.184733808040618896e-01
1.163550615310668945e-01
1.037335459841415286e-04
3.272209432907402515e-04
1.246999576687812805e-01
2.295493322890251875e-05
4.490923602133989334e-04
3.068268299102783203e-01
1.710663083940744400e-03
9.992222785949707031e-01
4.080630373209714890e-03
1.907012462615966797e-01
1.457900179957505316e-05
9.654694795608520508e-01
3.269954398274421692e-02
2.463220618665218353e-02
9.971680045127868652e-01
6.503525655716657639e-03
1.838397234678268433e-02
2.017277479171752930e-02
1.668658256530761719e-01
1.396734005538746715e-04
9.772759675979614258e-01
9.710965752601623535e-01
1.141857206821441650e-01
4.551303049993293826e-07
1.479822695255279541e-01
6.009218841791152954e-02
2.125991741195321083e-03
9.908927679061889648e-01
7.065082341432571411e-02
9.127390512730926275e-06
3.137489547953009605e-04
9.555039405822753906e-01
1.333700865507125854e-02
9.928795695304870605e-01
4.189385473728179932e-01
2.701786756515502930e-01
1.907562837004661560e-02
7.081062197685241699e-01
4.337149672210216522e-03
1.302325516007840633e-03
9.752551317214965820e-01
3.055451996624469757e-02
5.557671934366226196e-02
1.265337414224632084e-05
8.250831365585327148e-01
6.300798058509826660e-02
2.406048588454723358e-03
5.617947503924369812e-02
9.983448982238769531e-01
2.639510901644825935e-03
9.925795793533325195e-01
1.576563715934753418e-02
9.973071217536926270e-01
1.628280244767665863e-02
1.014278829097747803e-01
2.527976903365924954e-05
4.572586156427860260e-03
1.692159771919250488e-01
1.684272103011608124e-02
1.655784784816205502e-03
4.039529711008071899e-03
9.992226362228393555e-01
6.190032698214054108e-03
9.930490255355834961e-01
3.759634494781494141e-02
1.188757014460861683e-03
1.077690161764621735e-02
9.598217010498046875e-01
7.705143652856349945e-04
1.388762742280960083e-01
4.006507396697998047e-01
3.392012789845466614e-03
4.810115694999694824e-01
2.611882798373699188e-02
9.479203820228576660e-01
1.164980276371352375e-04
5.384011268615722656e-01
2.166074141860008240e-02
2.710715343710035086e-04
7.098230719566345215e-02
8.964183330535888672e-01
7.403125613927841187e-02
5.917853210121393204e-03
6.300845146179199219e-01
1.495932787656784058e-01
4.693998023867607117e-03
1.668923720717430115e-02
9.976699352264404297e-01
2.434844896197319031e-02
9.856293797492980957e-01
7.451712153851985931e-03
8.261096477508544922e-01
9.661926031112670898e-01
7.691385746002197266e-01
2.152231149375438690e-02
1.566056162118911743e-04
9.303861856460571289e-02
3.916412591934204102e-03
4.720175184047548100e-07
6.258483231067657471e-02
6.315037239801313262e-07
2.193572872783988714e-04
4.569960310618625954e-06
7.886016368865966797e-02
9.165277879219502211e-05
1.861728960648179054e-03
8.245573043823242188e-01
9.006580512505024672e-06
1.113435355364345014e-04
2.281093597412109375e-02
1.694767124718055129e-04
8.738372525574078509e-11
1.529541164636611938e-01
3.650124869025717089e-09
2.320221625268459320e-02
1.158912181854248047e-01
1.888933219015598297e-02
2.459322786307893693e-05
2.159295036108233035e-05
4.555822610855102539e-01
3.415044047869741917e-04
1.332788815489038825e-04
3.679457008838653564e-01
1.296754926443099976e-02
2.073243085760623217e-04
1.314985305070877075e-01
2.251869440078735352e-02
4.263481590896844864e-03
7.433671271428465843e-06
6.372903287410736084e-02
1.251537818461656570e-03
1.107625867007300258e-04
4.827226046472787857e-03
1.701708510518074036e-02
3.810439375229179859e-04
4.247324466705322266e-01
7.031206786632537842e-02
3.333663335070014000e-03
1.886324211955070496e-02
1.125959008932113647e-01
5.728513351641595364e-04
9.681341471150517464e-04
9.278539568185806274e-02
2.597437414806336164e-04
5.900993710383772850e-04
1.189440721645951271e-03
8.353263838216662407e-04
1.645243901293724775e-04
1.863486468791961670e-01
1.121834665536880493e-02
5.220043240115046501e-04
2.006451487541198730e-01
8.762629702687263489e-03
4.701904981629922986e-05
9.420732036232948303e-03
4.446143656969070435e-02
4.668256224249489605e-06
6.056364178657531738e-01
5.766085386276245117e-01
7.371707260608673096e-02
1.430143311154097319e-05
4.150646924972534180e-02
8.184937178157269955e-04
1.230447743694185192e-09
2.272593975067138672e-01
7.249599439091980457e-04
1.740463062560593244e-07
2.748821163550019264e-03
5.864406377077102661e-02
2.558530832175165415e-05
4.233061190461739898e-05
9.965671226382255554e-03
2.470391336828470230e-05
7.798723527230322361e-05
2.658708989620208740e-01
4.062139615416526794e-02
7.782467640936374664e-03
2.400960307568311691e-03
3.513324260711669922e-02
1.720789587125182152e-03
3.179713338613510132e-02
2.775791926978854463e-06
3.916392475366592407e-02
3.908659855369478464e-04
7.551989983767271042e-04
7.216831669211387634e-03
1.901194918900728226e-04
4.713551104068756104e-01
1.350901424884796143e-01
2.544194273650646210e-02
1.599040254950523376e-02
1.326598823070526123e-01
2.642128383740782738e-03
5.106184259057044983e-02
5.151233635842800140e-03
9.481140226125717163e-02
2.836755942553281784e-03
2.612981945276260376e-03
2.043221844360232353e-03
4.454049631021916866e-04
9.934101104736328125e-01
4.888290762901306152e-01
8.799097500741481781e-03
1.434226520359516144e-02
3.824741020798683167e-02
9.482432156801223755e-03
8.215533494949340820e-01
4.956965744495391846e-01
4.354488849639892578e-01
9.723311662673950195e-02
1.254066010005772114e-04
3.244675099849700928e-01
4.893967136740684509e-02
2.456293255090713501e-01
3.586067259311676025e-02
7.052774308249354362e-04
2.206565625965595245e-02
7.455113530158996582e-02
1.454006414860486984e-04
3.840464726090431213e-02
2.171872329199686646e-04
2.784676849842071533e-02
3.630011342465877533e-03
1.084704510867595673e-02
1.958018867298960686e-03
3.170917509123682976e-03
9.298912286758422852e-01
6.297008991241455078e-01
3.073260784149169922e-01
1.928628655150532722e-03
1.829643547534942627e-01
1.354677230119705200e-01
4.607594758272171021e-02
2.484611608088016510e-02
5.985957686789333820e-04
5.289425142109394073e-03
8.011612296104431152e-01
8.917648345232009888e-03
1.407721312716603279e-03
9.918817281723022461e-01
2.483174321241676807e-04
2.027171833174357118e-12
9.806817770004272461e-01
3.585407881701030419e-08
9.980733990669250488e-01
6.204886594787240028e-04
4.006581730209290981e-05
3.995175939053297043e-03
1.693086087470874190e-04
1.488724257797002792e-03
2.871707238227827474e-06
5.365808028727769852e-03
9.886713027954101562e-01
5.155847407877445221e-03
2.530479292772724875e-08
9.772902727127075195e-01
5.233060568571090698e-02
9.903671741485595703e-01
5.218819715082645416e-03
8.061108383117243648e-05
4.818269982933998108e-03
9.990371465682983398e-01
4.539248533546924591e-03
2.488964935764670372e-03
1.133207988459616899e-04
1.865428388118743896e-01
1.879306742921471596e-03
2.557567313488107175e-07
2.072059316560626030e-03
2.210986800491809845e-02
2.409353328403085470e-06
6.027083727531135082e-04
6.931723654270172119e-02
1.154038545791991055e-05
9.250606298446655273e-01
9.929519891738891602e-01
4.699626937508583069e-03
3.913574619218707085e-05
9.576324224472045898e-01
8.205457776784896851e-02
1.299434018164902227e-07
9.992188215255737305e-01
1.002914160490036011e-01
3.734207894012797624e-06
9.988163113594055176e-01
3.800225385930389166e-04
1.035712266457267106e-04
1.328027546405792236e-01
4.276879597455263138e-03
9.536566734313964844e-01
7.682248018682003021e-03
9.583383798599243164e-01
3.471208037808537483e-05
1.138775234727678123e-14
9.431076049804687500e-01
3.521253238432109356e-04
2.870999826765086027e-10
9.946633577346801758e-01
1.152629498392343521e-03
3.009980428032577038e-04
3.758605718612670898e-01
2.626023720949888229e-03
4.829161480301991105e-05
1.754710450768470764e-02
7.048622965812683105e-01
1.188952708616852760e-03
8.698947340235463344e-09
9.984679222106933594e-01
2.856977470219135284e-02
7.547153018094832078e-06
9.969956874847412109e-01
4.375063627958297729e-02
6.485875346697866917e-04
9.994680881500244141e-01
1.041499548591673374e-03
1.030261046253144741e-05
4.612678894773125648e-04
9.880872964859008789e-01
2.248868942260742188e-01
3.169930096191819757e-07
9.973381757736206055e-01
6.343201547861099243e-02
1.916576184157747775e-05
9.849308133125305176e-01
1.369375828653573990e-02
4.231504723429679871e-02
3.358531743288040161e-02
3.590178908780217171e-03
9.357337951660156250e-01
1.171333482488989830e-03
9.977775812149047852e-01
1.783559322357177734e-01
6.812381343479501083e-07
8.326973319053649902e-01
4.954118728637695312e-01
2.872316690627485514e-05
7.760459780693054199e-01
4.131354019045829773e-02
1.183701911941170692e-03
9.976756572723388672e-01
8.665909767150878906e-01
4.695692914538085461e-04
3.108810186386108398e-01
9.981279373168945312e-01
9.740824252367019653e-02
5.021411197958514094e-08
4.224612712860107422e-01
3.983172774314880371e-01
3.457709681242704391e-05
3.935852050781250000e-01
4.480805248022079468e-02
3.488477785140275955e-03
9.973964691162109375e-01
9.761900901794433594e-01
1.571920663118362427e-01
1.377308815717697144e-01
9.013574123382568359e-01
6.021477282047271729e-02
1.596738002263009548e-06
9.972485303878784180e-01
5.564986914396286011e-02
6.579451728612184525e-04
9.963182806968688965e-01
3.540207631886005402e-03
4.404584318399429321e-02
3.122133947908878326e-02
9.965212345123291016e-01
1.891490654088556767e-03
2.984935641288757324e-01
8.182000517845153809e-01
1.017900067381560802e-03
2.054030119325034320e-06
7.433847784996032715e-01
1.956480741500854492e-02
4.202222451567649841e-03
4.219524562358856201e-02
5.445421720651211217e-06
3.734053052539820783e-06
9.815416932106018066e-01
9.840068221092224121e-02
3.248691558837890625e-03
2.011853030126076192e-05
6.146161258220672607e-02
2.967392792925238609e-03
3.580923646495648427e-07
4.184944927692413330e-02
2.546913921833038330e-01
9.190751271148656087e-09
7.599616050720214844e-02
1.207461487501859665e-02
1.831958456932625268e-06
1.472593721700832248e-04
1.306836865842342377e-02
3.890390973538160324e-03
9.679501999926287681e-06
3.395745530724525452e-03
3.111143087153322995e-06
4.918067906048428917e-13
9.966214299201965332e-01
8.508518338203430176e-03
1.176695324294971257e-13
9.978849887847900391e-01
8.958467282354831696e-03
6.247908459044992924e-06
3.388309152796864510e-03
5.755963176488876343e-02
7.136404514312744141e-03
7.355021080002188683e-05
1.069609075784683228e-02
4.761905074701644480e-06
1.314298503200545670e-14
6.636278629302978516e-01
9.763207435607910156e-01
9.230905766871057294e-16
6.181766390800476074e-01
7.385843899101018906e-03
2.783424497465603054e-05
9.980798959732055664e-01
1.709813252091407776e-02
1.273716225114185363e-05
5.440060049295425415e-03
1.250274181365966797e-01
7.615217473357915878e-04
1.178617640107404441e-05
9.847564697265625000e-01
1.745647937059402466e-01
9.006499567476566881e-06
1.524839699268341064e-01
2.953065093606710434e-03
3.298048568467493169e-06
9.520073533058166504e-01
3.852354362607002258e-02
8.694942152942530811e-06
4.348779392149282330e-10
3.007999956607818604e-01
1.078231493011116982e-03
5.906264050281606615e-06
9.961696863174438477e-01
9.955962896347045898e-01
8.097125032691110391e-07
8.122281432151794434e-01
6.475542671978473663e-03
8.054900914430618286e-03
1.265672617591917515e-03
3.963918983936309814e-02
5.868127118446864188e-05
5.269621033221483231e-03
2.360443770885467529e-01
3.780616971198469400e-04
5.719156206396291964e-07
9.973685741424560547e-01
1.639698818325996399e-02
1.408650496159680188e-05
1.822195053100585938e-01
1.380601339042186737e-02
3.216605400666594505e-04
9.379062652587890625e-01
7.547361254692077637e-01
5.153968464583158493e-03
2.524241805076599121e-02
8.948967605829238892e-02
5.290262924972921610e-05
1.861886200771323274e-09
9.898276925086975098e-01
9.957391023635864258e-01
7.647391839782358147e-07
1.255320291966199875e-02
1.192423421889543533e-02
4.937830963172018528e-04
1.665799209149554372e-05
9.382955431938171387e-01
2.745346538722515106e-02
4.791714623570442200e-02
5.817552804946899414e-01
1.947305281646549702e-03
3.372754435986280441e-04
9.952478408813476562e-01
1.084796991199254990e-02
7.951739462441764772e-06
7.376005053520202637e-01
2.383612096309661865e-02
1.144749894738197327e-01
2.751843631267547607e-02
9.418423771858215332e-01
1.722859777510166168e-02
7.433753580698976293e-06
2.946446537971496582e-01
5.089833587408065796e-02
3.776725847274065018e-03
6.344151683151721954e-03
3.767405822873115540e-02
4.857966303825378418e-02
3.432955782045610249e-05
7.424064725637435913e-02
1.653225262998603284e-05
1.417190651409327984e-04
1.803285256028175354e-02
9.587133303284645081e-03
8.317309548147022724e-04
9.733192622661590576e-02
2.886097412556409836e-03
3.771572664845734835e-05
2.545033097267150879e-01
1.507846731692552567e-02
3.039003582671284676e-03
9.978137612342834473e-01
3.912197425961494446e-03
5.413060080172726884e-07
9.988068342208862305e-01
1.308582286583259702e-04
7.038126204861328006e-05
8.586120791733264923e-03
1.043512746691703796e-01
8.911445911508053541e-05
7.570023967673478182e-07
9.088578224182128906e-01
1.679066009819507599e-02
3.050225228071212769e-02
9.300893545150756836e-01
1.483674161136150360e-03
1.375407379100579419e-07
9.999659657478332520e-01
2.863969421014189720e-03
1.524152679621693096e-07
4.088203553465064033e-08
7.653234004974365234e-01
1.443834975361824036e-02
1.028726459480822086e-03
9.934411048889160156e-01
4.522874485701322556e-03
9.926185011863708496e-02
8.999946713447570801e-01
2.827747724950313568e-03
9.967309832572937012e-01
9.921166300773620605e-01
2.530038543045520782e-02
2.103013247251510620e-01
2.678785131138283759e-05
4.779787361621856689e-01
7.181020081043243408e-02
1.528203580528497696e-02
7.959556579589843750e-02
1.533912774175405502e-02
5.269244313240051270e-02
9.914543032646179199e-01
6.058546714484691620e-03
4.501816928386688232e-01
4.093176103197038174e-04
6.944531574845314026e-03
7.232072949409484863e-02
6.265737581998109818e-03
5.070272088050842285e-01
1.342638209462165833e-02
1.965555828064680099e-03
5.575077608227729797e-03
1.519741304218769073e-02
9.913222789764404297e-01
9.800471067428588867e-01
1.374544389545917511e-02
7.791353709762915969e-05
4.657485987991094589e-04
9.094052314758300781e-01
4.570968667394481599e-05
7.810825109481811523e-02
7.755565643310546875e-01
2.256649313494563103e-03
5.572147347265854478e-05
9.975208044052124023e-01
8.633155822753906250e-01
9.875805377960205078e-01
9.278599917888641357e-02
1.413161493837833405e-02
1.580141906742937863e-05
8.343292772769927979e-02
9.514324665069580078e-01
1.112712696194648743e-01
7.786348987792734988e-07
5.501407980918884277e-01
2.595401108264923096e-01
1.123679131269454956e-01
6.103882566094398499e-03
1.621058955788612366e-02
4.661880433559417725e-02
9.625338315963745117e-01
9.755859375000000000e-01
9.088270664215087891e-01
6.886686198413372040e-03
8.086793422698974609e-01
1.665577851235866547e-02
1.259276419878005981e-01
2.641545236110687256e-01
2.487023919820785522e-02
9.024367900565266609e-04
2.977007068693637848e-03
1.050825789570808411e-01
1.482335291802883148e-02
1.668401528149843216e-04
4.314054548740386963e-02
3.347638266859576106e-05
2.164966659620404243e-03
6.254062056541442871e-03
2.114534564316272736e-02
7.280487625394016504e-05
1.262790113687515259e-01
7.583345752209424973e-03
8.222074256991618313e-07
2.310089953243732452e-02
2.629930973052978516e-01
2.008548937737941742e-03
3.757578087970614433e-05
2.811640501022338867e-02
4.242780960339587182e-06
4.890850977972149849e-04
7.400311063975095749e-03
9.981045722961425781e-01
1.984354094020090997e-05
4.489127397537231445e-01
1.373234093189239502e-01
1.237671524286270142e-01
9.873697534203529358e-03
1.996070332825183868e-02
1.035843342542648315e-01
2.035829238593578339e-02
2.867208328098058701e-03
5.179267376661300659e-02
4.593478515744209290e-04
3.346498589962720871e-03
6.245254538953304291e-03
9.180899942293763161e-04
9.933071136474609375e-01
8.410314917564392090e-01
5.852309614419937134e-02
2.216562256217002869e-02
8.555081486701965332e-01
7.418283820152282715e-02
1.091557219624519348e-01
3.605368137359619141e-01
2.824301123619079590e-01
7.161846756935119629e-02
9.965938925743103027e-01
4.496828615665435791e-01
3.088988363742828369e-02
4.013345241546630859e-01
9.833911061286926270e-02
4.013022873550653458e-03
2.728634327650070190e-02
4.038231819868087769e-02
8.623126149177551270e-02
7.303332909941673279e-03
7.460584640502929688e-01
5.544145032763481140e-02
6.277065724134445190e-02
5.877982974052429199e-01
2.363194711506366730e-03
2.506827935576438904e-02
9.307604432106018066e-01
8.243792653083801270e-01
6.581044197082519531e-01
1.597153581678867340e-02
3.861631453037261963e-02
1.293781995773315430e-01
1.209545508027076721e-01
2.835856676101684570e-01
1.212043166160583496e-01
2.535842917859554291e-02
6.067223548889160156e-01
5.118536949157714844e-01
1.409602165222167969e-02
5.881898850202560425e-02
8.417487842962145805e-04
7.171903462221962400e-07
9.990655779838562012e-01
4.496067762374877930e-03
1.441763527691364288e-02
3.936702057671936927e-07
9.992290139198303223e-01
1.176006117020733654e-04
9.991534948348999023e-01
5.304061924107372761e-04
6.683167885057628155e-05
1.451607444323599339e-03
2.307809442281723022e-01
2.221084199845790863e-02
4.063952714204788208e-03
9.918848872184753418e-01
5.100118461996316910e-03
1.327843070030212402e-01
2.075799275189638138e-03
9.949083924293518066e-01
6.532581150531768799e-02
9.979963898658752441e-01
5.238127778284251690e-04
7.039748597890138626e-04
1.744045759551227093e-03
6.778442859649658203e-01
9.173702448606491089e-02
1.091375760734081268e-02
1.715114898979663849e-02
4.343125820159912109e-01
1.158213317394256592e-01
6.193848792463541031e-03
1.660982961766421795e-03
4.996426869183778763e-03
8.407682180404663086e-03
1.134921035372826736e-06
1.801676407922059298e-04
1.169223338365554810e-02
9.926981329917907715e-01
9.295960515737533569e-02
1.283270772546529770e-03
6.086548324674367905e-03
1.722080446779727936e-02
9.932979941368103027e-01
1.230098772794008255e-02
9.374886751174926758e-01
2.732272744178771973e-01
1.361030619591474533e-02
9.800007939338684082e-01
9.968723058700561523e-01
1.136816851794719696e-02
9.918928742408752441e-01
1.135197468101978302e-02
1.905752433231100440e-04
9.641772508621215820e-01
9.043758511543273926e-01
3.618682026863098145e-01
4.853645712137222290e-02
8.668107986450195312e-01
4.892868548631668091e-02
1.892665401101112366e-02
9.819262027740478516e-01
2.893439668696373701e-04
7.794849108904600143e-03
9.173633456230163574e-01
3.478628396987915039e-01
5.303369462490081787e-02
2.558448910713195801e-02
1.421384420245885849e-02
1.393324732780456543e-01
1.185579299926757812e-01
9.773221611976623535e-01
3.139225542545318604e-01
3.119157068431377411e-02
9.922059774398803711e-01
1.358466222882270813e-02
2.865098975598812103e-02
4.664953425526618958e-02
3.297921794001013041e-04
2.835991472238674760e-05
9.899761676788330078e-01
4.055451974272727966e-02
9.314228594303131104e-02
2.790908865790697746e-06
5.694144368171691895e-01
1.318422425538301468e-02
9.914982914924621582e-01
1.458970643579959869e-02
4.294498410217784112e-07
8.194918166282150196e-08
6.786680221557617188e-01
4.065013956278562546e-03
2.443023367959540337e-05
9.984339475631713867e-01
3.114514984190464020e-03
1.918778717517852783e-01
4.437736701220273972e-03
9.397056698799133301e-01
7.098070345818996429e-03
1.195900142192840576e-03
4.914058372378349304e-02
1.407994516193866730e-02
2.331067062914371490e-02
1.067190989851951599e-01
2.492118859663605690e-03
2.993568705278448761e-05
1.946671633049845695e-03
2.896824479103088379e-02
9.006932377815246582e-02
7.998392538866028190e-05
9.287266731262207031e-01
2.332705631852149963e-02
1.479700440540909767e-03
8.744217157363891602e-01
6.815589870257099392e-08
5.823766347020864487e-03
8.989967107772827148e-01
1.311005209572613239e-03
1.883086952148005366e-06
9.961541891098022461e-01
8.053524494171142578e-01
9.913786649703979492e-01
2.391308953519910574e-04
6.228542923927307129e-01
2.027327753603458405e-02
4.727865569293498993e-03
2.259928733110427856e-02
1.474284827709197998e-01
8.378131315112113953e-03
4.554153084754943848e-01
2.538191340863704681e-02
8.946755900979042053e-03
4.105762243270874023e-01
2.492454648017883301e-02
9.914264678955078125e-01
1.978458138182759285e-03
9.598166346549987793e-01
1.908492110669612885e-02
3.991501871496438980e-03
8.166830539703369141e-01
3.421761095523834229e-02
1.396730775013566017e-03
6.680073738098144531e-01
3.060922622680664062e-01
7.425588369369506836e-02
9.300082921981811523e-03
1.579617895185947418e-02
1.477067470550537109e-01
3.246083483099937439e-02
9.941256046295166016e-01
9.953684210777282715e-01
8.110284805297851562e-01
1.032178010791540146e-02
2.543261349201202393e-01
7.732234662398695946e-04
6.111755371093750000e-01
5.758565291762351990e-02
3.171797096729278564e-02
2.045729430392384529e-03
2.321472577750682831e-02
9.868240952491760254e-01
8.742464706301689148e-03
9.951295852661132812e-01
1.033707894384860992e-02
6.993258371949195862e-03
9.569118618965148926e-01
3.312957778689451516e-05
1.143422871828079224e-01
7.624018788337707520e-01
2.545050084590911865e-01
1.469061374664306641e-01
2.455998677760362625e-03
2.220456488430500031e-02
9.798347353935241699e-01
2.559432759881019592e-02
9.917628169059753418e-01
7.223411798477172852e-01
6.024979427456855774e-02
8.785175681114196777e-01
3.860146552324295044e-02
5.972943268716335297e-03
3.102884888648986816e-01
2.677276730537414551e-01
2.125160545110702515e-01
2.593663055449724197e-03
9.844894409179687500e-01
3.086998499929904938e-02
8.190752938389778137e-03
6.768678431399166584e-04
1.111954897642135620e-01
2.139901220798492432e-01
1.729079522192478180e-02
1.786849275231361389e-02
1.102146133780479431e-02
9.679347872734069824e-01
5.598390698432922363e-01
6.094919051975011826e-03
2.127868123352527618e-03
1.450629904866218567e-02
9.810259342193603516e-01
9.849556088447570801e-01
5.229224637150764465e-02
8.481755852699279785e-01
8.930999785661697388e-03
9.959489107131958008e-01
2.626327797770500183e-02
7.698777335463091731e-05
6.696633100509643555e-01
8.250884413719177246e-01
7.456964254379272461e-01
2.264143200591206551e-03
3.091708719730377197e-01
8.409091234207153320e-01
9.551559090614318848e-01
1.347965467721223831e-02
8.143273591995239258e-01
6.447220444679260254e-01
9.686254858970642090e-01
2.531997114419937134e-02
8.329180479049682617e-01
1.357324421405792236e-01
9.861679747700691223e-03
1.075733307516202331e-04
1.635334920138120651e-03
4.211570601910352707e-03
9.692625701427459717e-02
3.941704053431749344e-03
9.847299456596374512e-01
6.197958812117576599e-02
9.274817109107971191e-01
7.587825059890747070e-01
9.590725898742675781e-01
1.959107629954814911e-02
6.262792348861694336e-01
4.929535984992980957e-01
7.026680707931518555e-01
3.070958424359560013e-03
5.864945705980062485e-03
9.859484434127807617e-01
3.497309088706970215e-01
8.348851224582176656e-06
9.856592416763305664e-01
9.905866980552673340e-01
9.766557216644287109e-01
9.774216450750827789e-03
1.562002301216125488e-01
8.340688943862915039e-01
1.154019758105278015e-01
1.224693283438682556e-02
1.777784666046500206e-03
4.223258234560489655e-03
8.608405590057373047e-01
2.833500206470489502e-01
9.908840656280517578e-01
7.394336163997650146e-02
1.877757458714768291e-04
9.993106126785278320e-01
9.543009400367736816e-01
1.064124181866645813e-01
