1.538298303136028944e-01
1.474350600843676029e-01
1.054863108992531856e-01
1.302877795990822762e-01
1.294945425873335609e-01
6.766232237434731400e-02
1.309209434458842580e-01
1.297444632778373963e-01
1.343275689421436492e-01
1.032915508459644471e-01
1.379832782896790733e-01
1.116552201193161814e-01
1.243386673920143098e-01
2.091928845486388799e-01
1.014019351345128717e-01
1.276995336794733149e-01
1.850822302713263090e-01
1.501195151269292538e-01
2.136523418012075126e-01
1.543308081006846133e-01
1.985651928071792416e-01
1.445023183925793764e-01
1.550404221679155536e-01
1.340277214319660071e-01
2.040611395619075230e-01
1.534441927304634745e-01
2.450054768795290883e-01
1.956105696366508828e-01
2.606002373549227702e-01
2.027545165127286608e-01
2.887395402201666239e-01
3.192845282862366019e-01
2.118620557012036443e-01
2.613778796333532939e-01
1.833748352773209855e-01
2.008658752131920466e-01
2.081146952069292955e-01
1.569994210910338750e-01
1.721136317086907619e-01
1.492725518675377672e-01
2.625733854678961032e-01
1.260210266627836972e-01
1.332991584920539263e-01
2.369273386609095922e-01
2.140001067175315019e-01
1.458304078819659955e-01
2.107656727043482059e-01
1.694731376348779794e-01
2.883368682904312030e-01
2.835843746478741156e-01
2.517489108543556342e-01
2.625775091851559884e-01
3.277044713210601201e-01
2.323765447363257408e-01
2.446940541267395020e-01
2.079138869706254611e-01
3.195628870509188979e-01
2.779268633860808024e-01
1.917481043626769188e-01
2.109959492316612895e-01
2.108024767098518604e-01
2.926569751535470498e-01
2.667429449144177456e-01
2.067529431257683625e-01
2.611595640818660247e-01
2.009650780259667480e-01
2.032818751893221143e-01
1.503232134004625076e-01
1.897382650237817159e-01
2.366670720903829850e-01
2.714557833253191110e-01
2.282015520792741170e-01
2.745139165624725375e-01
2.095077142943269910e-01
2.154473202625432904e-01
2.380224823450239890e-01
1.749230783361081787e-01
1.883390098810195923e-01
2.326732715233587323e-01
1.993143446027086374e-01
2.198756924615456465e-01
3.019078128899519431e-01
3.155461322301282290e-01
3.216338435617777103e-01
2.906740155035200113e-01
2.681966452644421461e-01
3.100712805664023741e-01
2.572119159613066586e-01
2.283935503174479298e-01
3.812378536766538040e-01
1.939047937765001062e-01
1.855085169395002120e-01
2.682295248019866962e-01
2.189189088620388801e-01
2.911429707534037847e-01
3.281911519857553250e-01
2.525018358853860501e-01
2.598434457412132637e-01
3.286206306388171905e-01
1.945532249788252122e-01
2.681578484435493959e-01
