1.941856316989287734e-04
1.307339221239089966e-01
6.418829411268234253e-02
3.771246876567602158e-03
1.909655332565307617e-02
4.751787483692169189e-01
8.488053455948829651e-03
7.143828086555004120e-03
1.173868891783058643e-03
2.712477147579193115e-01
8.258640766143798828e-03
1.004760526120662689e-02
3.422451554797589779e-04
1.772733288817107677e-03
3.759099841117858887e-01
1.753278449177742004e-02
1.729107461869716644e-02
2.392429672181606293e-02
2.923999428749084473e-01
8.182913996279239655e-03
6.753355264663696289e-03
4.087646491825580597e-03
5.163568854331970215e-01
7.446113973855972290e-02
8.052051998674869537e-03
2.129017189145088196e-02
1.035382854752242565e-03
1.711879849608521909e-05
5.441308617591857910e-01
1.793318733689375222e-05
1.513846655143424869e-05
4.613903164863586426e-01
5.141889676451683044e-03
1.377122569829225540e-02
1.386322492180624977e-05
5.328068137168884277e-01
9.114799648523330688e-02
4.904466914013028145e-04
2.054620708804577589e-04
3.602889410103671253e-05
1.323080941801890731e-04
4.916607141494750977e-01
5.701858922839164734e-02
5.276830961520317942e-06
3.945522606372833252e-01
2.105389535427093506e-02
8.886198629625141621e-04
2.137005794793367386e-03
9.130711853504180908e-02
8.483404293656349182e-03
1.027522725053131580e-03
1.502882223576307297e-03
2.219276269897818565e-03
1.706766197457909584e-04
4.871999919414520264e-01
5.769555643200874329e-02
5.962044931948184967e-03
7.094202041625976562e-01
6.069562211632728577e-02
1.011260412633419037e-02
4.407005035318434238e-04
2.352025806903839111e-01
3.568199276924133301e-02
7.881365716457366943e-03
6.522613111883401871e-03
4.094114992767572403e-03
1.393065694719552994e-02
5.904299020767211914e-01
4.190754517912864685e-02
3.605913836508989334e-03
3.357022255659103394e-02
5.613044276833534241e-02
7.161380723118782043e-03
4.658767138607800007e-04
1.873586140573024750e-02
7.512581348419189453e-02
7.244687527418136597e-03
1.319892122410237789e-03
7.933204869914334267e-06
1.786421751603484154e-03
2.533101439476013184e-01
3.530983999371528625e-02
1.959926914423704147e-03
4.664917010813951492e-03
5.205638408660888672e-01
5.385261029005050659e-03
1.662916387431323528e-03
3.100121319293975830e-01
3.163854032754898071e-02
1.270791608840227127e-02
7.342349737882614136e-03
2.554425038397312164e-03
1.461336272768676281e-03
3.555715680122375488e-01
3.100723214447498322e-02
1.698339357972145081e-02
1.912620663642883301e-02
3.389466702938079834e-01
2.894236519932746887e-02
2.076800737995654345e-04
6.064428091049194336e-01
4.126951098442077637e-03
6.783325225114822388e-04
1.912682899273931980e-03
9.384249569848179817e-04
5.769609007984399796e-03
5.440697669982910156e-01
5.716282874345779419e-02
3.101995587348937988e-02
1.101059466600418091e-02
2.646394968032836914e-01
1.281573902815580368e-02
1.095250155776739120e-02
7.823828458786010742e-01
2.660713903605937958e-02
7.714365608990192413e-03
8.534564403817057610e-04
1.784757245332002640e-03
1.158172890427522361e-04
3.234044015407562256e-01
2.571643702685832977e-02
5.769442766904830933e-03
2.566872164607048035e-03
1.835828125476837158e-01
3.897549584507942200e-02
8.050618320703506470e-02
1.182906678877770901e-03
1.332404278218746185e-02
2.476614434272050858e-03
1.624423661269247532e-03
1.142588909715414047e-03
4.103706683963537216e-03
3.915608227252960205e-01
1.685158722102642059e-02
1.880311034619808197e-02
3.731261007487773895e-03
3.826020359992980957e-01
2.922722324728965759e-02
4.757521208375692368e-03
7.016563322395086288e-03
4.035357534885406494e-01
5.009035114198923111e-03
5.023763701319694519e-02
1.294376561418175697e-03
7.570922607555985451e-04
4.410369992256164551e-01
2.226252108812332153e-02
4.251400474458932877e-03
6.134182214736938477e-03
3.430064916610717773e-01
1.568379439413547516e-02
3.549300599843263626e-04
6.969636306166648865e-03
5.321465730667114258e-01
1.392340064048767090e-01
1.467539230361580849e-03
8.090378105407580733e-05
5.985584110021591187e-03
3.815459907054901123e-01
1.303399913012981415e-02
1.007340103387832642e-02
3.756053745746612549e-02
2.889203429222106934e-01
2.939648553729057312e-02
1.665450283326208591e-03
6.078134756535291672e-03
4.494161605834960938e-01
3.593105822801589966e-02
8.811080828309059143e-03
4.211558103561401367e-01
1.613299101591110229e-01
1.143954172730445862e-01
3.943219035863876343e-02
3.407682059332728386e-03
4.635595083236694336e-01
5.551734939217567444e-03
1.359549909830093384e-02
6.597340106964111328e-03
6.869970262050628662e-02
2.336886525154113770e-01
9.596263058483600616e-03
5.205868277698755264e-03
4.836019873619079590e-01
1.354216225445270538e-02
6.516125053167343140e-02
1.260137185454368591e-02
3.777504339814186096e-02
3.150791302323341370e-02
3.402573242783546448e-02
1.667139865458011627e-02
4.821279086172580719e-03
3.615925088524818420e-02
2.037389017641544342e-02
1.710087433457374573e-02
7.374076085397973657e-05
7.773689627647399902e-01
3.753812279683188535e-06
4.306859895586967468e-02
1.288837811443954706e-04
1.522861421108245850e-04
5.687210559844970703e-01
5.003345757722854614e-02
1.073588803410530090e-02
3.205322893336415291e-03
1.554290354251861572e-01
2.538940869271755219e-03
1.155395898967981339e-02
1.033708977047353983e-04
3.059371113777160645e-01
2.572675235569477081e-02
3.285051584243774414e-01
3.933331370353698730e-01
2.911029469032655470e-06
2.472591698169708252e-01
2.367601543664932251e-01
3.373375220689922571e-04
5.884979851543903351e-03
1.760778874158859253e-01
3.430241942405700684e-01
7.726953364908695221e-03
1.307166297920048237e-03
3.442219197750091553e-01
2.796716988086700439e-03
4.824082553386688232e-01
1.032650098204612732e-01
2.576006390154361725e-02
4.969923570752143860e-02
1.062948536127805710e-02
2.895534783601760864e-02
1.133005414158105850e-02
2.329461276531219482e-02
2.423649653792381287e-02
1.085247565060853958e-02
3.963826224207878113e-03
6.336089372634887695e-01
2.638198435306549072e-03
4.574372768402099609e-01
1.560777872800827026e-01
4.398768767714500427e-02
1.213713549077510834e-03
3.317908644676208496e-01
3.012117370963096619e-02
1.150327175855636597e-02
2.508547008037567139e-01
1.261187791824340820e-01
7.516637444496154785e-03
4.311360884457826614e-03
4.425274133682250977e-01
5.314558511599898338e-04
2.472482770681381226e-01
9.070126712322235107e-02
6.511902064085006714e-02
1.528621837496757507e-02
2.534151077270507812e-01
2.218883037567138672e-01
5.049624945968389511e-03
2.620439231395721436e-01
1.619437150657176971e-02
6.204941018950194120e-05
4.928647074848413467e-03
2.819384336471557617e-01
4.377529956400394440e-03
4.659936428070068359e-01
2.115698903799057007e-01
2.232135646045207977e-02
1.147816888988018036e-02
6.848794817924499512e-01
4.354571551084518433e-02
1.455149985849857330e-02
3.937426209449768066e-01
3.010656833648681641e-01
8.731506386538967490e-05
3.401638241484761238e-04
3.566196262836456299e-01
3.608887549489736557e-03
4.407778084278106689e-01
2.786744534969329834e-01
2.198529392480850220e-01
4.010965675115585327e-02
3.215309381484985352e-01
3.338431566953659058e-02
3.327554557472467422e-03
5.622287280857563019e-03
2.007393538951873779e-02
6.925058551132678986e-03
8.481373079121112823e-03
6.297414898872375488e-01
1.393919810652732849e-03
5.823634266853332520e-01
5.487646535038948059e-02
2.193261496722698212e-02
1.659631915390491486e-02
8.932514786720275879e-01
6.377705186605453491e-02
4.590393044054508209e-03
2.525616204366087914e-03
1.072336640208959579e-02
1.734899543225765228e-02
1.167431357316672802e-03
5.384846329689025879e-01
3.246811684221029282e-03
3.348345160484313965e-01
2.495175898075103760e-01
3.172235190868377686e-02
2.128878980875015259e-02
5.296670198440551758e-01
6.401536613702774048e-02
1.451974385417997837e-03
9.273499250411987305e-03
2.358345538377761841e-01
6.536240875720977783e-02
3.574526635929942131e-03
6.239879727363586426e-01
5.374222062528133392e-03
3.274373412132263184e-01
2.351189553737640381e-01
5.081244744360446930e-03
4.971592500805854797e-02
4.011217653751373291e-01
2.897896617650985718e-02
4.151093773543834686e-03
2.034346908330917358e-01
3.792139887809753418e-01
5.400308221578598022e-02
1.235758513212203979e-02
5.441684126853942871e-01
6.863164901733398438e-01
6.408952921628952026e-02
4.384721070528030396e-02
2.619815990328788757e-02
6.902439892292022705e-02
2.278345078229904175e-02
1.101599782705307007e-01
2.307871580123901367e-01
3.574855998158454895e-02
3.735518828034400940e-02
4.550206288695335388e-02
4.368442576378583908e-03
9.693288803100585938e-02
2.551814317703247070e-01
6.060167551040649414e-01
6.060957312583923340e-01
9.035198390483856201e-02
3.960733711719512939e-01
4.234924167394638062e-02
6.924219429492950439e-02
1.660248339176177979e-01
3.077739179134368896e-01
7.199628651142120361e-02
8.466228842735290527e-03
4.407562315464019775e-03
6.055767536163330078e-01
7.080821990966796875e-01
3.823164701461791992e-01
3.353927135467529297e-01
2.300741762155666947e-04
3.360144197940826416e-01
3.708536177873611450e-02
2.311129588633775711e-03
1.064541516825556755e-03
3.754796087741851807e-01
1.139788050204515457e-02
2.290294971317052841e-03
2.228555269539356232e-03
3.437148332595825195e-01
2.337468117475509644e-01
3.927303850650787354e-01
2.768380045890808105e-01
1.419695094227790833e-02
3.003939688205718994e-01
3.913210704922676086e-02
1.595841348171234131e-02
2.867554758267942816e-05
4.410072267055511475e-01
1.991880387067794800e-01
8.274935930967330933e-02
3.967717289924621582e-01
4.393129646778106689e-01
4.766613543033599854e-01
6.299449205398559570e-01
7.120524346828460693e-02
5.321310833096504211e-03
2.022334337234497070e-01
1.318700909614562988e-01
3.602359294891357422e-01
1.948779970407485962e-01
2.838936150074005127e-01
3.067347407341003418e-02
2.216392382979393005e-02
1.590476743876934052e-02
8.240879774093627930e-01
4.189682900905609131e-01
5.292552113533020020e-01
7.480841130018234253e-02
2.537636160850524902e-01
1.382157504558563232e-01
5.860750079154968262e-01
9.867363609373569489e-03
2.170178107917308807e-03
4.023030400276184082e-01
1.660605520009994507e-02
1.928757317364215851e-02
2.002926915884017944e-01
3.971413075923919678e-01
2.598864436149597168e-01
7.159703969955444336e-01
4.921091347932815552e-02
2.009143531322479248e-01
2.042213827371597290e-02
2.790249288082122803e-01
2.663412503898143768e-02
8.971501141786575317e-02
3.732209205627441406e-01
1.077665910124778748e-01
9.295166237279772758e-04
5.758789833635091782e-03
6.347028613090515137e-01
1.398073434829711914e-01
1.074689850211143494e-01
2.378395497798919678e-01
8.524865843355655670e-03
4.090493172407150269e-02
5.189225673675537109e-01
2.875221893191337585e-02
2.351345270872116089e-01
2.011187374591827393e-01
8.817003667354583740e-02
2.138455063104629517e-01
9.466205374337732792e-04
4.446588158607482910e-01
5.922223925590515137e-01
6.041433811187744141e-01
2.210347726941108704e-02
1.298564299941062927e-02
1.928257010877132416e-02
7.945663928985595703e-01
3.567767739295959473e-01
7.404313981533050537e-02
2.643581107258796692e-02
3.355838730931282043e-02
3.951851278543472290e-02
1.518918722867965698e-01
4.230436086654663086e-01
6.053003668785095215e-01
8.022866845130920410e-01
3.964479267597198486e-02
1.539204418659210205e-01
1.017137337476015091e-02
5.046571493148803711e-01
2.536583244800567627e-01
1.234060712158679962e-02
1.073169289156794548e-03
3.028010725975036621e-01
1.662268885411322117e-03
3.267835592851042747e-03
5.780266523361206055e-01
3.994980156421661377e-01
5.273994803428649902e-01
1.063750684261322021e-01
4.543679356575012207e-01
1.468641962856054306e-02
3.773917555809020996e-01
7.952778041362762451e-02
1.010901294648647308e-02
3.821605443954467773e-01
2.598328590393066406e-01
2.978890016674995422e-02
3.108192933723330498e-03
5.095160007476806641e-01
2.139301151037216187e-01
4.394970834255218506e-01
4.240815341472625732e-02
2.238952964544296265e-01
1.754313111305236816e-01
6.132436394691467285e-01
5.517951771616935730e-02
2.189189940690994263e-01
1.458964198827743530e-01
2.379884719848632812e-01
3.212092816829681396e-01
7.681899704039096832e-03
2.483785003423690796e-01
3.786120116710662842e-01
2.024331986904144287e-01
3.100837394595146179e-02
1.600848394446074963e-03
6.213106215000152588e-03
3.925571963191032410e-02
1.255520582199096680e-01
1.982465088367462158e-01
3.553812205791473389e-01
2.107154428958892822e-01
3.696305444464087486e-03
1.875290647149085999e-02
3.202338218688964844e-01
6.712998747825622559e-01
1.429436653852462769e-01
5.427667498588562012e-02
2.298492006957530975e-03
1.629312150180339813e-02
4.961197078227996826e-02
9.476964361965656281e-03
6.078337319195270538e-03
3.834725916385650635e-01
1.734701730310916901e-02
3.110111225396394730e-03
4.817613866180181503e-03
7.306850552558898926e-01
2.665745913982391357e-01
1.328826397657394409e-01
1.130096316337585449e-01
4.868162423372268677e-02
4.316752403974533081e-02
1.473277360200881958e-01
4.070530831813812256e-01
2.550554089248180389e-02
6.420719623565673828e-02
2.012014985084533691e-01
5.738265812397003174e-03
8.797875046730041504e-02
1.628295034170150757e-01
4.266249537467956543e-01
1.023140177130699158e-01
3.415580838918685913e-02
2.961516939103603363e-02
8.683492988348007202e-02
2.271533608436584473e-01
1.112127862870693207e-02
3.955777585506439209e-01
2.790499106049537659e-02
3.837935030460357666e-01
5.465052556246519089e-03
1.432674750685691833e-02
5.264523029327392578e-01
5.139704346656799316e-01
2.103457599878311157e-01
5.059898272156715393e-02
2.468315511941909790e-01
6.473772693425416946e-03
4.128166474401950836e-03
7.152532041072845459e-02
1.998021155595779419e-01
1.111357361078262329e-01
1.964832991361618042e-01
7.533466815948486328e-02
3.220427548512816429e-03
5.762249231338500977e-01
6.502467393875122070e-02
2.076708078384399414e-01
3.269593790173530579e-02
4.777263104915618896e-02
2.230076044797897339e-01
1.197371166199445724e-02
3.526309430599212646e-01
1.854856673162430525e-04
1.441764459013938904e-02
2.072529122233390808e-02
8.893221616744995117e-03
3.952647745609283447e-01
3.497312664985656738e-01
9.031155705451965332e-01
4.008980393409729004e-01
6.137281656265258789e-02
1.727602630853652954e-02
2.533125281333923340e-01
9.339692071080207825e-03
1.862808316946029663e-02
1.757935807108879089e-02
2.450352720916271210e-02
2.447816915810108185e-02
3.758218605071306229e-03
3.261183202266693115e-02
3.094511032104492188e-01
6.088229417800903320e-01
1.537060141563415527e-01
4.206694662570953369e-02
2.128259539604187012e-01
4.438522737473249435e-03
3.577263327315449715e-03
2.957746945321559906e-02
1.382749900221824646e-02
2.029625177383422852e-01
3.001940995454788208e-02
1.227303519845008850e-01
7.722362875938415527e-02
3.831434845924377441e-01
5.915160179138183594e-01
2.032423317432403564e-01
3.702456504106521606e-02
2.138255983591079712e-01
2.416111081838607788e-01
5.834551900625228882e-02
2.625291049480438232e-01
4.310224205255508423e-03
2.151229977607727051e-02
2.919733338057994843e-02
2.756563713774085045e-03
4.579963162541389465e-03
4.182710945606231689e-01
3.509479463100433350e-01
9.609046578407287598e-02
2.177037149667739868e-01
3.504917621612548828e-01
1.991075724363327026e-01
1.663280464708805084e-02
2.672725543379783630e-02
8.250745013356208801e-03
1.200994011014699936e-03
1.137918047606945038e-02
8.725177496671676636e-02
3.526846766471862793e-01
6.014368534088134766e-01
2.934655845165252686e-01
3.069850206375122070e-01
2.319765537977218628e-01
9.539795666933059692e-02
3.523683249950408936e-01
9.071833640336990356e-02
4.215940088033676147e-02
3.474349379539489746e-01
3.999731540679931641e-01
2.082403749227523804e-01
5.079782381653785706e-02
9.815620630979537964e-02
6.677671074867248535e-01
2.144686281681060791e-01
2.081738319247961044e-03
7.609744071960449219e-01
2.721060626208782196e-02
3.719640374183654785e-01
1.054636295884847641e-02
3.305507590994238853e-03
2.278254134580492973e-03
3.016299009323120117e-01
1.087920647114515305e-02
7.093804329633712769e-02
1.996472030878067017e-01
3.065614700317382812e-01
2.495303153991699219e-01
3.569001555442810059e-01
5.158867835998535156e-01
2.135342657566070557e-01
3.170660138130187988e-01
1.577625423669815063e-02
1.997997462749481201e-01
8.122850558720529079e-04
3.341836035251617432e-01
2.989776059985160828e-02
1.981475651264190674e-01
1.345746815204620361e-01
9.521701931953430176e-01
4.213477671146392822e-01
1.910704374313354492e-01
8.991662263870239258e-01
2.298680134117603302e-03
7.090865168720483780e-03
2.536662854254245758e-02
1.997959017753601074e-01
8.907878072932362556e-04
8.322180807590484619e-02
2.148663550615310669e-01
2.676515607163310051e-03
2.586648054420948029e-02
5.160989165306091309e-01
5.913131833076477051e-01
2.437372878193855286e-02
5.850734710693359375e-01
3.082321491092443466e-03
1.999449729919433594e-01
2.570877969264984131e-01
1.318463310599327087e-02
3.241067752242088318e-03
3.276949822902679443e-01
4.116404801607131958e-02
1.720476523041725159e-02
3.904962213709950447e-04
4.067516326904296875e-01
5.087399482727050781e-01
1.987439393997192383e-01
5.518444180488586426e-01
4.991691187024116516e-02
2.085500955581665039e-01
5.576234459877014160e-01
9.601653553545475006e-03
1.853035937529057264e-04
2.487617135047912598e-01
3.943126276135444641e-02
2.180849760770797729e-02
4.438231233507394791e-03
4.800724685192108154e-01
3.856664597988128662e-01
3.857036828994750977e-01
5.759193897247314453e-01
1.948447152972221375e-02
2.140857875347137451e-01
6.299304217100143433e-02
6.968500558286905289e-03
1.994307041168212891e-01
2.546370029449462891e-01
9.213566780090332031e-02
4.711238201707601547e-03
2.212820574641227722e-03
1.440928578376770020e-01
2.675658464431762695e-01
3.396420553326606750e-02
4.545936286449432373e-01
1.254163961857557297e-02
2.179465889930725098e-01
5.624021291732788086e-01
5.073951929807662964e-02
2.144294828176498413e-01
2.658402621746063232e-01
4.864873364567756653e-03
4.145601298660039902e-03
3.508937545120716095e-03
4.041239023208618164e-01
5.606160163879394531e-01
4.259510934352874756e-01
4.756370782852172852e-01
4.295396804809570312e-02
2.068990170955657959e-01
5.342843532562255859e-01
1.321594603359699249e-02
2.145143747329711914e-01
3.212670385837554932e-01
4.734930694103240967e-01
2.831073664128780365e-02
3.753062486648559570e-01
6.347329616546630859e-01
4.027969539165496826e-01
1.173955947160720825e-02
5.662578344345092773e-01
3.805606663227081299e-01
3.694797400385141373e-03
4.061864018440246582e-01
3.973500430583953857e-02
7.938262075185775757e-03
4.060028493404388428e-01
1.605237573385238647e-01
8.964231237769126892e-03
2.786469878628849983e-03
7.040959596633911133e-01
3.853394389152526855e-01
3.777622943744063377e-03
4.720880687236785889e-01
2.039301544427871704e-01
5.811415910720825195e-01
2.079163938760757446e-01
1.160337869077920914e-02
2.924460917711257935e-03
2.517077326774597168e-02
3.602354824542999268e-01
1.577289998531341553e-01
1.167700253427028656e-02
8.050299882888793945e-01
4.030535817146301270e-01
3.974214792251586914e-01
2.728967964649200439e-01
1.072804071009159088e-02
2.501849234104156494e-01
8.984923362731933594e-02
4.233951214700937271e-03
4.527938144747167826e-04
4.059928655624389648e-01
1.822726242244243622e-02
2.758164890110492706e-02
3.789098991546779871e-04
7.307708859443664551e-01
3.475624620914459229e-01
3.861159086227416992e-01
2.734537422657012939e-01
1.211213618516921997e-01
2.029471397399902344e-01
3.225016221404075623e-02
9.217027574777603149e-03
7.935601286590099335e-03
2.195869088172912598e-01
2.801035344600677490e-01
1.157391965389251709e-01
5.439042113721370697e-03
4.793308973312377930e-01
2.154022008180618286e-01
3.163579702377319336e-01
1.849346309900283813e-01
2.431021034717559814e-01
1.778395671863108873e-04
2.469836622476577759e-01
2.780666982289403677e-04
1.154681481420993805e-02
2.827806472778320312e-01
7.801239262335002422e-04
3.044407255947589874e-02
1.991650760173797607e-01
5.084505081176757812e-01
3.891315460205078125e-01
4.685092568397521973e-01
5.146557688713073730e-01
6.532366573810577393e-02
1.917454749345779419e-01
1.480670571327209473e-01
2.329847216606140137e-02
7.470579817891120911e-03
2.889750599861145020e-01
7.081717997789382935e-02
2.039964646100997925e-01
9.232746437191963196e-03
4.906176328659057617e-01
5.063186883926391602e-01
2.204934507608413696e-01
1.709332466125488281e-01
2.260835617780685425e-01
2.079483121633529663e-01
4.198206663131713867e-01
2.870691753923892975e-02
1.123836380429565907e-03
5.397052764892578125e-01
4.023623093962669373e-02
2.671302761882543564e-03
1.609034137800335884e-03
3.331481218338012695e-01
3.693588972091674805e-01
1.705832034349441528e-01
2.374758273363113403e-01
7.928232848644256592e-02
2.965348064899444580e-01
4.722585678100585938e-01
1.938303411006927490e-01
5.325639154762029648e-03
3.028762293979525566e-03
2.675079181790351868e-02
1.755093187093734741e-01
3.033039905130863190e-02
6.280533671379089355e-01
5.874280333518981934e-01
7.539142966270446777e-01
1.543048918247222900e-01
7.854302227497100830e-02
6.232757121324539185e-03
5.175159573554992676e-01
1.839768290519714355e-01
1.448542065918445587e-02
1.023607514798641205e-02
6.851357966661453247e-02
2.242558449506759644e-02
2.037174105644226074e-01
3.883264064788818359e-01
6.452123820781707764e-02
3.926142677664756775e-02
4.267027676105499268e-01
1.153407245874404907e-01
9.586043655872344971e-02
4.395838081836700439e-01
9.356177598237991333e-02
6.518362089991569519e-03
2.859133761376142502e-03
1.811656653881072998e-01
5.708507075905799866e-02
1.003012177534401417e-03
2.854290902614593506e-01
7.647095322608947754e-01
1.934327781200408936e-01
5.893663763999938965e-01
3.550040721893310547e-02
1.438108086585998535e-02
4.158767163753509521e-01
4.217884317040443420e-02
2.098088264465332031e-01
4.085242152214050293e-01
6.590275168418884277e-01
3.321854025125503540e-02
2.723425859585404396e-03
2.022127509117126465e-01
3.678212463855743408e-01
3.008428812026977539e-01
4.032921493053436279e-01
5.677378177642822266e-02
2.592002153396606445e-01
3.959886357188224792e-02
3.142713010311126709e-01
3.435808466747403145e-04
3.443957865238189697e-02
3.466629385948181152e-01
2.991172298789024353e-02
6.509740371257066727e-03
3.263575434684753418e-01
6.012967824935913086e-01
3.128231465816497803e-01
1.208310201764106750e-01
1.202001273632049561e-01
4.890114814043045044e-02
1.226792037487030029e-01
9.118183515965938568e-04
2.627038164064288139e-03
2.931878566741943359e-01
1.237858552485704422e-02
1.132142543792724609e-02
3.271731315180659294e-03
2.829656004905700684e-01
4.623794853687286377e-01
2.146019488573074341e-01
3.268267512321472168e-01
3.275721147656440735e-02
3.887659907341003418e-01
5.255264043807983398e-01
4.586505517363548279e-02
7.713236982453963719e-07
3.203756511211395264e-01
2.208701372146606445e-01
4.797468136530369520e-04
9.743934788275510073e-05
7.950311303138732910e-01
2.130926549434661865e-01
2.015378884971141815e-02
2.846365571022033691e-01
2.745802700519561768e-01
2.154687419533729553e-02
4.372180700302124023e-01
6.200326234102249146e-02
1.971188783645629883e-01
2.909466028213500977e-01
2.572707533836364746e-01
4.936692416667938232e-01
2.265070378780364990e-02
3.373624980449676514e-01
2.054830789566040039e-01
1.041766852140426636e-01
4.338620901107788086e-01
5.136325210332870483e-02
6.706826388835906982e-02
3.813296258449554443e-01
1.148517131805419922e-01
2.182822525501251221e-01
6.170307751744985580e-03
1.707030087709426880e-02
3.235742449760437012e-01
2.721970900893211365e-03
4.067444503307342529e-01
2.338029146194458008e-01
2.292357981204986572e-01
2.448458373546600342e-01
3.577621281147003174e-01
9.327601641416549683e-03
2.190095931291580200e-01
5.158410221338272095e-02
2.114927470684051514e-01
7.344858720898628235e-03
2.691745460033416748e-01
3.692279458045959473e-01
6.378109101206064224e-04
3.410057723522186279e-01
6.145928502082824707e-01
2.040148079395294189e-01
5.277521014213562012e-01
4.384946823120117188e-02
4.083999395370483398e-01
5.932530760765075684e-01
3.686588723212480545e-03
2.121140947565436363e-03
1.193696167320013046e-02
3.704565465450286865e-01
3.796238452196121216e-02
6.108272820711135864e-03
5.875539779663085938e-01
4.784409701824188232e-01
2.965493127703666687e-02
4.229712486267089844e-01
4.131481051445007324e-01
5.686160922050476074e-02
6.332201361656188965e-01
1.270254403352737427e-01
2.076352387666702271e-01
1.875638812780380249e-01
3.386050760746002197e-01
1.311307549476623535e-01
1.906083663925528526e-03
5.534503459930419922e-01
2.401940524578094482e-01
1.280957162380218506e-01
4.101292490959167480e-01
8.706274628639221191e-02
4.531558156013488770e-01
3.333703428506851196e-02
2.710968628525733948e-02
8.877255022525787354e-03
1.085186563432216644e-02
4.081585407257080078e-01
4.595993086695671082e-02
2.330882707610726357e-03
4.001890718936920166e-01
5.954465866088867188e-01
5.093268677592277527e-02
3.951880335807800293e-01
1.042310968041419983e-01
3.688060119748115540e-02
1.735351607203483582e-02
2.040872573852539062e-01
1.600792706012725830e-01
1.231110841035842896e-02
7.598930597305297852e-02
1.422157138586044312e-01
2.028137743473052979e-01
5.170664787292480469e-01
1.954265385866165161e-01
4.160378011874854565e-05
4.551209509372711182e-01
4.482252597808837891e-01
2.335941940546035767e-01
4.807738587260246277e-02
2.283086925745010376e-01
1.365801393985748291e-01
2.824178710579872131e-02
1.309333927929401398e-02
1.901102960109710693e-01
2.310080220922827721e-03
8.431135416030883789e-01
3.198185265064239502e-01
3.274111747741699219e-01
3.963460922241210938e-01
1.645771861076354980e-01
2.033126652240753174e-01
2.180044248234480619e-04
4.612562060356140137e-02
3.547141700983047485e-02
1.402185764163732529e-02
2.884242869913578033e-02
2.003834247589111328e-01
3.072173334658145905e-03
6.716179251670837402e-01
3.384823799133300781e-01
3.250000476837158203e-01
4.745745360851287842e-01
4.023198410868644714e-02
1.851839423179626465e-01
2.451064437627792358e-01
9.778581559658050537e-02
5.265889689326286316e-03
4.149414896965026855e-01
1.361985318362712860e-02
4.470872879028320312e-02
2.609602175652980804e-03
2.379514873027801514e-01
3.367854654788970947e-01
1.259669214487075806e-01
6.435700058937072754e-01
4.073885083198547363e-02
4.483568947762250900e-03
5.974012613296508789e-02
1.858622729778289795e-01
1.639687269926071167e-01
2.839896478690207005e-04
1.452662516385316849e-02
2.033664286136627197e-02
7.216510828584432602e-03
4.538372755050659180e-01
2.078667432069778442e-01
2.789658494293689728e-02
4.409805536270141602e-01
7.715313136577606201e-02
2.001010440289974213e-02
2.702791243791580200e-02
3.246296346187591553e-01
5.524683743715286255e-03
2.488348186016082764e-01
5.215547513216733932e-03
4.635737277567386627e-03
2.397673903033137321e-03
2.474067360162734985e-01
8.773134648799896240e-02
1.314462861046195030e-03
7.429335117340087891e-01
7.221111655235290527e-02
2.036096900701522827e-01
2.261041402816772461e-01
5.522195100784301758e-01
1.864447742700576782e-01
4.302843809127807617e-01
1.275175660848617554e-01
1.994250267744064331e-01
7.597403600811958313e-03
5.230734348297119141e-01
3.580708503723144531e-01
2.443808466196060181e-01
5.904433727264404297e-01
9.337528049945831299e-02
3.153280913829803467e-02
1.507952809333801270e-02
4.858458936214447021e-01
2.839702880010008812e-03
2.071720957756042480e-01
9.903979301452636719e-02
1.882296055555343628e-01
1.009757033898495138e-04
3.767136335372924805e-01
3.126091063022613525e-01
8.629791438579559326e-02
4.790663421154022217e-01
1.978465542197227478e-02
3.081100285053253174e-01
2.062819153070449829e-01
5.686759948730468750e-01
3.964369893074035645e-01
4.017682075500488281e-01
5.393177270889282227e-01
1.257549524307250977e-01
1.741851866245269775e-02
5.326904058456420898e-01
3.981817364692687988e-01
1.339496113359928131e-03
4.375279247760772705e-01
5.285877361893653870e-02
2.208108603954315186e-01
1.307421326637268066e-01
2.960641682147979736e-01
2.033308148384094238e-01
2.039997577667236328e-01
4.363438487052917480e-01
4.323482140898704529e-02
2.041621357202529907e-01
6.286490559577941895e-01
6.028000637888908386e-02
2.382806688547134399e-02
3.723022937774658203e-01
1.096793860197067261e-01
2.058058977127075195e-02
1.021890901029109955e-02
5.817472338676452637e-01
1.925570219755172729e-01
6.974696367979049683e-02
4.854888021945953369e-01
4.788777977228164673e-02
8.421329781413078308e-03
6.006640791893005371e-01
1.959034204483032227e-01
5.415717512369155884e-02
5.738033652305603027e-01
2.290732711553573608e-01
5.014144256711006165e-02
2.444771081209182739e-01
4.262872338294982910e-01
1.995938867330551147e-01
4.281968772411346436e-01
3.160651773214340210e-02
6.791815161705017090e-03
5.140638677403330803e-04
4.666197896003723145e-01
2.904856801033020020e-01
9.292679280042648315e-02
1.925388574600219727e-01
4.099915921688079834e-02
5.080948770046234131e-02
1.997868567705154419e-01
9.133112430572509766e-02
7.469929009675979614e-02
4.394270945340394974e-04
3.360513225197792053e-02
1.048424001783132553e-02
2.088569663465023041e-02
3.011704981327056885e-01
2.334060370922088623e-01
1.890976727008819580e-01
2.498188018798828125e-01
2.416520267724990845e-01
2.448170632123947144e-02
2.576472759246826172e-01
5.262444615364074707e-01
4.208579286932945251e-02
5.982107482850551605e-03
3.264682590961456299e-01
3.941507041454315186e-01
6.695761112496256828e-05
6.774401068687438965e-01
2.899039387702941895e-01
4.453207850456237793e-01
4.828355610370635986e-01
5.084577947854995728e-02
1.808572560548782349e-01
2.476075664162635803e-02
5.668129324913024902e-01
1.296676993370056152e-01
2.724703401327133179e-03
2.903137505054473877e-01
2.245538383722305298e-01
2.016098052263259888e-01
5.926334261894226074e-01
6.161804199218750000e-01
4.368438422679901123e-01
1.571172773838043213e-01
7.572508603334426880e-02
3.294056281447410583e-02
6.228124722838401794e-02
2.541216611862182617e-01
4.738566465675830841e-03
3.565578081179410219e-04
2.033552974462509155e-01
1.867361739277839661e-02
4.430788685567677021e-04
4.417287409305572510e-01
2.045263499021530151e-01
1.998404711484909058e-01
6.961902379989624023e-01
2.537487149238586426e-01
2.417514845728874207e-02
4.127604141831398010e-02
3.024595677852630615e-01
1.241345256567001343e-01
1.070515159517526627e-02
3.860069811344146729e-02
6.229706574231386185e-03
1.507723182439804077e-01
5.165525674819946289e-01
4.964057803153991699e-01
6.023228168487548828e-03
6.010270118713378906e-01
6.367919594049453735e-02
1.332597285509109497e-01
2.301121205091476440e-01
1.348756253719329834e-01
2.727631106972694397e-02
1.868178397417068481e-01
2.483544200658798218e-01
9.816940128803253174e-02
3.590802429243922234e-03
5.291563272476196289e-01
7.040247321128845215e-01
3.500459492206573486e-01
3.245494961738586426e-01
9.473298490047454834e-02
2.098274230957031250e-01
1.745097190141677856e-01
4.754715859889984131e-01
3.674163296818733215e-02
2.073374092578887939e-01
5.717365145683288574e-01
1.048696711659431458e-01
1.878345385193824768e-02
8.472257256507873535e-01
5.478895306587219238e-01
3.661122545599937439e-02
4.534971117973327637e-01
1.551478207111358643e-01
2.101150155067443848e-01
2.800199575722217560e-02
2.443254739046096802e-01
6.119009107351303101e-02
1.090714428573846817e-02
8.868979290127754211e-03
1.050833705812692642e-02
2.639181213453412056e-03
4.272962808609008789e-01
3.180247545242309570e-01
2.001403570175170898e-01
3.316560387611389160e-01
8.574873208999633789e-02
2.243809998035430908e-01
6.575725506991147995e-03
4.089060425758361816e-01
8.209989964962005615e-02
3.938902914524078369e-02
1.402157098054885864e-01
1.296366378664970398e-02
2.314548492431640625e-01
4.482976496219635010e-01
1.550866514444351196e-01
1.931734979152679443e-01
2.731558382511138916e-01
4.221048951148986816e-02
1.231585443019866943e-02
2.110875844955444336e-01
4.195109009742736816e-01
6.121315807104110718e-02
7.330895215272903442e-02
7.968899793922901154e-03
1.905575394630432129e-02
9.858300909399986267e-04
4.415163397789001465e-01
1.525606662034988403e-01
3.872185945510864258e-01
4.912923574447631836e-01
2.279669344425201416e-01
2.542879432439804077e-02
6.099984238971956074e-05
4.260626733303070068e-01
2.606298401951789856e-02
3.257340192794799805e-01
3.068459928035736084e-01
2.628293037414550781e-01
1.132415723986923695e-03
2.775650918483734131e-01
1.647930145263671875e-01
5.965836048126220703e-01
4.919640123844146729e-01
5.564353615045547485e-02
4.165066778659820557e-01
1.284948829561471939e-02
5.673461556434631348e-01
3.926887363195419312e-02
2.098990231752395630e-01
1.858356408774852753e-03
4.418299198150634766e-01
1.692784018814563751e-02
8.165116310119628906e-01
7.380501925945281982e-02
7.492108643054962158e-02
5.949450731277465820e-01
7.042934000492095947e-02
4.559861123561859131e-02
2.379270456731319427e-02
6.060724258422851562e-01
1.352509856224060059e-01
5.076482519507408142e-02
2.086644172668457031e-01
4.995698332786560059e-01
9.454728662967681885e-02
