1.373619130776765340e-01
1.026140525399778930e-01
1.164134693183139224e-01
1.840018774406090851e-01
2.007947330107876516e-01
9.505146642410321201e-02
1.679067339461583486e-01
2.101307713847535841e-01
2.012493157526478171e-01
1.583865292441959671e-01
1.499487277766582694e-01
1.747508295811712742e-01
1.306098827979160215e-01
2.787329472171572453e-01
1.089572335947125853e-01
1.719145801255658190e-01
1.883152917927453374e-01
1.526573519222438335e-01
1.659041355865505940e-01
2.295688503460946994e-01
2.661353627828738078e-01
1.708452977562466557e-01
2.180094999359705743e-01
1.507063607344976963e-01
1.577196479775011539e-01
1.692031575366854668e-01
2.959873750089452860e-01
1.508990551418929182e-01
2.564382702112197876e-01
1.846429368910881275e-01
2.843946664629933840e-01
2.309772280546334988e-01
2.757839649275410920e-01
2.024075743527366522e-01
2.574550634823166151e-01
2.565822104135385140e-01
2.650596258194687360e-01
1.903217690638624726e-01
1.938894525027045901e-01
1.888360623270273209e-01
2.008500885343752207e-01
2.434965560499292025e-01
2.706761308027825219e-01
1.981839133748928006e-01
2.540188606541890493e-01
2.324269816565971980e-01
2.098868083781920968e-01
2.848979309201240540e-01
2.674660665484575039e-01
1.902167295920662582e-01
2.632837188071929235e-01
2.396247537376788861e-01
2.840541990903707736e-01
2.854128008565077201e-01
3.002376779913902283e-01
2.452610400505363941e-01
2.736227202157561766e-01
2.537139051307279458e-01
3.026212407936467175e-01
2.241860870271921158e-01
2.143317567757689057e-01
2.055251669998352237e-01
3.280503149054801448e-01
2.143299061661729510e-01
3.235239042685582045e-01
1.884121002199558026e-01
2.727662264011226911e-01
2.174895316219100649e-01
3.174640735053869123e-01
1.902578391667562874e-01
2.650119269696565860e-01
2.859672710586052546e-01
2.306343087066824726e-01
2.459294256539298895e-01
2.855032782715100637e-01
2.380415086562816807e-01
2.413974991784645918e-01
1.916571059980644587e-01
2.005235572847036130e-01
2.579907058881452664e-01
2.087019840971781615e-01
2.417851566480329339e-01
2.189236440910742876e-01
3.176599328334515082e-01
2.501975828423522730e-01
2.739741270645306703e-01
2.944454793245173674e-01
2.489894949685549363e-01
2.367450806957024922e-01
2.359576009643765682e-01
2.814690836060505519e-01
2.487203391770330674e-01
2.660787165738068838e-01
2.158939692263419918e-01
2.962056242216091761e-01
2.883323555668959037e-01
2.134715978396483360e-01
2.692936463997914198e-01
3.571529577557857049e-01
2.616393412821568232e-01
2.604952656592314231e-01
