3.009495968715502623e-01
2.630696758317823680e-01
2.318022723745273850e-01
2.377388231367289217e-01
2.581764662288780765e-01
9.533085762408378960e-02
3.278750500791760003e-01
2.355772762144064947e-01
2.313453822673461890e-01
2.415543167511574330e-01
2.978448017756119004e-01
2.740998911456419829e-01
2.299143502498806613e-01
5.307467157164444949e-01
4.176613245791276352e-01
3.728835301735671237e-01
4.116536611512016663e-01
3.708873221420127542e-01
5.236310511066292195e-01
3.884104177078160358e-01
3.008112056914586940e-01
4.319167528211927398e-01
4.101805180096282366e-01
4.207331647384517925e-01
4.385715086066808710e-01
3.212113844618635361e-01
7.247557791952903283e-01
4.181332482347407953e-01
6.919704058135931479e-01
5.046346494928002357e-01
6.192953050709687490e-01
5.042744884804750694e-01
7.446317225694656372e-01
6.192537175778013436e-01
5.566356049161046426e-01
7.101857865659090274e-01
7.853565575698246981e-01
3.249290501942140863e-01
2.809332488573440534e-01
1.729213229325698431e-01
3.382513188894685774e-01
3.645449797442206763e-01
3.742563895585380163e-01
2.433974581827687278e-01
4.147907424555272171e-01
4.283176616353067678e-01
3.455620246680924934e-01
2.560408033323955390e-01
5.177462360006757081e-01
6.413849612268117673e-01
3.191588264257566587e-01
6.037063943222165108e-01
6.217941102979518408e-01
6.517958423982446181e-01
6.168372334303477977e-01
6.501743985416117422e-01
6.958504145105297578e-01
6.312167388028823156e-01
5.478542495805484025e-01
3.202295786110110898e-01
5.954746108215588363e-01
4.759475657505950474e-01
3.368708592145664427e-01
4.794872889402680416e-01
4.784310547849879858e-01
4.952272684492457500e-01
4.440505985672084099e-01
3.236479416507511142e-01
5.572785356332763396e-01
5.538312752301303155e-01
7.650005983618589633e-01
6.660051712623009657e-01
6.687841658981946713e-01
6.493011426467162339e-01
5.854277656628534832e-01
3.857524711088794467e-01
4.787269557038179024e-01
3.287851856506537329e-01
6.146292321097391875e-01
5.083788357056059359e-01
4.456865451334474093e-01
5.721016554636242368e-01
4.617494057439706645e-01
6.754241345020440823e-01
7.767347074471987467e-01
6.033845811482303478e-01
5.948425314989156387e-01
4.667429474726444427e-01
5.652886510249047758e-01
7.028473532473771268e-01
6.535835559838093500e-01
7.576161302053011637e-01
5.709182683091896804e-01
4.378981679104841929e-01
7.176796309649944305e-01
8.400771251091589953e-01
6.999187873533139204e-01
5.473564603867439038e-01
8.027723225263448947e-01
6.559995258083710645e-01
6.757578657796750043e-01
