1.220193080371245742e-04
9.999885559082031250e-01
2.180940471589565277e-02
9.364866018295288086e-01
9.541000723838806152e-01
9.951933026313781738e-01
2.311884053051471710e-02
4.674736876040697098e-03
4.268121421337127686e-01
9.638059139251708984e-01
9.983257055282592773e-01
7.083802483975887299e-05
5.268137529492378235e-02
1.089269135263748467e-04
9.999990463256835938e-01
6.723430156707763672e-01
2.768403589725494385e-01
3.099697828292846680e-02
9.950836300849914551e-01
8.906985074281692505e-02
3.828135132789611816e-01
3.171886205673217773e-01
9.901088476181030273e-01
2.712383680045604706e-02
4.500222951173782349e-02
9.986129999160766602e-01
9.662055526860058308e-05
5.219500744715332985e-04
9.999964237213134766e-01
2.934029680545791052e-06
1.671903301030397415e-04
9.999715685844421387e-01
1.066435128450393677e-01
1.390572357922792435e-02
4.472379805520176888e-05
8.575469255447387695e-03
2.791348844766616821e-02
4.531264858087524772e-05
3.912137617589905858e-05
4.589378193031734554e-07
1.545898339827544987e-05
9.999938011169433594e-01
8.695511221885681152e-01
1.523444196209311485e-03
9.946621060371398926e-01
2.384747751057147980e-02
8.153210282325744629e-01
1.359699517488479614e-01
8.769046068191528320e-01
9.621475934982299805e-01
2.006037248065695167e-04
3.460697829723358154e-02
5.978868808597326279e-03
1.050597653318163793e-08
9.999991655349731445e-01
6.325593590736389160e-02
7.448889315128326416e-02
9.942646026611328125e-01
6.181563735008239746e-01
1.290467381477355957e-02
1.455690525472164154e-02
9.894261956214904785e-01
8.468354940414428711e-01
3.451254367828369141e-01
3.975906372070312500e-01
1.355940185021609068e-04
3.740629472304135561e-04
9.999988079071044922e-01
1.661502420902252197e-01
1.055682823061943054e-01
9.151261448860168457e-01
9.019355475902557373e-02
2.845509164035320282e-02
6.221354706212878227e-04
5.067576239525806159e-06
4.048070870339870453e-03
9.472523815929889679e-04
1.027676044031977654e-04
5.325252277543768287e-05
1.901335199363529682e-04
9.999820590019226074e-01
5.475008115172386169e-02
1.735337573336437345e-04
1.135677099227905273e-01
9.957366585731506348e-01
6.593478610739111900e-04
1.020630152197554708e-04
9.395710229873657227e-01
9.912853240966796875e-01
1.678669796092435718e-04
1.379794753120222595e-06
1.241267542354762554e-03
2.331248112022876740e-02
9.999977350234985352e-01
2.058716863393783569e-01
9.418869614601135254e-01
5.578438639640808105e-01
9.950199723243713379e-01
7.725678384304046631e-02
2.667727880179882050e-03
3.636574605479836464e-03
3.753844648599624634e-02
2.464366261847317219e-04
1.570515305502340198e-04
6.314332713373005390e-04
2.864846010197652504e-06
9.999989867210388184e-01
8.313689380884170532e-02
7.886330783367156982e-02
8.553099469281733036e-04
9.944390058517456055e-01
7.568429708480834961e-01
4.781782161444425583e-03
9.887760877609252930e-01
9.917902350425720215e-01
2.746778428554534912e-01
2.328068204224109650e-02
3.035137888218741864e-05
3.857403953588800505e-06
9.999991655349731445e-01
4.071413874626159668e-01
1.596563756465911865e-01
8.655898272991180420e-04
9.950425624847412109e-01
8.567452430725097656e-01
4.541901051998138428e-01
6.381589174270629883e-02
9.650388732552528381e-03
1.661030575633049011e-02
1.190114417113363743e-03
7.379266662610461935e-06
4.783417352882679552e-06
9.999995231628417969e-01
8.466877937316894531e-01
4.959846138954162598e-01
6.576003879308700562e-02
9.951496124267578125e-01
4.287030175328254700e-02
1.229530423879623413e-01
1.293737888336181641e-01
9.907648563385009766e-01
5.659458693116903305e-04
1.467355905333533883e-04
1.117491396144032478e-03
8.895351784303784370e-04
9.999992251396179199e-01
3.915749192237854004e-01
7.971067428588867188e-01
2.346154451370239258e-01
9.950082302093505859e-01
4.667612314224243164e-01
9.627045691013336182e-02
5.365108326077461243e-02
9.898881316184997559e-01
2.634160593152046204e-02
1.078440618584863842e-04
1.601309486432000995e-04
8.956131059676408768e-04
9.999993443489074707e-01
2.793145775794982910e-01
1.302703320980072021e-01
1.184321120381355286e-01
9.949722290039062500e-01
1.099040210247039795e-01
1.705350428819656372e-01
6.378659605979919434e-02
9.905548095703125000e-01
2.744521014392375946e-02
8.116099834442138672e-01
9.964276552200317383e-01
9.884601831436157227e-01
8.540298938751220703e-01
2.875715121626853943e-02
1.027298793196678162e-01
9.865390658378601074e-01
2.451262772083282471e-01
6.272854804992675781e-01
6.105593591928482056e-02
9.783363342285156250e-01
1.828476339578628540e-01
2.055437862873077393e-01
9.999839663505554199e-01
8.988370746374130249e-02
1.090714795282110572e-05
8.526534773409366608e-03
5.128544289618730545e-04
6.486399070126935840e-05
2.317943653906695545e-05
2.914684591814875603e-04
3.824717714451253414e-04
4.396490403451025486e-04
3.938044828828424215e-04
1.586203277111053467e-02
1.863120814959984273e-05
5.852294634678401053e-05
3.508108202368021011e-03
5.280880257487297058e-03
9.922310113906860352e-01
5.879272976017091423e-06
2.846924689947627485e-05
9.933522343635559082e-01
3.163313493132591248e-02
2.681870013475418091e-03
2.095321406159200706e-06
1.738158613443374634e-02
1.522682607173919678e-01
1.469647279009222984e-03
4.007193155075583491e-08
9.794513583183288574e-01
2.410815113762510009e-06
9.936498999595642090e-01
7.873551845550537109e-01
3.265331906732171774e-05
9.899660348892211914e-01
2.404944598674774170e-01
1.721155457198619843e-02
1.703792600892484188e-03
9.881337173283100128e-03
2.777614258229732513e-02
1.403139322064816952e-04
7.722808718681335449e-01
9.329051971435546875e-01
9.409490303369238973e-05
9.948121905326843262e-01
4.343168437480926514e-02
7.069531083106994629e-02
9.695445299148559570e-01
5.221232399344444275e-02
2.646972192451357841e-03
5.737722665071487427e-02
1.596437869011424482e-05
3.211443079635500908e-03
8.998556993901729584e-03
3.066670149564743042e-03
2.052500844001770020e-02
7.852195412851870060e-04
9.959912300109863281e-01
2.547203190624713898e-02
1.929006539285182953e-04
1.835534749261569232e-05
9.912672638893127441e-01
1.040427945554256439e-03
3.750073665287345648e-05
9.802003502845764160e-01
9.187581539154052734e-01
2.820166992023587227e-04
2.766525176411960274e-05
9.949971437454223633e-01
4.755314905196428299e-03
9.943174123764038086e-01
1.424042284488677979e-01
8.190817832946777344e-01
4.668846428394317627e-01
9.873165488243103027e-01
1.191174387931823730e-01
3.740544617176055908e-02
1.618756214156746864e-03
4.166197404265403748e-02
8.761920616962015629e-05
9.218904888257384300e-04
9.579315185546875000e-01
3.633273536252090707e-06
9.927364587783813477e-01
7.217976450920104980e-02
7.495418190956115723e-02
2.489018253982067108e-02
9.866571426391601562e-01
8.236175775527954102e-01
1.664518378674983978e-03
9.787251949310302734e-01
9.953569769859313965e-01
8.456732034683227539e-01
8.859474956989288330e-02
9.979474544525146484e-01
4.935615288559347391e-05
9.928288459777832031e-01
7.982993125915527344e-01
1.089527308940887451e-01
3.765887022018432617e-01
9.894741773605346680e-01
8.054616451263427734e-01
1.137610077857971191e-01
2.661769986152648926e-01
5.030418746173381805e-03
1.145056486129760742e-01
1.641333289444446564e-02
9.979944229125976562e-01
5.091916769742965698e-03
9.950114488601684570e-01
7.835637927055358887e-01
6.615956127643585205e-02
2.534885704517364502e-02
9.886686801910400391e-01
2.753720432519912720e-02
7.328662276268005371e-02
6.740958988666534424e-02
9.808506965637207031e-01
7.581402361392974854e-02
1.652575796470046043e-03
9.974137544631958008e-01
6.337210652418434620e-04
9.950120449066162109e-01
3.558852970600128174e-01
3.393174335360527039e-02
2.256480976939201355e-02
9.885002970695495605e-01
6.501100659370422363e-01
7.049592584371566772e-02
4.577834904193878174e-02
9.386513829231262207e-01
7.533381134271621704e-02
2.587588690221309662e-02
9.786467552185058594e-01
2.892615214022953296e-07
9.924387335777282715e-01
3.530079871416091919e-02
4.200068488717079163e-02
1.379993408918380737e-01
9.880260825157165527e-01
5.915349721908569336e-01
1.724284440279006958e-01
9.893186390399932861e-03
9.803707599639892578e-01
4.466528445482254028e-02
9.255051016807556152e-01
9.996592998504638672e-01
9.733367562294006348e-01
1.548678986728191376e-02
3.393805772066116333e-02
6.864662468433380127e-02
6.357434358505997807e-06
1.374926359858363867e-04
3.896551951766014099e-02
6.962061161175370216e-04
2.755689783953130245e-04
1.140174299507634714e-05
2.274534292519092560e-02
3.644605021690949798e-05
2.008436173200607300e-01
1.740078181028366089e-01
9.911062717437744141e-01
1.526589738205075264e-03
3.123010043054819107e-03
9.914281964302062988e-01
7.841356396675109863e-01
4.568598866462707520e-01
2.006263704970479012e-03
8.833804167807102203e-03
9.829761981964111328e-01
8.781733512878417969e-01
3.937692195177078247e-02
9.969694614410400391e-01
9.906492829322814941e-01
9.932901263236999512e-01
2.991923987865447998e-01
5.032295666751451790e-05
9.829397201538085938e-01
6.257833242416381836e-01
5.066524147987365723e-01
3.449251651763916016e-01
9.647860527038574219e-01
9.951477050781250000e-01
9.385620951652526855e-01
9.754527807235717773e-01
9.952074885368347168e-01
9.854657053947448730e-01
9.930484294891357422e-01
1.689883768558502197e-01
7.110182195901870728e-02
9.826919436454772949e-01
5.472567677497863770e-02
8.456247448921203613e-01
4.646130371838808060e-03
9.558624625205993652e-01
9.990938305854797363e-01
9.660053253173828125e-01
8.852174878120422363e-01
8.764824271202087402e-01
6.536640226840972900e-02
9.604405164718627930e-01
3.224740177392959595e-02
1.174568310379981995e-01
3.888643085956573486e-01
6.828698678873479366e-05
1.397842634469270706e-02
3.933202475309371948e-03
6.267177013796754181e-06
1.411901088431477547e-03
5.782280489802360535e-02
1.602776028448715806e-04
1.954360157251358032e-01
1.264873705804347992e-02
9.955383539199829102e-01
8.774564415216445923e-02
2.132430300116539001e-02
1.694336067885160446e-03
9.845030307769775391e-01
5.249392124824225903e-04
1.911227882374078035e-04
9.836775660514831543e-01
9.855191707611083984e-01
3.123997896909713745e-02
2.455946523696184158e-03
9.906272292137145996e-01
9.780333638191223145e-01
9.931373596191406250e-01
8.950388059020042419e-03
7.865456491708755493e-02
1.424737274646759033e-01
9.821652770042419434e-01
5.791383981704711914e-01
3.216551151126623154e-03
9.668772220611572266e-01
6.491332650184631348e-01
8.497990369796752930e-01
1.219093147665262222e-02
9.914761185646057129e-01
9.784174561500549316e-01
9.927389621734619141e-01
8.514746092259883881e-03
7.068514823913574219e-02
5.082123726606369019e-02
9.853057861328125000e-01
7.476356029510498047e-01
1.206089043989777565e-03
9.758663177490234375e-01
9.987551569938659668e-01
2.967176493257284164e-03
4.266290488885715604e-05
9.117122292518615723e-01
4.292117357254028320e-01
9.890681505203247070e-01
7.892363704741001129e-03
6.411164253950119019e-02
5.276562571525573730e-01
9.877980351448059082e-01
5.155598521232604980e-01
4.133090842515230179e-03
7.869981229305267334e-02
5.328220874071121216e-02
2.717208862304687500e-02
8.123714942485094070e-04
9.758566021919250488e-01
7.865895032882690430e-01
9.900901317596435547e-01
7.547572255134582520e-03
5.943420156836509705e-02
8.101793378591537476e-02
9.884708523750305176e-01
4.853634536266326904e-02
3.369463086128234863e-01
1.665582507848739624e-01
9.804697632789611816e-01
2.374907955527305603e-02
2.208122760057449341e-01
9.932975769042968750e-01
9.758229255676269531e-01
9.895205497741699219e-01
8.019395172595977783e-03
7.196217775344848633e-02
7.292079329490661621e-01
9.875217676162719727e-01
9.134200811386108398e-01
3.170112147927284241e-02
5.007293820381164551e-02
9.801106452941894531e-01
6.746601462364196777e-01
2.071273280307650566e-03
9.329265356063842773e-01
9.759430885314941406e-01
9.870476722717285156e-01
8.918110281229019165e-03
4.615462198853492737e-02
6.879537552595138550e-02
9.861168861389160156e-01
7.097223401069641113e-02
3.041212074458599091e-02
4.783093929290771484e-02
9.787052869796752930e-01
9.986855983734130859e-01
8.149494528770446777e-01
9.973697662353515625e-01
9.999772310256958008e-01
8.133437037467956543e-01
4.015138372778892517e-03
4.747956618666648865e-02
5.213643561319258879e-08
3.640752197497931775e-07
4.288610853109275922e-06
2.033108612522482872e-04
4.167073655025888002e-07
4.866964165017861887e-09
3.017554206508066272e-08
2.242677652475322247e-07
1.491676867008209229e-01
2.880092859268188477e-01
5.157525720278499648e-06
3.719700034707784653e-03
2.755588411673670635e-06
5.794617027277126908e-05
3.057149588130414486e-04
9.140338806901127100e-05
9.207633411278948188e-06
5.897424853174015880e-05
1.788541488349437714e-02
2.385607454925775528e-03
6.542256596731022000e-05
9.974199533462524414e-01
6.096697449684143066e-01
8.838825225830078125e-01
1.128744706511497498e-02
1.101542450487613678e-02
3.566587110981345177e-06
2.370643051108345389e-05
4.418262280523777008e-03
9.114571148529648781e-04
1.644682197365909815e-04
3.455243586358847097e-06
3.743614070117473602e-04
5.531333154067397118e-04
4.772534668445587158e-01
9.604064226150512695e-01
3.420904874801635742e-01
1.052322238683700562e-02
3.392199426889419556e-02
8.046209067106246948e-02
1.558053120970726013e-02
2.574265818111598492e-04
2.356397919356822968e-03
1.100061217584880069e-05
3.512814600981073454e-06
3.698387672557146288e-06
1.573816116433590651e-04
9.953671693801879883e-01
9.931184053421020508e-01
7.298327684402465820e-01
1.328626461327075958e-02
8.986928500235080719e-03
5.619015544652938843e-02
7.682487458693376681e-12
6.576724263140931726e-05
1.781867700628936291e-03
6.171378572616958991e-07
5.508453568836557679e-07
5.345585805116570555e-07
7.542205821664538234e-06
1.131553947925567627e-01
8.065588027238845825e-02
2.029084680543746799e-05
6.194563582539558411e-03
1.320282113738358021e-03
4.084737520315684378e-05
2.514188177883625031e-03
8.075463585555553436e-03
8.055814646468206774e-07
2.232471597380936146e-04
2.199206687510013580e-02
2.241793117718771100e-04
5.701990085071884096e-05
9.979401826858520508e-01
5.408197641372680664e-01
9.904385805130004883e-01
2.299272827804088593e-02
2.105889469385147095e-02
1.726159304380416870e-01
3.035203008039388806e-06
9.192641300614923239e-05
4.068453854415565729e-04
4.287987831048667431e-04
4.041901320306351408e-06
1.939250651048496366e-04
3.615222231019288301e-04
4.261862039566040039e-01
5.105754360556602478e-03
9.236225741915404797e-05
3.884990885853767395e-02
1.377909071743488312e-02
4.241616930812597275e-03
5.626809524983400479e-06
1.885467767715454102e-02
2.108312770724296570e-02
1.330172643065452576e-03
2.977987751364707947e-04
6.175218820571899414e-01
2.758526898105628788e-05
2.674172520637512207e-01
4.843132570385932922e-03
2.450852298352401704e-05
1.384366024285554886e-02
6.072836928069591522e-03
3.003582969540730119e-05
2.685344661585986614e-04
1.196555607020854950e-02
1.255094306543469429e-03
2.728253020904958248e-04
7.597126532346010208e-04
2.429735559417167678e-06
2.148953208234161139e-04
6.093401312828063965e-01
3.864881992340087891e-01
1.349501053482526913e-05
1.474486663937568665e-02
9.666115045547485352e-03
6.075220182538032532e-03
9.602024510968476534e-05
1.011462602764368057e-02
2.263949863845482469e-04
2.095380477840080857e-04
5.284709623083472252e-04
5.088950041681528091e-03
2.494010259397327900e-04
9.998891949653625488e-01
7.373006939888000488e-01
9.800094962120056152e-01
1.623372919857501984e-02
1.965882256627082825e-02
1.110365837812423706e-01
5.423156835604459047e-06
1.907225465402007103e-03
7.197931408882141113e-01
9.879353046417236328e-01
1.717071747407317162e-03
2.341622457606717944e-04
9.308508597314357758e-04
2.252866141498088837e-02
1.564586273161694407e-04
9.709331152407685295e-07
9.924597740173339844e-01
4.755130248668137938e-06
9.870445728302001953e-01
1.688424050807952881e-01
3.737063670996576548e-04
1.234111095982370898e-06
1.937808841466903687e-02
1.920964452438056469e-03
1.872151624411344528e-03
6.400819643204158638e-07
1.639473587274551392e-01
2.302883379161357880e-02
5.555716052185744047e-05
9.891139268875122070e-01
1.410194672644138336e-04
9.814482331275939941e-01
7.736247777938842773e-01
3.208527341485023499e-02
1.657547801733016968e-02
2.870047837495803833e-02
8.742394447326660156e-01
8.087560534477233887e-02
9.219117462635040283e-02
1.811837032437324524e-02
3.720592334866523743e-02
2.333320211619138718e-03
8.650355935096740723e-01
2.556534309405833483e-04
8.797674672678112984e-04
1.695821556495502591e-04
9.212810141434601974e-07
4.120729954593116418e-06
2.016686595496253176e-09
9.276350243503372894e-10
2.118391151384457771e-08
9.824506719269265886e-08
1.932824496179819107e-03
8.436212738160975277e-06
1.821505293264635839e-07
9.988460540771484375e-01
2.721388955251313746e-05
1.092534876079298556e-05
9.977846145629882812e-01
1.571257780597079545e-05
7.582902981084771454e-06
9.966107010841369629e-01
1.178267877548933029e-02
3.088955418206751347e-04
7.050266503938473761e-06
2.757895039394497871e-03
2.254655555589124560e-05
1.001178475235064980e-06
9.564218521118164062e-01
1.863538091129157692e-05
7.356558171522920020e-07
9.725043773651123047e-01
8.376566171646118164e-01
1.618195852870485396e-07
1.813385337591171265e-01
3.389266505837440491e-02
2.530573983676731586e-04
1.666616356033046031e-07
7.307088002562522888e-03
2.419744152575731277e-03
2.238993693026714027e-05
9.927017688751220703e-01
2.195148044847883284e-05
2.800768415909260511e-04
9.783694744110107422e-01
7.775412797927856445e-01
1.654559560120105743e-02
1.189773976802825928e-01
5.334253981709480286e-02
9.962040185928344727e-01
9.537182003259658813e-02
1.333853043615818024e-02
1.065271571860648692e-04
3.027927562015975127e-07
9.951827526092529297e-01
6.555236268468433991e-06
2.348779162275604904e-06
9.931223988533020020e-01
4.618956148624420166e-02
1.511059887707233429e-02
3.017317131161689758e-02
2.138859778642654419e-02
8.227070793509483337e-03
1.323658321052789688e-02
4.770217090845108032e-02
9.197171893902122974e-04
3.465937936653062934e-08
9.934957027435302734e-01
2.342777443118393421e-04
2.446475904434919357e-03
9.935079813003540039e-01
1.288368366658687592e-02
2.857161760330200195e-01
2.238182127475738525e-01
1.087376289069652557e-02
9.582065977156162262e-04
2.163387398468330503e-04
1.875395700335502625e-02
2.777613699436187744e-03
7.251182410072942730e-08
9.936845898628234863e-01
5.420931120170280337e-05
6.675046752206981182e-04
9.943683743476867676e-01
9.784253835678100586e-01
2.484865952283143997e-03
7.363750228250864893e-06
6.377939134836196899e-03
1.643101871013641357e-02
9.630060731069534086e-07
1.225761324167251587e-02
1.187150366604328156e-03
4.746485501527786255e-05
9.931710958480834961e-01
7.085696415742859244e-05
6.575545994564890862e-04
9.925434589385986328e-01
5.061295032501220703e-01
1.140742097049951553e-02
1.002935320138931274e-02
3.541854619979858398e-01
8.973987102508544922e-01
6.884701251983642578e-01
9.909193515777587891e-01
9.557570219039916992e-01
4.817613400518894196e-03
9.931100606918334961e-01
9.702740237116813660e-03
9.793896079063415527e-01
5.952705442905426025e-02
9.578862190246582031e-01
8.765859007835388184e-01
4.492900334298610687e-03
9.971286058425903320e-01
3.150967508554458618e-02
2.229945920407772064e-02
4.666396379470825195e-01
5.757100880146026611e-02
3.535846815339027671e-08
9.939885139465332031e-01
1.314722448587417603e-01
1.342973177997919265e-06
6.533222645521163940e-02
1.916531845927238464e-02
1.061363238841295242e-02
7.164690759964287281e-05
1.862253434956073761e-02
2.779974893201142550e-04
4.693930677603930235e-04
4.231313709169626236e-03
7.143674883991479874e-05
4.354815814622270409e-07
9.951059222221374512e-01
1.768862903118133545e-01
7.744499725959030911e-07
9.652087688446044922e-01
5.731096462113782763e-05
9.271253986753436038e-08
3.569627553224563599e-02
2.055742312222719193e-03
1.732205855660140514e-03
1.282947010849966318e-07
9.615849256515502930e-01
1.265740487724542618e-02
2.354549224037327804e-06
9.933593273162841797e-01
2.374174073338508606e-02
1.845704446168383583e-06
9.847784638404846191e-01
9.509344100952148438e-01
1.917744384627440013e-06
9.118455052375793457e-01
2.178043872117996216e-01
4.507729609031230211e-04
9.112443876801989973e-06
9.547338485717773438e-01
9.686996340751647949e-01
3.163577930536121130e-04
9.936221837997436523e-01
1.726658828556537628e-02
1.666411699261516333e-04
9.863346219062805176e-01
9.509681463241577148e-01
2.971547842025756836e-01
9.717923402786254883e-01
7.742301225662231445e-01
6.693055629730224609e-01
6.812957525253295898e-01
9.763982295989990234e-01
5.127384327352046967e-03
1.957391617679604678e-07
9.926799535751342773e-01
6.457853317260742188e-02
1.015548408031463623e-02
9.880324602127075195e-01
9.025117158889770508e-01
1.134335994720458984e-01
6.239709258079528809e-01
1.528642419725656509e-02
3.555544390110298991e-05
2.439755797386169434e-01
9.955715537071228027e-01
2.186220372095704079e-03
8.994846211862750351e-06
9.937922954559326172e-01
7.416131906211376190e-03
3.527636826038360596e-02
9.878219366073608398e-01
3.585372269153594971e-01
7.124716043472290039e-01
9.670563936233520508e-01
3.477431833744049072e-01
2.123512967955321074e-04
1.670533716678619385e-01
9.952652454376220703e-01
8.483396172523498535e-01
2.892619522754102945e-05
9.933131337165832520e-01
3.113912940025329590e-01
3.346993774175643921e-02
9.879128932952880859e-01
3.034140467643737793e-01
3.387882560491561890e-02
6.590198278427124023e-01
9.329738095402717590e-03
9.534207582473754883e-01
6.738150715827941895e-01
9.753100275993347168e-01
9.774559736251831055e-01
8.154420356731861830e-05
9.939430952072143555e-01
1.599767059087753296e-02
4.679325968027114868e-03
9.849929213523864746e-01
9.468426704406738281e-01
9.784933924674987793e-02
3.008040040731430054e-02
9.757251739501953125e-01
9.982134699821472168e-01
1.723091602325439453e-01
8.357526063919067383e-01
8.416343480348587036e-02
1.561403973028063774e-03
9.155827760696411133e-01
2.717646397650241852e-02
1.452205181121826172e-01
1.009917759802192450e-04
3.362840041518211365e-03
2.210179343819618225e-03
4.635284858522936702e-05
5.257381126284599304e-04
1.467612572014331818e-03
3.140653716400265694e-04
2.722578495740890503e-02
1.920943323057144880e-04
5.639651590172434226e-08
9.960963726043701172e-01
3.382534906268119812e-02
1.276033464819192886e-03
9.855848550796508789e-01
7.091553561622276902e-05
9.437942208023741841e-05
9.831327795982360840e-01
9.859853982925415039e-01
2.757280319929122925e-02
1.851420663297176361e-02
9.962888956069946289e-01
9.061493873596191406e-01
9.603728055953979492e-01
9.906455278396606445e-01
3.527418375015258789e-01
4.179049283266067505e-02
7.409139871597290039e-01
8.962934613227844238e-01
8.918173909187316895e-01
2.086634188890457153e-02
9.985834360122680664e-01
9.803937673568725586e-01
7.693240642547607422e-01
9.950832128524780273e-01
9.451087713241577148e-01
9.657480716705322266e-01
9.928416609764099121e-01
6.945892423391342163e-02
4.577344283461570740e-02
9.819973707199096680e-01
2.553726434707641602e-01
1.121702603995800018e-03
9.496475458145141602e-01
9.988756179809570312e-01
8.386921882629394531e-01
1.101976260542869568e-02
7.125178575515747070e-01
3.568186163902282715e-01
7.348134204221423715e-06
9.877104759216308594e-01
1.453979406505823135e-02
2.781195938587188721e-01
9.873170852661132812e-01
9.880574941635131836e-01
4.246510565280914307e-03
6.038039457052946091e-03
3.085890039801597595e-02
3.599712997674942017e-02
6.641761865466833115e-04
9.708218574523925781e-01
7.549464106559753418e-01
5.608487117569893599e-05
9.887735843658447266e-01
6.744339596480131149e-03
4.475781694054603577e-02
9.865876436233520508e-01
5.509390830993652344e-01
1.769899856299161911e-03
1.093083061277866364e-03
9.789875745773315430e-01
5.841617658734321594e-02
4.776745438575744629e-01
9.895520210266113281e-01
9.549672603607177734e-01
8.064249414019286633e-04
9.892441034317016602e-01
7.296489086002111435e-03
5.345031619071960449e-02
9.868975281715393066e-01
3.908167481422424316e-01
1.203881278634071350e-01
1.181007362902164459e-03
9.691380262374877930e-01
9.922540783882141113e-01
6.320161819458007812e-01
9.623234272003173828e-01
9.601373672485351562e-01
1.530042150989174843e-03
9.931567311286926270e-01
9.547352790832519531e-03
3.317732363939285278e-02
9.830633997917175293e-01
9.191512465476989746e-01
2.766217570751905441e-03
8.711398579180240631e-03
9.751377105712890625e-01
9.993228316307067871e-01
8.371420502662658691e-01
3.098532091826200485e-03
1.349378817394608632e-05
1.547927968204021454e-05
6.700011342763900757e-02
2.021067030727863312e-02
5.401069298386573792e-03
1.804476632969453931e-04
1.179467144538648427e-04
1.647631521336734295e-03
9.664439915013645077e-08
9.604069646229618229e-07
1.125065864471253008e-05
1.303903263760730624e-04
3.297650218009948730e-01
7.179836928844451904e-02
1.116505700338166207e-06
9.331721663475036621e-01
5.241135880351066589e-02
9.652975946664810181e-02
3.157663741149008274e-04
7.007196545600891113e-02
5.415196937974542379e-06
3.317454829812049866e-04
7.680913433432579041e-03
2.387019805610179901e-03
5.405852789408527315e-05
9.129478335380554199e-01
2.233100868761539459e-02
3.204443678259849548e-02
6.068716049194335938e-01
5.279365181922912598e-02
1.525441706180572510e-01
9.078657031059265137e-01
3.852251684293150902e-04
1.148227695375680923e-02
4.240113776177167892e-05
2.819884684868156910e-05
6.259460351429879665e-04
6.268033030210062861e-05
4.806046374142169952e-03
1.055576467479113489e-05
2.468689672241453081e-06
7.630319334566593170e-03
5.680896341800689697e-02
3.009240317624062300e-04
6.907575880177319050e-06
3.812331706285476685e-02
1.885645091533660889e-03
4.136703163385391235e-02
2.026325557380914688e-03
2.097463948302902281e-05
5.963082425296306610e-03
7.905766367912292480e-01
6.268006283789873123e-03
1.796826438749121735e-07
9.919240474700927734e-01
1.697681099176406860e-02
7.182537764310836792e-02
1.143599674105644226e-01
9.344538673758506775e-03
8.770390413701534271e-03
1.835606433451175690e-02
5.269913235679268837e-04
3.701055794954299927e-02
5.177074344828724861e-04
8.996925354003906250e-01
1.268602348864078522e-02
3.142545465379953384e-03
9.874985218048095703e-01
3.743094205856323242e-02
5.987299084663391113e-01
5.536653399467468262e-01
9.484682232141494751e-04
2.646446526050567627e-01
7.872124016284942627e-02
1.096503809094429016e-03
2.694084541872143745e-03
1.979422289878129959e-03
1.115400809794664383e-02
9.617548130336217582e-06
3.283964389311222476e-08
9.974400997161865234e-01
7.878654636442661285e-03
1.354396808892488480e-04
1.094843128157663159e-06
9.950059652328491211e-01
1.965914719903594232e-07
9.772232770919799805e-01
9.832595586776733398e-01
9.440775465918704867e-05
2.203786152676912025e-06
1.357229240238666534e-02
9.047490544617176056e-03
4.621490370482206345e-05
9.963212013244628906e-01
1.499090064316987991e-02
5.128768272697925568e-03
2.775083994492888451e-04
9.895136952400207520e-01
1.003569850581698120e-04
9.811172485351562500e-01
7.337081432342529297e-01
2.151452004909515381e-03
2.563426829874515533e-02
4.111283719539642334e-01
3.371360362507402897e-04
1.199140253760333508e-08
9.956902265548706055e-01
5.982585549354553223e-01
2.339009940624237061e-01
1.837757676839828491e-01
9.891370534896850586e-01
9.046436171047389507e-04
4.628960741683840752e-04
4.885676307964104126e-10
1.081343543773982674e-05
2.906261443058610894e-06
8.702187538146972656e-01
3.198073012754321098e-03
5.442761619178781984e-08
9.965026378631591797e-01
1.470311135053634644e-01
1.817266047000885010e-01
5.019313469529151917e-02
9.908658862113952637e-01
2.079648198559880257e-03
1.355154818156734109e-04
9.866304397583007812e-01
1.842044366640038788e-05
1.201344389301084448e-06
2.695917785167694092e-01
9.317072629928588867e-01
9.210125426761806011e-06
9.958952665328979492e-01
1.329515967518091202e-02
4.024259448051452637e-01
5.027708175475709140e-05
9.876487851142883301e-01
6.941153551451861858e-04
8.252297993749380112e-05
5.987595915794372559e-01
9.735706448554992676e-01
1.006165007311210502e-06
2.588007040321826935e-02
6.756992079317569733e-04
4.710129815066466108e-07
9.963884353637695312e-01
9.982146322727203369e-02
1.154662296175956726e-02
3.744802903383970261e-03
9.823732972145080566e-01
6.106455693952739239e-04
3.321727854199707508e-04
9.402274489402770996e-01
9.839303493499755859e-01
9.937076568603515625e-01
9.861980676651000977e-01
8.224250674247741699e-01
8.446319103240966797e-01
9.916565418243408203e-01
7.471203804016113281e-01
6.867583096027374268e-02
1.209433972835540771e-01
8.857347965240478516e-01
3.444920107722282410e-02
1.262773722410202026e-01
9.986650943756103516e-01
9.977530241012573242e-01
1.111232559196650982e-03
9.552222490310668945e-01
1.400263607501983643e-01
7.862685436066385591e-08
9.938650131225585938e-01
7.213181257247924805e-02
4.827935621142387390e-02
4.819304943084716797e-01
9.883520603179931641e-01
8.641689419746398926e-01
4.443127181730233133e-06
1.666639558970928192e-02
1.600206014700233936e-03
7.354229455813765526e-05
9.825936555862426758e-01
2.527972161769866943e-01
5.708748176402878016e-07
9.941368103027343750e-01
1.772546768188476562e-02
3.159119561314582825e-02
8.241284638643264771e-02
9.856320023536682129e-01
6.939767003059387207e-01
6.446001119911670685e-03
6.369892358779907227e-01
1.712739921676947885e-13
7.644990773769677617e-07
9.802308082580566406e-01
4.212950542569160461e-02
8.935456571634858847e-05
9.934373497962951660e-01
1.703809574246406555e-02
7.615529000759124756e-02
7.786925882101058960e-03
9.859231114387512207e-01
6.780397891998291016e-01
9.238598868250846863e-03
9.669753313064575195e-01
9.935668110847473145e-01
1.416306258761323988e-05
9.518291950225830078e-01
9.235147237777709961e-01
3.604510566219687462e-03
9.940197467803955078e-01
6.765906810760498047e-01
6.106860935688018799e-02
1.221926137804985046e-01
9.796634912490844727e-01
5.494258552789688110e-02
1.584815792739391327e-03
1.277917176485061646e-01
9.991418719291687012e-01
9.967246055603027344e-01
7.698359489440917969e-01
7.535725831985473633e-01
1.350467500742524862e-04
9.806846380233764648e-01
4.271516576409339905e-02
6.239139288663864136e-02
5.796825289726257324e-01
9.865804910659790039e-01
7.028258405625820160e-03
1.482568960636854172e-02
2.150576934218406677e-02
1.484826905652880669e-03
7.666055898880586028e-05
9.835522174835205078e-01
9.355881810188293457e-01
2.896122401580214500e-03
9.368083477020263672e-01
2.383467182517051697e-02
7.022307068109512329e-02
6.915624141693115234e-01
9.880635142326354980e-01
2.724974974989891052e-02
4.058912862092256546e-03
9.781019091606140137e-01
2.083949948428198695e-05
9.249801223631948233e-05
9.522878527641296387e-01
9.858779311180114746e-01
3.547712229192256927e-03
9.574278593063354492e-01
2.885547094047069550e-02
5.216527730226516724e-02
1.093082651495933533e-01
9.853296875953674316e-01
1.738478662446141243e-03
2.368374541401863098e-02
9.785246849060058594e-01
9.991523027420043945e-01
9.140638285316526890e-04
1.160202324390411377e-01
6.693311297567561269e-05
5.060538796897162683e-07
5.412013530731201172e-01
8.671091869473457336e-03
1.288050115108489990e-01
6.544013023376464844e-01
9.814954400062561035e-01
6.244760006666183472e-02
9.822896122932434082e-02
1.275291107594966888e-02
9.253771975636482239e-03
7.482938468456268311e-03
9.925521612167358398e-01
9.637532830238342285e-01
8.727779984474182129e-01
9.927846789360046387e-01
1.893549114465713501e-01
1.383197307586669922e-01
4.428160786628723145e-01
9.876855611801147461e-01
7.739285230636596680e-01
5.383431911468505859e-01
7.950457334518432617e-01
1.392758637666702271e-02
6.396705508232116699e-01
8.415783643722534180e-01
2.187531143426895142e-01
4.217934038024395704e-04
9.636480808258056641e-01
2.225464023649692535e-02
2.029403150081634521e-01
1.916687935590744019e-01
9.885993599891662598e-01
7.766275405883789062e-01
3.831045925617218018e-01
4.228770136833190918e-01
3.842899203300476074e-02
5.282642692327499390e-02
9.749342799186706543e-01
3.623838722705841064e-01
9.873132221400737762e-04
9.881909489631652832e-01
8.720526471734046936e-03
3.434842824935913086e-01
6.936740279197692871e-01
9.876282811164855957e-01
8.108360767364501953e-01
7.761247456073760986e-02
8.893300890922546387e-01
9.794217348098754883e-01
6.710205674171447754e-01
9.519494175910949707e-01
1.407891511917114258e-03
4.112473689019680023e-03
3.813127279281616211e-01
1.493496447801589966e-02
4.484684765338897705e-01
7.460561990737915039e-01
9.870008826255798340e-01
6.118419766426086426e-01
3.332999646663665771e-01
1.400315910577774048e-01
9.812855720520019531e-01
1.958119682967662811e-03
9.513619542121887207e-01
9.716430306434631348e-01
9.814253076910972595e-03
9.846854209899902344e-01
1.074106432497501373e-02
8.457396179437637329e-02
2.158671319484710693e-01
9.881530404090881348e-01
8.481212258338928223e-01
2.503413558006286621e-01
1.019627451896667480e-01
9.796154499053955078e-01
9.984543323516845703e-01
