1.234863847494125366e-01
6.145945191383361816e-01
2.115054130554199219e-01
4.165769219398498535e-01
2.648247778415679932e-01
5.976027250289916992e-01
6.341131031513214111e-02
2.151568382978439331e-01
7.678615301847457886e-02
2.889407575130462646e-01
3.459642529487609863e-01
1.794824749231338501e-02
1.892799437046051025e-01
3.185559809207916260e-02
3.088997006416320801e-01
2.358605526387691498e-02
7.291325926780700684e-01
4.242593944072723389e-01
4.265121817588806152e-01
1.737703979015350342e-01
6.268830597400665283e-02
4.295829683542251587e-02
2.052161097526550293e-01
4.907635599374771118e-02
3.627476096153259277e-01
6.623154878616333008e-02
3.272071015089750290e-03
1.959309680387377739e-03
6.305782794952392578e-01
1.353916304651647806e-04
4.894568771123886108e-02
8.937231302261352539e-01
9.294793754816055298e-02
1.724170893430709839e-01
2.809571623802185059e-01
7.632474899291992188e-01
1.747634112834930420e-01
4.657566919922828674e-02
3.264842331409454346e-01
1.072799591383954976e-06
1.372294991597300395e-05
3.568526506423950195e-01
1.017602011561393738e-01
7.511485018767416477e-04
7.257107496261596680e-01
1.338169872760772705e-01
9.476473182439804077e-02
1.450267806649208069e-02
5.694621801376342773e-01
1.354075819253921509e-01
4.034996926784515381e-01
2.185069620609283447e-01
7.250188384205102921e-03
5.860833334736526012e-04
8.070346117019653320e-01
2.118619531393051147e-01
3.091830611228942871e-01
4.469909965991973877e-01
1.982670575380325317e-01
1.697276830673217773e-01
2.115672826766967773e-01
4.047802984714508057e-01
1.420525461435317993e-01
2.171387225389480591e-01
4.244568347930908203e-01
7.243399973958730698e-03
7.873861119151115417e-03
7.922660708427429199e-01
7.497044652700424194e-02
1.186822056770324707e-01
2.312369644641876221e-02
1.609018072485923767e-02
1.441474165767431259e-02
1.297929435968399048e-01
5.389824218582361937e-05
1.442492567002773285e-02
7.416255306452512741e-03
4.755814373493194580e-02
9.104132652282714844e-03
2.280427813529968262e-01
8.056002855300903320e-01
1.419813334941864014e-01
1.502145528793334961e-01
2.971474826335906982e-01
2.017206400632858276e-01
7.610196247696876526e-03
2.852461636066436768e-01
3.929454386234283447e-01
2.414259463548660278e-01
2.153721153736114502e-01
2.166863381862640381e-01
5.133314989507198334e-03
3.933896124362945557e-02
7.865900397300720215e-01
1.539894342422485352e-01
1.747965812683105469e-01
7.977420836687088013e-02
6.001543998718261719e-01
1.690399646759033203e-01
3.255964815616607666e-01
3.335616588592529297e-01
5.233686566352844238e-01
2.157771885395050049e-01
3.269482851028442383e-01
1.219682469964027405e-01
9.016089886426925659e-02
8.048880100250244141e-01
5.171155929565429688e-01
1.999054253101348877e-01
3.146761059761047363e-01
7.799729704856872559e-01
3.747608140110969543e-02
4.105170071125030518e-02
4.635928273200988770e-01
2.022655457258224487e-01
3.030727207660675049e-01
6.603382527828216553e-02
1.976497936993837357e-03
8.100344566628336906e-04
7.590844035148620605e-01
1.645338088274002075e-01
3.291078507900238037e-01
4.185109138488769531e-01
7.078689336776733398e-01
3.131507337093353271e-02
3.577660918235778809e-01
2.533519081771373749e-02
1.089446060359477997e-02
9.407386183738708496e-03
1.995705813169479370e-01
2.781165996566414833e-03
6.282963789999485016e-03
6.391392946243286133e-01
4.624928161501884460e-02
1.401503235101699829e-01
9.318150114268064499e-04
3.471013307571411133e-01
1.424871236085891724e-01
3.553741276264190674e-01
7.585158199071884155e-02
5.956978201866149902e-01
3.156560007482767105e-03
2.384951114654541016e-01
1.858061528764665127e-03
1.028807717375457287e-03
8.851069211959838867e-01
1.640547253191471100e-02
5.597573891282081604e-02
5.434098467230796814e-02
4.577853381633758545e-01
6.766466051340103149e-02
2.629660964012145996e-01
6.838584691286087036e-02
2.014812678098678589e-01
2.015004903078079224e-01
3.388244509696960449e-01
1.249644625931978226e-02
2.471046289429068565e-03
9.999328255653381348e-01
1.653545349836349487e-01
2.197373509407043457e-01
5.064684897661209106e-02
7.427132129669189453e-01
8.565777540206909180e-02
6.920433789491653442e-02
2.313587665557861328e-01
5.899018645286560059e-01
2.050475180149078369e-01
1.250758022069931030e-02
3.648146092891693115e-01
7.503689527511596680e-01
1.522653996944427490e-01
6.914959847927093506e-02
2.383047640323638916e-01
5.846926569938659668e-01
1.883310228586196899e-01
2.854808270931243896e-01
1.496672779321670532e-01
2.748734354972839355e-01
8.755313605070114136e-02
2.100476324558258057e-01
2.280229032039642334e-01
3.068875670433044434e-01
8.710728026926517487e-03
1.179822534322738647e-01
9.000775218009948730e-02
4.747602343559265137e-02
1.242274447577074170e-04
2.513255178928375244e-02
5.081565119326114655e-03
4.329385608434677124e-02
7.169439049903303385e-05
2.434227099001873285e-05
6.793605163693428040e-03
5.462387576699256897e-02
6.743476539850234985e-02
2.157146036624908447e-01
6.220784187316894531e-01
1.270646303892135620e-01
3.162608444690704346e-01
7.947197556495666504e-01
2.241479903459548950e-01
1.775640845298767090e-01
1.431764960289001465e-01
4.752566814422607422e-01
3.481585383415222168e-01
7.132750004529953003e-02
1.629572478123009205e-03
2.011012881994247437e-01
3.959090709686279297e-01
7.600845694541931152e-01
2.392289489507675171e-01
1.332273632287979126e-01
5.333743691444396973e-01
3.991381078958511353e-02
2.159438133239746094e-01
7.509765028953552246e-02
5.541466474533081055e-01
2.045952230691909790e-01
9.397519752383232117e-03
5.965202450752258301e-01
1.298056095838546753e-01
3.866985207423567772e-03
6.871009469032287598e-01
3.713416159152984619e-01
3.929191529750823975e-01
2.424143552780151367e-01
1.008035894483327866e-02
3.998659178614616394e-02
1.867046020925045013e-02
3.266792744398117065e-03
1.810193061828613281e-02
1.823809347115457058e-03
3.695698827505111694e-02
2.314285486936569214e-01
1.048212349414825439e-01
4.407213926315307617e-01
7.617296278476715088e-02
1.058262139558792114e-01
1.295970678329467773e-01
5.732736587524414062e-01
1.241060271859169006e-01
1.209429800510406494e-01
8.987512588500976562e-01
1.369038671255111694e-01
5.610716342926025391e-01
4.104520082473754883e-01
5.914954468607902527e-03
4.743463359773159027e-03
8.878914117813110352e-01
1.700858026742935181e-01
7.889603078365325928e-02
6.138253211975097656e-02
6.308088302612304688e-01
2.154288589954376221e-01
2.044281922280788422e-02
5.851103663444519043e-01
2.057226747274398804e-01
2.389074116945266724e-01
4.280312955379486084e-01
4.411486536264419556e-02
3.745680674910545349e-03
7.941023111343383789e-01
1.070292145013809204e-01
4.086465835571289062e-01
3.089349344372749329e-02
3.569903969764709473e-01
2.074404060840606689e-01
9.924630820751190186e-02
1.994498521089553833e-01
2.105349600315093994e-01
2.276022136211395264e-01
2.784950099885463715e-02
1.394731700420379639e-01
3.435786347836256027e-03
6.320492625236511230e-01
2.452319301664829254e-02
5.731963366270065308e-02
1.537508368492126465e-01
3.952889144420623779e-01
1.603346616029739380e-01
1.124603524804115295e-01
5.664143562316894531e-01
2.192141674458980560e-02
3.836789354681968689e-02
1.856472194194793701e-01
1.520829498767852783e-01
3.578822687268257141e-02
8.065062165260314941e-01
3.306346759200096130e-02
3.233962059020996094e-01
1.392958015203475952e-01
2.415229678153991699e-01
2.836139127612113953e-02
1.971730291843414307e-01
9.632611647248268127e-03
9.708383083343505859e-01
8.732097223401069641e-03
8.133161813020706177e-03
1.069795247167348862e-02
1.311431229114532471e-01
9.000020027160644531e-01
4.997298493981361389e-02
2.997757792472839355e-01
6.790167093276977539e-02
5.965741276741027832e-01
1.894939392805099487e-01
1.890023350715637207e-01
7.811997830867767334e-02
3.858932554721832275e-01
2.024663090705871582e-01
1.567120477557182312e-02
1.918950825929641724e-01
1.831048429012298584e-01
4.415933489799499512e-01
2.047623991966247559e-01
1.507465690374374390e-01
1.782246828079223633e-01
6.954532265663146973e-01
6.758648157119750977e-02
2.294527133926749229e-03
2.292106598615646362e-01
5.933211445808410645e-01
4.018103480339050293e-01
4.897690960206091404e-04
8.318915963172912598e-02
5.982868671417236328e-01
3.264704719185829163e-02
4.617374017834663391e-02
2.776644378900527954e-02
6.056637357687577605e-05
7.364356890320777893e-03
1.960624940693378448e-03
2.167683839797973633e-02
4.556443542242050171e-03
1.901531475596129894e-03
1.992734149098396301e-03
8.314116857945919037e-03
2.068433165550231934e-01
2.391435950994491577e-01
6.026460528373718262e-01
4.594846442341804504e-02
2.051161527633666992e-01
5.978483557701110840e-01
3.672909438610076904e-01
4.643294215202331543e-02
5.475454404950141907e-02
4.902456104755401611e-01
2.889799177646636963e-01
1.437680721282958984e-01
1.876010447740554810e-01
5.875979065895080566e-01
1.937519013881683350e-01
2.153801172971725464e-01
1.649776101112365723e-02
5.361738428473472595e-02
3.416442275047302246e-01
2.106672897934913635e-02
2.018494755029678345e-01
1.516515016555786133e-01
3.980011343955993652e-01
2.081821113824844360e-01
1.136974082328379154e-03
2.646685540676116943e-01
3.672101497650146484e-01
2.340529561042785645e-01
5.566607713699340820e-01
1.188630908727645874e-01
1.316492557525634766e-01
3.567649722099304199e-01
1.378609538078308105e-01
5.860926955938339233e-02
2.143408656120300293e-01
2.064184397459030151e-01
2.541622892022132874e-02
1.943348497152328491e-01
1.141981855034828186e-01
3.970109820365905762e-01
2.093209922313690186e-01
5.930289626121520996e-01
5.183871835470199585e-02
5.050904154777526855e-01
2.640447318553924561e-01
5.236389860510826111e-02
1.062240358442068100e-02
2.263996191322803497e-02
3.069315280299633741e-04
6.805867888033390045e-03
2.249348443001508713e-03
5.880202054977416992e-01
1.921212077140808105e-01
6.729646120220422745e-03
6.712633371353149414e-01
1.975692436099052429e-02
1.083436608314514160e-01
7.049813121557235718e-02
2.076829969882965088e-01
1.610339386388659477e-03
1.129039898514747620e-01
5.688508749008178711e-01
2.405700087547302246e-02
2.223997861146926880e-01
2.222088128328323364e-01
6.202363409101963043e-03
3.982311785221099854e-01
6.996281147003173828e-01
5.232596024870872498e-02
3.844739124178886414e-02
3.695376515388488770e-01
4.766928851604461670e-01
3.297407627105712891e-01
1.239268332719802856e-01
4.033268094062805176e-01
1.785795837640762329e-01
7.785644531250000000e-01
1.851440966129302979e-01
1.483076959848403931e-01
4.284107089042663574e-01
6.706627011299133301e-01
2.355213090777397156e-02
9.593987464904785156e-02
1.615158319473266602e-01
7.808905839920043945e-01
6.787430495023727417e-02
1.795695424079895020e-01
8.122230172157287598e-01
4.107587635517120361e-01
3.854750841856002808e-02
3.141985088586807251e-02
5.404964089393615723e-01
1.404353827238082886e-01
8.054141402244567871e-01
2.018557935953140259e-01
1.198442503809928894e-01
1.091037169098854065e-01
5.919515490531921387e-01
1.803683191537857056e-01
4.658824764192104340e-03
6.815481185913085938e-02
7.808590307831764221e-03
1.565480530261993408e-01
1.948347836732864380e-01
2.803589403629302979e-01
2.363915741443634033e-01
9.154459238052368164e-01
1.599916368722915649e-01
2.869009673595428467e-01
3.031797707080841064e-01
5.988671183586120605e-01
4.013811424374580383e-02
3.140171468257904053e-01
8.310838788747787476e-02
5.905756354331970215e-01
9.287086129188537598e-02
1.584193557500839233e-01
3.586019873619079590e-01
3.956134915351867676e-01
5.890636444091796875e-01
7.317656278610229492e-02
5.033374577760696411e-02
8.799714595079421997e-02
5.995777249336242676e-01
1.025187503546476364e-02
1.452645957469940186e-01
1.367822438478469849e-01
3.980076014995574951e-01
2.469237595796585083e-01
8.699252456426620483e-02
1.557906419038772583e-01
3.731066286563873291e-01
8.021245002746582031e-01
4.861748591065406799e-02
1.949211508035659790e-01
1.536776423454284668e-01
5.931566357612609863e-01
2.138657420873641968e-01
1.639332771301269531e-01
3.443627953529357910e-01
7.271008491516113281e-01
2.742740809917449951e-01
3.382689952850341797e-01
2.563985064625740051e-02
2.968331333249807358e-03
2.013762593269348145e-01
7.372264284640550613e-03
3.108834922313690186e-01
1.846292775553592946e-06
2.714645779633428901e-05
3.539171069860458374e-02
2.083373218774795532e-01
1.445705265723518096e-06
4.474067245610058308e-04
2.557742991484701633e-04
1.935728192329406738e-01
3.002612888813018799e-01
4.565519094467163086e-02
5.554006695747375488e-01
2.362865582108497620e-02
4.015716016292572021e-01
4.112460592295974493e-04
4.572612699121236801e-03
3.694794327020645142e-02
6.695088930428028107e-03
1.789994304999709129e-03
1.340254209935665131e-02
6.845052354037761688e-03
2.026543319225311279e-01
1.986735761165618896e-01
3.168432414531707764e-01
5.815973281860351562e-01
2.083882875740528107e-02
8.521980606019496918e-03
1.571527827763929963e-04
4.311739932745695114e-03
2.065389901399612427e-01
9.463711176067590714e-04
2.381490310654044151e-03
2.011803910136222839e-03
8.577623218297958374e-02
6.596629507839679718e-03
1.428862102329730988e-02
5.614579319953918457e-01
3.133169710636138916e-01
5.288624018430709839e-02
7.952066510915756226e-02
1.036558076739311218e-01
8.727000094950199127e-03
1.844473928213119507e-02
8.247194811701774597e-03
1.802223550839698873e-06
3.097745403647422791e-02
6.560760666616261005e-04
1.438092440366744995e-01
2.195410281419754028e-01
1.231804043054580688e-01
4.262809157371520996e-01
1.736686378717422485e-02
8.190420269966125488e-02
2.025792449712753296e-01
1.209237820987141276e-09
4.567379131913185120e-02
6.738482508808374405e-03
3.332652340759523213e-05
1.920157484710216522e-02
4.900548956356942654e-04
3.811720758676528931e-02
1.011603251099586487e-01
5.906144380569458008e-01
1.929004490375518799e-01
1.808894053101539612e-02
1.041580457240343094e-02
1.924989186227321625e-02
1.752442331053316593e-04
1.632791012525558472e-02
1.859869062900543213e-02
6.757277878932654858e-04
2.437950856983661652e-02
7.852379232645034790e-03
1.277445256710052490e-01
4.112277626991271973e-01
5.700042247772216797e-01
1.995954513549804688e-01
2.151106297969818115e-02
3.451738134026527405e-02
1.572767831385135651e-02
4.631182528100907803e-04
7.806636393070220947e-03
4.347547655925154686e-04
9.129535465035587549e-05
1.643663272261619568e-02
4.290577769279479980e-02
4.282959736883640289e-03
2.133851349353790283e-01
7.070057559758424759e-03
6.649862229824066162e-02
3.190919756889343262e-02
4.114010557532310486e-02
3.663687407970428467e-01
1.104919138015247881e-04
1.810570806264877319e-02
7.543405517935752869e-04
2.048026770353317261e-01
3.168778121471405029e-02
1.456649005413055420e-01
2.260580956935882568e-01
3.981793522834777832e-01
9.719514101743698120e-02
3.475680351257324219e-01
1.994368247687816620e-02
6.734732538461685181e-03
2.061346173286437988e-01
1.698555570328608155e-04
1.429180614650249481e-02
7.171991467475891113e-02
2.294646650552749634e-01
3.423849586397409439e-03
1.257262565195560455e-02
4.393604770302772522e-02
3.936915099620819092e-02
3.784208595752716064e-01
2.028516829013824463e-01
1.960303448140621185e-02
2.427438087761402130e-02
1.769886016845703125e-01
1.162906992249190807e-03
1.893520541489124298e-02
3.671220503747463226e-03
3.240216895937919617e-02
7.964785327203571796e-04
5.713989958167076111e-03
5.064201727509498596e-02
1.655479148030281067e-02
3.961611986160278320e-01
4.531522393226623535e-01
1.588724926114082336e-02
2.006492018699645996e-02
1.399789378046989441e-02
1.298205344937741756e-03
2.396917156875133514e-02
1.795670390129089355e-02
1.986925750970840454e-01
2.045179950073361397e-03
1.166125526651740074e-03
1.833784161135554314e-03
2.193174362182617188e-01
4.147939980030059814e-01
3.726170659065246582e-01
4.135630428791046143e-01
1.800615638494491577e-01
6.706979274749755859e-01
4.753679037094116211e-02
2.241265922784805298e-01
2.179675102233886719e-01
2.007624059915542603e-01
4.661575555801391602e-01
3.738875389099121094e-01
2.040842324495315552e-01
5.250459536910057068e-03
2.747181355953216553e-01
2.746305167675018311e-01
7.850193381309509277e-01
1.237553879618644714e-01
5.973901748657226562e-01
7.602936029434204102e-02
2.085496187210083008e-01
5.492249727249145508e-01
5.996719598770141602e-01
1.739902049303054810e-01
1.997375488281250000e-01
2.458424419164657593e-01
2.348135560750961304e-01
4.555605053901672363e-01
5.605916380882263184e-01
9.871408939361572266e-01
2.908511087298393250e-02
1.697060018777847290e-01
3.031532687600702047e-04
8.750194311141967773e-02
4.490800783969461918e-04
1.119647873565554619e-03
1.545500163047108799e-05
2.191548645496368408e-01
2.372054457664489746e-01
1.989046782255172729e-01
5.273205041885375977e-01
2.409143745899200439e-01
4.563896059989929199e-01
1.498640701174736023e-02
2.251935601234436035e-01
6.479589343070983887e-01
1.201399788260459900e-01
1.461982447654008865e-02
2.246723622083663940e-01
4.065973162651062012e-01
1.161316409707069397e-01
2.489341795444488525e-01
1.981499493122100830e-01
2.094191461801528931e-01
4.336459636688232422e-01
5.446875095367431641e-01
9.168506367132067680e-04
3.959466516971588135e-02
4.971882700920104980e-01
3.212491869926452637e-01
4.170074313879013062e-02
3.961513936519622803e-01
7.781694643199443817e-03
2.030779123306274414e-01
5.182653069496154785e-01
5.196762736886739731e-03
1.913092583417892456e-01
1.992922425270080566e-01
5.363748669624328613e-01
1.162467524409294128e-02
1.935743093490600586e-01
3.112735152244567871e-01
7.776238024234771729e-03
2.012376189231872559e-01
1.990251094102859497e-01
2.011702805757522583e-01
3.457351922988891602e-01
4.123290628194808960e-02
5.528631210327148438e-01
1.138138398528099060e-01
2.995606660842895508e-01
7.390446662902832031e-01
1.780619099736213684e-02
4.113019704818725586e-01
4.014994204044342041e-01
2.035057246685028076e-01
1.695309765636920929e-02
3.723040819168090820e-01
9.801990538835525513e-02
1.070490777492523193e-01
4.736913368105888367e-02
2.873289212584495544e-02
3.402270376682281494e-02
3.455362617969512939e-01
6.131297945976257324e-01
5.489089712500572205e-02
1.742582470178604126e-01
5.995401740074157715e-01
2.175836563110351562e-01
3.025616146624088287e-02
3.109300434589385986e-01
5.566392540931701660e-01
6.249533034861087799e-04
1.977874487638473511e-01
2.076016962528228760e-01
2.122950181365013123e-02
1.995764859020709991e-02
8.298423886299133301e-01
1.416169945150613785e-02
2.867674529552459717e-01
7.956128120422363281e-01
2.415609061717987061e-01
7.775776833295822144e-02
2.876020967960357666e-01
5.661258101463317871e-01
2.790968716144561768e-01
2.489732652902603149e-01
3.588608205318450928e-01
1.083721145987510681e-01
3.597874641418457031e-01
6.629981994628906250e-01
7.570526003837585449e-02
9.286276064813137054e-03
8.819361925125122070e-01
4.721289128065109253e-02
3.644432723522186279e-01
1.969608515501022339e-01
3.074614107608795166e-01
1.255185995250940323e-02
3.069738857448101044e-03
2.166940122842788696e-01
3.896601200103759766e-01
7.825970053672790527e-01
6.084877252578735352e-01
3.090056777000427246e-01
2.019041031599044800e-01
5.198268219828605652e-02
1.892863074317574501e-03
2.955213189125061035e-01
2.821272611618041992e-01
3.802012801170349121e-01
1.131221745163202286e-02
2.392107562627643347e-04
2.261129021644592285e-01
4.031101465225219727e-01
3.775686919689178467e-01
5.952436923980712891e-01
2.631500922143459320e-02
3.593974688556045294e-04
4.954712837934494019e-02
6.783883273601531982e-02
2.165397163480520248e-03
4.830925608985126019e-04
1.196909230202436447e-02
1.444971710443496704e-01
1.273766160011291504e-01
2.121764980256557465e-02
4.589833617210388184e-01
1.539552956819534302e-02
8.027001023292541504e-01
1.255721505731344223e-02
3.585867583751678467e-02
2.280546575784683228e-01
5.909153446555137634e-02
1.142391413450241089e-01
4.522764980792999268e-01
1.571159362792968750e-01
1.781674176454544067e-01
3.607131838798522949e-01
7.702597975730895996e-01
1.551624834537506104e-01
1.662986725568771362e-01
9.403053522109985352e-01
1.126451566815376282e-01
2.054710686206817627e-01
6.198590993881225586e-01
1.512728631496429443e-01
2.002707421779632568e-01
5.971819758415222168e-01
2.589946389198303223e-01
4.013239443302154541e-01
2.022708356380462646e-01
1.122721061110496521e-01
2.011352777481079102e-01
3.807806968688964844e-01
7.723736166954040527e-01
1.779347658157348633e-01
7.521747145801782608e-03
3.110304102301597595e-02
7.796833664178848267e-02
8.453709632158279419e-02
6.252033710479736328e-01
6.106948480010032654e-03
2.248896062374114990e-01
1.526752859354019165e-02
3.717978894710540771e-01
2.227034568786621094e-01
5.910454988479614258e-01
6.096159815788269043e-01
6.371532380580902100e-02
8.246824890375137329e-02
2.713072896003723145e-01
1.768779009580612183e-01
4.683125317096710205e-01
2.080741673707962036e-01
1.191780418157577515e-01
3.882109373807907104e-02
2.931057848036289215e-02
3.238675296306610107e-01
3.976843506097793579e-02
2.221069484949111938e-02
6.999793648719787598e-01
9.790243953466415405e-02
1.473923176527023315e-01
1.107802838087081909e-01
1.069257408380508423e-01
1.138458494096994400e-02
1.244830042123794556e-01
5.656961798667907715e-01
2.519913911819458008e-01
1.531298309564590454e-01
6.085554137825965881e-03
1.934839934110641479e-01
4.332347512245178223e-01
8.916413187980651855e-01
6.015265733003616333e-02
2.529115080833435059e-01
5.046554803848266602e-01
4.015287160873413086e-01
2.322088479995727539e-01
2.310437560081481934e-01
4.106719493865966797e-01
5.674185752868652344e-01
4.928604885935783386e-02
3.996509015560150146e-01
1.224995648954063654e-04
2.250733673572540283e-01
7.930892109870910645e-01
6.642168015241622925e-02
1.594732999801635742e-01
4.638061821460723877e-01
2.710584700107574463e-01
3.206128478050231934e-01
2.058965116739273071e-01
1.561337113380432129e-01
1.994368284940719604e-01
2.676484547555446625e-02
3.572442829608917236e-01
3.665484115481376648e-02
2.414208203554153442e-01
6.015157103538513184e-01
2.948161065578460693e-01
1.612887382507324219e-01
1.540685445070266724e-02
1.141530345194041729e-03
5.236405413597822189e-03
2.229983510915189981e-05
6.703224498778581619e-03
2.622542902827262878e-03
2.652034163475036621e-03
2.257657982409000397e-02
2.454475164413452148e-01
3.876817226409912109e-01
6.147387623786926270e-01
9.682185947895050049e-02
1.012396588921546936e-01
7.116441130638122559e-01
9.194881655275821686e-03
1.630296930670738220e-02
3.982630968093872070e-01
1.869503259658813477e-01
2.047551870346069336e-01
2.741512656211853027e-01
3.960819840431213379e-01
3.860081136226654053e-01
4.086011648178100586e-01
5.438960790634155273e-01
1.306731700897216797e-01
2.001208066940307617e-01
2.923071086406707764e-01
4.276462793350219727e-01
1.291457912884652615e-03
1.997312009334564209e-01
1.969275623559951782e-01
7.479026913642883301e-02
6.153035908937454224e-02
1.219163015484809875e-01
2.019076943397521973e-01
1.486279368400573730e-01
5.735754370689392090e-01
1.730743646621704102e-01
1.271046251058578491e-01
3.275189697742462158e-01
1.430449485778808594e-01
1.120873540639877319e-01
4.057226777076721191e-01
2.230995744466781616e-01
9.682083129882812500e-02
1.653725951910018921e-01
2.843069843947887421e-02
2.012457326054573059e-02
1.937830075621604919e-02
7.966496944427490234e-01
7.442662864923477173e-02
1.777263581752777100e-01
3.942112624645233154e-01
1.627430319786071777e-01
2.632162570953369141e-01
1.462691575288772583e-01
2.905752137303352356e-02
2.075531929731369019e-01
1.927103847265243530e-01
1.966036558151245117e-01
1.222537737339735031e-02
2.661200463771820068e-01
7.933598756790161133e-01
3.967879712581634521e-02
1.241902559995651245e-01
3.989863395690917969e-01
7.834891229867935181e-02
3.011268079280853271e-01
2.290408760309219360e-01
5.788232088088989258e-01
1.076730084605515003e-03
1.206749491393566132e-02
2.241724133491516113e-01
2.614626586437225342e-01
1.567620225250720978e-02
6.052867174148559570e-01
1.185867860913276672e-01
3.666828200221061707e-02
3.771033287048339844e-01
2.551528513431549072e-01
1.475093215703964233e-01
2.966430783271789551e-01
2.053034901618957520e-01
5.234070494771003723e-02
1.028932183980941772e-01
5.120434761047363281e-01
4.443417787551879883e-01
7.387475669384002686e-02
4.414339959621429443e-01
6.224090233445167542e-02
1.955370903015136719e-01
6.318296194076538086e-01
3.128708600997924805e-01
1.516528129577636719e-01
2.182066142559051514e-01
5.186765789985656738e-01
1.888009607791900635e-01
2.032400816679000854e-01
5.307681560516357422e-01
5.153865087777376175e-03
5.917545557022094727e-01
3.046311438083648682e-01
3.316301479935646057e-02
2.772696018218994141e-01
3.379999697208404541e-01
1.283575035631656647e-02
1.057694479823112488e-01
1.520193181931972504e-04
2.941452432423830032e-03
1.107165738940238953e-01
7.753575593233108521e-02
1.114663388580083847e-02
9.533488005399703979e-02
4.579287469387054443e-01
6.162379384040832520e-01
1.836986988782882690e-01
1.914292871952056885e-01
3.230538368225097656e-01
1.614471524953842163e-02
1.912433058023452759e-01
3.621061332523822784e-04
1.770791411399841309e-02
7.090897858142852783e-02
7.741202134639024734e-03
4.897401034832000732e-01
5.802187323570251465e-01
4.045706093311309814e-01
5.590032339096069336e-01
2.499464005231857300e-01
2.454553097486495972e-01
4.624969959259033203e-01
1.966288685798645020e-02
3.999475762248039246e-02
4.576329956762492657e-05
3.019754309207201004e-03
4.675986710935831070e-03
1.395368482917547226e-03
1.146152019500732422e-01
2.138803303241729736e-01
2.401446700096130371e-01
6.094499826431274414e-01
3.934483230113983154e-02
7.662777602672576904e-02
4.976645112037658691e-01
9.740860201418399811e-03
2.258369922637939453e-01
2.799923419952392578e-01
5.586565472185611725e-03
1.167725920677185059e-01
2.079627066850662231e-01
4.050970673561096191e-01
3.109649717807769775e-01
2.220807969570159912e-01
7.587667703628540039e-01
2.123668640851974487e-01
1.475355774164199829e-01
2.217084467411041260e-01
1.871975138783454895e-02
2.386035025119781494e-02
4.176003485918045044e-02
2.485216828063130379e-04
1.006923150271177292e-02
3.784359097480773926e-01
2.784544527530670166e-01
4.367405772209167480e-01
2.277607172727584839e-01
8.039734959602355957e-01
5.422464385628700256e-02
2.968336343765258789e-01
2.650694847106933594e-01
1.163036935031414032e-02
1.211326196789741516e-01
1.409872807562351227e-02
2.422394609311595559e-04
3.885008767247200012e-02
7.594592403620481491e-03
3.780427575111389160e-01
2.198902666568756104e-01
5.887473525945097208e-05
2.980128824710845947e-01
1.563251614570617676e-01
1.709384918212890625e-01
8.532400242984294891e-03
5.471638441085815430e-01
2.298325002193450928e-01
3.829225301742553711e-01
3.830962479114532471e-01
6.479459255933761597e-02
3.091974556446075439e-01
4.355403184890747070e-01
2.292981296777725220e-01
1.679404526948928833e-01
8.952613472938537598e-01
1.874375939369201660e-01
7.361748814582824707e-02
3.611462116241455078e-01
7.055236101150512695e-01
1.533733457326889038e-01
4.021179676055908203e-01
3.720279410481452942e-02
2.160090059041976929e-01
2.779513001441955566e-01
6.536227185279130936e-03
2.014220654964447021e-01
2.025142908096313477e-01
6.618515253067016602e-01
1.862722188234329224e-01
1.642857044935226440e-01
2.267354130744934082e-01
4.104738235473632812e-01
1.648077741265296936e-02
2.355529665946960449e-01
4.665047299567959271e-07
5.722079426050186157e-02
4.645961821079254150e-01
2.044220268726348877e-01
2.392176829744130373e-04
3.151374459266662598e-01
8.051820397377014160e-01
2.010463550686836243e-02
2.363743931055068970e-01
5.975854396820068359e-01
5.912659168243408203e-01
3.348184004426002502e-02
3.637416812125593424e-04
2.863838672637939453e-01
7.345756888389587402e-02
7.446157932281494141e-02
1.133124623447656631e-02
1.869600117206573486e-01
4.110751152038574219e-01
4.044285714626312256e-01
2.634241990745067596e-02
1.931644678115844727e-01
2.983527183532714844e-01
9.893847703933715820e-01
1.527646835893392563e-02
2.468684874475002289e-02
4.906942248344421387e-01
7.498971372842788696e-02
5.769969895482063293e-02
1.313087195158004761e-01
2.026295522227883339e-03
6.174716353416442871e-01
5.946753621101379395e-01
1.001223251223564148e-01
7.408601045608520508e-02
2.347986847162246704e-01
4.157618880271911621e-01
6.231339648365974426e-04
1.089980974793434143e-01
4.473520908504724503e-03
2.027758359909057617e-01
3.003832697868347168e-01
1.038523577153682709e-02
1.351520866155624390e-01
3.923745453357696533e-01
5.954991579055786133e-01
1.564942300319671631e-01
2.662478089332580566e-01
2.126739472150802612e-01
5.612998008728027344e-01
1.328165829181671143e-01
5.570731759071350098e-01
3.975337147712707520e-01
1.887056417763233185e-02
9.338879585266113281e-02
1.972276866436004639e-01
3.950641453266143799e-01
1.979896575212478638e-01
8.031907081604003906e-01
2.826525270938873291e-01
1.248056590557098389e-01
2.113457769155502319e-01
7.420271635055541992e-01
5.071806311607360840e-01
1.024329960346221924e-01
1.849180087447166443e-02
1.536555290222167969e-01
1.352080553770065308e-01
4.085437357425689697e-01
3.993036746978759766e-01
3.406442701816558838e-01
9.944304227828979492e-01
1.065408587455749512e-01
2.432946562767028809e-01
2.617523074150085449e-02
4.280090034008026123e-01
1.680197119712829590e-01
3.392702341079711914e-01
5.930153131484985352e-01
1.181332976557314396e-03
2.820540685206651688e-03
4.159638658165931702e-02
2.274032086133956909e-01
1.963203549385070801e-01
5.344548225402832031e-01
7.962042093276977539e-02
2.855684459209442139e-01
6.002604961395263672e-02
5.859079360961914062e-01
2.549037635326385498e-01
2.278123795986175537e-01
3.643828332424163818e-01
1.814937442541122437e-01
2.064898014068603516e-01
2.770135700702667236e-01
9.547359496355056763e-02
2.400254011154174805e-01
4.505216777324676514e-01
2.061312794685363770e-01
8.325814455747604370e-02
2.880103886127471924e-01
2.893400490283966064e-01
9.016083180904388428e-02
1.472820714116096497e-02
6.175771821290254593e-03
2.123480439186096191e-01
1.311465799808502197e-01
2.068879008293151855e-01
3.861998319625854492e-01
2.330984622240066528e-01
2.003535628318786621e-01
1.442944705486297607e-01
1.517433077096939087e-01
1.796800941228866577e-01
5.982915163040161133e-01
1.128012761473655701e-01
1.526868622750043869e-02
2.017232030630111694e-02
1.832942105829715729e-02
1.834116876125335693e-02
1.973979920148849487e-01
1.652570441365242004e-03
9.054493904113769531e-02
7.954299449920654297e-01
1.203335076570510864e-01
1.341922283172607422e-01
5.518258810043334961e-01
4.170864224433898926e-01
1.851863265037536621e-01
2.229304313659667969e-01
2.042140215635299683e-01
6.427950691431760788e-03
4.177141468971967697e-03
3.991186618804931641e-01
2.871107459068298340e-01
7.513989508152008057e-02
9.859523773193359375e-01
1.831425279378890991e-01
1.946512460708618164e-01
2.708394266664981842e-02
5.244113206863403320e-01
2.727659977972507477e-02
2.272546524181962013e-03
5.480243563652038574e-01
1.835764050483703613e-01
4.412246644496917725e-01
1.492053270339965820e-01
4.545072913169860840e-01
4.132537245750427246e-01
7.143874764442443848e-01
1.684495955705642700e-01
1.444064080715179443e-01
4.896306991577148438e-01
3.204506337642669678e-01
1.955565512180328369e-01
2.137871533632278442e-01
2.058652043342590332e-01
2.086772769689559937e-02
3.854821920394897461e-01
6.140233948826789856e-03
2.548400312662124634e-03
3.556824624538421631e-01
6.148296594619750977e-01
2.017117440700531006e-01
1.196428835391998291e-01
3.594246208667755127e-01
4.915067255496978760e-01
1.851331293582916260e-01
1.074768900871276855e-01
3.186198323965072632e-02
1.764222793281078339e-02
2.002691775560379028e-01
2.049347013235092163e-01
2.019194811582565308e-01
3.162817656993865967e-01
7.381742000579833984e-01
8.169353008270263672e-02
1.332427375018596649e-02
2.606360018253326416e-01
7.914121747016906738e-01
5.953851714730262756e-02
3.987731933593750000e-01
1.224573999643325806e-01
8.772213011980056763e-03
2.044699043035507202e-01
1.584457308053970337e-01
1.827517449855804443e-01
2.467095106840133667e-02
2.584422230720520020e-01
3.816103935241699219e-02
1.256364881992340088e-01
2.399140149354934692e-01
4.959066510200500488e-01
1.239445433020591736e-01
1.529143452644348145e-01
8.190447464585304260e-03
2.907308340072631836e-01
2.072502076625823975e-01
2.887519001960754395e-01
2.339681982994079590e-01
2.577277086675167084e-02
1.069624125957489014e-01
2.866441905498504639e-01
2.415162920951843262e-01
8.577341586351394653e-02
2.165385484695434570e-01
4.459054768085479736e-02
3.422229588031768799e-01
6.374293565750122070e-01
5.928822159767150879e-01
1.205547014251351357e-03
1.441934704780578613e-01
5.024589300155639648e-01
1.951417922973632812e-01
4.629062712192535400e-01
8.282476663589477539e-02
1.262858361005783081e-01
3.640936315059661865e-01
7.937784194946289062e-01
1.007631346583366394e-01
2.586764283478260040e-02
2.511739730834960938e-01
5.385890007019042969e-01
1.991461813449859619e-01
