2.457650533562907857e-01
2.440318143627127345e-01
2.336177748191123338e-01
2.328815675565028276e-01
2.363071021506514824e-01
8.512032503732860911e-02
2.328347013256531484e-01
2.340905465832922583e-01
2.344006386117074014e-01
1.581708950440000871e-01
2.305345532386127161e-01
2.346598115727829281e-01
2.349291897054661959e-01
2.545586387532239314e-01
9.275454252579388645e-03
2.349712037107914986e-01
2.323543281085081735e-01
1.170613245179853157e-01
2.410092009631625842e-01
2.355758046950750806e-01
2.640695771484528054e-01
1.653259239315397755e-01
2.345432603822421025e-01
2.403169941673625742e-01
2.562036476066658630e-01
5.334525297019773737e-02
2.330865462410236788e-01
2.369974059250895271e-01
2.564607011333394637e-01
1.916228362477760683e-01
2.329167949108243429e-01
2.337012196347551807e-01
2.879787926895704953e-01
2.146747871246099393e-01
2.515271667373151776e-01
2.340360069231862128e-01
3.229672636953182518e-01
8.713406556636453526e-02
3.983895998988792875e-02
1.021674763872467279e-01
8.423688728250383617e-02
8.219905119474857358e-02
7.675974917401617859e-02
1.038930409956195094e-01
1.291018466480846338e-01
3.211436495296836058e-01
8.935831045919957749e-02
2.620825612841424790e-01
2.326170055326096664e-01
2.336501417826534199e-01
8.868169428725977688e-02
2.329233855349369942e-01
2.354569475462015560e-01
2.479085202296398838e-01
1.567904109949897484e-01
2.295393918811546863e-01
2.349760183953129300e-01
2.335098841804910397e-01
2.353075796179557311e-01
8.349802948074423747e-02
2.329248981106082639e-01
2.746684291905694408e-01
3.090182336823440457e-01
1.674445851275287722e-01
2.298517356209161533e-01
2.337267276294509311e-01
2.352626602010926826e-01
3.102809977852022949e-01
2.329931641420094346e-01
2.805887085403530601e-01
3.011426995832992559e-01
3.782835361556723397e-01
2.361611980142277745e-01
2.399017705098371034e-01
3.680484110238746998e-01
1.747955507165424582e-01
1.594875051674674860e-01
4.203603747659004908e-01
2.270028624670185902e-01
3.086268902944329096e-01
3.935192009040082706e-01
2.323007855103731700e-01
2.346796406480000097e-01
2.057445865002591745e-01
2.320079482569081530e-01
2.349691619727729275e-01
2.359196763824841780e-01
2.391270661583593526e-01
2.195371627914517731e-01
2.298563042713794857e-01
2.348556121715563993e-01
2.350349550299422607e-01
4.990305200648995632e-01
2.530981793676731484e-01
2.654958404785317527e-01
3.840992337074847218e-01
2.810353640457973201e-01
4.439855647595742361e-01
2.870365326839069420e-01
3.502543350533904865e-01
2.355808911259093530e-01
