9.951459765434265137e-01
9.925888180732727051e-01
9.915339350700378418e-01
9.371463656425476074e-01
8.884528875350952148e-01
9.878168702125549316e-01
9.973292946815490723e-01
9.726782441139221191e-01
9.805051088333129883e-01
9.923254251480102539e-01
9.959212541580200195e-01
9.682281017303466797e-01
9.967784285545349121e-01
9.974350333213806152e-01
9.998081922531127930e-01
6.996014118194580078e-01
9.692310094833374023e-01
9.999141097068786621e-01
9.438455700874328613e-01
9.834378361701965332e-01
9.838371276855468750e-01
9.942663311958312988e-01
9.971675276756286621e-01
9.942842721939086914e-01
9.949911236763000488e-01
9.658180475234985352e-01
9.828791618347167969e-01
9.776400327682495117e-01
9.981349110603332520e-01
9.206499457359313965e-01
9.896489977836608887e-01
9.938457608222961426e-01
9.255059957504272461e-01
9.969046711921691895e-01
9.963977932929992676e-01
9.870794415473937988e-01
9.976536035537719727e-01
9.959704875946044922e-01
9.960942268371582031e-01
9.400465488433837891e-01
9.471049308776855469e-01
9.820303320884704590e-01
9.985139369964599609e-01
9.823519587516784668e-01
9.937038421630859375e-01
9.707430005073547363e-01
9.854329824447631836e-01
9.972723126411437988e-01
9.880276322364807129e-01
9.695345163345336914e-01
9.807265400886535645e-01
9.938613772392272949e-01
9.966982603073120117e-01
9.261611104011535645e-01
9.931686520576477051e-01
9.965266585350036621e-01
9.999175667762756348e-01
9.946394562721252441e-01
9.932070374488830566e-01
9.871998429298400879e-01
9.045946598052978516e-01
9.937072396278381348e-01
9.914208054542541504e-01
7.046565413475036621e-01
9.805011153221130371e-01
9.904390573501586914e-01
9.762015938758850098e-01
9.091153740882873535e-01
9.850271940231323242e-01
9.897668957710266113e-01
9.908226132392883301e-01
9.943533539772033691e-01
9.947607517242431641e-01
9.933637976646423340e-01
9.387229084968566895e-01
9.829313158988952637e-01
9.943349957466125488e-01
9.606693387031555176e-01
9.360288977622985840e-01
9.262336492538452148e-01
9.558315277099609375e-01
9.809128642082214355e-01
9.887969493865966797e-01
9.710269570350646973e-01
9.607223272323608398e-01
8.624716401100158691e-01
9.874662160873413086e-01
9.945777058601379395e-01
9.867845773696899414e-01
8.974612951278686523e-01
9.856540560722351074e-01
9.860470294952392578e-01
9.936357140541076660e-01
9.896466135978698730e-01
9.739375710487365723e-01
9.780178070068359375e-01
9.973743557929992676e-01
9.963386654853820801e-01
9.997041821479797363e-01
9.815043210983276367e-01
9.946352243423461914e-01
9.917927980422973633e-01
9.686132669448852539e-01
9.361801147460937500e-01
9.915841817855834961e-01
9.771707653999328613e-01
9.832523465156555176e-01
9.983882308006286621e-01
9.874210953712463379e-01
9.724247455596923828e-01
9.975336790084838867e-01
9.971480369567871094e-01
9.999216794967651367e-01
9.931139945983886719e-01
9.889630675315856934e-01
9.807190299034118652e-01
7.886599898338317871e-01
9.647385478019714355e-01
9.941894412040710449e-01
9.872330427169799805e-01
9.868574142456054688e-01
9.919552803039550781e-01
9.873780012130737305e-01
8.485051989555358887e-01
9.928346872329711914e-01
9.976564645767211914e-01
9.969954490661621094e-01
9.958796501159667969e-01
9.932541847229003906e-01
9.916818141937255859e-01
7.629116177558898926e-01
6.958530545234680176e-01
9.884011149406433105e-01
9.983323812484741211e-01
9.646922945976257324e-01
9.841141700744628906e-01
9.970114231109619141e-01
9.736835956573486328e-01
9.725601077079772949e-01
9.917985200881958008e-01
9.822032451629638672e-01
9.812611937522888184e-01
9.938900470733642578e-01
9.958607554435729980e-01
9.737130999565124512e-01
8.767862915992736816e-01
9.886825680732727051e-01
9.997087717056274414e-01
9.838106632232666016e-01
9.809345602989196777e-01
9.980144500732421875e-01
9.823397397994995117e-01
9.997956752777099609e-01
9.997194409370422363e-01
9.966930150985717773e-01
9.954407811164855957e-01
9.923410415649414062e-01
9.869974851608276367e-01
8.762072324752807617e-01
8.824638724327087402e-01
9.953511357307434082e-01
9.586477875709533691e-01
9.670866727828979492e-01
9.830989837646484375e-01
9.909595251083374023e-01
9.668797254562377930e-01
9.953870773315429688e-01
9.884871840476989746e-01
9.829741716384887695e-01
9.924911260604858398e-01
9.876734018325805664e-01
9.711794853210449219e-01
8.091070055961608887e-01
9.863893985748291016e-01
9.929172396659851074e-01
9.872653484344482422e-01
9.311594367027282715e-01
9.888761043548583984e-01
9.925640821456909180e-01
9.899607896804809570e-01
9.965953230857849121e-01
9.967916607856750488e-01
9.993174672126770020e-01
9.861995577812194824e-01
9.909123778343200684e-01
9.913486838340759277e-01
9.837531447410583496e-01
9.594222307205200195e-01
9.890024662017822266e-01
9.974898099899291992e-01
9.585404396057128906e-01
9.792763590812683105e-01
9.908897280693054199e-01
9.962937235832214355e-01
8.842849731445312500e-01
9.830647706985473633e-01
9.962586164474487305e-01
9.182538390159606934e-01
9.808052182197570801e-01
9.971458315849304199e-01
9.879691600799560547e-01
9.164860844612121582e-01
9.888991117477416992e-01
9.948593974113464355e-01
9.854004383087158203e-01
9.926729798316955566e-01
9.863917231559753418e-01
9.950016140937805176e-01
9.597703218460083008e-01
9.651295542716979980e-01
9.899007081985473633e-01
9.772722125053405762e-01
9.928857684135437012e-01
9.928332567214965820e-01
9.882908463478088379e-01
9.769888520240783691e-01
9.868693351745605469e-01
9.967217445373535156e-01
9.790468215942382812e-01
9.797154664993286133e-01
9.909878969192504883e-01
9.928444623947143555e-01
9.254334568977355957e-01
9.662856459617614746e-01
9.733248353004455566e-01
