6.866705233517748086e-01
8.529173387930943928e-01
6.014761006962754397e-01
6.934632761851668992e-01
8.203650787472724915e-01
8.147951926176364434e-01
7.529481402956522684e-01
7.279712999096283887e-01
7.149812934490350491e-01
9.216766036473788004e-01
9.290260305771460558e-01
7.753671189913382555e-01
8.042969938654166429e-01
9.219564657944899766e-01
5.713411611146651525e-01
6.862316025743404602e-01
7.780571640110932607e-01
7.038199746837983106e-01
8.037136770211733561e-01
9.249812364578247070e-01
9.124987125396728516e-01
9.170796871185302734e-01
9.574171396402212375e-01
9.039112833830026394e-01
8.956758975982666016e-01
9.285211196312537218e-01
9.052660006743210586e-01
7.201737711707559830e-01
8.976616079990680230e-01
9.419326002781207574e-01
9.632886648178100586e-01
9.288540207422696371e-01
9.407253861427307129e-01
9.355897811742929226e-01
9.454211821922888781e-01
9.365793466567993164e-01
9.172873038512009414e-01
5.946833964285010987e-01
6.730769789562776051e-01
8.126320380430954726e-01
9.446753171774057156e-01
6.033341429707836934e-01
6.662207917632678722e-01
9.218172614391033637e-01
8.665428665968087918e-01
8.810553908204803442e-01
7.206332081785569166e-01
8.593569650099828205e-01
8.827648982405662537e-01
9.027653703322777723e-01
5.493614677134945889e-01
7.639921195805072784e-01
7.009116915556100613e-01
9.701054646418645344e-01
8.346238067516913439e-01
8.575899761456710069e-01
8.286841076153975694e-01
9.481513729462256457e-01
6.284814998507499695e-01
7.538883840808501269e-01
6.267886051567844730e-01
8.270310051560115783e-01
4.690453867213084105e-01
9.249861561335049887e-01
9.268576411100534207e-01
9.341973891625037218e-01
8.492004665044637912e-01
8.832496083699740153e-01
8.278511738261351560e-01
8.421066203512824755e-01
9.409236495311443793e-01
9.463329131786639703e-01
9.288369921537545926e-01
9.195343210146977864e-01
9.462279081344604492e-01
6.639064462318716719e-01
6.398214457126764065e-01
9.438388531024639594e-01
9.376661777496337891e-01
8.783581027617821668e-01
9.261613167249239664e-01
9.707934397917526992e-01
8.148281975434377156e-01
8.067207489019403432e-01
8.867071167780802288e-01
6.607500990995993639e-01
9.222806485799642795e-01
7.555279127107217274e-01
8.294686079025268555e-01
7.465379359268459192e-01
8.736993664732346510e-01
8.674018887373117215e-01
9.577502562449529133e-01
9.295637699273916477e-01
9.514876649929926433e-01
9.684267089917109050e-01
7.139336343568104537e-01
9.479358654755812852e-01
9.530303615790146621e-01
9.158665125186626899e-01
8.337414700251358779e-01
