9.746757745742797852e-01
9.959069490432739258e-01
9.974883794784545898e-01
9.613377451896667480e-01
9.857352972030639648e-01
9.607892036437988281e-01
9.994667172431945801e-01
9.959821105003356934e-01
9.975004792213439941e-01
9.866051673889160156e-01
9.998519420623779297e-01
9.753453731536865234e-01
9.702858924865722656e-01
9.377882480621337891e-01
9.991104602813720703e-01
6.733329296112060547e-01
9.880700707435607910e-01
9.999969601631164551e-01
8.382892608642578125e-01
9.203097224235534668e-01
9.485919475555419922e-01
9.999619126319885254e-01
9.970647692680358887e-01
9.970932006835937500e-01
9.762172102928161621e-01
9.839544296264648438e-01
9.631629586219787598e-01
9.440509080886840820e-01
9.942572116851806641e-01
6.561886668205261230e-01
9.170773029327392578e-01
9.999902248382568359e-01
9.274197816848754883e-01
9.766094088554382324e-01
9.422951340675354004e-01
9.999712109565734863e-01
9.985486268997192383e-01
9.985659122467041016e-01
9.982951283454895020e-01
9.971961975097656250e-01
9.207907915115356445e-01
9.966552853584289551e-01
9.947947263717651367e-01
7.930155992507934570e-01
7.877668142318725586e-01
9.972676038742065430e-01
9.858007431030273438e-01
9.189873337745666504e-01
9.105458259582519531e-01
9.964361786842346191e-01
9.984960556030273438e-01
9.985155463218688965e-01
9.929521083831787109e-01
9.480019807815551758e-01
9.887757897377014160e-01
9.967234134674072266e-01
9.515538811683654785e-01
9.999995827674865723e-01
9.992775321006774902e-01
9.928424954414367676e-01
8.536937236785888672e-01
9.341807961463928223e-01
9.989530444145202637e-01
6.113661080598831177e-02
8.830134272575378418e-01
9.303385019302368164e-01
9.996953010559082031e-01
6.311880946159362793e-01
9.075129032135009766e-01
9.577906727790832520e-01
9.994744062423706055e-01
8.409639596939086914e-01
9.681320190429687500e-01
9.445574879646301270e-01
9.989286661148071289e-01
7.938308119773864746e-01
9.626339673995971680e-01
9.998453259468078613e-01
9.468157887458801270e-01
9.156156182289123535e-01
9.959115386009216309e-01
9.974027872085571289e-01
9.955484867095947266e-01
8.835100531578063965e-01
9.689981341361999512e-01
8.583929538726806641e-01
9.885048866271972656e-01
9.991294145584106445e-01
9.885565042495727539e-01
8.809584379196166992e-01
9.933718442916870117e-01
9.957491159439086914e-01
9.972652196884155273e-01
9.802730679512023926e-01
9.685806035995483398e-01
9.952447414398193359e-01
9.992020726203918457e-01
9.348717927932739258e-01
9.660420417785644531e-01
9.989179968833923340e-01
9.167681336402893066e-01
9.619848132133483887e-01
9.594168066978454590e-01
9.987686276435852051e-01
8.839911818504333496e-01
9.954478144645690918e-01
9.970790147781372070e-01
9.528344273567199707e-01
9.558758735656738281e-01
9.708254933357238770e-01
9.992011785507202148e-01
9.149220585823059082e-01
9.244742989540100098e-01
9.998382329940795898e-01
9.942411184310913086e-01
9.917668700218200684e-01
7.847867012023925781e-01
9.921584129333496094e-01
9.903842806816101074e-01
9.994752407073974609e-01
9.982033967971801758e-01
9.575276970863342285e-01
9.999539852142333984e-01
6.063441038131713867e-01
8.681414127349853516e-01
9.553809762001037598e-01
9.996091127395629883e-01
9.778801202774047852e-01
9.957622289657592773e-01
9.688675999641418457e-01
9.168274402618408203e-01
8.195210099220275879e-01
9.931738972663879395e-01
9.935935139656066895e-01
9.923431277275085449e-01
9.461714029312133789e-01
9.954255819320678711e-01
9.980977177619934082e-01
9.658300876617431641e-01
9.113019108772277832e-01
9.695146083831787109e-01
9.955182075500488281e-01
9.897001385688781738e-01
9.988769888877868652e-01
8.321717381477355957e-01
9.918640255928039551e-01
9.779273271560668945e-01
9.999906420707702637e-01
9.862880706787109375e-01
9.954189062118530273e-01
9.999676346778869629e-01
9.787312150001525879e-01
9.997709989547729492e-01
9.541194438934326172e-01
9.976642727851867676e-01
9.989806413650512695e-01
9.306387305259704590e-01
8.924637436866760254e-01
8.850984573364257812e-01
9.991908073425292969e-01
8.215095400810241699e-01
8.747158050537109375e-01
9.894097447395324707e-01
9.973049759864807129e-01
8.768047690391540527e-01
9.390624761581420898e-01
9.987429380416870117e-01
9.083409905433654785e-01
9.103288650512695312e-01
9.998131394386291504e-01
9.972926378250122070e-01
9.984460473060607910e-01
7.952336668968200684e-01
9.914695024490356445e-01
9.879654645919799805e-01
9.999173283576965332e-01
8.672587871551513672e-01
9.985358715057373047e-01
9.777720570564270020e-01
9.999681711196899414e-01
9.532530307769775391e-01
9.389717578887939453e-01
9.998571276664733887e-01
9.599993824958801270e-01
9.940486550331115723e-01
9.995955228805541992e-01
9.747389554977416992e-01
9.786812067031860352e-01
9.601563811302185059e-01
9.995675086975097656e-01
9.958726763725280762e-01
9.794330000877380371e-01
8.707135915756225586e-01
9.996700882911682129e-01
9.284389615058898926e-01
9.314484000205993652e-01
9.999518990516662598e-01
8.367002010345458984e-01
9.599030017852783203e-01
9.898777008056640625e-01
9.962278008460998535e-01
8.584316372871398926e-01
9.748126864433288574e-01
9.925334453582763672e-01
9.997307658195495605e-01
9.901063442230224609e-01
9.937963485717773438e-01
9.802163839340209961e-01
9.976735711097717285e-01
9.546405673027038574e-01
9.921917915344238281e-01
9.968172311782836914e-01
9.968355298042297363e-01
9.009533524513244629e-01
9.573908448219299316e-01
9.959182143211364746e-01
9.851077795028686523e-01
9.541428685188293457e-01
9.960371255874633789e-01
9.955210089683532715e-01
9.963394999504089355e-01
9.247030019760131836e-01
9.770601987838745117e-01
9.470721483230590820e-01
9.920999407768249512e-01
