6.896378397941589355e-01
6.639881730079650879e-01
2.513334751129150391e-01
2.810528269037604332e-03
9.913568496704101562e-01
4.206614494323730469e-01
9.354074597358703613e-01
9.760248064994812012e-01
3.639176189899444580e-01
2.033023722469806671e-02
1.032970286905765533e-02
7.650977373123168945e-01
3.997378051280975342e-02
9.422702714800834656e-03
8.588404161855578423e-04
2.462806645780801773e-03
2.462985459715127945e-03
7.514491081237792969e-01
7.891891002655029297e-01
1.070503052324056625e-02
1.375892461510375142e-04
9.426194429397583008e-02
6.232500076293945312e-02
1.802973449230194092e-03
4.961835220456123352e-04
1.425699442625045776e-01
2.042585983872413635e-02
1.252902485430240631e-02
1.103872200474143028e-03
9.957490563392639160e-01
5.819684156449511647e-05
6.782966852188110352e-01
1.519940644502639771e-01
5.255299620330333710e-03
5.723329959437251091e-04
6.830815970897674561e-02
4.385073855519294739e-02
3.119196929037570953e-02
1.880550873465836048e-03
9.284179657697677612e-02
1.446104887872934341e-02
7.890470325946807861e-03
5.513456184417009354e-03
6.280849575996398926e-01
6.456539630889892578e-01
4.111445043236017227e-03
3.638777881860733032e-02
1.177877262234687805e-01
6.332128494977951050e-02
9.374809265136718750e-01
9.899964332580566406e-01
9.772096872329711914e-01
9.215051531791687012e-01
9.691609144210815430e-01
1.096713617444038391e-01
3.309870837256312370e-03
5.574832111597061157e-02
6.227081418037414551e-01
6.391628980636596680e-01
2.865329682826995850e-01
5.655547603964805603e-02
1.462311893701553345e-01
8.731647133827209473e-01
2.783360704779624939e-02
2.696571871638298035e-02
2.739723026752471924e-01
7.450922727584838867e-01
5.347273778170347214e-03
4.027680307626724243e-02
9.903836846351623535e-01
7.176529765129089355e-01
6.575820446014404297e-01
5.526119470596313477e-01
3.408292829990386963e-01
1.343147009611129761e-01
1.096847131848335266e-01
8.742830753326416016e-01
1.074105501174926758e-02
2.733973227441310883e-02
2.719219326972961426e-01
7.172995805740356445e-01
4.167381848674267530e-04
8.066494949162006378e-03
2.697051875293254852e-02
7.626453042030334473e-01
9.851797819137573242e-01
8.342529088258743286e-02
1.369483321905136108e-01
6.341013908386230469e-01
4.856619238853454590e-02
2.808453738689422607e-01
1.208407506346702576e-01
6.113534048199653625e-02
1.757116615772247314e-02
2.759800525382161140e-03
1.338125467300415039e-01
2.091019414365291595e-02
9.610647335648536682e-03
2.620789688080549240e-03
6.392356157302856445e-01
6.089290380477905273e-01
5.465025827288627625e-02
1.112015265971422195e-02
9.907361268997192383e-01
9.943353533744812012e-01
8.035275340080261230e-01
2.896794863045215607e-02
1.081192493438720703e-02
1.370845129713416100e-03
8.170111179351806641e-01
5.011522769927978516e-02
9.492114186286926270e-03
3.828228800557553768e-04
6.077029109001159668e-01
5.522952079772949219e-01
2.619131207466125488e-01
8.125352114439010620e-02
9.223368018865585327e-02
1.530800908803939819e-01
8.934453725814819336e-01
2.755671367049217224e-02
1.774733215570449829e-01
8.984217643737792969e-01
1.759522274369373918e-04
9.919854998588562012e-01
1.644495525397360325e-03
9.654198288917541504e-01
6.443710923194885254e-01
5.550244450569152832e-01
2.567439675331115723e-01
7.390537858009338379e-02
7.788300514221191406e-02
1.490551084280014038e-01
8.848186731338500977e-01
1.647911034524440765e-03
2.510457038879394531e-01
8.603197932243347168e-01
9.316294745076447725e-05
6.595925241708755493e-02
5.569821000099182129e-01
9.624459147453308105e-01
8.970669507980346680e-01
6.681089103221893311e-02
4.611631855368614197e-03
9.719614386558532715e-01
9.785402417182922363e-01
9.402214288711547852e-01
9.968213438987731934e-01
2.189623713493347168e-01
6.578585505485534668e-02
4.854727536439895630e-02
1.778102070093154907e-01
2.055161446332931519e-02
6.519704125821590424e-03
4.256474971771240234e-02
6.682361364364624023e-01
6.586045622825622559e-01
3.987707495689392090e-01
4.424643702805042267e-03
9.909630417823791504e-01
9.905549883842468262e-01
7.830472588539123535e-01
6.044589281082153320e-01
5.793755501508712769e-02
3.851268207654356956e-03
5.188468694686889648e-01
3.122743219137191772e-02
1.301691494882106781e-02
2.774535212665796280e-03
6.701698303222656250e-01
6.771116256713867188e-01
4.802924692630767822e-01
3.402992151677608490e-03
9.930968880653381348e-01
9.934242963790893555e-01
9.371227622032165527e-01
9.887484908103942871e-01
9.075196832418441772e-02
4.811880178749561310e-03
2.504640258848667145e-03
5.740106105804443359e-02
1.293398253619670868e-02
3.596506721805781126e-04
6.809872388839721680e-01
5.629956722259521484e-01
2.111514061689376831e-01
2.974391914904117584e-02
7.686157524585723877e-02
2.076255679130554199e-01
9.034052491188049316e-01
6.669027730822563171e-03
9.945468902587890625e-01
9.928776025772094727e-01
9.677933454513549805e-01
9.837968349456787109e-01
7.085179095156490803e-04
9.879903197288513184e-01
9.305051565170288086e-01
5.206750631332397461e-01
3.075017035007476807e-01
4.069385118782520294e-03
9.886912107467651367e-01
9.943389892578125000e-01
4.927223622798919678e-01
7.679718136787414551e-01
6.805837154388427734e-02
1.171688735485076904e-01
3.745221719145774841e-02
7.278542518615722656e-01
3.534980863332748413e-02
2.118130400776863098e-02
8.326097130775451660e-01
6.983149647712707520e-01
2.087940275669097900e-01
3.282936988398432732e-03
4.568457603454589844e-02
5.984327197074890137e-01
7.928814291954040527e-01
9.871981739997863770e-01
4.054492413997650146e-01
6.316113471984863281e-01
5.998756363987922668e-02
6.763249635696411133e-01
5.825524777173995972e-02
1.186237297952175140e-02
