9.970095753669738770e-01
9.931637048721313477e-01
5.319867134094238281e-01
9.952207207679748535e-01
9.815030694007873535e-01
9.935642480850219727e-01
9.493793249130249023e-01
9.790890216827392578e-01
9.837667346000671387e-01
9.884222745895385742e-01
9.912752509117126465e-01
9.495949745178222656e-01
9.918195009231567383e-01
9.928346276283264160e-01
9.924591779708862305e-01
7.605764865875244141e-01
1.774394363164901733e-01
9.980921745300292969e-01
9.157675504684448242e-01
9.832191467285156250e-01
9.877942800521850586e-01
9.909327030181884766e-01
9.989400506019592285e-01
9.964131712913513184e-01
9.956481456756591797e-01
1.375191062688827515e-01
9.899300932884216309e-01
8.709390759468078613e-01
9.711465239524841309e-01
3.942837119102478027e-01
1.095058396458625793e-01
9.915072917938232422e-01
8.905960321426391602e-01
9.890695214271545410e-01
9.771518111228942871e-01
9.644155502319335938e-01
9.957093000411987305e-01
9.943977594375610352e-01
9.971044659614562988e-01
2.522000968456268311e-01
9.747481942176818848e-01
9.682095050811767578e-01
9.879797101020812988e-01
9.770460724830627441e-01
9.108889698982238770e-01
9.938248991966247559e-01
9.898555278778076172e-01
9.968565702438354492e-01
9.931899905204772949e-01
9.722821712493896484e-01
9.804210066795349121e-01
9.817252159118652344e-01
9.970185756683349609e-01
3.192491531372070312e-01
9.756487011909484863e-01
9.606891274452209473e-01
9.974112510681152344e-01
9.993393421173095703e-01
9.919750690460205078e-01
9.816270470619201660e-01
8.858409523963928223e-01
9.600226879119873047e-01
9.989304542541503906e-01
7.639043331146240234e-01
6.814017295837402344e-01
9.944937229156494141e-01
9.763432145118713379e-01
1.942398250102996826e-01
9.922260046005249023e-01
9.858415722846984863e-01
9.878042936325073242e-01
9.806572198867797852e-01
9.788461327552795410e-01
9.679471850395202637e-01
4.170275479555130005e-02
8.832249641418457031e-01
9.797912836074829102e-01
9.939113259315490723e-01
3.193848207592964172e-02
9.899206757545471191e-01
9.933531284332275391e-01
4.983732104301452637e-01
9.932357072830200195e-01
3.055887855589389801e-02
9.960147738456726074e-01
9.991021156311035156e-01
9.968799352645874023e-01
9.963482022285461426e-01
9.945567250251770020e-01
9.958229064941406250e-01
9.960937500000000000e-01
9.883484840393066406e-01
9.970414042472839355e-01
9.974102377891540527e-01
7.041178941726684570e-01
9.667290449142456055e-01
9.915279746055603027e-01
9.957464337348937988e-01
9.961150884628295898e-01
9.975697994232177734e-01
9.902535080909729004e-01
9.329484105110168457e-01
9.949262142181396484e-01
9.494258165359497070e-01
6.591665744781494141e-01
9.806724786758422852e-01
9.789971113204956055e-01
9.578167200088500977e-01
3.780976831912994385e-01
9.373015165328979492e-01
9.974117279052734375e-01
9.663761854171752930e-01
9.949531555175781250e-01
9.984895586967468262e-01
9.934254884719848633e-01
9.850379228591918945e-01
8.130155503749847412e-02
9.632968902587890625e-01
9.969066381454467773e-01
9.988071918487548828e-01
9.732254147529602051e-01
9.937015175819396973e-01
9.876022934913635254e-01
1.163344830274581909e-01
9.931962490081787109e-01
9.873679280281066895e-01
9.959121942520141602e-01
9.930159449577331543e-01
9.725828766822814941e-01
9.547792077064514160e-01
6.537813544273376465e-01
9.746060967445373535e-01
9.969549179077148438e-01
9.914596080780029297e-01
9.918072819709777832e-01
9.945966601371765137e-01
6.414876580238342285e-01
9.927239418029785156e-01
9.916331171989440918e-01
2.120311558246612549e-01
9.983413219451904297e-01
9.986335635185241699e-01
9.897229075431823730e-01
9.710454344749450684e-01
1.546666473150253296e-01
9.162527322769165039e-01
8.820471763610839844e-01
9.987422227859497070e-01
9.878116846084594727e-01
9.828212857246398926e-01
9.994102716445922852e-01
9.836157560348510742e-01
9.933875799179077148e-01
5.853481707163155079e-04
9.997828602790832520e-01
9.977544546127319336e-01
9.867294430732727051e-01
9.733784198760986328e-01
2.427787631750106812e-01
9.806287884712219238e-01
9.956876635551452637e-01
9.982381463050842285e-01
9.879614114761352539e-01
9.901064634323120117e-01
9.919645190238952637e-01
9.860439300537109375e-01
9.877263903617858887e-01
8.901867866516113281e-01
9.742774367332458496e-01
9.974629878997802734e-01
9.912486076354980469e-01
9.773195385932922363e-01
3.774454295635223389e-01
9.856088161468505859e-01
9.946373701095581055e-01
9.972972869873046875e-01
9.588000178337097168e-01
9.852386116981506348e-01
9.887943863868713379e-01
9.920928478240966797e-01
9.398215413093566895e-01
4.055613577365875244e-01
9.990400075912475586e-01
9.967682361602783203e-01
9.911946058273315430e-01
8.967128396034240723e-01
9.505596160888671875e-01
9.931986331939697266e-01
9.914654493331909180e-01
9.972780942916870117e-01
9.822427630424499512e-01
9.851943254470825195e-01
9.884586334228515625e-01
9.959761500358581543e-01
1.179363671690225601e-02
8.124317526817321777e-01
9.980309009552001953e-01
9.934704899787902832e-01
9.897895455360412598e-01
8.185294270515441895e-01
9.937624931335449219e-01
9.299331307411193848e-01
9.931815266609191895e-01
9.912270307540893555e-01
9.729999303817749023e-01
9.951654076576232910e-01
9.885988235473632812e-01
9.994599819183349609e-01
9.133046269416809082e-01
9.798005223274230957e-01
9.989759922027587891e-01
9.985508322715759277e-01
9.958850741386413574e-01
7.899562716484069824e-01
9.931699633598327637e-01
9.923367500305175781e-01
9.942380189895629883e-01
9.914198517799377441e-01
9.785016775131225586e-01
9.797889590263366699e-01
9.878942370414733887e-01
9.963188767433166504e-01
9.456691741943359375e-01
9.933891892433166504e-01
9.933609366416931152e-01
