9.950563311576843262e-01
9.889224171638488770e-01
7.953395247459411621e-01
7.832474708557128906e-01
3.842645883560180664e-01
3.490510284900665283e-01
1.504265069961547852e-01
9.970156848430633545e-02
2.324503213167190552e-01
6.833568215370178223e-02
1.163213397376239300e-03
7.432629819959402084e-03
4.709286987781524658e-02
5.484546069055795670e-03
2.850156670319847763e-05
2.718227207660675049e-01
1.366257388144731522e-02
4.165446013212203979e-02
9.746310710906982422e-01
2.815025150775909424e-01
2.554867416620254517e-02
3.856840357184410095e-02
7.787086963653564453e-01
3.854859769344329834e-01
2.980330772697925568e-02
9.501494467258453369e-02
2.863985896110534668e-01
1.179938763380050659e-01
6.128627341240644455e-03
1.187958847731351852e-02
3.248105198144912720e-02
8.506695032119750977e-01
6.935817003250122070e-02
3.564132004976272583e-02
1.619253121316432953e-02
1.544995307922363281e-01
3.580747172236442566e-02
8.463394641876220703e-02
9.748820215463638306e-03
1.293235272169113159e-02
8.519564755260944366e-03
1.673596911132335663e-02
2.940796315670013428e-03
9.868475794792175293e-01
9.950778484344482422e-01
8.031874299049377441e-01
3.876773715019226074e-01
6.416787505149841309e-01
1.026568189263343811e-01
1.154015511274337769e-01
1.194283887743949890e-01
7.157035171985626221e-02
3.365620737895369530e-03
1.029027253389358521e-02
3.680884465575218201e-02
1.171604823321104050e-02
5.235156859271228313e-04
9.971292018890380859e-01
9.934394359588623047e-01
8.860003948211669922e-01
2.538864314556121826e-02
4.523607194423675537e-01
1.668447107076644897e-01
1.664349110797047615e-04
8.563217706978321075e-03
2.355770580470561981e-02
8.868973236531019211e-04
9.010337817016988993e-05
8.530212217010557652e-04
1.742241322062909603e-03
1.356179927824996412e-05
9.962285161018371582e-01
9.937955141067504883e-01
8.811755776405334473e-01
7.745751142501831055e-01
3.444584012031555176e-01
1.863237097859382629e-02
1.175960451364517212e-01
2.690308988094329834e-01
2.713576657697558403e-03
1.086815958842635155e-03
9.287413209676742554e-03
1.069767773151397705e-01
7.331043161684647202e-05
1.613129825273063034e-05
9.959447383880615234e-01
9.951073527336120605e-01
9.789271950721740723e-01
8.547351956367492676e-01
5.490560531616210938e-01
2.665643952786922455e-02
1.607812047004699707e-01
4.236782491207122803e-01
2.138911187648773193e-02
4.296306578908115625e-04
1.568253897130489349e-02
1.054070815443992615e-01
5.053437780588865280e-03
2.788902384054381400e-05
9.944288730621337891e-01
9.961901307106018066e-01
9.940567016601562500e-01
8.295173048973083496e-01
4.674807786941528320e-01
9.595434665679931641e-01
1.223084926605224609e-01
3.055000603199005127e-01
1.518721282482147217e-01
1.039247680455446243e-02
1.167364511638879776e-02
9.467995166778564453e-02
2.037599310278892517e-02
1.356187160126864910e-03
1.031305920332670212e-02
9.929279685020446777e-01
7.292235493659973145e-01
9.509137272834777832e-01
5.841077566146850586e-01
3.188191354274749756e-01
2.604709565639495850e-01
7.658229768276214600e-02
8.446911722421646118e-02
4.628269933164119720e-03
6.185503676533699036e-03
7.287690788507461548e-02
4.970382433384656906e-03
2.482357194821815938e-05
1.496054511517286301e-02
9.974635243415832520e-01
7.670226693153381348e-01
8.806425333023071289e-01
1.006122976541519165e-01
7.475373148918151855e-01
1.499141752719879150e-01
2.291500270366668701e-01
4.164359718561172485e-02
1.528271008282899857e-03
5.007419362664222717e-02
1.268052030354738235e-02
3.042486496269702911e-03
1.511995651526376605e-04
1.640832126140594482e-01
9.966545701026916504e-01
6.415789127349853516e-01
7.911939620971679688e-01
5.283911228179931641e-01
5.180941820144653320e-01
1.640096753835678101e-01
9.445653855800628662e-02
6.806854903697967529e-02
1.950623583979904652e-03
7.511991076171398163e-03
3.086700662970542908e-02
1.127604953944683075e-02
1.997030631173402071e-05
9.967887997627258301e-01
9.920440912246704102e-01
8.914287090301513672e-01
8.667268753051757812e-01
9.769446849822998047e-01
9.230497479438781738e-01
3.897169977426528931e-02
1.280319094657897949e-01
3.360472321510314941e-01
4.454130679368972778e-02
1.235361583530902863e-02
1.189619451761245728e-01
3.328605322167277336e-03
2.140728320227935910e-04
9.365648627281188965e-01
9.950678348541259766e-01
7.837699055671691895e-01
9.026625156402587891e-01
6.288713216781616211e-01
9.507721066474914551e-01
4.932030141353607178e-01
2.495937645435333252e-01
4.353389441967010498e-01
1.153215095400810242e-01
2.842262154445052147e-03
9.056371450424194336e-02
3.107896307483315468e-03
7.307041960302740335e-05
9.305629134178161621e-02
9.965332150459289551e-01
9.271955490112304688e-01
9.573591351509094238e-01
4.466815590858459473e-01
9.771311283111572266e-01
3.801934719085693359e-01
5.398282408714294434e-01
5.225989818572998047e-01
2.159452736377716064e-01
1.617187447845935822e-02
8.023294061422348022e-02
2.459918707609176636e-02
5.289375549182295799e-04
9.965761899948120117e-01
9.847797155380249023e-01
8.183710575103759766e-01
7.776199579238891602e-01
8.389444351196289062e-01
6.963045597076416016e-01
1.196769401431083679e-01
9.089732170104980469e-02
1.959556192159652710e-01
3.853460401296615601e-02
5.633088294416666031e-04
5.578629672527313232e-03
5.615153908729553223e-02
5.037234586779959500e-06
9.967187047004699707e-01
9.897440075874328613e-01
9.130207300186157227e-01
7.844240069389343262e-01
4.870672821998596191e-01
8.767463564872741699e-01
3.075273334980010986e-02
1.043598204851150513e-01
2.809835970401763916e-01
2.614330500364303589e-02
3.144257003441452980e-03
7.469263859093189240e-03
7.994755357503890991e-02
2.164979930967092514e-03
