1.907300800085067749e-01
2.631562347232829779e-05
3.684175387024879456e-02
8.916547298431396484e-01
3.543648496270179749e-02
3.944465788663364947e-05
6.752210855484008789e-02
9.904408454895019531e-01
4.747433995362371206e-04
1.041771247400902212e-04
1.888282597064971924e-02
7.920497059822082520e-01
1.751155108213424683e-01
1.995023190975189209e-01
2.811876833438873291e-01
7.190746255218982697e-03
2.505762875080108643e-02
8.155953884124755859e-01
1.489878911525011063e-02
2.129589411197230220e-04
1.499766221968457103e-05
8.300272226333618164e-01
1.965178996324539185e-01
1.290014088153839111e-01
2.819275856018066406e-01
9.962523579597473145e-01
1.997663825750350952e-01
3.241161493861000054e-06
4.924607832634819715e-09
1.103711896575987339e-03
1.301155053079128265e-02
8.249813914299011230e-01
7.553132623434066772e-02
3.052314743399620056e-02
1.056106953001290094e-07
9.353409409523010254e-01
2.842964529991149902e-01
4.016482853330671787e-05
1.999295055866241455e-01
9.748383760452270508e-01
2.906377892941236496e-03
2.060516923666000366e-01
4.008373022079467773e-01
1.736378413625061512e-03
2.295903861522674561e-03
9.979869127273559570e-01
2.904388820752501488e-03
2.398758679628372192e-01
2.011838375892693875e-07
9.018613696098327637e-01
8.632205426692962646e-02
1.468002592446282506e-04
7.524188276875065640e-06
9.947557449340820312e-01
1.991931498050689697e-01
2.000167071819305420e-01
2.175544119853434211e-11
2.019967883825302124e-01
3.940855339169502258e-02
2.059414873656351119e-05
1.043911091983318329e-02
2.917186975537333637e-06
4.034746380057185888e-04
9.895816911011934280e-04
3.596636280417442322e-02
1.212671399116516113e-02
1.032818364166132596e-08
7.904917001724243164e-03
1.168304216116666794e-02
3.450339194387197495e-03
4.006299150205450132e-06
4.063717206008732319e-04
1.976657509803771973e-01
2.798812463879585266e-02
9.441895484924316406e-01
3.373407525941729546e-04
4.386549293994903564e-01
9.988610148429870605e-01
3.781488339882344007e-04
1.634696382097899914e-03
1.202104846015572548e-03
9.996001124382019043e-01
1.403653342276811600e-02
4.581573302857577801e-04
1.996662169694900513e-01
1.177286952733993530e-01
6.859711837023496628e-03
8.280933716520166854e-10
9.982370138168334961e-01
1.604892429895699024e-03
1.975192921236157417e-03
8.255634903907775879e-01
4.362865164875984192e-02
4.404581588346445642e-09
1.203184481710195541e-03
5.892636179924011230e-01
2.976793050765991211e-02
1.598144299350678921e-03
9.150878031505271792e-05
3.180253133177757263e-02
1.961257308721542358e-02
1.091465651988983154e-01
9.965119957923889160e-01
1.992479665204882622e-03
3.424107271712273359e-04
7.494037151336669922e-01
1.619821786880493164e-02
1.986322104930877686e-01
3.644234425337344874e-08
4.452530443668365479e-01
1.643192768096923828e-01
1.757357269525527954e-01
1.424364447593688965e-01
1.871983148157596588e-02
1.511847076471894979e-04
4.249450284987688065e-06
7.925938367843627930e-01
1.823065988719463348e-02
6.608982857869705185e-06
2.845650851668324322e-05
1.220755558460950851e-02
1.339418580755591393e-03
1.899802498519420624e-02
4.330600495450198650e-04
6.854193657636642456e-02
2.756375353783369064e-03
1.901838828644031310e-07
1.488447468727827072e-02
4.206031917419750243e-06
7.950403727591037750e-03
9.179817438125610352e-01
7.848994433879852295e-02
1.991372555494308472e-01
5.588809144683182240e-04
8.018010258674621582e-01
4.004138190794037655e-06
1.068090437911450863e-03
9.995881319046020508e-01
9.852899238467216492e-03
3.019038960337638855e-02
1.188361793756484985e-01
9.565589018166065216e-03
2.185718913096934557e-04
5.888649070584506262e-07
9.707586765289306641e-01
5.943935737013816833e-02
1.294564117415575311e-05
8.448359039903152734e-06
9.978775978088378906e-01
2.703519165515899658e-01
8.864837468536279630e-07
8.486021757125854492e-01
5.589943844825029373e-03
2.178760617971420288e-02
6.162050180137157440e-03
7.578272372484207153e-03
1.578131787027814426e-06
9.086791578738484532e-06
8.443974256515502930e-01
1.943854540586471558e-01
8.005715790204703808e-04
8.814022400827070669e-09
8.253396749496459961e-01
2.286482229828834534e-02
1.335961278527975082e-04
3.777402639389038086e-01
2.022824883460998535e-01
3.517520800232887268e-02
2.288520634174346924e-01
2.136212736368179321e-01
3.680999390780925751e-03
5.091430619359016418e-03
9.698680639266967773e-01
4.013204015791416168e-03
1.037867987179197371e-04
2.395540773868560791e-01
9.498640298843383789e-01
6.007183343172073364e-03
2.459999322891235352e-01
3.133173152036761167e-07
3.532047942280769348e-02
1.618247479200363159e-04
1.999957859516143799e-01
3.216408425942063332e-03
2.998768910765647888e-02
1.041075587272644043e-01
9.987291693687438965e-01
2.829509042203426361e-02
5.941970646381378174e-02
2.025756984949111938e-04
9.428187608718872070e-01
1.922366470098495483e-01
3.112722635269165039e-01
1.816627532243728638e-01
5.763589143753051758e-01
2.720824480056762695e-01
9.864262491464614868e-02
1.890787035226821899e-01
2.636269330978393555e-01
1.933741805260069668e-05
9.250757098197937012e-01
2.276099622249603271e-01
5.564487219089642167e-05
2.854508638847619295e-04
8.272545337677001953e-01
6.768756546080112457e-03
4.603921622037887573e-02
2.067482273560017347e-05
6.823803186416625977e-01
7.360025309026241302e-03
8.087172359228134155e-02
2.300039082765579224e-01
3.299924731254577637e-01
1.654668450355529785e-01
9.424111247062683105e-01
7.395265856757760048e-04
4.301602893974632025e-05
1.925592124462127686e-01
9.750681519508361816e-01
2.518754303455352783e-01
1.637523919343948364e-01
6.818587280577048659e-05
9.957362413406372070e-01
1.950708478689193726e-01
2.014117091894149780e-01
