1.099556218832731247e-03
1.564600155688822269e-03
2.007137537002563477e-01
9.996051788330078125e-01
3.208755329251289368e-02
1.343893745797686279e-05
4.882418736815452576e-02
9.999780654907226562e-01
4.290276046958751976e-05
1.605932484380900860e-04
1.062808564711303916e-06
4.221580028533935547e-01
1.820615398173686117e-05
1.103181174882950089e-11
1.816644057406335833e-11
2.109258948057579630e-13
2.198764087468774164e-10
9.999999403953552246e-01
1.225985033670440316e-04
6.942613151039722652e-10
3.437991211163726746e-12
9.999879598617553711e-01
6.631746146013028920e-06
9.050762916906762712e-11
8.175945272366480499e-13
9.926027655601501465e-01
6.820468115620315075e-05
2.429987201041372558e-12
3.103436074511150503e-17
4.939680919051170349e-03
6.861705514893401414e-07
9.993118047714233398e-01
9.896691888570785522e-03
2.319913846804411151e-06
5.607705855226186031e-09
9.999765157699584961e-01
1.240812853211537004e-04
4.894071480521233752e-06
7.484662489787297091e-08
9.998508095741271973e-01
2.247083284601103514e-05
1.136301053250576842e-10
5.182511795469128824e-16
4.601704422384500504e-03
1.233525052666664124e-01
9.952903985977172852e-01
4.302399232983589172e-02
3.159378320560790598e-05
6.349426507949829102e-01
9.999874234199523926e-01
2.245791954919695854e-03
1.948259887285530567e-04
9.623324785934528336e-07
9.998618960380554199e-01
1.039049766404787078e-05
1.723136390519020011e-11
2.719422180930824995e-13
1.223842147737741470e-02
1.084966817870736122e-03
9.253273159265518188e-02
6.190231535583734512e-03
1.788304361980408430e-04
6.071687210351228714e-03
1.701518446207046509e-01
5.778955528512597084e-04
2.125161699950695038e-06
2.495170861038786825e-07
6.841070055961608887e-01
1.822536587715148926e-01
3.084337413311004639e-01
6.472240090370178223e-01
2.293838886544108391e-03
1.123541878769174218e-04
8.262289762496948242e-01
9.999994039535522461e-01
2.459058014210313559e-04
6.849661986052524298e-06
9.999994039535522461e-01
1.738520261085341190e-08
3.752009192226068990e-08
2.465956185915274546e-07
4.542826674878597260e-03
4.826372901334252674e-07
1.775410114063236122e-12
1.026298404641159425e-16
3.939693793654441833e-03
3.081654722336679697e-04
9.501848220825195312e-01
9.999880194664001465e-01
2.357258647680282593e-02
2.627292647957801819e-03
9.999939203262329102e-01
2.393358590779826045e-05
1.718212239154581766e-08
3.760263211916026194e-07
9.998293519020080566e-01
1.249150591320358217e-05
7.768728694200477403e-13
3.588767466793790772e-13
1.257649157196283340e-03
1.429207350156502798e-05
1.476137898862361908e-02
9.995251297950744629e-01
2.225709520280361176e-02
1.407641229889122769e-05
9.999862909317016602e-01
2.847823780030012131e-04
1.001732816803269088e-04
3.562313999339039583e-09
9.999055266380310059e-01
3.157218452543020248e-05
7.624783443516136572e-11
3.983147619044970754e-17
1.510147703811526299e-03
9.963711636373773217e-05
6.710254237987101078e-04
9.999169707298278809e-01
4.862976726144552231e-03
1.388586679240688682e-05
1.215254906128393486e-05
4.898384941043332219e-05
1.170258110505528748e-05
2.965616907601997809e-08
4.261014237999916077e-02
1.584586948156356812e-01
6.125534746104221995e-09
1.196053130668450759e-12
1.544360816478729248e-02
1.094061281037284061e-05
1.576861686771735549e-04
9.999591112136840820e-01
6.084869615733623505e-03
1.446827373001724482e-04
7.748004691165988334e-07
9.964947700500488281e-01
4.020700544060673565e-06
2.120856834153528325e-06
9.999741911888122559e-01
2.208301611244678497e-02
5.346630587155232206e-07
1.238069802927954655e-11
3.577813040465116501e-03
4.527120472630485892e-05
9.397694468498229980e-01
9.996384978294372559e-01
2.263514557853341103e-03
2.077566205116454512e-05
3.121120389550924301e-04
9.999932050704956055e-01
2.760404348373413086e-01
4.900976477983931545e-07
9.999744892120361328e-01
1.057330373441800475e-04
9.707255230750888586e-06
9.261126518249511719e-01
3.449536394327878952e-03
1.034118831739760935e-04
6.544728297740221024e-03
9.998881220817565918e-01
2.450729720294475555e-03
2.270760160172358155e-05
7.303323855012422428e-06
9.999864101409912109e-01
1.091429439838975668e-04
1.816586745917447843e-06
3.658609390258789062e-01
1.060926588252186775e-03
7.169323362177237868e-05
6.853458955902169691e-08
1.017898204736411572e-03
1.976597195607610047e-05
9.210585057735443115e-02
9.992107152938842773e-01
2.920789271593093872e-02
2.965880594274494797e-05
1.541363531032402534e-06
9.999941587448120117e-01
1.174188219010829926e-04
6.049592775525525212e-05
3.556170327101426665e-07
5.640210474666673690e-06
6.123426210535853897e-10
3.774875551032508270e-11
1.863308832980692387e-03
2.315330857527442276e-05
9.196361303329467773e-01
9.994010925292968750e-01
1.359011139720678329e-02
1.798882658476941288e-05
7.135569717320322525e-07
9.999831318855285645e-01
9.157743625110015273e-05
7.092652595019899309e-06
5.418894133413232339e-08
8.245049118995666504e-01
5.738914343744738744e-10
8.284516822554266469e-11
1.564220059663057327e-03
2.662042528390884399e-02
3.845211267471313477e-01
9.980856776237487793e-01
4.394207894802093506e-02
1.196487028209958225e-05
1.278809905052185059e-01
9.999814033508300781e-01
3.850781358778476715e-04
3.449900541454553604e-04
4.257468845025869086e-06
9.996787309646606445e-01
4.218816684442572296e-05
6.188111001392826438e-08
1.477616955526173115e-03
2.074357718229293823e-01
8.273332118988037109e-01
9.785980582237243652e-01
5.164458602666854858e-02
1.151195192505838349e-05
9.963610172271728516e-01
9.997815489768981934e-01
2.038096636533737183e-02
9.233668097294867039e-04
1.420298900711713941e-07
9.988507628440856934e-01
1.045452954713255167e-04
3.871222453710743139e-09
