1.010581478476524353e-02
9.999682307243347168e-01
2.486111223697662354e-01
1.625310182571411133e-01
2.951449453830718994e-01
9.963461160659790039e-01
7.870710492134094238e-01
7.540360093116760254e-01
9.537070989608764648e-01
9.058668613433837891e-01
9.997251629829406738e-01
9.996154308319091797e-01
9.997074604034423828e-01
1.197892241179943085e-02
9.999554157257080078e-01
3.600315153598785400e-01
2.440292835235595703e-01
7.937492728233337402e-01
9.956976175308227539e-01
8.222444653511047363e-01
8.303757905960083008e-01
9.412733316421508789e-01
9.741335511207580566e-01
9.990283250808715820e-01
9.992725253105163574e-01
9.996601343154907227e-01
1.748161885188892484e-04
7.416777225444093347e-05
9.999962449073791504e-01
2.861877344548702240e-02
1.858763769268989563e-02
9.999822378158569336e-01
5.389654636383056641e-01
4.463086128234863281e-01
6.406273841857910156e-01
9.973018169403076172e-01
9.954304099082946777e-01
9.997993707656860352e-01
9.980844855308532715e-01
1.968690952480756096e-07
3.059690934605896473e-04
9.999776482582092285e-01
1.824739575386047363e-01
1.910546445287764072e-03
9.954463243484497070e-01
8.124113678932189941e-01
8.042958974838256836e-01
6.771925091743469238e-01
9.698048830032348633e-01
9.991800189018249512e-01
9.995650053024291992e-01
9.997464418411254883e-01
1.054432895034551620e-02
5.773284938186407089e-04
9.997557401657104492e-01
4.511642456054687500e-01
5.384378433227539062e-01
9.894536733627319336e-01
8.996192216873168945e-01
9.054403901100158691e-01
8.910712599754333496e-01
9.565364122390747070e-01
9.989319443702697754e-01
9.988884329795837402e-01
9.994635581970214844e-01
1.182943861931562424e-02
6.727246567606925964e-03
9.994615912437438965e-01
9.194895029067993164e-01
5.298987627029418945e-01
4.079864919185638428e-01
3.227507770061492920e-01
7.390823364257812500e-01
6.004712581634521484e-01
4.835009947419166565e-02
3.064806759357452393e-01
7.576270103454589844e-01
7.033557295799255371e-01
1.643211813643574715e-03
3.413194557651877403e-03
9.965516924858093262e-01
7.877160310745239258e-01
2.000971734523773193e-01
9.794715046882629395e-02
9.825395345687866211e-01
2.880939841270446777e-01
3.719944506883621216e-02
9.867858290672302246e-01
9.797060489654541016e-01
3.660514652729034424e-01
6.055818796157836914e-01
2.483057975769042969e-02
2.460787445306777954e-02
9.999637603759765625e-01
6.495420932769775391e-01
4.865341186523437500e-01
6.914439797401428223e-01
9.982879757881164551e-01
6.195878982543945312e-01
8.112127780914306641e-01
9.907133579254150391e-01
9.999758005142211914e-01
9.999713897705078125e-01
9.999254345893859863e-01
1.318241376429796219e-02
5.891586467623710632e-02
9.999337196350097656e-01
2.598531246185302734e-01
1.043253019452095032e-01
5.464079380035400391e-01
9.954252839088439941e-01
6.519532203674316406e-01
8.663262724876403809e-01
9.737166166305541992e-01
9.796586632728576660e-01
9.996302723884582520e-01
9.991090893745422363e-01
8.979666046798229218e-03
2.156275697052478790e-02
9.995303153991699219e-01
9.316515922546386719e-01
9.482741951942443848e-01
7.387669086456298828e-01
9.743409752845764160e-01
9.934403896331787109e-01
9.894183278083801270e-01
9.738095998764038086e-01
8.242477178573608398e-01
9.698866009712219238e-01
9.984939694404602051e-01
2.457429189234972000e-03
6.914583034813404083e-03
9.998365640640258789e-01
9.850901365280151367e-01
9.361842274665832520e-01
4.189750254154205322e-01
9.865283370018005371e-01
9.846759438514709473e-01
9.881766438484191895e-01
9.891490340232849121e-01
8.945499062538146973e-01
6.887048482894897461e-01
9.753077626228332520e-01
2.755163004621863365e-03
5.359862744808197021e-02
9.999479055404663086e-01
9.104655981063842773e-01
5.300513505935668945e-01
9.264189004898071289e-01
9.824193120002746582e-01
9.618017673492431641e-01
9.822346568107604980e-01
9.983866810798645020e-01
9.619248509407043457e-01
9.981154799461364746e-01
9.101329445838928223e-01
1.221088785678148270e-02
4.071404412388801575e-02
9.999622106552124023e-01
6.933369040489196777e-01
7.163950800895690918e-01
8.544427752494812012e-01
9.962162971496582031e-01
9.295578598976135254e-01
8.930728435516357422e-01
9.916545748710632324e-01
9.777312278747558594e-01
9.988942146301269531e-01
9.972739219665527344e-01
5.309906005859375000e-01
9.955351948738098145e-01
1.613026708364486694e-01
4.820398986339569092e-01
5.087966918945312500e-01
9.929837584495544434e-01
9.153905510902404785e-01
9.264928102493286133e-01
9.244070053100585938e-01
9.718797802925109863e-01
9.953615069389343262e-01
9.981400966644287109e-01
9.996351003646850586e-01
9.994395375251770020e-01
5.401885602623224258e-03
9.725512862205505371e-01
5.271352529525756836e-01
2.984854280948638916e-01
6.370512396097183228e-02
9.229847788810729980e-01
9.276307225227355957e-01
4.277605712413787842e-01
1.289828121662139893e-01
9.410938620567321777e-01
9.931131005287170410e-01
9.932580590248107910e-01
1.264604628086090088e-01
2.192900574300438166e-04
9.978324174880981445e-01
4.141007736325263977e-02
6.037639454007148743e-03
9.990764856338500977e-01
8.469972014427185059e-01
8.869953155517578125e-01
6.469779610633850098e-01
9.957674741744995117e-01
9.951516389846801758e-01
9.976830482482910156e-01
9.870236515998840332e-01
2.663780152797698975e-01
8.099481929093599319e-04
9.964791536331176758e-01
4.469577670097351074e-01
5.537393502891063690e-03
9.913987517356872559e-01
9.268630743026733398e-01
8.852708935737609863e-01
7.454653978347778320e-01
9.526612162590026855e-01
9.918432235717773438e-01
9.990187287330627441e-01
9.996813535690307617e-01
9.858531355857849121e-01
1.594883389770984650e-02
9.414196610450744629e-01
9.878835082054138184e-01
7.997317910194396973e-01
6.109827160835266113e-01
9.172962307929992676e-01
9.722386002540588379e-01
7.959587574005126953e-01
1.771385818719863892e-01
9.161715507507324219e-01
9.967220425605773926e-01
9.926089644432067871e-01
9.884461760520935059e-01
1.419251877814531326e-02
9.482880234718322754e-01
9.711227416992187500e-01
2.723127007484436035e-01
5.488265752792358398e-01
9.693516492843627930e-01
9.243279695510864258e-01
1.751875281333923340e-01
9.724817872047424316e-01
9.860204458236694336e-01
7.626738548278808594e-01
6.731464266777038574e-01
7.681307792663574219e-01
1.703324541449546814e-02
9.932163953781127930e-01
6.446985006332397461e-01
9.146994948387145996e-01
7.979339957237243652e-01
9.959004521369934082e-01
8.949230313301086426e-01
9.252631664276123047e-01
9.796239137649536133e-01
9.999534487724304199e-01
9.998548626899719238e-01
9.998255968093872070e-01
9.606328606605529785e-01
7.266627252101898193e-02
9.622943997383117676e-01
8.751192688941955566e-01
5.805871486663818359e-01
6.844009160995483398e-01
9.606439471244812012e-01
9.644488692283630371e-01
9.797868132591247559e-01
8.403978943824768066e-01
9.980508089065551758e-01
9.984952211380004883e-01
9.991675615310668945e-01
9.650239348411560059e-01
5.651414394378662109e-02
9.548761248588562012e-01
9.830438494682312012e-01
9.537532329559326172e-01
9.550226926803588867e-01
9.364229440689086914e-01
9.458814263343811035e-01
9.875752329826354980e-01
9.925133585929870605e-01
5.971598029136657715e-01
9.566424489021301270e-01
9.973545670509338379e-01
9.492957592010498047e-01
3.936076909303665161e-02
9.829922914505004883e-01
9.780120849609375000e-01
9.789099693298339844e-01
8.714956641197204590e-01
9.739792346954345703e-01
9.835391044616699219e-01
9.667657613754272461e-01
9.967299103736877441e-01
7.859710454940795898e-01
6.761299371719360352e-01
9.867716431617736816e-01
5.786986947059631348e-01
6.558661907911300659e-02
9.931805729866027832e-01
9.388622641563415527e-01
9.781222343444824219e-01
9.539763331413269043e-01
9.879707694053649902e-01
9.855035543441772461e-01
9.785399436950683594e-01
9.987495541572570801e-01
8.950535655021667480e-01
9.630790948867797852e-01
9.575959444046020508e-01
7.843837738037109375e-01
4.477501288056373596e-02
9.922000765800476074e-01
8.637258410453796387e-01
9.484907388687133789e-01
9.387300014495849609e-01
9.907286763191223145e-01
9.490623474121093750e-01
9.736426472663879395e-01
9.924061298370361328e-01
9.147941470146179199e-01
9.550383687019348145e-01
9.848401546478271484e-01
9.999420046806335449e-01
9.688010215759277344e-01
8.919573426246643066e-01
9.648883342742919922e-01
4.857782423496246338e-01
4.733707010746002197e-02
8.990114331245422363e-01
7.838996648788452148e-01
5.691162347793579102e-01
4.639120995998382568e-01
9.795905351638793945e-01
9.897936582565307617e-01
9.416502118110656738e-01
8.424372076988220215e-01
9.908270835876464844e-01
9.884280562400817871e-01
9.307252168655395508e-01
8.818857669830322266e-01
9.964004755020141602e-01
8.322910666465759277e-01
3.586487770080566406e-01
7.887368202209472656e-01
9.920700788497924805e-01
9.975629448890686035e-01
8.087881207466125488e-01
9.488647580146789551e-01
8.649373054504394531e-01
8.761004209518432617e-01
9.610691666603088379e-01
8.389188647270202637e-01
9.775694925338029861e-04
9.787032604217529297e-01
9.863844513893127441e-01
9.615169167518615723e-01
3.539559841156005859e-01
8.340684175491333008e-01
9.757094979286193848e-01
9.975603222846984863e-01
9.979591369628906250e-01
8.218905925750732422e-01
7.776678204536437988e-01
9.788995981216430664e-01
7.565758824348449707e-01
4.498360455036163330e-01
9.751645922660827637e-01
6.199512481689453125e-01
3.644379675388336182e-01
6.105048060417175293e-01
9.756211638450622559e-01
9.997666478157043457e-01
9.980130791664123535e-01
9.109643101692199707e-01
9.946721196174621582e-01
9.820508360862731934e-01
7.095469236373901367e-01
8.046731948852539062e-01
9.696499705314636230e-01
5.782059431076049805e-01
9.677460193634033203e-01
8.512150645256042480e-01
6.378027200698852539e-01
4.539227485656738281e-01
9.857230186462402344e-01
9.838697910308837891e-01
9.180005192756652832e-01
9.921845793724060059e-01
9.898530244827270508e-01
7.936420440673828125e-01
5.913534760475158691e-01
9.996947050094604492e-01
6.807872056961059570e-01
9.812582731246948242e-01
9.916123151779174805e-01
9.331390857696533203e-01
9.320853352546691895e-01
9.308359026908874512e-01
9.015465378761291504e-01
9.919621944427490234e-01
9.528546929359436035e-01
9.455446004867553711e-01
9.522080421447753906e-01
7.551229000091552734e-01
8.164790868759155273e-01
9.068016409873962402e-01
9.890568852424621582e-01
7.248103022575378418e-01
8.066974878311157227e-01
9.824390411376953125e-01
9.999409914016723633e-01
9.998131990432739258e-01
9.885756969451904297e-01
9.763992428779602051e-01
9.795247912406921387e-01
8.565025329589843750e-01
7.847474813461303711e-01
8.408674001693725586e-01
7.692622542381286621e-01
9.122071862220764160e-01
9.458547830581665039e-01
9.305310845375061035e-01
9.174998998641967773e-01
9.977152347564697266e-01
9.983147978782653809e-01
9.927073121070861816e-01
9.859918951988220215e-01
9.839261174201965332e-01
7.682498693466186523e-01
8.467957377433776855e-01
9.963273406028747559e-01
9.579258561134338379e-01
8.361643552780151367e-01
8.877925872802734375e-01
9.897422194480895996e-01
9.843964576721191406e-01
8.467310667037963867e-01
9.933928847312927246e-01
9.976358413696289062e-01
9.844544529914855957e-01
9.840475320816040039e-01
9.236230254173278809e-01
8.482192158699035645e-01
9.969332814216613770e-01
7.981998920440673828e-01
9.521026015281677246e-01
9.805404543876647949e-01
9.975755810737609863e-01
9.699541926383972168e-01
9.020105600357055664e-01
9.666854739189147949e-01
9.943014383316040039e-01
8.203122615814208984e-01
8.461243510246276855e-01
9.826819896697998047e-01
8.775179982185363770e-01
9.449763894081115723e-01
9.739524126052856445e-01
9.886924624443054199e-01
9.821344017982482910e-01
9.844334721565246582e-01
9.984126091003417969e-01
9.560468196868896484e-01
9.774631261825561523e-01
9.432283639907836914e-01
8.745420575141906738e-01
8.843966126441955566e-01
9.758849740028381348e-01
7.495735287666320801e-01
8.713387250900268555e-01
9.300532937049865723e-01
9.849625229835510254e-01
7.948529124259948730e-01
9.235066175460815430e-01
9.710218310356140137e-01
9.695085883140563965e-01
9.969940185546875000e-01
9.981657862663269043e-01
9.999571442604064941e-01
9.999631047248840332e-01
9.634070992469787598e-01
8.411467075347900391e-01
9.945312142372131348e-01
3.685521660372614861e-04
5.576524138450622559e-02
9.521031379699707031e-01
9.962592720985412598e-01
6.673546740785241127e-04
3.844841383397579193e-03
5.182675123214721680e-01
9.540253281593322754e-01
9.995362758636474609e-01
9.788556098937988281e-01
9.917165040969848633e-01
7.149838209152221680e-01
9.926992058753967285e-01
3.645360097289085388e-02
7.066934108734130859e-01
6.278479695320129395e-01
2.224496603012084961e-01
1.092236489057540894e-01
9.453746676445007324e-01
9.223248958587646484e-01
5.508297681808471680e-01
9.999796748161315918e-01
9.852840304374694824e-01
7.994214296340942383e-01
7.287365198135375977e-01
9.723513722419738770e-01
5.251374468207359314e-02
7.525695562362670898e-01
9.249050617218017578e-01
2.779244780540466309e-01
4.492396414279937744e-01
9.360203146934509277e-01
9.891663789749145508e-01
7.881601452827453613e-01
9.999709129333496094e-01
9.931884407997131348e-01
9.413089752197265625e-01
3.556306660175323486e-01
8.506336212158203125e-01
9.654073119163513184e-01
7.441389560699462891e-01
9.874417781829833984e-01
9.688574075698852539e-01
4.253079593181610107e-01
8.163121938705444336e-01
9.937012791633605957e-01
9.805266857147216797e-01
9.998164176940917969e-01
9.940780401229858398e-01
9.811792373657226562e-01
5.922839418053627014e-02
1.361694931983947754e-01
9.971754550933837891e-01
3.714505000971257687e-04
8.995609283447265625e-01
9.969019889831542969e-01
9.674531966447830200e-02
1.386410295963287354e-01
9.260838031768798828e-01
9.944207668304443359e-01
9.999002814292907715e-01
9.833399057388305664e-01
8.206192255020141602e-01
6.515470147132873535e-01
9.779058694839477539e-01
9.967880845069885254e-01
5.384739860892295837e-02
8.567622303962707520e-01
9.915498495101928711e-01
8.780445158481597900e-02
7.825702428817749023e-01
9.116083383560180664e-01
7.584763169288635254e-01
9.999597668647766113e-01
9.846278429031372070e-01
8.419413566589355469e-01
8.654847741127014160e-01
9.594261646270751953e-01
6.702821850776672363e-01
4.296316578984260559e-02
8.929577469825744629e-01
9.875646233558654785e-01
4.256019294261932373e-01
9.698133468627929688e-01
9.908181428909301758e-01
7.686859965324401855e-01
9.999614357948303223e-01
9.928509593009948730e-01
9.490545392036437988e-01
3.565728366374969482e-01
8.484104275703430176e-01
9.918777346611022949e-01
4.172914475202560425e-02
4.600130617618560791e-01
9.869474172592163086e-01
9.936344027519226074e-01
9.440985321998596191e-01
9.834241271018981934e-01
9.896453619003295898e-01
9.999578595161437988e-01
9.929863810539245605e-01
9.722042083740234375e-01
1.606465876102447510e-01
6.037237048149108887e-01
9.988287091255187988e-01
9.480164386332035065e-03
3.364544212818145752e-01
9.465931057929992676e-01
9.965973496437072754e-01
1.558008138090372086e-03
8.851893544197082520e-01
9.888434410095214844e-01
9.982604980468750000e-01
9.463890790939331055e-01
8.592557907104492188e-01
7.348711490631103516e-01
9.600478410720825195e-01
9.851555228233337402e-01
3.060370869934558868e-02
7.440913915634155273e-01
9.854541420936584473e-01
9.980352520942687988e-01
5.767413973808288574e-02
1.760621815919876099e-01
9.145175218582153320e-01
9.996418356895446777e-01
9.724696278572082520e-01
8.401313424110412598e-01
8.111154437065124512e-01
9.044987559318542480e-01
9.212731122970581055e-01
6.942395865917205811e-02
8.552434444427490234e-01
9.555292725563049316e-01
9.763304591178894043e-01
1.460110694169998169e-01
9.469421505928039551e-01
9.910547137260437012e-01
8.827813267707824707e-01
9.921017885208129883e-01
9.894164204597473145e-01
9.617123603820800781e-01
9.918747544288635254e-01
9.922946691513061523e-01
8.224151134490966797e-01
7.778884768486022949e-01
4.590359926223754883e-01
9.835839867591857910e-01
9.981634616851806641e-01
9.915847182273864746e-01
9.499503970146179199e-01
9.453916549682617188e-01
9.945287108421325684e-01
7.192571759223937988e-01
9.291358590126037598e-01
9.473387002944946289e-01
9.871466159820556641e-01
7.611579895019531250e-01
5.081023573875427246e-01
7.656350731849670410e-01
9.822994470596313477e-01
9.955236315727233887e-01
5.591176748275756836e-01
7.189689874649047852e-01
9.898751378059387207e-01
9.947971105575561523e-01
9.129851460456848145e-01
4.513821899890899658e-01
8.890389204025268555e-01
9.839910268783569336e-01
6.984855234622955322e-02
9.049936532974243164e-01
9.879717826843261719e-01
1.926603028550744057e-03
1.281983405351638794e-02
4.828220307826995850e-01
9.118831753730773926e-01
9.923023581504821777e-01
9.953948855400085449e-01
9.722673296928405762e-01
8.454153537750244141e-01
4.207684099674224854e-01
9.932534694671630859e-01
9.780170917510986328e-01
9.682343602180480957e-01
9.930233359336853027e-01
9.621268510818481445e-01
9.604777693748474121e-01
7.156826257705688477e-01
9.488527774810791016e-01
8.537985682487487793e-01
9.921347498893737793e-01
8.044769167900085449e-01
9.868498444557189941e-01
5.517444014549255371e-01
9.744899272918701172e-01
9.977331161499023438e-01
1.018379703164100647e-01
9.684872627258300781e-01
9.911862611770629883e-01
9.992858171463012695e-01
9.975317716598510742e-01
9.938722252845764160e-01
9.670163989067077637e-01
9.942328333854675293e-01
9.390300512313842773e-01
8.837075233459472656e-01
9.336811304092407227e-01
9.511908888816833496e-01
9.885336160659790039e-01
6.835737228393554688e-01
5.954176783561706543e-01
9.746369719505310059e-01
9.954864382743835449e-01
9.279367327690124512e-01
9.182945489883422852e-01
9.729856848716735840e-01
9.933869838714599609e-01
9.704734683036804199e-01
9.005605578422546387e-01
6.729670763015747070e-01
9.893443584442138672e-01
9.830793142318725586e-01
8.157045245170593262e-01
4.979159533977508545e-01
9.904479384422302246e-01
6.276118755340576172e-01
6.357557177543640137e-01
9.205648899078369141e-01
9.750742316246032715e-01
9.930666089057922363e-01
9.817117452621459961e-01
9.287127256393432617e-01
3.905971348285675049e-01
9.919834136962890625e-01
9.712007641792297363e-01
7.136371135711669922e-01
4.462508559226989746e-01
9.821931123733520508e-01
7.334843873977661133e-01
2.428395152091979980e-01
6.588984131813049316e-01
5.916423201560974121e-01
8.984739184379577637e-01
9.022271037101745605e-01
9.966571927070617676e-01
7.318911552429199219e-01
9.578796625137329102e-01
9.991290569305419922e-01
8.886591196060180664e-01
9.549648761749267578e-01
2.232707142829895020e-01
9.902581572532653809e-01
9.997963905334472656e-01
9.400411844253540039e-01
6.227196455001831055e-01
9.329624772071838379e-01
8.489660024642944336e-01
9.862559437751770020e-01
8.562265634536743164e-01
9.515010118484497070e-01
9.987055659294128418e-01
8.189024329185485840e-01
8.472337722778320312e-01
6.012338399887084961e-01
9.948640465736389160e-01
9.990931749343872070e-01
9.967852830886840820e-01
6.215867400169372559e-01
4.685859084129333496e-01
7.859363555908203125e-01
9.921488761901855469e-01
8.608255982398986816e-01
9.892410039901733398e-01
5.434354543685913086e-01
1.397226303815841675e-01
2.312643378973007202e-01
9.812043309211730957e-01
9.993869662284851074e-01
9.996749758720397949e-01
9.772146940231323242e-01
9.821811318397521973e-01
9.659749269485473633e-01
9.852570891380310059e-01
8.832206130027770996e-01
6.725301146507263184e-01
9.868448376655578613e-01
9.649174809455871582e-01
8.281524777412414551e-01
4.173775911331176758e-01
1.803535073995590210e-01
9.473114609718322754e-01
9.877999424934387207e-01
9.365563392639160156e-01
9.640040397644042969e-01
9.743414521217346191e-01
9.854839444160461426e-01
9.712591171264648438e-01
7.548254132270812988e-01
9.848818778991699219e-01
9.912042617797851562e-01
8.370871655642986298e-04
5.311558395624160767e-02
9.884907007217407227e-01
9.922730326652526855e-01
4.670795500278472900e-01
9.317377582192420959e-03
1.429614573717117310e-01
5.943730846047401428e-02
1.432676613330841064e-01
9.990606307983398438e-01
5.355799943208694458e-02
6.260674446821212769e-02
9.992531538009643555e-01
9.777604043483734131e-02
1.525343861430883408e-03
9.976056218147277832e-01
9.994359612464904785e-01
9.999266862869262695e-01
9.982523322105407715e-01
9.777978062629699707e-01
9.797039031982421875e-01
9.858607649803161621e-01
8.920941948890686035e-01
6.630014181137084961e-01
9.816945791244506836e-01
9.238239526748657227e-01
9.861947894096374512e-01
9.448863863945007324e-01
8.192226290702819824e-01
9.550408124923706055e-01
9.973251819610595703e-01
9.978675246238708496e-01
9.522305727005004883e-01
9.432637095451354980e-01
9.826791286468505859e-01
9.231859445571899414e-01
9.193333387374877930e-01
9.830081462860107422e-01
8.845305442810058594e-01
9.960907101631164551e-01
9.682303667068481445e-01
8.571512103080749512e-01
6.022211313247680664e-01
9.768875837326049805e-01
8.383592367172241211e-01
9.041071534156799316e-01
9.449625611305236816e-01
9.838734269142150879e-01
9.698040485382080078e-01
8.257953524589538574e-01
9.650174975395202637e-01
9.456620812416076660e-01
9.928890466690063477e-01
9.833067655563354492e-01
5.721070766448974609e-01
6.619334816932678223e-01
3.433875739574432373e-01
9.143025279045104980e-01
4.560772478580474854e-01
3.508124947547912598e-01
9.367740154266357422e-01
9.934785366058349609e-01
9.046189188957214355e-01
9.645291566848754883e-01
9.797012805938720703e-01
9.905917048454284668e-01
9.847419857978820801e-01
9.861143231391906738e-01
8.031201958656311035e-01
9.058442115783691406e-01
9.694333076477050781e-01
2.161545604467391968e-01
3.520236313343048096e-01
6.887881755828857422e-01
9.970191717147827148e-01
4.047426581382751465e-01
7.590368390083312988e-01
9.940958619117736816e-01
9.769405722618103027e-01
6.899057030677795410e-01
8.801441192626953125e-01
9.648331403732299805e-01
9.987277388572692871e-01
9.994861483573913574e-01
9.960284829139709473e-01
9.888564944267272949e-01
8.637201189994812012e-01
4.375812709331512451e-01
5.684299468994140625e-01
9.635660648345947266e-01
8.710799813270568848e-01
9.367902874946594238e-01
4.495438635349273682e-01
4.796819388866424561e-01
9.612473845481872559e-01
9.813715219497680664e-01
7.118746638298034668e-01
9.957648515701293945e-01
9.908365011215209961e-01
9.659115672111511230e-01
5.433779954910278320e-01
2.725151479244232178e-01
4.804965555667877197e-01
8.086627721786499023e-01
8.883286714553833008e-01
1.336992383003234863e-01
7.597851157188415527e-01
7.584038376808166504e-01
9.864577651023864746e-01
9.767941236495971680e-01
9.434989690780639648e-01
9.434846043586730957e-01
7.485865950584411621e-01
9.681705832481384277e-01
7.891372442245483398e-01
6.489093899726867676e-01
9.864271283149719238e-01
5.208560228347778320e-01
1.294205710291862488e-02
9.795836210250854492e-01
9.999258518218994141e-01
9.997428059577941895e-01
6.085298657417297363e-01
9.091054201126098633e-01
8.162950873374938965e-01
1.423604339361190796e-01
9.710889458656311035e-01
6.568813323974609375e-01
7.327189445495605469e-01
9.733823537826538086e-01
3.829563856124877930e-01
1.682754456996917725e-01
9.728555083274841309e-01
9.994055032730102539e-01
9.768508076667785645e-01
3.796024024486541748e-01
9.943209886550903320e-01
9.876877069473266602e-01
9.400358200073242188e-01
5.203301310539245605e-01
4.386329650878906250e-01
6.904711127281188965e-01
5.325652956962585449e-01
8.839298486709594727e-01
9.955852627754211426e-01
4.147885739803314209e-01
9.483639001846313477e-01
9.885674715042114258e-01
9.977222681045532227e-01
9.938558936119079590e-01
9.868557453155517578e-01
9.728749990463256836e-01
7.647406458854675293e-01
6.060943007469177246e-01
7.205929160118103027e-01
8.097573518753051758e-01
9.399186968803405762e-01
9.945954084396362305e-01
6.847010850906372070e-01
7.848378419876098633e-01
9.428715109825134277e-01
9.940826892852783203e-01
9.603805541992187500e-01
9.400568604469299316e-01
9.264523983001708984e-01
9.263062477111816406e-01
8.984178900718688965e-01
9.434923529624938965e-01
9.611287713050842285e-01
9.812866449356079102e-01
9.902423620223999023e-01
9.145008921623229980e-01
8.104112148284912109e-01
9.464201927185058594e-01
9.087219834327697754e-01
9.398442506790161133e-01
9.090097546577453613e-01
7.071010470390319824e-01
9.376680850982666016e-01
7.950811982154846191e-01
9.460844993591308594e-01
9.904071688652038574e-01
9.582201242446899414e-01
9.530214071273803711e-01
9.528326392173767090e-01
9.402002692222595215e-01
9.959658384323120117e-01
9.971442818641662598e-01
9.951494336128234863e-01
9.890662431716918945e-01
9.744350314140319824e-01
9.076897054910659790e-02
6.419809907674789429e-02
1.783926337957382202e-01
9.983518719673156738e-01
8.645039796829223633e-01
9.967117905616760254e-01
9.065065532922744751e-02
1.843814253807067871e-01
9.472987055778503418e-01
9.956061244010925293e-01
9.940984845161437988e-01
9.580792784690856934e-01
9.048560857772827148e-01
7.982627153396606445e-01
5.412535071372985840e-01
8.349817991256713867e-01
9.941952228546142578e-01
9.144364595413208008e-01
9.787161946296691895e-01
1.201792284846305847e-01
9.313202500343322754e-01
9.298287034034729004e-01
7.101816534996032715e-01
9.952724575996398926e-01
9.893545508384704590e-01
8.982743024826049805e-01
6.025332212448120117e-01
7.371929287910461426e-01
9.702116250991821289e-01
7.519543170928955078e-01
9.543864130973815918e-01
9.215914607048034668e-01
4.853954911231994629e-01
9.717503190040588379e-01
9.869737625122070312e-01
7.095676660537719727e-01
9.945255517959594727e-01
9.867063164710998535e-01
9.633539915084838867e-01
4.501383602619171143e-01
2.086122930049896240e-01
8.411391377449035645e-01
9.945149421691894531e-01
4.754759967327117920e-01
9.869310259819030762e-01
9.954079389572143555e-01
7.352344989776611328e-01
9.641577005386352539e-01
9.924210906028747559e-01
9.811526536941528320e-01
9.506974220275878906e-01
8.674526810646057129e-01
8.985187411308288574e-01
7.825762033462524414e-01
8.058118820190429688e-01
9.768413901329040527e-01
8.644688725471496582e-01
9.900978207588195801e-01
9.983142018318176270e-01
1.944320276379585266e-02
8.389236778020858765e-02
8.348810672760009766e-01
9.897477030754089355e-01
9.723859429359436035e-01
8.533499240875244141e-01
8.613326549530029297e-01
7.256881594657897949e-01
8.788219094276428223e-01
8.962466716766357422e-01
9.514756202697753906e-01
9.342029690742492676e-01
9.741976857185363770e-01
2.577834725379943848e-01
9.486669898033142090e-01
9.963585734367370605e-01
9.943329095840454102e-01
9.856836795806884766e-01
9.735585451126098633e-01
1.801646649837493896e-01
2.216070443391799927e-01
2.475077211856842041e-01
9.995661973953247070e-01
6.119640469551086426e-01
9.191108942031860352e-01
2.537611126899719238e-01
8.647098541259765625e-01
6.116032134741544724e-03
3.301707282662391663e-02
9.953327775001525879e-01
9.898282885551452637e-01
9.763375520706176758e-01
6.035481691360473633e-01
4.641459584236145020e-01
7.889449000358581543e-01
9.952623248100280762e-01
7.733729481697082520e-01
9.229217171669006348e-01
7.423983812332153320e-01
5.666939616203308105e-01
9.877774119377136230e-01
9.827449321746826172e-01
9.942981004714965820e-01
9.873483777046203613e-01
9.718332886695861816e-01
2.692971229553222656e-01
4.770708382129669189e-01
6.446204185485839844e-01
9.976250529289245605e-01
1.192330867052078247e-01
8.882904052734375000e-01
9.851424694061279297e-01
5.696976929903030396e-02
7.426235079765319824e-01
9.851390719413757324e-01
9.940130114555358887e-01
9.861547946929931641e-01
9.732378721237182617e-01
3.902931511402130127e-01
2.878085970878601074e-01
2.719361484050750732e-01
9.990151524543762207e-01
4.899915754795074463e-01
3.576037287712097168e-01
6.803540587425231934e-01
1.669176965951919556e-01
2.618143260478973389e-01
8.185747861862182617e-01
9.908642768859863281e-01
9.841623902320861816e-01
9.734954237937927246e-01
9.268150925636291504e-01
9.148606657981872559e-01
3.938128352165222168e-01
9.970552325248718262e-01
9.748021364212036133e-01
1.309836655855178833e-01
1.463347524404525757e-01
9.669772386550903320e-01
9.940688610076904297e-01
2.510082125663757324e-01
9.936743378639221191e-01
9.863358736038208008e-01
9.727619290351867676e-01
8.542249798774719238e-01
7.968406677246093750e-01
7.754222750663757324e-01
9.966225028038024902e-01
9.904027581214904785e-01
9.854134917259216309e-01
9.956423044204711914e-01
9.895568490028381348e-01
9.791875481605529785e-01
7.652377486228942871e-01
8.298594355583190918e-01
7.940456867218017578e-01
7.411444187164306641e-01
9.855429530143737793e-01
3.209790885448455811e-01
3.534259796142578125e-01
9.986463785171508789e-01
9.925256967544555664e-01
3.628560006618499756e-01
9.889829158782958984e-01
9.999298453330993652e-01
9.994164705276489258e-01
5.421740412712097168e-01
9.794563055038452148e-01
9.602931737899780273e-01
9.515853524208068848e-01
8.368581533432006836e-01
9.296803474426269531e-01
9.349075555801391602e-01
9.981982707977294922e-01
9.837493300437927246e-01
9.852591156959533691e-01
9.930483698844909668e-01
9.469818472862243652e-01
7.947623133659362793e-01
8.077055811882019043e-01
9.755830764770507812e-01
9.680349826812744141e-01
9.724223017692565918e-01
8.488316535949707031e-01
8.673622012138366699e-01
7.528256773948669434e-01
9.989230632781982422e-01
9.536111354827880859e-01
9.553117752075195312e-01
8.683118820190429688e-01
5.027294754981994629e-01
6.280404981225728989e-03
2.822708189487457275e-01
5.187595486640930176e-01
4.088187515735626221e-01
5.752151608467102051e-01
9.934177994728088379e-01
5.230401754379272461e-01
8.565356731414794922e-01
9.820725917816162109e-01
9.966580271720886230e-01
8.649756908416748047e-01
9.852117896080017090e-01
9.767075777053833008e-01
9.999756217002868652e-01
1.716046943329274654e-03
9.678183197975158691e-01
9.671100378036499023e-01
9.739062190055847168e-01
9.537566304206848145e-01
9.404787421226501465e-01
8.454420566558837891e-01
9.991341233253479004e-01
9.848232269287109375e-01
9.769182205200195312e-01
1.549424529075622559e-01
9.397900104522705078e-01
9.995436072349548340e-01
9.999367594718933105e-01
9.886816740036010742e-01
9.847980737686157227e-01
9.424913525581359863e-01
6.835036277770996094e-01
7.159816026687622070e-01
9.766314029693603516e-01
9.887918233871459961e-01
7.630172967910766602e-01
9.132547974586486816e-01
9.913856983184814453e-01
7.405295968055725098e-01
9.972317218780517578e-01
9.977957606315612793e-01
9.891479015350341797e-01
9.846653938293457031e-01
9.719959497451782227e-01
8.471037745475769043e-01
8.198166489601135254e-01
9.447733163833618164e-01
9.975788593292236328e-01
8.878453373908996582e-01
9.756820797920227051e-01
9.062892198562622070e-01
8.369508385658264160e-01
9.929419755935668945e-01
9.440314173698425293e-01
4.566945433616638184e-01
3.588936626911163330e-01
1.712644100189208984e-01
9.963465929031372070e-01
1.238874569535255432e-01
6.540025770664215088e-02
1.293315589427947998e-01
9.966503977775573730e-01
1.621756404638290405e-01
3.809291720390319824e-01
9.949460029602050781e-01
9.988120794296264648e-01
9.919949173927307129e-01
9.929394125938415527e-01
9.836348891258239746e-01
9.730864167213439941e-01
3.792276084423065186e-01
3.707624077796936035e-01
3.207229375839233398e-01
9.985488057136535645e-01
1.570256948471069336e-01
2.009925693273544312e-01
6.880158782005310059e-01
9.397974014282226562e-01
3.984166681766510010e-01
9.423927068710327148e-01
9.648517370223999023e-01
9.456385374069213867e-01
9.400988817214965820e-01
8.564614653587341309e-01
9.660370945930480957e-01
7.948397994041442871e-01
9.943642616271972656e-01
8.942711353302001953e-01
6.776136755943298340e-01
8.043003678321838379e-01
9.788618683815002441e-01
1.978819221258163452e-01
9.755888581275939941e-01
9.663369655609130859e-01
9.431548714637756348e-01
9.698196649551391602e-01
8.833404779434204102e-01
9.065933227539062500e-01
9.606373310089111328e-01
9.906651377677917480e-01
9.265595674514770508e-01
9.906802177429199219e-01
9.900689125061035156e-01
9.966731071472167969e-01
7.739197015762329102e-01
9.169911742210388184e-01
9.619317650794982910e-01
9.639926552772521973e-01
9.726268649101257324e-01
9.641285538673400879e-01
9.535027742385864258e-01
8.515399694442749023e-01
9.956415891647338867e-01
9.513218998908996582e-01
9.747680425643920898e-01
7.802484631538391113e-01
9.702861905097961426e-01
6.725582480430603027e-01
9.727441668510437012e-01
9.734716415405273438e-01
9.829351902008056641e-01
9.737684726715087891e-01
9.403499960899353027e-01
9.271843433380126953e-01
7.387380599975585938e-01
9.981505870819091797e-01
9.430097937583923340e-01
9.805933237075805664e-01
8.586093783378601074e-01
9.470705986022949219e-01
6.617947220802307129e-01
3.806473910808563232e-01
9.669790863990783691e-01
9.670162200927734375e-01
9.733127951622009277e-01
9.049268960952758789e-01
9.154067039489746094e-01
7.736126184463500977e-01
9.971581697463989258e-01
9.011186957359313965e-01
9.756112694740295410e-01
9.861553907394409180e-01
8.628212213516235352e-01
5.878268480300903320e-01
6.470957994461059570e-01
