2.643245119028366785e-01
2.770001431568883676e-01
2.474699070284819280e-01
2.391954392288915543e-01
2.406330669585328708e-01
1.269633723870636222e-01
2.998080810782714489e-01
2.295413298102525479e-01
2.433441071860635574e-01
1.522210377107302837e-01
1.915197769289639362e-01
2.206949435080437505e-01
2.400329115038263017e-01
2.544030206851087828e-01
1.260474255451789205e-01
2.601623454482670517e-01
2.517572558166508712e-01
1.992108692379238599e-01
2.389926258474588394e-01
3.115351464456090347e-01
3.057880679696198256e-01
2.145407161890314218e-01
2.146820991228406139e-01
2.237132690122682344e-01
2.853036122396588326e-01
1.242137946761571465e-01
3.285727888488998993e-01
2.902767281943502420e-01
3.179769796820787198e-01
2.597042800715336219e-01
3.430876900585225209e-01
2.691194273961278194e-01
3.495335055228609433e-01
2.328692094709437499e-01
2.786211245514165769e-01
2.802798030181573030e-01
2.428258323253920381e-01
1.283929135936957011e-01
1.393493022769689560e-01
1.334205326051093043e-01
1.753393885178061717e-01
1.237481184697781650e-01
1.250010438905939381e-01
1.759213907845640634e-01
2.052780677779362795e-01
1.367282714121616782e-01
1.787041766354097727e-01
1.988763080623287549e-01
2.644336437985587707e-01
2.596008794095653882e-01
1.500715689415721144e-01
2.521175284234162262e-01
2.766388642350928184e-01
3.369453880720986727e-01
1.939188801826765840e-01
2.267860832552497097e-01
2.920188016186540114e-01
2.730079020660083899e-01
2.210190953785338697e-01
1.441016959321971824e-01
2.575541435194631523e-01
3.323036799780451078e-01
2.950119422032282945e-01
1.742064471786411994e-01
2.717793073612623234e-01
3.073877222330058667e-01
3.610130306333303452e-01
1.856341127808823765e-01
2.629677392542362213e-01
3.223825701190015658e-01
2.819075262030729667e-01
2.400581195520666844e-01
2.703045552166608578e-01
3.138749483936967843e-01
2.414532598967735477e-01
1.761608527292712334e-01
1.852231195930821306e-01
2.159054866777016524e-01
2.325327889277384874e-01
2.131681014300109145e-01
2.495485362865460521e-01
2.589231368799049249e-01
2.104836885924809275e-01
2.004253097021808927e-01
2.727052522106812593e-01
2.821212975988880989e-01
2.064442309515120977e-01
3.292295565971961602e-01
2.671211280215244899e-01
2.547465284319164747e-01
3.499844412391002191e-01
2.605131096654356715e-01
2.042185287886800760e-01
2.531199823491848688e-01
2.782172305831828729e-01
2.040934236720204353e-01
2.179137542127416727e-01
1.959789987080372275e-01
2.457425995873143976e-01
2.259497498788942405e-01
2.882007085718214512e-01
