1.551900757476687431e-03
7.613998651504516602e-01
1.020980626344680786e-02
6.178837269544601440e-03
1.376308151520788670e-03
7.033163309097290039e-01
3.361098840832710266e-02
8.142203441821038723e-04
5.760649801231920719e-04
6.386115550994873047e-01
2.440825104713439941e-02
1.028906181454658508e-02
9.217425249516963959e-03
2.711130364332348108e-04
8.699915409088134766e-01
1.357534974813461304e-01
1.851376518607139587e-02
5.622658878564834595e-03
5.015289783477783203e-01
8.051982149481773376e-03
1.507742516696453094e-02
2.453476190567016602e-02
3.602522313594818115e-01
5.767146348953247070e-01
1.193988788872957230e-02
1.057004556059837341e-02
7.262660233209317084e-07
2.262825728394091129e-04
5.993365049362182617e-01
1.902356743812561035e-04
6.998698227107524872e-04
8.181475400924682617e-01
7.148309610784053802e-03
2.274362137541174889e-03
1.061609014868736267e-03
7.030045390129089355e-01
1.177300363779067993e-01
1.940255798399448395e-02
2.988228201866149902e-02
1.447771751372783910e-07
9.778235107660293579e-05
9.605262279510498047e-01
2.847012877464294434e-01
3.854770511679816991e-06
8.032913208007812500e-01
1.003311760723590851e-02
1.181670580990612507e-03
5.171420707483775914e-05
7.143430709838867188e-01
1.863094270229339600e-01
1.312616318464279175e-01
9.526403620839118958e-03
1.792434341041371226e-05
8.247480991485645063e-07
5.688855648040771484e-01
7.893329020589590073e-04
6.083670537918806076e-03
8.225343227386474609e-01
1.186378393322229385e-02
3.453852143138647079e-03
1.109069958329200745e-02
7.051193118095397949e-01
2.346467524766921997e-01
2.050298303365707397e-01
2.243377966806292534e-03
4.243125673383474350e-03
1.351120445178821683e-04
9.347292184829711914e-01
3.019119799137115479e-02
8.600149303674697876e-03
8.351354859769344330e-03
6.320001184940338135e-02
1.329672406427562237e-03
2.933795796707272530e-03
2.291421638801693916e-03
2.398135326802730560e-02
1.797693669795989990e-01
6.962108425796031952e-03
8.083925349637866020e-04
3.281891113147139549e-03
7.821869850158691406e-01
1.796745806932449341e-01
3.505038470029830933e-02
9.125825599767267704e-04
5.810476541519165039e-01
6.663389503955841064e-03
5.313924513757228851e-03
8.125640749931335449e-01
1.857184320688247681e-01
5.879597365856170654e-02
1.908684074878692627e-01
9.985431097447872162e-04
4.747702274471521378e-03
6.090981364250183105e-01
5.265065468847751617e-03
2.659433846474712482e-07
1.019392535090446472e-02
5.917213559150695801e-01
1.788140460848808289e-02
2.754645720415282995e-05
6.446138620376586914e-01
1.273009926080703735e-01
8.292981982231140137e-02
7.652611937373876572e-03
1.950125093571841717e-03
3.149883559672161937e-05
6.263018250465393066e-01
1.819211617112159729e-02
1.123096607625484467e-02
1.743036555126309395e-03
6.795603632926940918e-01
3.262081742286682129e-02
1.718936604447662830e-03
3.006128668785095215e-01
4.340384900569915771e-01
1.943753510713577271e-01
2.257137894630432129e-01
9.117593435803428292e-06
5.365465767681598663e-03
8.018155097961425781e-01
1.358504444360733032e-01
1.847545802593231201e-02
4.025919406558386981e-05
5.943312048912048340e-01
1.614378392696380615e-02
9.970711544156074524e-03
2.114371396601200104e-02
2.278234511613845825e-01
6.343117356300354004e-02
3.293267264962196350e-02
1.028614467941224575e-03
1.025482546538114548e-02
8.761862516403198242e-01
8.420081809163093567e-03
3.739822190254926682e-03
1.149316318333148956e-02
9.522370100021362305e-01
1.919410526752471924e-01
2.830845071002840996e-03
2.890166826546192169e-03
7.340279817581176758e-01
7.604983635246753693e-03
1.412953832186758518e-03
5.485419751494191587e-05
8.380951359868049622e-03
7.808933258056640625e-01
1.043830253183841705e-02
2.016737312078475952e-02
2.064411994069814682e-03
7.437055706977844238e-01
4.541919752955436707e-02
1.385908853262662888e-02
3.181012347340583801e-03
7.062243223190307617e-01
5.358698964118957520e-01
7.594200433231890202e-04
7.205118163255974650e-05
1.881459262222051620e-03
5.034465193748474121e-01
9.496361017227172852e-04
1.168452668935060501e-03
2.446322934702038765e-03
6.730030179023742676e-01
2.349293418228626251e-02
1.553816022351384163e-03
1.262140646576881409e-02
8.233907818794250488e-01
4.230270981788635254e-01
2.713273465633392334e-02
2.949220240116119385e-01
8.189339041709899902e-01
2.257048785686492920e-01
5.287836864590644836e-02
1.080760546028614044e-02
6.030017137527465820e-01
7.726989686489105225e-02
1.295945942401885986e-01
2.719771116971969604e-03
7.564781904220581055e-01
4.123068153858184814e-01
8.396330475807189941e-02
6.109045073390007019e-02
1.280656605958938599e-01
3.449244541116058826e-04
3.255513012409210205e-01
6.427829712629318237e-02
3.416596911847591400e-03
1.021447591483592987e-02
2.615552023053169250e-02
1.914333701133728027e-01
4.549272489384748042e-05
1.650254242122173309e-02
1.763784438371658325e-01
3.034383291378617287e-03
2.052070107311010361e-03
3.419652208685874939e-02
1.121702880482189357e-04
7.679997086524963379e-01
4.186878504697233438e-04
3.235822077840566635e-05
5.936893224716186523e-01
6.529509089887142181e-03
7.097321213223040104e-05
2.095667645335197449e-03
4.973613619804382324e-01
1.146542653441429138e-01
5.354783297661924735e-06
4.021465138066560030e-04
3.666989803314208984e-01
4.189604369457811117e-04
7.342286109924316406e-01
1.006082370877265930e-01
5.715946826967410743e-05
3.921245038509368896e-01
5.127990990877151489e-02
5.669283680617809296e-03
2.992185205221176147e-02
6.313030719757080078e-01
4.520020186901092529e-01
8.045720867812633514e-03
3.543423861265182495e-02
6.301202178001403809e-01
2.568015188444405794e-04
7.290652394294738770e-01
3.773869574069976807e-01
5.717472732067108154e-02
5.612137727439403534e-03
3.219126760959625244e-01
5.174444522708654404e-03
6.538945308420807123e-05
5.392831936478614807e-02
3.181138932704925537e-01
1.952421152964234352e-03
1.211071237921714783e-01
3.178480267524719238e-01
5.665295975632034242e-05
7.634748220443725586e-01
3.720670193433761597e-02
1.456506252288818359e-01
1.079984474927186966e-02
9.236924648284912109e-01
4.297124221920967102e-03
1.919344067573547363e-02
3.974945843219757080e-01
3.942080438137054443e-01
1.176784038543701172e-01
2.045008987188339233e-01
6.954558193683624268e-02
2.193366177380084991e-03
5.889573693275451660e-01
8.464643359184265137e-02
1.025502383708953857e-01
9.612666815519332886e-02
5.910158157348632812e-01
2.006120383739471436e-01
1.734393276274204254e-02
6.064531803131103516e-01
4.304505884647369385e-01
3.256100416183471680e-01
3.009971976280212402e-01
1.106171160936355591e-01
1.000943360850214958e-03
5.996158719062805176e-01
1.482460349798202515e-01
8.569271117448806763e-02
1.442418526858091354e-02
4.856358170509338379e-01
5.755262449383735657e-02
4.873449448496103287e-03
5.894979238510131836e-01
4.001869559288024902e-01
3.297235667705535889e-01
3.101614117622375488e-02
3.016873598098754883e-01
4.555155057460069656e-03
9.615623354911804199e-01
2.632126808166503906e-01
9.986819326877593994e-02
3.406848758459091187e-02
4.906101226806640625e-01
4.723686259239912033e-03
3.325684741139411926e-02
8.956544479588046670e-05
2.741072475910186768e-01
2.174735218286514282e-01
2.044836133718490601e-01
6.872040778398513794e-02
3.986884839832782745e-03
7.619393467903137207e-01
7.798837125301361084e-02
1.958465576171875000e-02
1.235768385231494904e-02
4.284695088863372803e-01
4.472658038139343262e-02
8.224602788686752319e-03
1.531028933823108673e-02
2.062609791755676270e-01
2.776612062007188797e-03
2.313758246600627899e-03
5.923553109169006348e-01
9.301712852902710438e-04
8.916568756103515625e-01
9.320274740457534790e-02
1.748049557209014893e-01
9.562833234667778015e-03
8.870898485183715820e-01
3.216442167758941650e-01
1.218087133020162582e-02
2.905798330903053284e-02
5.923656821250915527e-01
2.259297072887420654e-01
1.117623038589954376e-02
3.368757963180541992e-01
7.801942410878837109e-04
7.809167504310607910e-01
1.428739130496978760e-01
2.528310939669609070e-02
1.410571509040892124e-03
6.230762600898742676e-01
2.757417736575007439e-03
1.464519463479518890e-02
5.630655214190483093e-04
7.814699411392211914e-01
4.123992621898651123e-01
7.143077254295349121e-02
2.956878244876861572e-01
2.718692719936370850e-01
2.332938760519027710e-01
1.847805082798004150e-02
7.152880728244781494e-02
7.028811145573854446e-03
2.133090049028396606e-02
7.943484000861644745e-03
6.451986264437437057e-03
7.810454070568084717e-02
1.402531862258911133e-01
4.729472566395998001e-03
9.846758097410202026e-02
1.645650118589401245e-01
2.601359039545059204e-02
4.303664565086364746e-01
1.130145974457263947e-02
1.009446568787097931e-02
9.712768793106079102e-01
5.600911378860473633e-02
1.636906266212463379e-01
3.337995149195194244e-04
9.592108130455017090e-01
9.565422683954238892e-02
8.583161234855651855e-02
8.152475208044052124e-02
5.048109889030456543e-01
4.374042525887489319e-02
3.659184575080871582e-01
1.077215652912855148e-02
1.639510272070765495e-03
6.256313323974609375e-01
6.336404476314783096e-03
1.906427182257175446e-02
1.524760155007243156e-03
5.846350193023681641e-01
5.968486070632934570e-01
4.006589353084564209e-01
7.192526757717132568e-02
2.160922139883041382e-01
1.903167814016342163e-01
5.003562569618225098e-01
1.318041421473026276e-02
2.059631943702697754e-01
8.319941163063049316e-01
3.576148748397827148e-01
5.018010362982749939e-02
1.268950570374727249e-02
7.689586877822875977e-01
4.020547270774841309e-01
2.417017668485641479e-01
1.898151785135269165e-01
3.192427381873130798e-02
4.275574535131454468e-02
7.853065133094787598e-01
2.791013717651367188e-01
2.160576730966567993e-02
8.199244737625122070e-03
2.241468280553817749e-01
5.764556583017110825e-03
2.375836670398712158e-02
4.800937604159116745e-03
8.158697187900543213e-02
1.143739093095064163e-02
2.232215553522109985e-01
2.055752426385879517e-01
4.544657096266746521e-02
5.745781660079956055e-01
1.499815583229064941e-01
8.832181990146636963e-02
3.332726657390594482e-02
5.470960140228271484e-01
2.745485631749033928e-03
7.972164079546928406e-03
5.720338225364685059e-01
3.084672689437866211e-01
2.576874569058418274e-02
1.180386357009410858e-02
2.304642796516418457e-01
1.963176578283309937e-01
6.619030833244323730e-01
8.621303737163543701e-02
2.014488279819488525e-01
1.095692347735166550e-02
7.651902437210083008e-01
1.287667602300643921e-01
1.527542471885681152e-01
7.513067126274108887e-01
1.714853644371032715e-01
3.825899660587310791e-01
6.085467338562011719e-02
2.344824224710464478e-01
1.845231950283050537e-01
6.192876696586608887e-01
1.787259057164192200e-02
2.496890351176261902e-02
2.442427724599838257e-02
7.273494601249694824e-01
2.758754789829254150e-01
1.388994231820106506e-02
5.188682675361633301e-01
4.142374396324157715e-01
4.412101209163665771e-01
2.427905499935150146e-01
4.185100272297859192e-02
6.885197013616561890e-02
8.700466156005859375e-01
4.151351004838943481e-02
2.990847080945968628e-02
4.273004084825515747e-02
5.317891836166381836e-01
4.086226597428321838e-02
1.126235537230968475e-02
2.521239966154098511e-02
4.706490412354469299e-02
1.213235314935445786e-02
1.990712136030197144e-01
3.665181100368499756e-01
1.630021259188652039e-02
7.987960577011108398e-01
4.142377525568008423e-02
2.221045792102813721e-01
1.474226079881191254e-02
4.109022319316864014e-01
2.544053457677364349e-02
1.704380963928997517e-03
1.999455690383911133e-02
7.568963170051574707e-01
3.881647717207670212e-03
7.689323741942644119e-03
2.927238941192626953e-01
1.230684593319892883e-01
7.238042354583740234e-01
4.021403193473815918e-02
6.102228909730911255e-02
2.918713493272662163e-03
5.161747336387634277e-01
1.932305991649627686e-01
1.396651007235050201e-02
1.017291098833084106e-02
9.458518624305725098e-01
9.048468619585037231e-02
1.210251357406377792e-04
3.251086473464965820e-01
7.885446399450302124e-02
6.405246853828430176e-01
1.750610582530498505e-02
2.194887213408946991e-02
2.601152285933494568e-02
7.911936044692993164e-01
1.803666166961193085e-02
5.915683228522539139e-03
4.795045591890811920e-03
6.072434186935424805e-01
2.030186504125595093e-01
2.321488857269287109e-01
2.538386881351470947e-01
3.424452245235443115e-02
1.645415872335433960e-01
1.931395381689071655e-01
2.329563256353139877e-03
4.156454815529286861e-05
2.364210784435272217e-03
2.179638948291540146e-03
2.941584959626197815e-02
3.005273872986435890e-03
9.331542998552322388e-03
1.895360182970762253e-03
3.181428909301757812e-01
4.383122026920318604e-01
1.194327026605606079e-01
2.614018023014068604e-01
2.991135045886039734e-02
2.051121741533279419e-02
6.573493592441082001e-04
3.738343119621276855e-01
3.115169936791062355e-03
1.065993309020996094e-02
1.476165801286697388e-01
2.478447556495666504e-02
9.266705252230167389e-03
1.848300546407699585e-01
7.114710658788681030e-02
6.025332957506179810e-02
6.837089359760284424e-02
3.349784016609191895e-02
2.404080890119075775e-02
1.918720453977584839e-02
6.162803247570991516e-02
2.048909068107604980e-01
9.476038627326488495e-03
1.312689036130905151e-01
2.852073684334754944e-02
2.626614868640899658e-01
1.048499369062483311e-03
4.217966198921203613e-01
3.361535966396331787e-01
1.452581286430358887e-01
1.458861231803894043e-01
2.768803015351295471e-02
1.935168169438838959e-02
5.901638790965080261e-02
1.539083942770957947e-02
2.162010595202445984e-02
1.849105060100555420e-01
5.575139820575714111e-02
2.683546859771013260e-03
1.453149365261197090e-03
1.716190129518508911e-01
2.957866527140140533e-03
3.881165757775306702e-02
2.542105317115783691e-01
6.048455834388732910e-02
7.882436737418174744e-03
7.614689678803188144e-08
8.093909360468387604e-03
4.627254791557788849e-03
2.740101772360503674e-04
1.661445596255362034e-03
7.750071119517087936e-03
2.840704983100295067e-03
2.090684175491333008e-01
2.834535241127014160e-01
1.883488334715366364e-02
2.435089647769927979e-01
2.433575503528118134e-02
1.374401059001684189e-02
2.235977444797754288e-03
6.757827475666999817e-03
2.616331540048122406e-02
8.715802803635597229e-03
4.476010426878929138e-02
3.927768021821975708e-02
4.460564255714416504e-02
1.993281543254852295e-01
1.960633248090744019e-01
8.810776285827159882e-03
8.015442639589309692e-02
7.475478108972311020e-03
2.046802639961242676e-02
1.098123285919427872e-02
3.193692490458488464e-02
3.918992877006530762e-01
1.012772601097822189e-02
1.757023669779300690e-02
2.115053236484527588e-01
1.541674416512250900e-02
6.020377948880195618e-02
1.368494424968957901e-02
1.530722994357347488e-02
5.539778992533683777e-02
3.275966271758079529e-02
2.090770304203033447e-01
1.055844500660896301e-02
1.224002242088317871e-01
8.223797194659709930e-03
7.327416911721229553e-03
2.690186351537704468e-02
3.608531318604946136e-03
1.970896124839782715e-01
2.359281629323959351e-01
1.858368748798966408e-03
8.645711839199066162e-02
1.424092203378677368e-01
2.475609071552753448e-02
2.084793895483016968e-01
1.987104676663875580e-02
1.801160536706447601e-02
1.685886234045028687e-01
2.530206367373466492e-02
7.598073570989072323e-04
4.470670595765113831e-03
6.017196457833051682e-03
4.106013774871826172e-01
2.008793503046035767e-01
2.019520476460456848e-02
2.513858675956726074e-02
3.806579113006591797e-02
2.181335091590881348e-01
1.767438952811062336e-03
9.370602667331695557e-02
1.053323037922382355e-02
1.299498602747917175e-03
1.033893506973981857e-02
2.706296369433403015e-02
3.066197736188769341e-03
3.000780344009399414e-01
9.278859011828899384e-03
2.877966035157442093e-03
2.856357023119926453e-02
7.255769800394773483e-03
6.211275700479745865e-03
6.625556852668523788e-03
1.544366218149662018e-02
1.935672014951705933e-01
2.135285874828696251e-03
1.692504882812500000e-01
3.313134983181953430e-02
1.399701833724975586e-01
3.630173802375793457e-01
8.628543466329574585e-02
1.224380359053611755e-02
7.790946960449218750e-01
1.534933000802993774e-01
8.690698146820068359e-01
4.781215451657772064e-03
2.135940667358227074e-05
6.419388204813003540e-02
8.117791414260864258e-01
3.536272346973419189e-01
2.100208550691604614e-01
5.130839534103870392e-03
2.153497934341430664e-01
9.870671667158603668e-03
3.386023640632629395e-02
9.140299558639526367e-01
2.047571353614330292e-02
5.200877189636230469e-01
2.044520899653434753e-02
1.740364474244415760e-03
2.215310087194666266e-04
4.494084417819976807e-01
1.640939712524414062e-01
1.132315248250961304e-01
3.008488416671752930e-01
4.111134707927703857e-01
2.106274366378784180e-01
2.410738961771130562e-03
7.370485067367553711e-01
3.738276064395904541e-01
7.136855274438858032e-03
1.709511317312717438e-02
6.496740970760583878e-03
1.968622207641601562e-02
2.127449261024594307e-04
2.170673571527004242e-03
2.318994957022368908e-04
6.436624680645763874e-04
3.026289939880371094e-01
2.716458141803741455e-01
2.094839233905076981e-03
6.020203232765197754e-01
3.251681476831436157e-02
2.666774438694119453e-03
6.975637078285217285e-01
1.369393169879913330e-01
2.023212760686874390e-01
8.336399793624877930e-01
2.968049943447113037e-01
2.162885963916778564e-01
1.843397468328475952e-01
2.607211237773299217e-03
2.105613499879837036e-01
7.113109529018402100e-02
5.864643454551696777e-01
6.586926523596048355e-03
5.540356971323490143e-03
6.624534130096435547e-01
6.744031794369220734e-03
3.972491249442100525e-03
7.777526974678039551e-01
3.142604604363441467e-02
2.577921003103256226e-02
1.889172792434692383e-01
3.408885300159454346e-01
3.221752867102622986e-02
2.440850064158439636e-02
5.516422390937805176e-01
1.979654282331466675e-02
9.345123544335365295e-03
7.923549413681030273e-01
5.766322137787938118e-04
1.151226274669170380e-02
7.275148034095764160e-01
3.260493576526641846e-01
8.618336170911788940e-02
1.135280169546604156e-02
1.353764683008193970e-01
3.316789865493774414e-01
8.387513458728790283e-03
7.018642425537109375e-01
1.503778807818889618e-02
3.499930724501609802e-03
7.336969971656799316e-01
2.057651057839393616e-02
8.265477418899536133e-02
2.029269486665725708e-01
1.229640911333262920e-03
8.650583773851394653e-02
1.960257291793823242e-01
1.417608112096786499e-01
2.513356879353523254e-02
4.607706144452095032e-02
5.078170299530029297e-01
1.990613490343093872e-01
1.840953342616558075e-02
6.859452724456787109e-01
9.655081480741500854e-02
6.728162989020347595e-03
1.732432693243026733e-01
8.080345988273620605e-01
1.545583307743072510e-01
2.035352634266018867e-03
1.594899594783782959e-02
1.945116221904754639e-01
5.153452977538108826e-02
5.704568624496459961e-01
1.866167038679122925e-02
6.027031224220991135e-03
5.914611220359802246e-01
2.512855455279350281e-03
4.531909711658954620e-03
5.518148536793887615e-04
9.398671388626098633e-01
5.485308915376663208e-02
1.755105797201395035e-03
2.214576750993728638e-01
1.711479760706424713e-02
2.556514739990234375e-01
5.292140245437622070e-01
4.307760857045650482e-03
2.799107460305094719e-04
8.248783349990844727e-01
1.049323566257953644e-02
1.828909367322921753e-01
9.091262472793459892e-04
3.480295240879058838e-01
1.229125335812568665e-01
7.317434065043926239e-04
2.741763293743133545e-01
1.213679686188697815e-01
6.293724477291107178e-02
8.839617967605590820e-01
7.812611758708953857e-02
7.619444727897644043e-01
2.241061069071292877e-02
3.077040426433086395e-03
1.585548045113682747e-03
9.433736205101013184e-01
2.198209911584854126e-01
1.312577724456787109e-01
1.717619895935058594e-01
4.722852706909179688e-01
1.870991289615631104e-01
1.459076106548309326e-01
7.516933679580688477e-01
1.893282681703567505e-01
3.070855047553777695e-03
2.041673213243484497e-01
3.494539763778448105e-03
1.445470005273818970e-02
4.954567644745111465e-03
1.381489355117082596e-02
1.565774902701377869e-03
2.241713264083955437e-05
3.692957013845443726e-02
9.917514026165008545e-02
5.693494156002998352e-02
9.283038377761840820e-01
2.350778281688690186e-01
3.913865983486175537e-02
8.341776132583618164e-01
4.184142220765352249e-03
5.760547704994678497e-03
6.177639365196228027e-01
1.534853875637054443e-01
2.472054038662463427e-04
1.405976861715316772e-01
5.602274537086486816e-01
1.448414772748947144e-01
1.967374607920646667e-02
8.231839537620544434e-01
3.740151179954409599e-03
1.113500562496483326e-03
2.977249324321746826e-01
3.089831024408340454e-02
1.351969549432396889e-03
5.667909979820251465e-01
7.420186996459960938e-01
4.889334738254547119e-02
9.351165033876895905e-03
2.065260708332061768e-01
1.035037171095609665e-02
1.198539286851882935e-01
7.478267550468444824e-01
6.598417460918426514e-02
1.897365152835845947e-01
7.947376966476440430e-01
2.885423786938190460e-02
1.096814591437578201e-02
5.473185777664184570e-01
3.835127949714660645e-01
1.023736223578453064e-01
2.889784751459956169e-03
3.450130522251129150e-01
1.080761943012475967e-02
1.563700437545776367e-01
5.881758332252502441e-01
3.217516466975212097e-02
5.385312833823263645e-04
8.054413795471191406e-01
2.108896970748901367e-01
3.897472517564892769e-03
3.134091570973396301e-02
1.201787069439888000e-01
1.320882737636566162e-01
1.325203385204076767e-02
3.427202105522155762e-01
8.307620882987976074e-03
1.351193245500326157e-02
6.262861490249633789e-01
5.019843578338623047e-02
2.671528141945600510e-03
9.806599617004394531e-01
1.908807605504989624e-01
1.615993492305278778e-02
3.277263604104518890e-03
3.439272344112396240e-01
3.017209004610776901e-03
3.803480067290365696e-04
2.934357821941375732e-01
2.672964930534362793e-01
3.845976293087005615e-01
7.833571434020996094e-01
3.199377059936523438e-01
2.375918906182050705e-03
9.778413772583007812e-01
3.223934024572372437e-02
5.244031781330704689e-04
1.614543236792087555e-02
1.643484532833099365e-01
3.365801870822906494e-01
7.866924256086349487e-02
2.614790387451648712e-02
1.892332136631011963e-01
5.355433095246553421e-03
8.662229776382446289e-01
2.485854029655456543e-01
4.844077397137880325e-03
3.682674765586853027e-01
2.112362682819366455e-01
1.991986995562911034e-03
3.848362015560269356e-03
7.607375979423522949e-01
4.996140003204345703e-01
4.823900759220123291e-02
1.620192080736160278e-01
2.565896697342395782e-02
1.952485591173171997e-01
6.752041578292846680e-01
4.314383119344711304e-02
1.054483950138092041e-01
1.394564807415008545e-01
2.772699296474456787e-02
1.123844273388385773e-02
7.341895718127489090e-03
2.043844573199748993e-02
1.092221960425376892e-01
9.995074942708015442e-03
4.116435721516609192e-02
4.866103641688823700e-03
8.820561692118644714e-03
7.455111145973205566e-01
5.764907225966453552e-02
7.106488104909658432e-03
6.086000204086303711e-01
9.452948346734046936e-03
4.663549829274415970e-03
4.648448526859283447e-01
6.399435997009277344e-01
3.329071402549743652e-01
8.421259932219982147e-03
2.021040767431259155e-01
7.610025256872177124e-02
6.003663688898086548e-02
6.327849626541137695e-01
1.624154746532440186e-01
2.944506704807281494e-02
7.615682482719421387e-01
2.627720311284065247e-02
3.805096785072237253e-04
6.099389195442199707e-01
5.482463836669921875e-01
7.279388904571533203e-01
3.512145206332206726e-02
2.912887334823608398e-01
4.094869494438171387e-01
1.259677112102508545e-02
7.202742099761962891e-01
2.273487001657485962e-01
5.732404813170433044e-02
8.126181960105895996e-01
1.526312157511711121e-02
2.051706612110137939e-01
7.675747275352478027e-01
2.267445921897888184e-01
4.162295162677764893e-01
2.262836135923862457e-02
1.347485091537237167e-02
3.709657490253448486e-02
2.306547164916992188e-01
6.779733896255493164e-01
1.493218094110488892e-01
1.946203261613845825e-01
9.663699865341186523e-01
2.824948169291019440e-02
1.588257402181625366e-02
3.598283510655164719e-03
2.084423452615737915e-01
1.198380365967750549e-01
4.941709805279970169e-03
1.560781300067901611e-01
3.307973146438598633e-01
3.672619163990020752e-02
6.533643007278442383e-01
2.776305973529815674e-01
2.180608548223972321e-02
5.441191196441650391e-01
2.355552762746810913e-01
1.280111260712146759e-03
3.823866791208274662e-06
4.486945271492004395e-01
1.743649244308471680e-01
4.128696862608194351e-03
4.654214251786470413e-03
2.458830364048480988e-02
5.576970521360635757e-03
5.730308294296264648e-01
2.407451272010803223e-01
1.145240291953086853e-02
3.536556959152221680e-01
1.768592745065689087e-01
4.546612966805696487e-03
8.776483125984668732e-03
3.270579576492309570e-01
2.501679658889770508e-01
2.632197923958301544e-03
5.747022032737731934e-01
2.420412749052047729e-02
5.719219893217086792e-02
3.447250127792358398e-01
2.247130572795867920e-01
1.926235258579254150e-01
7.633392810821533203e-01
3.923327028751373291e-01
1.715954951941967010e-02
6.371102645061910152e-04
8.270009160041809082e-01
4.970937669277191162e-01
2.504553496837615967e-01
2.353524565696716309e-01
1.886763274669647217e-01
1.660712063312530518e-02
5.275459885597229004e-01
1.969512403011322021e-01
3.170441836118698120e-02
2.740916796028614044e-02
2.136886566877365112e-01
2.699478995054960251e-03
1.802779879653826356e-04
9.568905830383300781e-02
1.821253448724746704e-01
3.430672222748398781e-04
6.591251492500305176e-01
9.211783111095428467e-02
4.370189737528562546e-03
6.286135911941528320e-01
8.715499192476272583e-02
7.360825687646865845e-02
2.363075613975524902e-01
2.051390856504440308e-01
3.291351720690727234e-02
1.431276183575391769e-02
9.414281696081161499e-02
3.086844682693481445e-01
7.926794205559417605e-05
5.877047777175903320e-01
5.374712496995925903e-02
6.722189486026763916e-03
5.366423726081848145e-01
6.351412832736968994e-02
2.614197134971618652e-02
1.997431069612503052e-01
2.580809779465198517e-02
1.100158412009477615e-02
7.847234606742858887e-03
1.438164412975311279e-01
3.040225505828857422e-01
1.885612308979034424e-01
1.112516298890113831e-01
7.545714825391769409e-02
3.270702064037322998e-02
5.800797939300537109e-01
2.545388638973236084e-01
4.169045016169548035e-02
3.269247338175773621e-02
9.590189158916473389e-02
1.678368821740150452e-02
1.841678917407989502e-01
1.209039799869060516e-02
4.651678609661757946e-04
1.412644051015377045e-03
4.767761230468750000e-01
6.003072112798690796e-02
1.115686376579105854e-03
7.170840501785278320e-01
4.854310154914855957e-01
1.077446620911359787e-03
1.629994250833988190e-03
1.238430105149745941e-02
3.522696206346154213e-03
1.752636767923831940e-02
1.074642688035964966e-02
1.948729455471038818e-01
6.761381519027054310e-04
2.709869444370269775e-01
2.011134326457977295e-01
5.046307109296321869e-03
6.042084097862243652e-01
5.103206634521484375e-01
2.323297709226608276e-01
2.450144886970520020e-01
4.951297864317893982e-02
1.239447295665740967e-01
9.501760452985763550e-02
1.222302904352545738e-03
1.660255193710327148e-01
3.689902275800704956e-02
2.521931231021881104e-01
4.271560013294219971e-01
3.974918648600578308e-02
9.490210413932800293e-01
4.524088203907012939e-01
3.783108200877904892e-03
1.394532062113285065e-02
7.163204550743103027e-01
4.641257598996162415e-02
5.589637160301208496e-01
1.332641839981079102e-01
5.628597140312194824e-01
3.103435598313808441e-02
4.420062601566314697e-01
1.468141227960586548e-01
1.430081482976675034e-02
9.610851407051086426e-01
3.305087983608245850e-01
6.069225445389747620e-02
2.900691702961921692e-03
7.042611837387084961e-01
3.019851446151733398e-02
7.782278656959533691e-01
1.753390729427337646e-01
2.262860909104347229e-02
3.775247186422348022e-02
2.150626778602600098e-01
1.937529891729354858e-01
5.112795624881982803e-03
6.236186623573303223e-01
5.012993887066841125e-02
2.210333049297332764e-01
2.943422272801399231e-02
6.287215948104858398e-01
1.025251112878322601e-02
5.912713240832090378e-03
2.599855884909629822e-03
6.174492649734020233e-03
1.930072605609893799e-01
1.647455245256423950e-01
2.060530036687850952e-01
2.143442630767822266e-02
8.014722466468811035e-01
5.568644497543573380e-03
4.638170823454856873e-02
1.829164661467075348e-02
6.911062598228454590e-01
1.788558363914489746e-01
2.871869655791670084e-04
8.119852542877197266e-01
1.970063894987106323e-03
1.996078761294484138e-03
4.015550315380096436e-01
2.369809299707412720e-01
3.071865811944007874e-02
5.255584716796875000e-01
1.756848692893981934e-01
2.823283672332763672e-01
3.285676008090376854e-03
8.192483782768249512e-01
1.534742768853902817e-02
2.049767673015594482e-01
6.566200852394104004e-01
1.272649616003036499e-01
4.212938714772462845e-03
2.844917178153991699e-01
1.348168822005391121e-03
6.171734258532524109e-02
9.645417332649230957e-01
2.103654742240905762e-01
2.844894491136074066e-02
5.063250660896301270e-02
7.868937849998474121e-01
1.943248063325881958e-01
1.862739678472280502e-03
5.181764364242553711e-01
1.764198243618011475e-01
2.046477282419800758e-03
1.663980931043624878e-01
1.846943646669387817e-01
2.073762267827987671e-01
7.851224541664123535e-01
2.239339053630828857e-01
1.324016693979501724e-02
1.633521914482116699e-02
6.653320789337158203e-01
3.109009750187397003e-02
7.357409000396728516e-01
6.028984785079956055e-01
2.616248130798339844e-01
1.032461319118738174e-02
4.047819674015045166e-01
3.323330283164978027e-01
3.083157725632190704e-02
5.759873390197753906e-01
9.098039567470550537e-02
1.807913742959499359e-02
2.678782939910888672e-01
9.658817052841186523e-01
1.892712414264678955e-01
2.814791165292263031e-02
3.535598888993263245e-02
2.670144662261009216e-03
2.008925221161916852e-04
1.065186858177185059e-01
4.266521632671356201e-01
6.989409029483795166e-02
6.904063820838928223e-01
4.120992869138717651e-02
1.099153887480497360e-03
3.326969593763351440e-02
4.145425558090209961e-01
4.252516627311706543e-01
2.874610200524330139e-02
8.171810507774353027e-01
5.159206688404083252e-03
1.759431324899196625e-04
2.069320231676101685e-01
6.754224747419357300e-02
4.363303631544113159e-02
9.087597131729125977e-01
2.441208511590957642e-01
2.130890190601348877e-01
9.213405661284923553e-03
5.642620325088500977e-01
3.768118023872375488e-01
4.673219751566648483e-03
7.454315423965454102e-01
8.356550931930541992e-01
1.477573998272418976e-03
1.309510767459869385e-01
3.198516964912414551e-01
1.987212896347045898e-02
5.005182027816772461e-01
7.026438415050506592e-02
2.543282695114612579e-02
5.674595478922128677e-03
7.432167530059814453e-01
2.169104991480708122e-03
7.103286916390061378e-04
5.004048347473144531e-01
3.160694837570190430e-01
3.631235361099243164e-01
2.290712893009185791e-01
2.262347377836704254e-02
1.076527964323759079e-02
9.121422171592712402e-01
8.941677212715148926e-02
2.149018943309783936e-01
1.252475660294294357e-02
4.138475954532623291e-01
1.949408054351806641e-01
1.214431822299957275e-01
3.169244229793548584e-01
1.957746148109436035e-01
1.268929839134216309e-01
1.359367668628692627e-01
2.950735986232757568e-01
1.435231789946556091e-02
6.529837250709533691e-01
2.780408971011638641e-02
7.931256666779518127e-03
9.611140936613082886e-03
4.381049871444702148e-01
4.414523392915725708e-02
6.014078855514526367e-03
3.956899344921112061e-01
2.760178758762776852e-04
2.852366771548986435e-03
2.181623578071594238e-01
1.305623054504394531e-01
4.686233028769493103e-02
6.390786767005920410e-01
4.321586787700653076e-01
1.689475961029529572e-02
2.652794867753982544e-02
7.988907694816589355e-01
1.016041170805692673e-02
1.851384490728378296e-01
4.828284978866577148e-01
4.297092258930206299e-01
8.325973153114318848e-02
4.045788645744323730e-01
8.499196916818618774e-02
2.356312936171889305e-03
7.814474701881408691e-01
2.934974730014801025e-01
2.615403756499290466e-02
1.993570942431688309e-03
4.553781151771545410e-01
3.741659969091415405e-02
7.989360392093658447e-02
7.218521833419799805e-02
1.250859498977661133e-01
7.270533591508865356e-03
1.403923332691192627e-01
8.928328007459640503e-02
1.990827620029449463e-01
3.552717864513397217e-01
3.695470094680786133e-02
3.726461529731750488e-01
3.237548843026161194e-02
9.664126038551330566e-01
1.456459518522024155e-02
5.549939814954996109e-03
3.801134973764419556e-02
1.824733614921569824e-02
1.232022978365421295e-02
1.930045932531356812e-01
1.994992643594741821e-01
4.227894172072410583e-02
6.933453083038330078e-01
8.655598759651184082e-02
2.985274419188499451e-03
2.000854909420013428e-02
7.245156764984130859e-01
5.789146944880485535e-02
1.425932627171278000e-02
6.345357280224561691e-03
1.055949181318283081e-01
7.028349209576845169e-03
5.668401718139648438e-01
7.722398638725280762e-02
4.368236288428306580e-02
6.993007063865661621e-01
2.382189631462097168e-01
1.896664202213287354e-01
2.776676090434193611e-03
7.724177837371826172e-01
1.510876510292291641e-02
1.263943463563919067e-01
1.991261541843414307e-01
5.281020998954772949e-01
1.319716125726699829e-01
7.779127359390258789e-01
7.771071046590805054e-03
2.180250920355319977e-02
8.506538271903991699e-01
1.881580948829650879e-01
2.107968628406524658e-01
1.517310854978859425e-03
8.762483000755310059e-01
3.080268763005733490e-02
2.881754338741302490e-01
6.843076553195714951e-03
7.085934877395629883e-01
9.017074853181838989e-02
4.191106259822845459e-01
1.899691820144653320e-01
1.590194366872310638e-02
6.047107577323913574e-01
2.289638519287109375e-01
1.421262696385383606e-02
1.965763047337532043e-03
7.121843099594116211e-01
1.360653787851333618e-01
1.925207674503326416e-01
4.886046517640352249e-03
3.360727727413177490e-01
6.295959949493408203e-01
