2.456321098859636787e-01
2.818680509853248584e-01
2.256576663796575066e-01
3.074297880610594169e-01
2.418579524248623547e-01
1.565777050474515264e-01
2.635713524516457018e-01
2.432515397488784203e-01
1.862808731451738031e-01
1.726257418004724375e-01
2.248879396324460211e-01
2.077621506580796251e-01
2.606872335353938031e-01
3.605528537255640043e-01
1.251756833293116988e-01
1.813872808877302067e-01
3.349298325438911927e-01
1.849614617900582625e-01
3.118173973634839058e-01
3.336565735964820978e-01
3.639953932008491155e-01
1.925608544395520094e-01
2.558849370465255957e-01
2.790349498032950182e-01
2.690913189614478340e-01
8.976709337618488105e-02
2.281171431621679957e-01
3.479393703433183438e-01
3.502616968292456279e-01
2.253194424108816984e-01
3.246351686001827108e-01
2.881264652197177423e-01
2.663996564224362373e-01
2.647468291420059794e-01
2.502527821522492757e-01
3.346881352268750165e-01
3.421536270135010493e-01
7.890894102792327114e-02
1.401010655726377674e-01
1.612138409758559765e-01
1.871673983450119205e-01
1.642893319505604466e-01
1.730435210853241979e-01
1.982046012551738623e-01
1.708435484279806904e-01
1.977923489533937873e-01
1.449937502352091068e-01
1.662239658717925839e-01
2.757641770518742819e-01
2.998667377978563309e-01
1.400689471763773564e-01
3.328965611469287267e-01
2.607164709972074612e-01
3.573417467727827423e-01
2.081488726947169909e-01
2.622494739838517885e-01
2.553458987520291212e-01
2.723867350007192489e-01
2.823360280778545728e-01
1.889997955698233256e-01
2.623307294427202341e-01
2.507001002175876514e-01
2.813118240581108931e-01
2.063081974092011162e-01
2.466411187555282714e-01
2.845950067785452120e-01
3.016781243137441892e-01
1.712357967805404058e-01
3.915353471843096012e-01
2.392412631844098858e-01
2.768582107785802493e-01
1.653212984002983277e-01
2.202320046579608614e-01
2.648021821861010761e-01
3.229535194595533065e-01
1.210377050850253849e-01
1.878003737510880455e-01
2.079238501162483099e-01
1.440284494310617447e-01
1.948221802460746166e-01
1.856930573972371823e-01
2.656365138693497774e-01
3.403387098358227614e-01
1.673221632775563905e-01
1.799180625149836843e-01
2.600032828318384892e-01
2.718352080107881430e-01
2.566664021623392689e-01
2.399624626940259631e-01
2.277370761865033510e-01
2.940559046199688331e-01
2.480306045080606647e-01
2.165649266053850941e-01
2.785024559662605537e-01
2.975584736380439410e-01
2.357355661246961498e-01
2.538043380929873583e-01
1.698859960391788382e-01
2.724854875929080267e-01
2.791133531584189531e-01
3.175469298730604351e-01
