2.785591059364378452e-04
9.995164871215820312e-01
2.430277643725275993e-03
1.028640355116294813e-07
4.019263200461864471e-03
9.979769587516784668e-01
5.418161861598491669e-03
1.028828191920183599e-04
5.665481417338469328e-09
4.823870658874511719e-01
1.282887882553040981e-03
1.577375078340992332e-04
3.940804162994027138e-07
2.412036792520666495e-06
9.997134208679199219e-01
1.019588089548051357e-03
3.909522661160735879e-08
1.738606602884829044e-03
9.968319535255432129e-01
5.067741032689809799e-03
1.198135487356921658e-05
6.337386730592697859e-05
4.465849995613098145e-01
1.389637403190135956e-02
9.337794472230598330e-05
4.590202440368784664e-09
1.585888298905047122e-06
1.947411510627716780e-04
7.642868161201477051e-01
4.295528196962550282e-05
2.304914873093366623e-03
9.999919533729553223e-01
1.357432082295417786e-02
1.747691421769559383e-03
6.908429786562919617e-03
2.694297116249799728e-03
6.962292536627501249e-05
1.907746707274782239e-07
1.273414003662765026e-03
3.863798337988555431e-05
2.853365440387278795e-04
9.999778270721435547e-01
2.060652375221252441e-01
7.422814378514885902e-04
9.997012019157409668e-01
5.746176611864939332e-05
6.215086905285716057e-04
1.623191498219966888e-02
2.066200133413076401e-03
1.018514694806071930e-06
3.679096494124678429e-08
7.330726692345024276e-09
1.106236823034123518e-06
1.308298524236306548e-04
9.993192553520202637e-01
1.976947300136089325e-03
1.616357603317908342e-09
9.986235499382019043e-01
7.245194632560014725e-03
3.879875657730735838e-05
7.588613071263239362e-11
2.893462777137756348e-01
5.711058620363473892e-03
2.221194736193865538e-04
6.773788641112332698e-08
2.039232867900864221e-06
1.001490163616836071e-04
9.561695456504821777e-01
1.210384219884872437e-01
5.611796863377094269e-03
3.683423856273293495e-04
9.440903067588806152e-01
2.879569728975184262e-05
4.788332153111696243e-04
1.797568425536155701e-02
6.424738764762878418e-01
3.952300758101046085e-04
2.158335377089315443e-08
1.480858941249607597e-06
1.148634124547243118e-03
9.996122121810913086e-01
7.429642677307128906e-01
2.815996595018077642e-06
5.268167660688050091e-05
9.961847066879272461e-01
1.864784644567407668e-05
1.600675886948010884e-06
9.977041482925415039e-01
9.424937161384150386e-06
3.319747447967529297e-01
1.225090702064335346e-03
3.255721736650230014e-08
1.657129905652254820e-04
9.997920989990234375e-01
8.789710700511932373e-03
3.421304791118018329e-05
3.358851245138794184e-06
9.626535773277282715e-01
2.632444798946380615e-01
4.590547746374795679e-07
5.210114717483520508e-01
9.220654517412185669e-02
9.995558857917785645e-01
8.205868601799011230e-01
1.142007022281177342e-05
2.983609447255730629e-04
9.248268604278564453e-01
1.193597763776779175e-01
5.209687969909282401e-06
2.070568189083132893e-05
9.901857376098632812e-01
5.598773062229156494e-02
2.200706396251916885e-03
9.014805555343627930e-01
9.971101284027099609e-01
8.401198685169219971e-02
4.335429146885871887e-02
6.747336556145455688e-07
8.793517190497368574e-05
9.660507440567016602e-01
6.427989900112152100e-02
5.106291496304038446e-07
6.978787860134616494e-05
9.749373197555541992e-01
1.344407442957162857e-02
2.059504913631826639e-05
1.829400389397051185e-06
3.303485214710235596e-01
4.059163911733776331e-04
1.664093929321097676e-08
8.994674317364115268e-06
7.191867916844785213e-05
9.948846697807312012e-01
2.156351879239082336e-02
8.721448102733120322e-05
2.772552579699549824e-05
9.965604543685913086e-01
1.700467243790626526e-02
2.623822183522861451e-05
1.903490272070484934e-07
9.863421320915222168e-01
3.396530883037485182e-05
1.449728248559267740e-08
1.146522845374420285e-05
4.732009620056487620e-05
9.989684820175170898e-01
3.962846472859382629e-03
4.807160585187375546e-04
1.028572114591952413e-06
9.982678890228271484e-01
8.711056783795356750e-03
3.454311809036880732e-05
4.019208006411645329e-07
9.168688058853149414e-01
8.065749891102313995e-03
8.857188760202916455e-08
1.411844323229161091e-06
2.701037004590034485e-02
9.954530000686645508e-01
2.269546821480616927e-04
3.744348305190214887e-06
9.702102094888687134e-02
9.997950196266174316e-01
1.433476805686950684e-03
4.322004315326921642e-05
1.359931866318220273e-05
9.990002512931823730e-01
1.596031361259520054e-04
8.033335907384753227e-04
1.315976977348327637e-01
9.829552769660949707e-01
3.369373455643653870e-02
8.536980603821575642e-04
1.265345257706940174e-03
9.504176378250122070e-01
1.486801262944936752e-02
8.311563869938254356e-04
6.729212403297424316e-02
1.079292446374893188e-01
2.237676829099655151e-02
1.365701667964458466e-03
2.025004323513712734e-05
1.974833905696868896e-01
8.981554768979549408e-03
3.321998566389083862e-02
2.413549693301320076e-03
1.947850733995437622e-02
1.317915157414972782e-03
5.302641913294792175e-02
2.221201139036566019e-04
1.303135752677917480e-01
2.299467027187347412e-01
2.136136889457702637e-01
4.411751433508470654e-05
6.847971634194038870e-10
9.579437028151005507e-05
1.260237604583380744e-05
9.945596456527709961e-01
2.541209465078964058e-10
4.604831701726652682e-05
9.750208854675292969e-01
1.298265560762956738e-04
6.514147798952762969e-07
1.849341439083218575e-03
6.721913450746797025e-06
5.853933515709286439e-08
2.650813257787376642e-06
2.524349396182401506e-09
1.657213666476309299e-03
5.229783710092306137e-06
9.957486987113952637e-01
2.047311142086982727e-02
8.045431604841724038e-05
9.969989657402038574e-01
1.725232042372226715e-02
7.871325942687690258e-05
3.658734494820237160e-04
4.365834593772888184e-02
1.569587364792823792e-02
2.080345875583589077e-04
4.393178642203565687e-06
7.213471084833145142e-02
4.305061418563127518e-03
6.272927522659301758e-01
3.616986870765686035e-01
1.227399916388094425e-03
6.679439917206764221e-03
9.547019600868225098e-01
4.660266917198896408e-03
6.726156698277918622e-06
9.877773933112621307e-03
9.572855234146118164e-01
8.127347566187381744e-03
9.114873478210938629e-08
3.437141887843608856e-03
1.728351693600416183e-03
9.430524110794067383e-01
3.594902455806732178e-01
1.884795346995815635e-05
9.340394753962755203e-04
9.660643935203552246e-01
5.545555613934993744e-03
8.568432718902840861e-08
5.943781733512878418e-01
1.903165248222649097e-04
1.805039048194885254e-01
5.858162641525268555e-01
1.302672922611236572e-01
7.119920337572693825e-05
7.383903861045837402e-01
8.633244037628173828e-02
1.107295136898756027e-02
2.542321453802287579e-06
9.987615346908569336e-01
1.384765505790710449e-01
1.971815663637244143e-06
4.186950996518135071e-02
1.174316625110805035e-03
1.756730853230692446e-05
4.335688948631286621e-01
5.865638852119445801e-01
4.567563883028924465e-05
9.526744484901428223e-01
2.988679409027099609e-01
1.190651059150695801e-01
2.800776201183907688e-05
9.904495477676391602e-01
1.273079812526702881e-01
6.310917437076568604e-02
2.615434825420379639e-01
4.936429206281900406e-03
2.725631594657897949e-01
3.706334829330444336e-01
4.856833070516586304e-02
4.752569831907749176e-03
6.707145571708679199e-01
2.538523972034454346e-01
2.902492997236549854e-05
2.558111445978283882e-04
6.391206383705139160e-01
6.554119288921356201e-02
1.674895919859409332e-02
9.573433635523542762e-05
1.929872781038284302e-01
7.170655764639377594e-03
1.096132182283326983e-04
1.469681262969970703e-01
4.690858768299221992e-04
7.525803446769714355e-01
2.700228989124298096e-01
6.125213694758713245e-04
5.283614427753491327e-06
8.870351314544677734e-01
1.071290671825408936e-01
5.063997115939855576e-03
2.504669396330427844e-07
9.783868789672851562e-01
5.134994862601161003e-04
4.683759016188560054e-06
1.263547390699386597e-01
2.332193434995133430e-05
9.506673812866210938e-01
2.169344872236251831e-01
8.737162570469081402e-04
1.318459690082818270e-04
9.901002645492553711e-01
4.980539157986640930e-02
2.324237860739231110e-02
6.413164328478160314e-07
7.162911891937255859e-01
1.167571172118186951e-02
6.025658876751549542e-06
5.527339875698089600e-03
1.437517255544662476e-02
9.960314035415649414e-01
2.260576467961072922e-03
1.722488747191164293e-07
1.098754927515983582e-01
9.949015974998474121e-01
7.683979347348213196e-03
3.536328586051240563e-05
3.950556856580078602e-05
9.988933801651000977e-01
5.803590174764394760e-03
2.133212110493332148e-04
4.645083099603652954e-02
4.697122424840927124e-02
8.049184828996658325e-02
6.386721879243850708e-02
9.990509133785963058e-04
2.319155726581811905e-03
9.027653932571411133e-02
1.625404693186283112e-02
2.180862793466076255e-04
5.959594622254371643e-02
1.024199947714805603e-01
3.312067314982414246e-02
5.650643288390710950e-06
9.787645831238478422e-05
1.449024304747581482e-02
9.905548095703125000e-01
6.315103964880108833e-04
1.178221404552459717e-02
9.508070349693298340e-01
2.721912169363349676e-04
2.663480699993669987e-04
1.447407298182934454e-11
5.706406227545812726e-05
1.711920272207123617e-09
5.709488759748637676e-04
1.273877842322690412e-05
3.170733805745840073e-03
6.432907283306121826e-02
9.943179488182067871e-01
3.771242871880531311e-02
2.454273868352174759e-03
9.902338981628417969e-01
2.478951960802078247e-02
2.627661742735654116e-04
2.659970688156931828e-09
8.017934113740921021e-02
5.319769959896802902e-03
3.280438249930739403e-04
2.680991929082665592e-05
6.481153368949890137e-01
1.234523504972457886e-01
9.119657278060913086e-01
2.113822400569915771e-01
1.363882273435592651e-01
9.220244288444519043e-01
3.534774854779243469e-02
2.735438384115695953e-02
9.330984205007553101e-03
1.179485619068145752e-01
3.843362675979733467e-03
2.587190270423889160e-01
3.771267235279083252e-01
1.451538205146789551e-01
1.184530905447900295e-03
3.124399669468402863e-02
9.075132012367248535e-01
4.714726284146308899e-02
1.894646629807539284e-05
8.466462790966033936e-02
2.490646950900554657e-02
2.702745405258610845e-05
1.809841208159923553e-02
1.089975163340568542e-01
8.399478159844875336e-03
2.669344667083350942e-06
9.182751774787902832e-01
5.348976119421422482e-04
9.892250895500183105e-01
8.484109044075012207e-01
6.685771979391574860e-03
3.199727143510244787e-05
2.371289953589439392e-02
1.728830859065055847e-02
6.714253686368465424e-05
2.151724061150162015e-07
4.294637562241021556e-11
1.005510687828063965e-01
6.030611321330070496e-02
6.267959624528884888e-02
1.573491957969963551e-03
9.951545000076293945e-01
7.785580307245254517e-02
7.454306632280349731e-02
3.382762370165437460e-04
4.801637530326843262e-01
1.723044901154935360e-03
2.747765211097430438e-05
1.650245934724807739e-01
2.470356594130862504e-05
1.041886280290782452e-04
1.572060771286487579e-02
3.591789901256561279e-01
1.789390742778778076e-01
7.328253984451293945e-01
2.442954778671264648e-01
1.805019527673721313e-01
5.734946113079786301e-03
9.689850211143493652e-01
3.706626221537590027e-02
2.531400322914123535e-02
3.904923796653747559e-02
2.023912733420729637e-03
4.951101168990135193e-02
2.433633506298065186e-01
5.131375193595886230e-01
4.622045904397964478e-03
7.209286093711853027e-01
1.074589341878890991e-01
8.537634462118148804e-02
1.857058960013091564e-04
3.451122343540191650e-01
1.271262019872665405e-01
3.436541184782981873e-02
9.874308016151189804e-04
1.750791911035776138e-03
2.464464679360389709e-02
4.367333312984555960e-04
4.456092715263366699e-01
4.528412246145308018e-04
5.789326429367065430e-01
2.493328899145126343e-01
4.096211865544319153e-02
8.370372233912348747e-05
6.688272953033447266e-01
1.259289234876632690e-01
9.962851554155349731e-02
1.481957006035372615e-04
7.890453338623046875e-01
7.922706427052617073e-04
2.998989948537200689e-04
2.649054229259490967e-01
1.342753384960815310e-04
5.350075960159301758e-01
1.934387683868408203e-01
1.059954017400741577e-01
8.936182712204754353e-05
8.805045485496520996e-01
1.412868797779083252e-01
3.671033680438995361e-02
6.192081491462886333e-04
8.655701875686645508e-01
8.618318289518356323e-02
1.536782074254006147e-04
6.383236646652221680e-01
1.066609285771846771e-03
9.183129072189331055e-01
2.047582119703292847e-01
8.512830734252929688e-02
1.337375142611563206e-04
9.900304675102233887e-01
1.294951420277357101e-02
2.946496196091175079e-02
9.248431306332349777e-04
9.824650287628173828e-01
1.416071783751249313e-02
3.454267382621765137e-01
2.657958120107650757e-02
8.153429254889488220e-03
2.472750097513198853e-02
8.095066063106060028e-03
2.546004392206668854e-02
2.358448400627821684e-04
3.890901803970336914e-03
6.845723837614059448e-03
9.572984417900443077e-04
2.565756812691688538e-02
1.254292391240596771e-02
5.401632785797119141e-01
5.101046554045751691e-05
1.126123219728469849e-01
4.694791510701179504e-03
4.637502133846282959e-03
8.699252009391784668e-01
2.622624114155769348e-02
6.653670687228441238e-03
9.210101366043090820e-01
7.347661266976501793e-06
1.346024146187119186e-05
3.066580295562744141e-01
2.421620637178421021e-01
9.472610428929328918e-03
5.823169946239659112e-09
2.391621768474578857e-01
3.943879157304763794e-02
9.105134755373001099e-03
2.578828632831573486e-01
4.377020522952079773e-02
6.585746072232723236e-03
2.943326532840728760e-02
1.893557421863079071e-02
2.237409586086869240e-03
3.645446151494979858e-02
1.014099642634391785e-01
1.630374975502490997e-02
2.587072742699092487e-07
2.992214560508728027e-01
1.888753287494182587e-02
2.306986041367053986e-02
1.666674911975860596e-01
1.839019916951656342e-02
7.024165987968444824e-02
7.694596052169799805e-02
6.219416973181068897e-04
9.997919201850891113e-01
4.428378865122795105e-02
8.855666518211364746e-01
1.935373293235898018e-04
1.214559422805905342e-03
2.686125226318836212e-03
4.650195594877004623e-03
6.150953005999326706e-03
5.179223604500293732e-03
8.884948492050170898e-01
3.301505744457244873e-02
3.254256625950802118e-06
2.324222819879651070e-03
3.860675990581512451e-01
2.851835743058472872e-04
6.456255214288830757e-04
1.435013604350388050e-03
1.503169303759932518e-03
9.994675517082214355e-01
2.233533374965190887e-02
1.172849908471107483e-01
6.005004644393920898e-01
2.381276637315750122e-01
1.379874418489634991e-03
8.024399168789386749e-03
7.941160798072814941e-01
1.507487759226933122e-04
1.035376451909542084e-03
1.250801086425781250e-01
5.676583573222160339e-02
3.240218162536621094e-01
1.383515596389770508e-01
5.221288651227951050e-02
3.662120103836059570e-01
5.297329276800155640e-02
3.081199340522289276e-02
6.319344043731689453e-03
1.772060804069042206e-02
1.732494980096817017e-01
3.223710227757692337e-03
6.424459069967269897e-02
8.787237107753753662e-02
2.591856010258197784e-02
1.677710213698446751e-03
2.963402271270751953e-01
1.367196142673492432e-01
3.034046664834022522e-02
7.035318762063980103e-02
2.098220400512218475e-02
2.483046986162662506e-02
3.658960922621190548e-04
7.118796557188034058e-02
2.002334035933017731e-02
2.245705982204526663e-04
8.839193731546401978e-02
1.066619344055652618e-02
2.613719516375567764e-06
6.720829606056213379e-01
2.290449291467666626e-01
1.725898496806621552e-02
5.919405817985534668e-02
5.865414440631866455e-02
1.838647876866161823e-03
7.847338914871215820e-03
5.973585322499275208e-02
3.272423148155212402e-02
9.091496031032875180e-05
3.746391460299491882e-02
1.796864380594342947e-04
1.720889667922165245e-05
9.617888927459716797e-01
7.145896553993225098e-02
1.645557209849357605e-02
3.827590048313140869e-01
5.275962874293327332e-02
2.957138232886791229e-03
6.213200394995510578e-04
3.257611095905303955e-01
2.241461537778377533e-02
2.054093056358397007e-04
9.185425937175750732e-02
8.326622098684310913e-02
2.294439764227718115e-05
4.729348421096801758e-01
4.701923578977584839e-02
2.578935399651527405e-02
1.143647357821464539e-01
8.670818060636520386e-03
1.258138450793921947e-03
6.030414369888603687e-04
6.778340041637420654e-02
1.817629300057888031e-02
3.574950853362679482e-03
2.375985030084848404e-03
6.801658868789672852e-02
1.730892062187194824e-02
4.444872140884399414e-01
1.758166030049324036e-02
6.132765673100948334e-03
9.816201329231262207e-01
1.361091807484626770e-02
9.908602237701416016e-01
3.970465331804007292e-05
5.686555596184916794e-06
1.602609991095960140e-04
5.871403845958411694e-05
2.057853887293958906e-09
2.370149362832307816e-03
1.744972541928291321e-04
2.006261982023715973e-02
1.926649734377861023e-02
1.774013414978981018e-02
9.914559721946716309e-01
1.577679940965026617e-04
9.746459126472473145e-01
1.781570608727633953e-04
4.382669885671930388e-06
5.024250113172534782e-11
1.208780566230416298e-03
1.033585704135475680e-05
3.914987610187381506e-04
8.028798248460589093e-08
1.262073637917637825e-03
3.354120999574661255e-02
3.068840503692626953e-02
9.943956732749938965e-01
9.606761857867240906e-03
1.442089825868606567e-01
2.075101474474649876e-05
1.086392730940133333e-04
5.181348323822021484e-01
5.716412793844938278e-03
1.133850528276525438e-04
3.960538655519485474e-03
8.226389581977855414e-06
9.229444861412048340e-01
2.200126415118575096e-03
2.449770458042621613e-03
9.970500469207763672e-01
9.759661555290222168e-01
4.866312816739082336e-02
8.807771801948547363e-01
3.630119026638567448e-04
9.925203919410705566e-01
7.954384088516235352e-01
1.764442713465541601e-04
3.359646722674369812e-02
4.950648173689842224e-03
9.915561079978942871e-01
4.336383566260337830e-02
2.313118427991867065e-02
8.668663501739501953e-01
9.782406687736511230e-01
9.864146709442138672e-01
4.893068671226501465e-01
4.347817139205290005e-06
4.380347579717636108e-02
1.494705863296985626e-02
1.426313588126504328e-06
1.799041219055652618e-02
3.283613324165344238e-01
2.389156958088278770e-03
3.580295946449041367e-03
2.390625700354576111e-02
9.936395883560180664e-01
2.597071579657495022e-04
3.110300377011299133e-02
9.937841892242431641e-01
2.551631303504109383e-03
1.215899130329489708e-03
4.059534370899200439e-01
5.130699719302356243e-04
4.710213243961334229e-01
6.410702317953109741e-02
1.923021394759416580e-03
3.916117828339338303e-03
3.594764275476336479e-03
9.938511252403259277e-01
9.965990902855992317e-04
5.207373760640621185e-03
1.956810653209686279e-01
7.187611772678792477e-04
1.347609213553369045e-05
6.781031061109388247e-07
1.008388586342334747e-02
1.433170982636511326e-04
6.197499715199228376e-06
1.411743462085723877e-02
8.335490128956735134e-04
2.937871497124433517e-03
9.980238080024719238e-01
3.979842294938862324e-04
6.874134298413991928e-03
9.992175102233886719e-01
1.172999734990298748e-03
4.136533243581652641e-05
9.940406744135543704e-05
9.959154725074768066e-01
3.589810512494295835e-05
9.084531029657227919e-07
9.470177292823791504e-01
3.138636820949614048e-04
1.965661300346255302e-03
9.995080232620239258e-01
2.210839278995990753e-02
8.016727864742279053e-03
9.996511340141296387e-01
3.658446716144680977e-03
5.675283260643482208e-03
6.708361979690380394e-06
6.155000329017639160e-01
1.065407693386077881e-02
7.996866770554333925e-06
1.024525845423340797e-03
1.374211627990007401e-03
2.932335948571562767e-03
9.985740184783935547e-01
9.541006147628650069e-05
2.079694531857967377e-03
8.800923228263854980e-01
3.337216185173019767e-05
3.568251713659265079e-06
1.867299772584374296e-07
4.976999461650848389e-01
3.313366687507368624e-05
4.956638440489768982e-04
1.240602284669876099e-01
8.187836647266522050e-05
5.770487478002905846e-04
9.915705919265747070e-01
1.713973656296730042e-02
9.989141225814819336e-01
4.657675046473741531e-03
2.834174119925592095e-05
7.512047432101098821e-06
1.368517987430095673e-02
7.934245513752102852e-04
2.129278300344594754e-06
8.937377970141824335e-06
6.302426010370254517e-02
9.953823871910572052e-03
2.754756994545459747e-02
7.690162062644958496e-01
1.051829308271408081e-01
6.268866360187530518e-02
5.439510345458984375e-01
5.145490285940468311e-04
1.420323178172111511e-02
3.443302959203720093e-02
4.274951219558715820e-01
9.706063866615295410e-01
7.377530891972128302e-06
4.887767434120178223e-01
9.808502197265625000e-01
1.083186361938714981e-02
9.489434361457824707e-01
9.650718569755554199e-01
8.280055224895477295e-02
9.817138910293579102e-01
5.344047676771879196e-04
1.296160189667716622e-05
9.672803282737731934e-01
1.667375954639283009e-06
1.879304880276322365e-03
3.302640980109572411e-03
1.414675265550613403e-01
5.163537338376045227e-03
3.672260208986699581e-04
8.127272129058837891e-01
4.652903974056243896e-02
5.847948603332042694e-03
9.991913437843322754e-01
1.250184141099452972e-02
2.684412356757093221e-05
2.048566639423370361e-01
6.753072375431656837e-04
3.487482070922851562e-01
6.047224998474121094e-01
2.423837780952453613e-01
5.043128971010446548e-03
4.029614850878715515e-03
9.607331156730651855e-01
2.253706604242324829e-01
6.244042888283729553e-03
9.996979832649230957e-01
2.211457304656505585e-02
3.094349429011344910e-02
6.155974864959716797e-01
6.280745728872716427e-04
1.417308230884373188e-04
3.015567490365356207e-04
3.634088337421417236e-01
3.784019034355878830e-03
1.310491561889648438e-02
7.813644409179687500e-01
2.283303886651992798e-01
3.127692034468054771e-03
9.681738018989562988e-01
3.815640136599540710e-02
1.178497695946134627e-04
5.768264145444845781e-06
3.711571544408798218e-02
1.101767923682928085e-02
1.764826010912656784e-04
1.485005766153335571e-01
3.670073812827467918e-03
8.324199356138706207e-03
7.240916490554809570e-01
1.989163309335708618e-01
1.738642022246494889e-04
9.907894134521484375e-01
6.749444454908370972e-02
5.229096859693527222e-02
2.596735430415719748e-04
9.945452213287353516e-01
4.237438843119889498e-04
2.445422796881757677e-05
8.768142014741897583e-02
2.152229659259319305e-02
8.347445400431752205e-04
9.969044327735900879e-01
4.218316450715065002e-02
3.197602345608174801e-04
8.794870376586914062e-01
1.337147131562232971e-02
2.068474350380711257e-05
2.954633055196609348e-05
7.299354076385498047e-01
2.938467860221862793e-01
2.452968328725546598e-05
1.158814225345849991e-02
2.478394424542784691e-03
2.838210901245474815e-03
9.916848540306091309e-01
3.409550758078694344e-03
1.238626660779118538e-03
8.755352497100830078e-01
7.984728552401065826e-03
3.986616775364382192e-06
6.726767054487936548e-08
9.483824968338012695e-01
7.695777341723442078e-03
1.575804526510182768e-05
3.191157877445220947e-01
2.424176083877682686e-03
3.331747278571128845e-02
8.978565335273742676e-01
6.387403011322021484e-01
2.521244250237941742e-02
2.253357619047164917e-01
4.385209828615188599e-02
6.300382665358483791e-06
3.011291380971670151e-03
2.317928671836853027e-01
2.419857308268547058e-02
5.470061296364292502e-06
1.162274274975061417e-02
1.842172205215319991e-04
2.564484179019927979e-01
9.952360987663269043e-01
2.577867209911346436e-01
6.020665168762207031e-02
2.921310439705848694e-02
8.674220298416912556e-04
6.907123974997375626e-07
2.350669092265889049e-05
2.483349998891586780e-14
1.387331187725067139e-01
9.688448905944824219e-01
1.604627259075641632e-02
2.597641758620738983e-02
1.687086932361125946e-02
9.974753260612487793e-01
1.611192226409912109e-01
6.084965914487838745e-02
9.026023149490356445e-01
1.288468390703201294e-02
2.610881254076957703e-02
5.496424436569213867e-01
3.027389175258576870e-05
6.038985844725175411e-08
1.354704526335126502e-08
2.965838015079498291e-01
9.381604031659662724e-04
2.511093206703662872e-02
3.995369672775268555e-01
1.599609851837158203e-01
6.656020134687423706e-02
9.780790805816650391e-01
1.191237643361091614e-01
5.699377506971359253e-02
7.750890851020812988e-01
1.646768301725387573e-02
3.101561367511749268e-01
2.278271317481994629e-01
4.428415894508361816e-01
1.050632330588996410e-03
3.048611879348754883e-01
4.755774438381195068e-01
2.292747199535369873e-01
2.322210930287837982e-02
6.594823002815246582e-01
6.864292174577713013e-02
5.585419386625289917e-02
3.540031320881098509e-04
4.745055362582206726e-02
3.966279700398445129e-02
1.483252388425171375e-03
3.064830601215362549e-01
2.754892338998615742e-04
3.381976857781410217e-02
3.674049377441406250e-01
2.382510155439376831e-01
5.442129075527191162e-02
8.866515755653381348e-01
9.636078029870986938e-02
5.609727650880813599e-02
1.293689827434718609e-03
9.936770200729370117e-01
2.848877338692545891e-03
7.182169356383383274e-04
1.386422663927078247e-01
6.506293429993093014e-04
6.228454876691102982e-03
3.342562019824981689e-01
1.143004745244979858e-01
1.898831687867641449e-02
9.923592209815979004e-01
8.211781084537506104e-02
3.635533154010772705e-02
5.241396371275186539e-03
7.613171339035034180e-01
1.292283739894628525e-02
5.303723737597465515e-04
4.264312386512756348e-01
1.375935785472393036e-02
4.753085784614086151e-03
7.162487506866455078e-01
2.202483564615249634e-01
1.030782908201217651e-01
9.996488094329833984e-01
1.282161027193069458e-01
7.906815409660339355e-02
2.391181187704205513e-03
9.600300788879394531e-01
7.492074277251958847e-03
1.426164805889129639e-01
3.002627054229378700e-03
1.020779134705662727e-03
2.848477475345134735e-02
9.436590671539306641e-01
3.337254002690315247e-02
2.250367833767086267e-05
1.296345610171556473e-02
2.103875391185283661e-03
1.467093243263661861e-04
1.173738746729213744e-05
6.260638684034347534e-02
6.602468341588973999e-02
2.331041059733252041e-06
9.802705645561218262e-01
9.507431387901306152e-01
9.086486697196960449e-01
5.854841470718383789e-01
7.734172344207763672e-01
9.249771833419799805e-01
1.823496131692081690e-05
3.527259454131126404e-02
7.503179404011461884e-06
8.384375832974910736e-03
2.276879036799073219e-03
4.614853486418724060e-02
3.607481122016906738e-01
9.435016512870788574e-01
1.098123902920633554e-04
3.480502665042877197e-01
9.865580797195434570e-01
9.432740807533264160e-01
1.517593022435903549e-02
5.103290459373965859e-05
5.561543256044387817e-02
9.663605131208896637e-03
2.508189529180526733e-02
4.969378933310508728e-02
9.278768897056579590e-01
1.176685909740626812e-03
1.879301667213439941e-01
2.945614280179142952e-03
2.774073928594589233e-02
9.095142483711242676e-01
1.611146181821823120e-01
5.100856069475412369e-03
2.326162299141287804e-03
8.558930456638336182e-02
9.049058891832828522e-03
1.921403236337937415e-05
9.183405041694641113e-01
6.867357995361089706e-03
2.981909801746951416e-06
9.933734536170959473e-01
6.232861196622252464e-04
2.618144154548645020e-01
9.962358474731445312e-01
7.959652543067932129e-01
9.174089063890278339e-05
2.105545863742008805e-04
6.497042179107666016e-01
9.112389683723449707e-01
2.326361936866305768e-05
2.380919409915804863e-03
1.603191159665584564e-02
5.005696039006579667e-06
7.844667136669158936e-02
5.688403034582734108e-04
2.418878115713596344e-02
9.601042866706848145e-01
1.417142450809478760e-01
6.807925528846681118e-04
1.186270965263247490e-04
1.426145732402801514e-01
2.746971324086189270e-02
1.234993396792560816e-04
3.636442124843597412e-03
9.901747852563858032e-02
1.214153226464986801e-02
9.507719874382019043e-01
9.461318850517272949e-01
9.547331333160400391e-01
5.854564309120178223e-01
9.213817119598388672e-01
4.393094033002853394e-02
9.879139065742492676e-01
1.718172617256641388e-02
2.557094022631645203e-02
3.172953438479453325e-05
2.296759780418209789e-17
7.322710735024884343e-05
5.347911715507507324e-01
9.926157593727111816e-01
9.037208557128906250e-01
1.127458526752889156e-03
1.144170835614204407e-01
3.245075792074203491e-02
8.286148309707641602e-02
1.028998987749218941e-03
4.356931149959564209e-02
5.968778277747333050e-04
6.105515058152377605e-05
1.209424744080722018e-16
6.040103435516357422e-01
1.528856082586571574e-04
9.841928482055664062e-01
2.192641608417034149e-02
1.108516845852136612e-02
3.998548090457916260e-01
8.287643140647560358e-05
7.237227261066436768e-02
2.602573295007459819e-05
2.881641848944127560e-04
9.890330024063587189e-03
1.285512644244590774e-05
3.404341987334191799e-05
1.411779131740331650e-02
7.594635710120201111e-03
9.937332868576049805e-01
1.671804493525996804e-04
1.509445998817682266e-02
9.967218637466430664e-01
7.553362101316452026e-02
1.577496714890003204e-02
4.652367351809516549e-05
1.857345923781394958e-02
7.716179970884695649e-05
3.788034245371818542e-02
2.142777957487851381e-04
1.794013805920258164e-04
5.468390099849784747e-06
9.822113513946533203e-01
9.652575850486755371e-01
1.850062757730484009e-01
1.425265967845916748e-01
3.241737931966781616e-02
3.076997399330139160e-01
1.519664376974105835e-02
1.103816032409667969e-01
9.803244471549987793e-01
1.602581120096147060e-03
6.503450276795774698e-05
1.248749259379067222e-12
2.875486097764223814e-04
9.900956153869628906e-01
7.073609158396720886e-03
1.593089476227760315e-02
9.961054921150207520e-01
9.868779778480529785e-01
5.093263834714889526e-02
6.404952728189527988e-05
3.521561622619628906e-01
9.468905925750732422e-01
2.507722005248069763e-03
3.868497442454099655e-04
2.317068918955556001e-07
2.094316333532333374e-01
3.001114726066589355e-01
3.188009187579154968e-02
6.582901813089847565e-03
9.889293313026428223e-01
1.136143207550048828e-01
4.997557401657104492e-02
1.902650669217109680e-02
9.993371367454528809e-01
2.802931157930288464e-05
8.993081450462341309e-01
7.903789992269594222e-06
2.836067477732370432e-16
1.874819398635642259e-20
9.085841178894042969e-01
2.522741444408893585e-02
6.919840816408395767e-04
9.864817261695861816e-01
4.085426405072212219e-02
4.019211828708648682e-01
3.511402290314435959e-03
1.901170462369918823e-01
4.447897151112556458e-02
3.395307794562540948e-05
1.147851441055536270e-02
5.330435815267264843e-04
2.337305247783660889e-01
2.702560722827911377e-01
2.288472466170787811e-02
1.325262058526277542e-02
8.836721181869506836e-01
3.144431859254837036e-02
9.776446819305419922e-01
4.376339260488748550e-03
8.097414970397949219e-01
7.381258159875869751e-02
2.556585939601063728e-03
8.169699907302856445e-01
5.081775598227977753e-03
6.442046910524368286e-02
9.395523667335510254e-01
9.717885255813598633e-01
2.258837455883622169e-03
9.912573695182800293e-01
2.754992432892322540e-02
1.547261625528335571e-01
3.400412201881408691e-02
9.888926148414611816e-01
2.062132805585861206e-01
6.804588250815868378e-03
9.818089604377746582e-01
1.126223196479259059e-06
9.989360570907592773e-01
2.382069826126098633e-02
1.558447722345590591e-02
2.004513517022132874e-03
5.618885755538940430e-01
3.038832247257232666e-01
6.060237530618906021e-03
4.715502145700156689e-04
9.994853138923645020e-01
6.038156747817993164e-01
3.475917401374317706e-05
9.508873820304870605e-01
1.567403523949906230e-04
1.009054202586412430e-02
1.793592981994152069e-02
1.630366966128349304e-02
1.384227769449353218e-03
8.512448072433471680e-01
1.459552496671676636e-01
2.796465158462524414e-02
3.560370168997906148e-05
5.623497962951660156e-01
7.964098453521728516e-02
8.873090147972106934e-03
1.701867207884788513e-02
2.593851462006568909e-02
2.326924726366996765e-02
2.224374115467071533e-01
1.551300194114446640e-02
3.258372889831662178e-04
9.941639900207519531e-01
1.543613970279693604e-01
1.356232073158025742e-02
2.078628749586641788e-04
1.267233490943908691e-01
3.235333040356636047e-02
3.178712725639343262e-02
5.526594445109367371e-02
3.064332157373428345e-02
1.928631402552127838e-02
1.277916729450225830e-01
2.494649728760123253e-03
2.276620129123330116e-03
2.403864860534667969e-01
1.914116144180297852e-01
3.351289033889770508e-02
1.148354276665486395e-04
9.704005718231201172e-01
1.194823831319808960e-01
3.630777448415756226e-02
9.917869567871093750e-01
3.116353228688240051e-02
8.531593084335327148e-01
3.201410770416259766e-01
4.721302830148488283e-04
3.073389641940593719e-02
3.660249114036560059e-01
1.518145203590393066e-01
8.868635050021111965e-04
1.928868296090513468e-04
9.065502882003784180e-01
1.416138857603073120e-01
9.618275798857212067e-03
1.679208362475037575e-04
6.687801796942949295e-04
8.571679791202768683e-05
3.399972021579742432e-01
8.011214667931199074e-04
1.242278522113338113e-04
9.768975973129272461e-01
8.209308236837387085e-02
3.645731136202812195e-03
2.979448800033424050e-05
8.974446058273315430e-01
2.401653528213500977e-01
6.246928870677947998e-02
9.131526894634589553e-05
3.355988115072250366e-02
1.031731662806123495e-04
3.045850396156311035e-01
9.343641810119152069e-03
1.281085074879229069e-03
3.194912672042846680e-01
2.309566587209701538e-01
7.399743050336837769e-02
8.829916478134691715e-04
9.474145174026489258e-01
1.430503576993942261e-01
4.500583559274673462e-02
2.932392526417970657e-03
6.381502002477645874e-02
8.112878352403640747e-02
4.704549536108970642e-02
1.311517413705587387e-02
1.975879073143005371e-03
9.921605587005615234e-01
1.747900545597076416e-01
3.310237079858779907e-02
1.572475885041058064e-04
8.413274884223937988e-01
6.194538250565528870e-02
6.121224164962768555e-02
2.035711426287889481e-03
4.687283188104629517e-02
1.180793391540646553e-03
1.072688549757003784e-01
7.840090547688305378e-04
2.158732851967215538e-03
9.763642549514770508e-01
7.849023491144180298e-02
2.970735728740692139e-02
2.353613672312349081e-04
9.984706044197082520e-01
4.776412248611450195e-02
8.661228418350219727e-02
4.436538089066743851e-03
9.384648799896240234e-01
7.747339084744453430e-03
1.963270828127861023e-02
1.472847536206245422e-03
2.851711469702422619e-04
3.856629729270935059e-01
2.385551482439041138e-02
6.181699689477682114e-03
3.222291590645909309e-03
9.942360520362854004e-01
5.864358693361282349e-02
7.668479811400175095e-03
6.671338342130184174e-04
8.534346818923950195e-01
1.071201078593730927e-02
