1.369580742903053761e-03
9.999945759773254395e-01
2.430358435958623886e-03
4.042736350129416678e-07
2.766487561166286469e-02
9.984373450279235840e-01
5.418288521468639374e-03
1.029158011078834534e-04
5.669391178741989279e-09
8.013963699340820312e-01
1.301306299865245819e-03
1.669488701736554503e-04
4.226790792927204166e-07
5.605658316198969260e-06
9.999977350234985352e-01
1.020432915538549423e-03
9.056865237653255463e-04
1.215152069926261902e-02
9.969901442527770996e-01
5.067854188382625580e-03
1.198412701342022046e-05
1.077700289897620678e-03
7.718182206153869629e-01
1.418854855000972748e-02
1.001716518658213317e-04
4.797363395425691124e-09
2.527236210880801082e-05
5.473780911415815353e-04
9.149999022483825684e-01
3.602320794016122818e-04
2.257628925144672394e-02
9.999999403953552246e-01
2.500328794121742249e-02
7.110102102160453796e-03
2.862623520195484161e-02
1.337104104459285736e-02
7.537045894423499703e-05
2.262063674152159365e-07
5.766312126070261002e-03
8.140653371810913086e-04
2.214259933680295944e-03
1.000000000000000000e+00
3.654654026031494141e-01
4.737574141472578049e-03
9.999907016754150391e-01
5.746293754782527685e-05
1.321743126027286053e-03
5.883561819791793823e-02
1.125476323068141937e-02
1.232076101587153971e-06
3.690256988875262323e-08
8.730962619551974058e-09
1.799083634068665560e-06
2.812987950164824724e-04
9.999908208847045898e-01
1.977229025214910507e-03
1.863488287199288607e-04
9.986810088157653809e-01
7.245470769703388214e-03
3.885695696226321161e-05
7.608010055282221629e-11
5.974265336990356445e-01
5.821517668664455414e-03
2.369461581110954285e-04
9.746718632186457398e-08
1.956278174475301057e-05
3.847570042125880718e-04
9.944514036178588867e-01
2.526590824127197266e-01
1.278757490217685699e-02
1.680400338955223560e-03
9.545133113861083984e-01
7.380452007055282593e-05
6.795261986553668976e-03
5.390817672014236450e-02
7.168712615966796875e-01
1.217157230712473392e-03
1.109722873593455006e-07
3.390573328942991793e-05
2.576382830739021301e-03
9.999961256980895996e-01
7.430988550186157227e-01
4.765608537127263844e-06
2.397040952928364277e-04
9.963150620460510254e-01
3.778828249778598547e-05
8.667730980960186571e-06
9.995543956756591797e-01
3.215049946447834373e-05
5.103529691696166992e-01
4.912711214274168015e-03
9.966765901481267065e-07
1.065477496013045311e-03
9.999984502792358398e-01
9.028137661516666412e-03
3.542500780895352364e-05
1.328368234680965543e-04
9.634330868721008301e-01
2.632837295532226562e-01
2.419027623545844108e-06
8.302104473114013672e-01
1.045555025339126587e-01
9.996494054794311523e-01
9.803885817527770996e-01
1.629454491194337606e-04
1.139957108534872532e-03
9.868690967559814453e-01
1.371648311614990234e-01
4.418862954480573535e-05
4.981144447810947895e-04
9.902557134628295898e-01
6.026495248079299927e-02
3.066060831770300865e-03
9.941084384918212891e-01
9.972535371780395508e-01
1.837889254093170166e-01
1.162492930889129639e-01
1.650964441068936139e-05
9.252785239368677139e-04
9.962961673736572266e-01
7.068756967782974243e-02
5.546409056478296407e-07
3.992148675024509430e-03
9.883990883827209473e-01
2.279536053538322449e-02
2.959147786896210164e-05
6.960088285268284380e-06
3.773393630981445312e-01
6.901912856847047806e-04
6.492716408956766827e-08
9.929180123435799032e-06
1.071911887265741825e-03
9.998039007186889648e-01
2.170115895569324493e-02
8.830593287711963058e-05
4.274630555300973356e-05
9.967020750045776367e-01
1.716257259249687195e-02
3.269157241447828710e-05
4.766685322010744130e-07
9.998674392700195312e-01
3.937984729418531060e-05
2.823761491299592308e-08
2.337312616873532534e-05
1.016293826978653669e-04
9.999829530715942383e-01
3.994901664555072784e-03
4.830125835724174976e-04
1.616035433471552096e-06
9.985503554344177246e-01
1.533259637653827667e-02
6.309551827143877745e-05
5.141270662534225266e-07
9.957758188247680664e-01
1.697116717696189880e-02
4.856027544519747607e-07
1.966863464986090548e-06
4.691668599843978882e-02
9.998363256454467773e-01
2.272348356200382113e-04
2.826014315360225737e-05
2.050272077322006226e-01
9.997987151145935059e-01
2.025163965299725533e-03
4.522923845797777176e-04
8.337230246979743242e-05
9.999991655349731445e-01
1.626073208171874285e-04
3.401762340217828751e-03
1.345160752534866333e-01
9.834975004196166992e-01
3.457692638039588928e-02
2.656479133293032646e-03
2.090338151901960373e-03
9.621771574020385742e-01
1.488375850021839142e-02
9.921404998749494553e-04
2.558749020099639893e-01
3.239950239658355713e-01
3.705336526036262512e-02
1.502073253504931927e-03
2.777424379019066691e-05
3.185231685638427734e-01
2.279292978346347809e-02
6.924483180046081543e-02
5.590141750872135162e-03
4.278749972581863403e-02
2.818083157762885094e-03
1.101105660200119019e-01
4.868331889156252146e-04
4.658474326133728027e-01
5.497702360153198242e-01
4.170545935630798340e-01
8.700134640093892813e-05
1.738668986561719976e-09
9.585788939148187637e-05
1.654013030929490924e-04
9.946405887603759766e-01
3.372767842790835857e-09
9.323385311290621758e-04
9.775723218917846680e-01
1.300463045481592417e-04
6.639556886511854827e-07
3.327416256070137024e-03
4.602548142429441214e-05
2.112493007189186756e-07
2.778829184535425156e-06
3.228430633939183281e-09
1.662620576098561287e-03
9.058084833668544888e-05
9.958076477050781250e-01
2.047454193234443665e-02
1.497890218161046505e-03
9.970178008079528809e-01
1.725296303629875183e-02
7.888881373219192028e-05
4.245616146363317966e-04
1.543517708778381348e-01
1.569971255958080292e-02
2.112484362442046404e-04
5.280535333440639079e-06
7.371179759502410889e-02
6.478345952928066254e-03
6.434389948844909668e-01
5.818194746971130371e-01
1.467780908569693565e-03
8.010725490748882294e-03
9.677965641021728516e-01
8.127422071993350983e-03
1.523326045571593568e-05
3.245282173156738281e-02
9.649130702018737793e-01
1.958535239100456238e-02
1.182746984795812750e-07
3.440463915467262268e-03
3.564814571291208267e-03
9.465876817703247070e-01
3.602962493896484375e-01
4.299228021409362555e-05
1.950338715687394142e-03
9.680885076522827148e-01
1.058512926101684570e-02
2.296395393841521582e-07
8.818629980087280273e-01
7.943181553855538368e-04
3.483252227306365967e-01
8.718979358673095703e-01
1.331426203250885010e-01
1.115213148295879364e-03
7.553083300590515137e-01
8.953662216663360596e-02
1.163814216852188110e-02
6.277787633734988049e-06
9.988546967506408691e-01
1.530546844005584717e-01
3.231170921935699880e-06
1.554941534996032715e-01
1.174774253740906715e-03
8.591891673859208822e-05
7.278681993484497070e-01
6.330473423004150391e-01
4.346118657849729061e-04
9.552098512649536133e-01
3.650400042533874512e-01
1.800801903009414673e-01
3.258284705225378275e-04
9.910691976547241211e-01
1.438958793878555298e-01
1.047798618674278259e-01
5.682569742202758789e-01
4.941388033330440521e-03
5.392163991928100586e-01
6.943981647491455078e-01
4.914894327521324158e-02
2.321342192590236664e-02
6.995000839233398438e-01
3.785192966461181641e-01
1.300469157285988331e-04
3.599297255277633667e-03
7.024066448211669922e-01
8.238113671541213989e-02
2.557136863470077515e-02
3.857120173051953316e-04
2.091361880302429199e-01
1.342034526169300079e-02
3.787099849432706833e-04
1.507478356361389160e-01
3.747753798961639404e-03
7.845327854156494141e-01
3.550130724906921387e-01
6.422487786039710045e-04
5.636736659653251991e-06
9.123743772506713867e-01
1.177690997719764709e-01
7.052398286759853363e-03
3.235174403926066589e-07
9.983376264572143555e-01
6.490254309028387070e-04
9.169378245132975280e-06
1.288275271654129028e-01
2.765660065051633865e-05
9.601948261260986328e-01
2.405064553022384644e-01
9.534431155771017075e-04
2.206591452704742551e-04
9.901213645935058594e-01
6.410810351371765137e-02
3.249352425336837769e-02
1.111298388423165306e-06
9.444270133972167969e-01
1.586921513080596924e-02
7.223079137474996969e-06
5.541143938899040222e-03
1.891503483057022095e-02
9.961374402046203613e-01
2.261099405586719513e-03
1.716655096970498562e-04
2.859553098678588867e-01
9.949115514755249023e-01
7.684016600251197815e-03
5.140055145602673292e-05
2.566947950981557369e-04
9.999957084655761719e-01
5.813036113977432251e-03
4.307760100346058607e-04
7.980236411094665527e-02
9.429075568914413452e-02
1.430456489324569702e-01
1.501837670803070068e-01
1.025453559122979641e-03
4.668731708079576492e-03
1.780567616224288940e-01
5.458656698465347290e-02
5.920107359997928143e-04
1.615202724933624268e-01
1.954782605171203613e-01
6.779680401086807251e-02
1.982711728487629443e-05
9.789563773665577173e-05
2.877206355333328247e-02
9.906418323516845703e-01
1.977006206288933754e-03
7.930454611778259277e-02
9.528669714927673340e-01
3.148970426991581917e-04
5.648769438266754150e-04
3.239647439201576162e-11
3.751654003281146288e-04
9.466630146448551386e-09
1.214559888467192650e-03
2.402573591098189354e-05
3.183035179972648621e-03
6.478194892406463623e-02
9.944189786911010742e-01
3.782368823885917664e-02
7.038750685751438141e-03
9.997325539588928223e-01
2.493412792682647705e-02
2.650592359714210033e-04
2.671709298240898534e-09
2.450473010540008545e-01
5.527169909328222275e-03
3.404646995477378368e-04
3.228832065360620618e-05
6.861400604248046875e-01
1.309910863637924194e-01
9.190207719802856445e-01
2.344592809677124023e-01
1.859588921070098877e-01
9.289488792419433594e-01
4.186671972274780273e-02
9.012308716773986816e-02
1.877260208129882812e-02
3.428016602993011475e-01
6.111494731158018112e-03
4.826570153236389160e-01
6.649574041366577148e-01
1.481694877147674561e-01
1.200131373479962349e-03
5.393659323453903198e-02
9.712297916412353516e-01
8.603176474571228027e-02
1.988099029404111207e-05
1.558498293161392212e-01
6.122221052646636963e-02
3.843220474664121866e-05
6.628930568695068359e-02
2.079440802335739136e-01
2.276286110281944275e-02
5.686611984856426716e-06
9.186941385269165039e-01
5.570352077484130859e-04
9.986945390701293945e-01
8.496946096420288086e-01
1.007088460028171539e-02
4.044283559778705239e-05
7.093940675258636475e-02
3.490313515067100525e-02
1.133372061303816736e-04
1.513478309789206833e-06
2.150374878162608638e-10
1.606047153472900391e-01
1.829128861427307129e-01
6.342206895351409912e-02
1.590395695529878139e-03
9.953237771987915039e-01
8.277543634176254272e-02
7.648864388465881348e-02
4.422916099429130554e-04
7.818830013275146484e-01
1.799324061721563339e-03
4.506734694587066770e-05
4.176628291606903076e-01
2.497955392755102366e-05
8.097879472188651562e-04
6.282290071249008179e-02
3.747023940086364746e-01
1.890041977167129517e-01
7.654224038124084473e-01
2.653995454311370850e-01
2.404028624296188354e-01
8.146105334162712097e-03
9.722887873649597168e-01
4.209608584642410278e-02
4.326919093728065491e-02
1.494025886058807373e-01
3.106798976659774780e-03
8.529719710350036621e-02
5.073379874229431152e-01
5.373244285583496094e-01
4.660800099372863770e-03
7.324113845825195312e-01
1.150663644075393677e-01
1.345164924860000610e-01
2.096687530865892768e-04
4.371561408042907715e-01
1.952626854181289673e-01
6.752741336822509766e-02
1.963184215128421783e-03
2.758374437689781189e-03
6.091180443763732910e-02
1.189812319353222847e-03
4.672494828701019287e-01
4.538088396657258272e-04
6.025943756103515625e-01
2.779439091682434082e-01
6.861462444067001343e-02
8.958906255429610610e-05
7.006990909576416016e-01
1.440269649028778076e-01
1.449149847030639648e-01
2.088133769575506449e-04
9.037875533103942871e-01
1.858120085671544075e-03
9.762778063304722309e-04
2.734101414680480957e-01
1.343994808848947287e-04
5.505104064941406250e-01
2.106544822454452515e-01
1.492618322372436523e-01
9.609667904442176223e-05
8.843430876731872559e-01
1.692380458116531372e-01
6.054783612489700317e-02
1.136405859142541885e-03
9.885171651840209961e-01
1.478631645441055298e-01
3.425060713198035955e-04
6.853731870651245117e-01
1.071486622095108032e-03
9.244495630264282227e-01
2.290613204240798950e-01
1.283416152000427246e-01
1.216351520270109177e-03
9.901191592216491699e-01
1.386559754610061646e-02
6.071761250495910645e-02
1.848881365731358528e-03
9.998294115066528320e-01
1.559840515255928040e-02
7.084841728210449219e-01
4.602797329425811768e-02
2.154164388775825500e-02
2.527993172407150269e-02
2.659514918923377991e-02
5.215604975819587708e-02
6.332757766358554363e-04
6.230719853192567825e-03
2.841676585376262665e-02
5.494608543813228607e-03
8.031360805034637451e-02
7.049518823623657227e-02
5.602243542671203613e-01
3.242501406930387020e-04
1.883063912391662598e-01
4.695928189903497696e-03
1.124437339603900909e-02
9.580738544464111328e-01
5.822339653968811035e-02
1.242124289274215698e-02
9.334486722946166992e-01
4.869346958003006876e-05
6.278868386289104819e-05
4.886309802532196045e-01
4.482919573783874512e-01
4.519701376557350159e-02
2.923612996141855547e-08
3.787386715412139893e-01
7.926070690155029297e-02
9.215126745402812958e-03
4.411527216434478760e-01
9.130592644214630127e-02
1.089797820895910263e-02
4.729655012488365173e-02
4.559257254004478455e-02
6.258992943912744522e-03
1.308204829692840576e-01
2.100882679224014282e-01
4.741875082254409790e-02
7.889514677117404062e-07
4.611350595951080322e-01
1.948485523462295532e-02
2.401615679264068604e-02
2.442575693130493164e-01
2.518901601433753967e-02
7.102379202842712402e-02
1.535983234643936157e-01
2.007429255172610283e-03
9.999279975891113281e-01
1.023874878883361816e-01
9.104161858558654785e-01
6.415378302335739136e-04
2.206318778917193413e-03
4.695758223533630371e-03
7.501296233385801315e-03
9.253446012735366821e-03
5.245555192232131958e-03
8.889137506484985352e-01
3.344354033470153809e-02
2.653131741681136191e-05
1.518961600959300995e-02
3.969017863273620605e-01
1.532830297946929932e-03
2.185106975957751274e-03
1.714367419481277466e-02
3.869606647640466690e-03
9.999936819076538086e-01
3.754035383462905884e-02
1.174872443079948425e-01
6.088814139366149902e-01
2.384681105613708496e-01
1.956098945811390877e-03
1.648309640586376190e-02
8.167169094085693359e-01
6.286645657382905483e-04
5.949941463768482208e-03
2.535821497440338135e-01
1.809045970439910889e-01
6.376219987869262695e-01
2.288683205842971802e-01
1.035195738077163696e-01
3.761416971683502197e-01
8.091007173061370850e-02
7.430119067430496216e-02
6.377958226948976517e-03
3.420308604836463928e-02
3.266529440879821777e-01
9.239055216312408447e-03
1.194095984101295471e-01
1.731434464454650879e-01
7.476605474948883057e-02
4.621712025254964828e-03
4.573009610176086426e-01
2.576399743556976318e-01
3.069557994604110718e-02
1.312870681285858154e-01
5.382980778813362122e-02
2.690487727522850037e-02
1.481517567299306393e-03
1.414706707000732422e-01
5.212905630469322205e-02
8.697649464011192322e-04
1.676910370588302612e-01
2.900798991322517395e-02
1.023388904286548495e-05
8.523458838462829590e-01
3.933613598346710205e-01
1.792920008301734924e-02
1.140498816967010498e-01
1.195523589849472046e-01
1.980770612135529518e-03
2.618538029491901398e-02
1.208300739526748657e-01
7.145138084888458252e-02
3.425295581109821796e-04
6.461890041828155518e-02
5.686197546310722828e-04
7.011360867181792855e-05
9.955352544784545898e-01
1.372912824153900146e-01
1.732713356614112854e-02
6.020706892013549805e-01
1.120397150516510010e-01
4.077238030731678009e-03
1.312715699896216393e-03
5.282415151596069336e-01
5.555197969079017639e-02
7.982323295436799526e-04
2.292482107877731323e-01
1.734642386436462402e-01
9.128872625296935439e-05
6.697784662246704102e-01
9.284199029207229614e-02
2.597614191472530365e-02
2.002058327198028564e-01
2.219859510660171509e-02
1.469803391955792904e-03
1.267713378183543682e-03
1.356087028980255127e-01
3.974472358822822571e-02
1.048898044973611832e-02
8.272914215922355652e-03
1.311518549919128418e-01
4.749704524874687195e-02
4.458516240119934082e-01
3.484786674380302429e-02
1.153685059398412704e-02
9.817131757736206055e-01
5.557452887296676636e-02
9.948607087135314941e-01
6.902823952259495854e-05
3.712484976858831942e-05
1.169772353023290634e-03
3.860409196931868792e-04
8.759928782353654242e-09
2.240039035677909851e-02
7.271175272762775421e-04
2.007738128304481506e-02
3.656525537371635437e-02
2.350540831685066223e-02
9.915114641189575195e-01
3.466387570369988680e-04
9.758789539337158203e-01
2.025941794272512197e-04
9.520116691419389099e-06
1.113674846786594230e-10
6.783135700970888138e-03
2.869945456041023135e-05
8.390739676542580128e-04
2.211132539287063992e-07
1.262700883671641350e-03
6.595893204212188721e-02
5.915952473878860474e-02
9.945441484451293945e-01
2.089450880885124207e-02
1.618111729621887207e-01
5.042948032496497035e-05
2.543245209380984306e-04
7.340524196624755859e-01
2.783103846013545990e-02
1.169748604297637939e-03
9.839415550231933594e-03
2.324720480828545988e-05
9.231996536254882812e-01
3.960077650845050812e-03
4.254533909261226654e-03
9.971526861190795898e-01
9.767695665359497070e-01
5.702648684382438660e-02
8.819572925567626953e-01
8.128768531605601311e-04
9.929697513580322266e-01
9.697389602661132812e-01
6.562289199791848660e-04
7.794526964426040649e-02
1.475913543254137039e-02
9.920505285263061523e-01
8.472815155982971191e-02
2.808897383511066437e-02
8.674934506416320801e-01
9.794292449951171875e-01
9.892355203628540039e-01
4.933338463306427002e-01
4.358597834652755409e-06
7.301418483257293701e-02
6.084079295396804810e-02
4.532047569227870554e-06
5.883277207612991333e-02
5.724796056747436523e-01
2.390061039477586746e-03
5.133040249347686768e-03
3.221426159143447876e-02
9.938538670539855957e-01
5.414191400632262230e-04
3.784328699111938477e-02
9.939098954200744629e-01
2.575966995209455490e-03
2.797889290377497673e-03
7.285808324813842773e-01
1.555321156047284603e-03
7.611441612243652344e-01
1.566401273012161255e-01
1.924445969052612782e-03
7.334038615226745605e-03
7.706543430685997009e-03
9.942198395729064941e-01
2.072890521958470345e-03
1.467917021363973618e-02
3.339776992797851562e-01
1.528274617157876492e-03
2.982227488246280700e-05
3.245202378820977174e-06
3.809385001659393311e-02
3.372028004378080368e-04
2.178685645048972219e-05
1.413233019411563873e-02
1.396044972352683544e-03
6.338858511298894882e-03
9.983040094375610352e-01
7.765940972603857517e-04
1.887250691652297974e-02
9.992356896400451660e-01
1.211517024785280228e-03
9.693823812995105982e-05
2.990798675455152988e-04
9.968971014022827148e-01
8.566043834434822202e-05
2.680895931916893460e-06
9.472814798355102539e-01
5.407826974987983704e-04
4.227825440466403961e-03
9.996166229248046875e-01
4.784816503524780273e-02
1.975577883422374725e-02
9.996567964553833008e-01
7.877344265580177307e-03
1.317128073424100876e-02
1.727448034216649830e-05
8.937876224517822266e-01
2.400206401944160461e-02
2.190498889831360430e-05
1.024904660880565643e-03
2.495912369340658188e-03
6.271013058722019196e-03
9.988137483596801758e-01
2.715049195103347301e-04
5.026678089052438736e-03
8.810032606124877930e-01
3.380042471690103412e-05
2.587207563919946551e-05
2.513220806577010080e-06
8.115716576576232910e-01
1.043639858835376799e-04
2.107469365000724792e-03
1.265593916177749634e-01
8.191147935576736927e-05
6.758961244486272335e-04
9.916639328002929688e-01
1.733366958796977997e-02
9.989404678344726562e-01
4.662263672798871994e-03
2.842190406227018684e-05
7.579423254355788231e-06
6.157233938574790955e-02
7.948942948132753372e-04
2.132386725861579180e-06
1.044081727741286159e-05
6.397092342376708984e-02
1.001082733273506165e-02
3.230197355151176453e-02
7.792080640792846680e-01
1.719505190849304199e-01
1.359667479991912842e-01
8.088197708129882812e-01
1.288510044105350971e-03
5.408515036106109619e-02
7.835015654563903809e-02
4.508912265300750732e-01
9.798210859298706055e-01
1.855391565186437219e-05
4.892201423645019531e-01
9.821413755416870117e-01
1.451187953352928162e-02
9.514873027801513672e-01
9.675050377845764160e-01
1.794721037149429321e-01
9.820382595062255859e-01
1.980681437999010086e-03
3.217665289412252605e-05
9.968836307525634766e-01
4.208094833302311599e-05
1.430086884647607803e-02
8.990623988211154938e-03
1.446912735700607300e-01
5.254496820271015167e-03
2.704960294067859650e-03
8.138371706008911133e-01
4.785710573196411133e-02
2.911693975329399109e-02
9.998594522476196289e-01
1.273158751428127289e-02
6.873328675283119082e-05
4.755090475082397461e-01
6.766690639778971672e-04
7.186237573623657227e-01
8.850643038749694824e-01
2.530915141105651855e-01
5.072967149317264557e-03
4.785497672855854034e-03
9.610637426376342773e-01
2.367271780967712402e-01
1.038155052810907364e-02
9.998330473899841309e-01
2.213697880506515503e-02
3.580815345048904419e-02
8.943977355957031250e-01
6.284888950176537037e-04
3.468086360953748226e-04
2.198090311139822006e-03
3.865715265274047852e-01
3.817769698798656464e-03
2.046611905097961426e-02
8.013840317726135254e-01
2.429859340190887451e-01
6.740110460668802261e-03
9.689152240753173828e-01
4.934778809547424316e-02
2.607069327495992184e-04
1.956117739609908313e-05
4.526677727699279785e-02
1.709393039345741272e-02
4.956516786478459835e-04
1.516379565000534058e-01
3.701733192428946495e-03
1.163399033248424530e-02
7.477313280105590820e-01
2.135724425315856934e-01
2.972521178890019655e-04
9.917038679122924805e-01
7.232362031936645508e-02
7.039801031351089478e-02
5.282261408865451813e-04
9.984585046768188477e-01
8.428110741078853607e-04
7.859418110456317663e-05
8.903038501739501953e-02
2.219792827963829041e-02
1.062159193679690361e-03
9.969424009323120117e-01
4.385091364383697510e-02
5.967098986729979515e-04
8.795536160469055176e-01
1.357768010348081589e-02
5.757046892540529370e-05
5.747899558627977967e-05
9.498752355575561523e-01
2.940684556961059570e-01
6.852907245047390461e-05
1.161592546850442886e-02
2.492547733709216118e-03
4.369148053228855133e-03
9.917632937431335449e-01
3.413401544094085693e-03
2.781721996143460274e-03
8.756185770034790039e-01
7.996063679456710815e-03
4.165404789091553539e-06
1.617176650370311108e-07
9.984323382377624512e-01
7.697437424212694168e-03
3.305197969893924892e-05
3.331888914108276367e-01
2.479800721630454063e-03
3.337935358285903931e-02
9.053329229354858398e-01
8.643538951873779297e-01
3.623058646917343140e-02
3.977940082550048828e-01
9.236146509647369385e-02
1.098137909139040858e-05
1.192503143101930618e-02
4.157967567443847656e-01
6.755618751049041748e-02
9.279051482735667378e-06
1.321074180305004120e-02
1.869018888100981712e-04
2.620081305503845215e-01
9.979045987129211426e-01
2.583220601081848145e-01
1.134671717882156372e-01
8.495832979679107666e-02
1.500481273978948593e-03
1.097287849916028790e-06
1.553186448290944099e-04
2.538254437363385296e-13
1.962044239044189453e-01
9.797778725624084473e-01
2.403188124299049377e-02
2.620492130517959595e-02
1.713459566235542297e-02
9.975125789642333984e-01
1.669190973043441772e-01
6.410378217697143555e-02
9.924679994583129883e-01
1.298318430781364441e-02
9.136900305747985840e-02
8.519996404647827148e-01
3.056341665796935558e-05
8.342119173221362871e-08
5.813455317138505052e-08
3.088008761405944824e-01
9.426485048606991768e-04
2.513305097818374634e-02
4.213157594203948975e-01
1.664580106735229492e-01
7.507973164319992065e-02
9.785626530647277832e-01
1.481729149818420410e-01
8.174917846918106079e-02
9.659479856491088867e-01
1.971998065710067749e-02
5.582797527313232422e-01
4.578902721405029297e-01
4.692441821098327637e-01
1.055708969943225384e-03
3.108522891998291016e-01
4.942346215248107910e-01
2.446923255920410156e-01
2.934019826352596283e-02
7.079201936721801758e-01
9.981353580951690674e-02
9.489367902278900146e-02
5.006204009987413883e-04
8.384929597377777100e-02
9.144519269466400146e-02
3.252496710047125816e-03
3.190799653530120850e-01
2.760661591310054064e-04
3.385814279317855835e-02
3.861673176288604736e-01
2.588320672512054443e-01
6.334476917982101440e-02
8.988000154495239258e-01
1.089354455471038818e-01
7.782752066850662231e-02
1.932165701873600483e-03
9.977296590805053711e-01
4.041178617626428604e-03
1.578375929966568947e-03
1.417758166790008545e-01
6.529575912281870842e-04
6.261723116040229797e-03
3.520128726959228516e-01
1.180663108825683594e-01
2.125151455402374268e-02
9.923758506774902344e-01
9.139043092727661133e-02
4.520334303379058838e-02
7.128313649445772171e-03
9.613993167877197266e-01
1.411869749426841736e-02
8.521056734025478363e-04
4.568554162979125977e-01
1.406654808670282364e-02
4.913731478154659271e-03
7.355686426162719727e-01
2.341871112585067749e-01
1.173944696784019470e-01
9.998616576194763184e-01
1.520349085330963135e-01
1.303461492061614990e-01
3.393124788999557495e-03
9.990789890289306641e-01
7.586199324578046799e-03
3.381760120391845703e-01
3.005034290254116058e-03
1.075289444997906685e-03
2.858100086450576782e-02
9.471269249916076660e-01
3.372427076101303101e-02
2.986072286148555577e-05
1.350752450525760651e-02
4.018886014819145203e-03
1.596538932062685490e-04
1.716541737550869584e-05
1.279966086149215698e-01
1.800955832004547119e-01
4.582474957715021446e-06
9.825727939605712891e-01
9.509637355804443359e-01
9.093469381332397461e-01
7.806392312049865723e-01
9.337331652641296387e-01
9.260426759719848633e-01
2.592585587990470231e-05
4.836339503526687622e-02
1.167665323009714484e-05
1.125813275575637817e-02
3.016005037352442741e-03
7.445326447486877441e-02
6.666438579559326172e-01
9.437644481658935547e-01
1.100432637031190097e-04
3.574506044387817383e-01
9.891548156738281250e-01
9.684922695159912109e-01
2.164089679718017578e-02
7.924244710011407733e-05
9.906088560819625854e-02
1.868253946304321289e-02
5.420884490013122559e-02
8.967081457376480103e-02
9.503085017204284668e-01
3.100907662883400917e-03
1.931789070367813110e-01
3.010244108736515045e-03
2.835529297590255737e-02
9.137335419654846191e-01
2.567653059959411621e-01
7.652094587683677673e-03
2.406141953542828560e-03
1.506304591894149780e-01
1.792300678789615631e-02
2.957460674224421382e-05
9.217524528503417969e-01
1.790033467113971710e-02
5.999729637551354244e-06
9.934959411621093750e-01
6.243284442462027073e-04
2.621740698814392090e-01
9.984434247016906738e-01
7.965745925903320312e-01
1.150199968833476305e-04
3.308320010546594858e-04
6.670174002647399902e-01
9.153742194175720215e-01
3.922071846318431199e-05
3.891245229169726372e-03
2.075629122555255890e-02
8.381524821743369102e-06
7.974109053611755371e-02
5.723730428144335747e-04
2.619399502873420715e-02
9.620820283889770508e-01
2.305575460195541382e-01
8.910567266866564751e-04
1.539315999252721667e-04
2.355432212352752686e-01
5.650747194886207581e-02
2.176690031774342060e-04
1.339810341596603394e-02
1.662155389785766602e-01
3.121181018650531769e-02
9.640174508094787598e-01
9.467479586601257324e-01
9.580663442611694336e-01
7.806038856506347656e-01
9.225744009017944336e-01
5.971000343561172485e-02
9.998720884323120117e-01
5.259777233004570007e-02
3.699020296335220337e-02
2.117727417498826981e-04
3.187722470207853811e-16
6.911411765031516552e-04
8.370637893676757812e-01
9.929350614547729492e-01
9.038826823234558105e-01
1.161000691354274750e-03
1.911804676055908203e-01
3.248272836208343506e-02
1.133444458246231079e-01
1.203311141580343246e-03
1.235172227025032043e-01
8.984311134554445744e-04
4.008990363217890263e-04
1.430460982751826683e-15
6.354120373725891113e-01
3.578601172193884850e-04
9.855245351791381836e-01
2.234521694481372833e-02
1.109911315143108368e-02
5.874442458152770996e-01
1.191596165881492198e-04
8.844608068466186523e-02
3.837148688035085797e-05
9.909926448017358780e-04
3.520071879029273987e-02
2.239280001958832145e-05
3.443403984420001507e-04
4.219103604555130005e-02
1.511672977358102798e-02
9.938626885414123535e-01
1.702607987681403756e-04
1.552660297602415085e-02
9.988781213760375977e-01
7.595414668321609497e-02
2.055861614644527435e-02
6.699770892737433314e-05
5.580874904990196228e-02
1.213214709423482418e-04
1.032387316226959229e-01
1.302820397540926933e-03
3.465399495325982571e-04
1.052094103215495124e-05
9.843293428421020508e-01
9.653653502464294434e-01
1.853232383728027344e-01
2.353598177433013916e-01
3.244322165846824646e-02
3.081207275390625000e-01
1.525615155696868896e-02
2.740321457386016846e-01
9.831947088241577148e-01
2.566606737673282623e-03
4.267276963219046593e-04
1.616063879938955949e-11
3.296980867162346840e-04
9.902675151824951172e-01
7.137099746614694595e-03
1.685880124568939209e-02
9.964994192123413086e-01
9.870592355728149414e-01
9.495040029287338257e-02
9.119610331254079938e-05
6.494357585906982422e-01
9.602581858634948730e-01
3.347767982631921768e-03
2.273760270327329636e-03
7.098930154825211503e-07
2.324910759925842285e-01
3.044658899307250977e-01
3.785808384418487549e-02
8.166456595063209534e-03
9.993236660957336426e-01
1.136705800890922546e-01
5.254649370908737183e-02
2.546317875385284424e-02
9.999364614486694336e-01
2.809617944876663387e-05
9.565826654434204102e-01
7.923004886833950877e-06
2.928686824745483936e-16
1.890959760338083211e-20
9.090211987495422363e-01
2.552493289113044739e-02
8.750036358833312988e-04
9.867159128189086914e-01
4.125587642192840576e-02
4.029980301856994629e-01
5.008317530155181885e-03
4.160663485527038574e-01
5.790729075670242310e-02
5.540740676224231720e-05
1.179378665983676910e-02
2.087080385535955429e-03
4.578601419925689697e-01
2.721515297889709473e-01
2.321692556142807007e-02
1.565808989107608795e-02
9.733790159225463867e-01
3.163394331932067871e-02
9.782650470733642578e-01
6.335893180221319199e-03
9.695255756378173828e-01
7.389476895332336426e-02
4.179642070084810257e-03
9.783805608749389648e-01
1.377473026514053345e-02
1.144681945443153381e-01
9.398837089538574219e-01
9.722026586532592773e-01
2.606592606753110886e-03
9.993625283241271973e-01
2.761964499950408936e-02
1.551565527915954590e-01
5.991246178746223450e-02
9.998806118965148926e-01
2.063227742910385132e-01
1.232176739722490311e-02
9.993363618850708008e-01
1.138054471994109917e-06
9.991048574447631836e-01
2.460933476686477661e-02
1.605727523565292358e-02
2.434434369206428528e-03
5.648581981658935547e-01
3.040198087692260742e-01
6.992797832936048508e-03
6.569923716597259045e-04
9.998706579208374023e-01
6.044456958770751953e-01
5.534245065064169466e-05
9.985876083374023438e-01
1.569453597767278552e-04
2.396176569163799286e-02
2.418722771108150482e-02
1.648629084229469299e-02
1.457056496292352676e-03
8.586744666099548340e-01
1.495494991540908813e-01
3.194832801818847656e-02
4.943621388520114124e-05
8.483971357345581055e-01
1.149133965373039246e-01
1.137593388557434082e-02
1.841441541910171509e-02
4.736866801977157593e-02
5.427921563386917114e-02
2.271533608436584473e-01
1.573345065116882324e-02
3.431095392443239689e-04
9.970315098762512207e-01
1.578395217657089233e-01
1.592555269598960876e-02
2.907249727286398411e-04
3.086209297180175781e-01
3.527280688285827637e-02
4.959523305296897888e-02
1.958279162645339966e-01
5.161109939217567444e-02
5.979865416884422302e-02
1.302413195371627808e-01
2.507834695279598236e-03
2.755770925432443619e-03
2.572091221809387207e-01
1.988819688558578491e-01
3.983851522207260132e-02
1.696548570180311799e-04
9.707575440406799316e-01
1.396253108978271484e-01
6.638319045305252075e-02
9.999531507492065430e-01
3.627759218215942383e-02
9.701650142669677734e-01
3.326933979988098145e-01
4.735968250315636396e-04
3.112005069851875305e-02
3.835960626602172852e-01
1.570674628019332886e-01
1.147755421698093414e-03
2.504482690710574389e-04
9.168613553047180176e-01
2.033560127019882202e-01
1.549332495778799057e-02
2.901865518651902676e-04
1.184426248073577881e-03
2.010534080909565091e-04
3.426560163497924805e-01
8.024607086554169655e-04
1.281954173464328051e-04
9.778642654418945312e-01
8.373694866895675659e-02
4.615008831024169922e-03
4.053815064253285527e-05
9.911172986030578613e-01
3.847029209136962891e-01
7.153145223855972290e-02
1.529836154077202082e-04
4.426243156194686890e-02
1.866880775196477771e-04
3.178645372390747070e-01
9.450917132198810577e-03
1.351013779640197754e-03
3.386927247047424316e-01
2.502810657024383545e-01
8.824291080236434937e-02
1.066762488335371017e-03
9.498345851898193359e-01
1.985331773757934570e-01
7.628845423460006714e-02
5.312448367476463318e-03
1.096438392996788025e-01
1.847535669803619385e-01
4.807765781879425049e-02
1.328487694263458252e-02
1.998403109610080719e-03
9.925912022590637207e-01
1.807903796434402466e-01
4.068071395158767700e-02
1.874560548458248377e-04
9.807392954826354980e-01
6.620075553655624390e-02
8.583199232816696167e-02
3.696560859680175781e-03
1.723215728998184204e-01
2.338302321732044220e-03
1.098084002733230591e-01
7.853333372622728348e-04
2.306252717971801758e-03
9.776321649551391602e-01
7.992205768823623657e-02
3.634691610932350159e-02
2.987851330544799566e-04
9.993777275085449219e-01
5.163783207535743713e-02
1.214960739016532898e-01
7.751318160444498062e-03
9.977350234985351562e-01
1.381212845444679260e-02
2.264271676540374756e-02
1.479430706240236759e-03
3.003634046763181686e-04
4.105559289455413818e-01
2.403119206428527832e-02
7.327241823077201843e-03
3.669647034257650375e-03
9.942424297332763672e-01
6.424379348754882812e-02
7.885633036494255066e-03
1.127859577536582947e-03
9.861566424369812012e-01
1.214075367897748947e-02
