1.062565017491579056e-03
7.325426340103149414e-01
1.041815802454948425e-01
2.895414596423506737e-03
1.192329917103052139e-02
9.652464836835861206e-02
4.327172879129648209e-03
4.265686031430959702e-03
7.437539170496165752e-05
7.821192145347595215e-01
1.364890933036804199e-01
2.609114535152912140e-02
1.418750453740358353e-02
5.005258135497570038e-04
4.698339402675628662e-01
1.715502701699733734e-02
1.561972545459866524e-03
2.274099504575133324e-03
5.503605604171752930e-01
1.000775862485170364e-02
7.078718626871705055e-04
2.151611261069774628e-04
8.326628804206848145e-01
2.263073474168777466e-01
6.773378700017929077e-02
8.357709273695945740e-03
8.417128327664613607e-08
1.321810838561532364e-08
8.271453976631164551e-01
2.417207952021271922e-06
1.127570370407227074e-09
5.724554061889648438e-01
1.711638178676366806e-03
9.469570795772597194e-05
6.844089366495609283e-04
5.440007448196411133e-01
2.849435200914740562e-03
9.138862602412700653e-03
1.132219913415610790e-03
3.453035333222942427e-07
6.766163664906343911e-07
7.735738754272460938e-01
8.187872357666492462e-03
3.720384484040550888e-05
5.659355521202087402e-01
4.643280524760484695e-03
1.992156542837619781e-02
7.759979343973100185e-04
4.737642705440521240e-01
4.383083879947662354e-01
2.807267941534519196e-03
4.806672688573598862e-03
1.562133729748893529e-05
9.659412825158142368e-09
8.668676614761352539e-01
3.437610343098640442e-02
4.259209148585796356e-03
6.024676561355590820e-01
6.708458065986633301e-03
1.330256462097167969e-03
3.815265372395515442e-03
7.377631664276123047e-01
2.885343730449676514e-01
9.944522380828857422e-02
2.030643634498119354e-02
2.213717067434117780e-07
8.870094316080212593e-04
3.565455973148345947e-01
1.121768169105052948e-02
6.941759958863258362e-03
2.211383078247308731e-03
1.506531238555908203e-01
5.104596260935068130e-03
4.109270594199188054e-05
1.668420300120487809e-04
1.349381059408187866e-01
6.836600368842482567e-04
2.015170757658779621e-04
1.289050004515956971e-07
4.692025482654571533e-03
6.048439145088195801e-01
8.524885028600692749e-02
1.371514704078435898e-02
4.597788676619529724e-03
4.866986274719238281e-01
4.036140628159046173e-03
1.264527090825140476e-03
3.884333372116088867e-01
1.853388547897338867e-01
1.957193464040756226e-01
4.234390216879546642e-04
2.253747661598026752e-04
1.387709053233265877e-04
6.335578560829162598e-01
2.629085816442966461e-02
5.990987643599510193e-03
3.855461720377206802e-03
4.201731383800506592e-01
9.811286628246307373e-02
1.336654997430741787e-03
4.265204668045043945e-01
1.369981616735458374e-01
2.531216144561767578e-01
3.723664849530905485e-04
1.702293229755014181e-05
2.270474651595577598e-04
8.797100186347961426e-01
2.194787375628948212e-02
6.137649179436266422e-04
2.275981933053117245e-05
7.657636404037475586e-01
1.586639732122421265e-01
2.572078723460435867e-03
2.154500484466552734e-01
1.521510034799575806e-01
8.905348367989063263e-03
9.926061145961284637e-03
1.481944927945733070e-04
9.797318489290773869e-05
6.776707768440246582e-01
5.237010773271322250e-03
3.620899049565196037e-03
4.845701158046722412e-03
6.614623069763183594e-01
1.060708705335855484e-02
5.128466058522462845e-03
9.095620043808594346e-06
1.090851724147796631e-01
9.583502542227506638e-04
1.759904989739879966e-04
1.944629184436053038e-05
1.677035237662494183e-03
9.057898521423339844e-01
4.321666434407234192e-03
6.319709063973277807e-05
7.580159697681665421e-03
9.146397709846496582e-01
1.417773962020874023e-02
5.962981842458248138e-03
3.648412646725773811e-03
4.725033044815063477e-01
7.470597483916208148e-05
1.078080735169351101e-03
1.060702779795974493e-04
1.939873909577727318e-03
4.739842116832733154e-01
1.904851011931896210e-02
5.642374046146869659e-03
1.191238872706890106e-02
5.563478469848632812e-01
1.660745823755860329e-03
3.037001239135861397e-03
1.399573986418545246e-03
6.695606112480163574e-01
5.576147511601448059e-02
2.193535910919308662e-03
1.289506326429545879e-03
9.037504787556827068e-05
8.497265577316284180e-01
3.365146741271018982e-02
1.208849716931581497e-02
1.682991278357803822e-03
3.709525465965270996e-01
8.950110524892807007e-02
1.898606657050549984e-03
2.505318727344274521e-03
8.741921186447143555e-01
2.987175285816192627e-01
1.032303669489920139e-03
2.260287702083587646e-01
8.448956608772277832e-01
2.393344342708587646e-01
9.351851418614387512e-03
2.030503377318382263e-02
9.273316264152526855e-01
1.681346632540225983e-02
5.855121836066246033e-02
8.042063564062118530e-03
7.382677197456359863e-01
2.133078575134277344e-01
1.153091490268707275e-01
5.474867648445069790e-04
2.028229385614395142e-01
2.087507164105772972e-04
3.674603402614593506e-01
9.351843036711215973e-03
6.877836771309375763e-03
1.189317554235458374e-03
1.057231798768043518e-02
7.607024908065795898e-02
8.073624921962618828e-04
1.577483024448156357e-03
2.931395312771201134e-03
1.240127533674240112e-01
1.298580318689346313e-03
4.740301966667175293e-01
5.447982971418241505e-07
3.820067644119262695e-01
1.594619243405759335e-05
3.781798113777767867e-06
9.139800071716308594e-01
4.772876389324665070e-03
3.721390618011355400e-03
1.569548621773719788e-03
7.340041399002075195e-01
1.987987309694290161e-01
2.548621594905853271e-02
1.840820759534835815e-01
1.484255492687225342e-01
1.043445010395771533e-07
5.491337180137634277e-01
2.480304837226867676e-01
3.990175173385068774e-05
7.711138725280761719e-01
1.168579608201980591e-01
1.630740985274314880e-02
7.719252025708556175e-04
6.352453827857971191e-01
3.507111072540283203e-01
6.958469748497009277e-04
4.216650035232305527e-03
3.862501978874206543e-01
1.005871672532521188e-04
6.259532570838928223e-01
2.654599845409393311e-01
1.896407455205917358e-02
3.174952464178204536e-03
1.492715068161487579e-02
3.402642440050840378e-03
1.060396526008844376e-02
7.200224697589874268e-02
3.871216252446174622e-02
4.291058331727981567e-02
1.480150676798075438e-04
5.806636810302734375e-01
5.592589150182902813e-04
9.142544269561767578e-01
1.566985994577407837e-01
2.343332394957542419e-02
2.345337125007063150e-04
4.889841675758361816e-01
6.055702921003103256e-03
2.950345166027545929e-03
4.961365163326263428e-01
5.740917474031448364e-02
5.693345516920089722e-02
7.082155934767797589e-05
1.786777749657630920e-02
1.643133116886019707e-03
8.578097820281982422e-01
3.580442070960998535e-01
2.302319183945655823e-02
1.043361052870750427e-02
9.451844692230224609e-01
3.133134543895721436e-02
1.503017701907083392e-04
5.087949633598327637e-01
8.816921710968017578e-02
3.338643535971641541e-02
3.100924659520387650e-04
8.056926727294921875e-02
1.084022296709008515e-04
7.537715435028076172e-01
1.002287194132804871e-01
3.315574303269386292e-02
7.572424947284162045e-04
8.101073503494262695e-01
2.353120446205139160e-01
1.619284600019454956e-02
4.864701628684997559e-01
2.410529255867004395e-01
5.076264962553977966e-02
4.610647261142730713e-02
4.702948033809661865e-01
2.669891546247527003e-05
7.276302576065063477e-01
4.368666559457778931e-02
1.090356707572937012e-02
1.678390055894851685e-02
6.859089732170104980e-01
2.813074365258216858e-02
1.647888571023941040e-01
4.581830464303493500e-03
1.358227245509624481e-02
1.419920623302459717e-01
1.200624741613864899e-03
4.598124697804450989e-02
1.447588729206472635e-04
6.937171220779418945e-01
2.112577855587005615e-01
1.031233742833137512e-02
3.882680786773562431e-03
6.595452427864074707e-01
3.143832832574844360e-02
2.400296274572610855e-03
1.760005764663219452e-02
4.667833745479583740e-01
1.306025660596787930e-04
1.604425609111785889e-01
1.475335359573364258e-01
3.583938523661345243e-04
5.222243666648864746e-01
1.902026385068893433e-01
1.333675533533096313e-02
3.986218012869358063e-03
4.880555868148803711e-01
7.585494965314865112e-02
2.856225706636905670e-03
3.303086617961525917e-03
3.762923181056976318e-01
1.532502770423889160e-01
3.872530302032828331e-03
3.544453084468841553e-01
1.240034238435328007e-03
5.979076623916625977e-01
8.027233928442001343e-02
1.910687983036041260e-02
1.623061299324035645e-02
6.881864666938781738e-01
7.616369426250457764e-02
1.788117550313472748e-02
3.400987945497035980e-03
5.353679060935974121e-01
1.791856288909912109e-01
2.825489342212677002e-01
3.796190619468688965e-01
1.691448874771595001e-02
2.094491384923458099e-02
3.602364286780357361e-02
4.505536926444619894e-04
9.572851122356951237e-04
5.454709287732839584e-03
1.590095907449722290e-01
1.685876399278640747e-01
1.464593224227428436e-03
3.738085273653268814e-03
2.336137695237994194e-03
1.103332117199897766e-01
4.477254748344421387e-01
8.831540495157241821e-02
9.560846090316772461e-01
1.937632709741592407e-01
1.323447674512863159e-01
7.154396772384643555e-01
3.807535395026206970e-04
7.601388543844223022e-02
1.141997869126498699e-03
3.832105100154876709e-01
2.348864227533340454e-01
8.470512181520462036e-02
1.733059529215097427e-03
4.274905920028686523e-01
2.107724696397781372e-01
6.233087778091430664e-01
2.875816524028778076e-01
3.691987949423491955e-04
7.307288646697998047e-01
1.896554976701736450e-02
5.450318567454814911e-03
1.664716546656563878e-04
4.779435992240905762e-01
3.504773676395416260e-01
3.592386841773986816e-02
1.225166856855253172e-09
1.417789161205291748e-01
2.494187355041503906e-01
7.587603330612182617e-01
2.206836640834808350e-01
2.074406594038009644e-01
5.203046798706054688e-01
1.171120721846818924e-02
1.106674373149871826e-01
1.929231802932918072e-03
6.948381662368774414e-01
4.031576216220855713e-01
1.707547903060913086e-01
7.337381131947040558e-03
2.042036354541778564e-01
8.000423014163970947e-02
4.678501486778259277e-01
2.369451075792312622e-01
3.225814178586006165e-02
1.358164753764867783e-02
1.891128346323966980e-02
5.468319635838270187e-03
3.228354733437299728e-03
2.967172535136342049e-03
4.267392680048942566e-03
2.370516012888401747e-04
7.641710340976715088e-02
5.867938697338104248e-02
3.663928210735321045e-01
9.662483334541320801e-01
1.477768719196319580e-01
3.759419322013854980e-01
4.973131697624921799e-03
3.022187054157257080e-01
2.089286223053932190e-03
4.707981424871832132e-04
6.269969940185546875e-01
1.693519800901412964e-01
4.929191246628761292e-02
1.735307723283767700e-01
3.937061429023742676e-01
3.290447592735290527e-01
7.481885552406311035e-01
5.900703370571136475e-02
2.115034684538841248e-02
5.064370576292276382e-03
6.351805925369262695e-01
1.537547409534454346e-01
4.557778593152761459e-04
6.996692419052124023e-01
2.804337739944458008e-01
1.528061553835868835e-02
6.323710840661078691e-05
9.722779691219329834e-02
5.044230259954929352e-03
8.958764076232910156e-01
2.897838875651359558e-02
2.428356111049652100e-01
1.210566014051437378e-01
7.526332139968872070e-01
5.916807800531387329e-02
1.756792813539505005e-01
4.946195483207702637e-01
2.619964778423309326e-01
9.348174929618835449e-02
3.544492274522781372e-02
2.709964215755462646e-01
2.002617120742797852e-01
7.551023960113525391e-01
4.438314586877822876e-02
1.675752922892570496e-02
9.540103375911712646e-03
4.935066998004913330e-01
2.019164711236953735e-01
2.307859249413013458e-02
1.267960760742425919e-03
6.933551747351884842e-03
1.545831328257918358e-04
1.641922593116760254e-01
4.085444808006286621e-01
2.539089620113372803e-01
5.896515846252441406e-01
1.185431405901908875e-01
3.485231474041938782e-02
3.513268008828163147e-02
7.129147052764892578e-01
1.398417633026838303e-02
8.251506835222244263e-02
8.839870861265808344e-05
6.409742832183837891e-01
7.511167787015438080e-04
3.065401315689086914e-01
4.915621578693389893e-01
6.325024878606200218e-04
1.893126815557479858e-01
2.367442399263381958e-01
1.598044633865356445e-01
8.562606759369373322e-03
2.866512537002563477e-01
1.234591901302337646e-01
1.777766942977905273e-01
3.347905352711677551e-03
7.362865209579467773e-01
3.566157817840576172e-01
1.178766563534736633e-01
3.145010471343994141e-01
1.802573651075363159e-01
5.149173140525817871e-01
2.067876458168029785e-01
1.302268076688051224e-02
4.610041156411170959e-03
4.634169340133666992e-01
2.922101318836212158e-02
1.908624917268753052e-01
8.285175077617168427e-03
5.144262313842773438e-01
4.310632348060607910e-01
1.761419475078582764e-01
3.353329896926879883e-01
2.746591866016387939e-01
2.563932351768016815e-02
1.634504413232207298e-03
1.664707809686660767e-01
1.145643545896746218e-05
1.288690837100148201e-03
8.506246656179428101e-02
2.821567934006452560e-03
5.988056771457195282e-03
5.585016682744026184e-02
4.948076792061328888e-03
1.501582413911819458e-01
1.755635254085063934e-03
1.830178052186965942e-01
2.040666155517101288e-02
1.509712915867567062e-02
4.457710310816764832e-04
3.937393194064497948e-04
1.120234001427888870e-02
1.625029952265322208e-03
4.100383725017309189e-03
2.191231353208422661e-03
1.945351948961615562e-03
1.891237217932939529e-03
4.618737250439153286e-07
5.693627595901489258e-01
1.512322016060352325e-02
3.895876929163932800e-03
4.432599544525146484e-01
2.316181510686874390e-01
1.067780191078782082e-03
4.067970067262649536e-02
3.251771209761500359e-03
1.007904484868049622e-01
1.603388693183660507e-03
5.418307613581418991e-03
1.861032447777688503e-03
3.241584054194390774e-04
1.924807280302047729e-01
2.893755435943603516e-01
1.181429717689752579e-02
6.411375105381011963e-02
1.303631626069545746e-02
6.767242215573787689e-03
3.226314485073089600e-02
1.506608128547668457e-01
6.341118714772164822e-04
2.466051373630762100e-03
8.880420587956905365e-03
7.613471150398254395e-02
5.217452347278594971e-02
1.857227683067321777e-01
1.172529384493827820e-01
2.383640222251415253e-02
1.009404435753822327e-01
1.581543982028961182e-01
4.311749245971441269e-03
7.646559652130235918e-07
1.937207765877246857e-03
3.562541678547859192e-02
5.170100848772563040e-06
4.413478309288620949e-04
1.728140632621943951e-03
7.871304114814847708e-05
2.070408910512924194e-01
4.222606495022773743e-02
3.982381895184516907e-05
2.624164521694183350e-02
1.943308413028717041e-01
7.972877472639083862e-03
6.975244032219052315e-04
3.118013497442007065e-03
6.892451783642172813e-04
3.531201975420117378e-03
9.281028062105178833e-03
7.575223571620881557e-05
2.689128159545361996e-04
4.508177563548088074e-02
1.224893797188997269e-02
2.583285793662071228e-02
1.287676244974136353e-01
2.157230973243713379e-01
2.339666010811924934e-03
6.163888145238161087e-03
1.513167284429073334e-02
4.146280232816934586e-03
1.221828013658523560e-01
2.762429118156433105e-01
6.707078963518142700e-02
1.771471579559147358e-03
2.407638877630233765e-01
2.457278668880462646e-01
8.766972273588180542e-02
2.134225964546203613e-01
1.710060089826583862e-01
2.014052355661988258e-03
1.264714403077960014e-03
1.845571547746658325e-01
4.056352190673351288e-03
4.793238767888396978e-04
9.813199751079082489e-03
2.010980844497680664e-01
1.776410341262817383e-01
5.101443082094192505e-02
1.398978382349014282e-02
1.862821355462074280e-02
1.980639398097991943e-01
8.594214916229248047e-03
9.062882512807846069e-03
8.867684518918395042e-04
1.902127265930175781e-01
1.115353256464004517e-01
2.433146815747022629e-03
3.450127784162759781e-03
5.949904880253598094e-05
2.571648657321929932e-01
1.633758097887039185e-01
1.976074464619159698e-02
2.666460722684860229e-02
2.015945017337799072e-01
3.221485391259193420e-02
1.071208808571100235e-02
5.347840487957000732e-03
9.231479838490486145e-03
1.356187611818313599e-01
2.637709975242614746e-01
1.178632602095603943e-01
2.442404441535472870e-02
3.044703043997287750e-04
2.739777565002441406e-01
3.813993334770202637e-01
1.253366121090948582e-03
1.015631854534149170e-01
1.211363822221755981e-02
2.362081722822040319e-04
3.301821276545524597e-02
1.195920780301094055e-01
9.242403320968151093e-04
3.214541822671890259e-02
5.732706049457192421e-04
1.774525791406631470e-01
2.144471183419227600e-02
2.704167962074279785e-01
1.248009577393531799e-01
9.470860473811626434e-03
3.249067962169647217e-01
7.310595829039812088e-04
4.721634089946746826e-01
2.959012286737561226e-03
2.025351022894028574e-05
1.828579406719654799e-04
7.514748573303222656e-01
3.243506848812103271e-01
1.192781608551740646e-02
1.260133227333426476e-03
4.478482604026794434e-01
1.945043355226516724e-01
5.722357332706451416e-02
9.482207894325256348e-01
8.672666735947132111e-03
7.852879166603088379e-01
2.425138955004513264e-04
5.841921549290418625e-03
9.109536040341481566e-05
5.555920004844665527e-01
1.709822863340377808e-01
7.335996627807617188e-02
9.727202355861663818e-02
2.535004913806915283e-01
5.074058659374713898e-03
1.038210690021514893e-01
7.883822917938232422e-01
1.870444715023040771e-01
1.425036694854497910e-03
4.942577652400359511e-05
6.927601993083953857e-03
4.978614742867648602e-04
5.613365829049143940e-06
1.058885682141408324e-04
1.537250354886054993e-04
3.245215339120477438e-04
4.484970271587371826e-01
8.047957718372344971e-02
9.710252285003662109e-02
5.795134305953979492e-01
1.129364245571196079e-03
6.802910938858985901e-04
5.395485162734985352e-01
1.103005022741854191e-03
2.174767665565013885e-03
7.095084786415100098e-01
1.531782597303390503e-01
1.850681379437446594e-02
5.984700284898281097e-03
5.593015551567077637e-01
3.146440163254737854e-02
2.383441478013992310e-02
7.654232382774353027e-01
3.415639046579599380e-03
2.768347738310694695e-03
6.573684811592102051e-01
1.134939375333487988e-03
1.092409938573837280e-01
4.650978744029998779e-01
2.476457208395004272e-01
5.010321619920432568e-04
1.901503503322601318e-01
2.113654613494873047e-01
2.371641546487808228e-01
2.483820356428623199e-02
4.260026812553405762e-01
2.028261311352252960e-03
2.618341473862528801e-03
5.236585140228271484e-01
2.067149762297049165e-04
5.040930118411779404e-04
6.538622379302978516e-01
1.993994116783142090e-01
1.995870918035507202e-01
1.438119262456893921e-01
2.073856741189956665e-01
6.550487875938415527e-02
6.587978452444076538e-03
7.593998908996582031e-01
7.235965225845575333e-03
1.781328171491622925e-01
3.342812657356262207e-01
4.096265183761715889e-04
6.820574635639786720e-04
1.190123497508466244e-03
2.892700140364468098e-04
1.194658572785556316e-03
2.029044739902019501e-02
3.180600702762603760e-01
5.349967256188392639e-02
3.869305551052093506e-02
8.740892410278320312e-01
1.080947369337081909e-01
6.443932215915992856e-05
4.968216717243194580e-01
1.162204658612608910e-03
1.928519923239946365e-03
3.322047740221023560e-02
6.572566032409667969e-01
1.000971606117673218e-04
9.146801312454044819e-05
3.809251487255096436e-01
6.734661012887954712e-02
6.890527158975601196e-02
8.527260422706604004e-01
1.130985394120216370e-01
2.238773973658680916e-03
7.326201200485229492e-01
3.399586677551269531e-02
1.252420395612716675e-01
4.528895951807498932e-04
5.422849655151367188e-01
7.156494259834289551e-02
1.223781600856455043e-05
2.979217767715454102e-01
5.576598644256591797e-01
3.663306357339024544e-03
7.953044772148132324e-01
3.167068818584084511e-03
2.045915927737951279e-03
3.932959139347076416e-01
1.351556624285876751e-03
4.438228439539670944e-03
7.448616088367998600e-05
5.445067882537841797e-01
2.940661215689033270e-04
3.774214768782258034e-03
2.802854478359222412e-01
2.199331521987915039e-01
2.847197756636887789e-04
5.193681120872497559e-01
4.529602453112602234e-02
8.801418542861938477e-01
1.173641830682754517e-01
4.912191070616245270e-03
1.301990938372910023e-03
7.805004119873046875e-01
1.944799721240997314e-02
1.350124776363372803e-01
6.994353141635656357e-03
1.538137793540954590e-01
1.817715018987655640e-01
7.266031205654144287e-02
7.460397481918334961e-01
2.471824735403060913e-01
2.475837827660143375e-04
7.953564822673797607e-02
4.205255769193172455e-03
4.685173917096108198e-04
1.101826434023678303e-03
6.342784967273473740e-03
8.576455002184957266e-05
1.137408427894115448e-03
2.740602493286132812e-01
1.095056533813476562e-01
1.583919487893581390e-02
6.992558240890502930e-01
4.858407005667686462e-02
3.719973377883434296e-03
4.594354331493377686e-01
6.419006385840475559e-04
1.411110770277446136e-05
4.248337745666503906e-01
2.813377380371093750e-01
9.216765756718814373e-04
6.458642310462892056e-04
2.370662391185760498e-01
3.960133716464042664e-02
3.023781776428222656e-01
6.868606805801391602e-01
6.008208543062210083e-02
1.132594537921249866e-03
6.765160560607910156e-01
3.025727868080139160e-01
1.891546889964956790e-05
5.646985173225402832e-01
1.299109403043985367e-02
2.165701687335968018e-01
2.013194002211093903e-02
3.996829688549041748e-01
4.051568731665611267e-02
3.298806259408593178e-04
9.406387209892272949e-01
2.161348909139633179e-01
3.696324303746223450e-03
7.448639273643493652e-01
2.503664046525955200e-02
2.010504947975277901e-03
9.117888212203979492e-01
2.010965943336486816e-01
1.911459267139434814e-01
4.273261874914169312e-03
3.687591552734375000e-01
5.856008827686309814e-02
5.604127049446105957e-02
7.182400822639465332e-01
1.670118421316146851e-02
5.506183952093124390e-04
7.623987793922424316e-01
1.711888015270233154e-01
4.675813484936952591e-03
1.424673795700073242e-01
7.072006352245807648e-03
5.174587386136408895e-06
6.732771545648574829e-02
4.685828089714050293e-01
2.206174284219741821e-01
6.811105459928512573e-02
7.203491926193237305e-01
3.729424625635147095e-02
5.759982741437852383e-04
6.006655097007751465e-01
1.549802627414464951e-02
1.588124781847000122e-03
2.148316474631428719e-03
8.069966435432434082e-01
5.144889652729034424e-02
2.386991167441010475e-03
1.436633467674255371e-01
1.714975237846374512e-01
5.212739855051040649e-02
7.243795394897460938e-01
6.357926130294799805e-02
2.583979221526533365e-04
7.553827166557312012e-01
1.848922520875930786e-01
1.916042947414098307e-06
1.951745944097638130e-03
1.235653683543205261e-01
2.876105904579162598e-01
6.982150080148130655e-05
2.684898972511291504e-01
9.642280638217926025e-02
7.232620567083358765e-02
7.142028808593750000e-01
2.193851172924041748e-01
3.886219812557101250e-03
7.026785016059875488e-01
1.754378080368041992e-01
1.357728797302115709e-05
3.115888219326734543e-03
8.231848478317260742e-01
2.518069148063659668e-01
5.243049189448356628e-02
3.892413377761840820e-01
1.742238849401473999e-01
5.822324194014072418e-03
5.131808519363403320e-01
3.525961190462112427e-02
6.990171968936920166e-02
2.035202085971832275e-01
4.306980222463607788e-02
1.584415940669714473e-07
6.011836230754852295e-02
8.165174163877964020e-03
1.538380235433578491e-01
9.551424533128738403e-03
6.469743326306343079e-03
2.395507693290710449e-02
3.779189661145210266e-02
7.485020160675048828e-01
2.249663770198822021e-01
4.307667538523674011e-02
3.356184959411621094e-01
1.650726497173309326e-01
3.418945940211415291e-03
9.077661037445068359e-01
3.086481476202607155e-03
2.559118717908859253e-02
5.821313243359327316e-03
3.114596605300903320e-01
1.730007492005825043e-02
2.267519384622573853e-02
5.868596434593200684e-01
5.011032521724700928e-02
1.494294404983520508e-01
3.922045826911926270e-01
3.091884963214397430e-02
1.140982727520167828e-03
6.866713762283325195e-01
1.178192570805549622e-01
1.788119822740554810e-01
3.641520452219992876e-04
1.338312774896621704e-01
7.912320084869861603e-03
5.012600868940353394e-02
7.784537076950073242e-01
2.181460894644260406e-02
1.940445601940155029e-01
7.555893063545227051e-01
1.614371314644813538e-02
9.069543331861495972e-03
7.422714829444885254e-01
3.265545368194580078e-01
4.456684738397598267e-02
6.534957326948642731e-03
2.063522636890411377e-01
8.759968727827072144e-02
3.695556521415710449e-02
5.333583950996398926e-01
2.173501104116439819e-01
3.584490157663822174e-03
5.776623487472534180e-01
2.355013191699981689e-01
1.060884669423103333e-01
4.657170211430639029e-04
1.910263746976852417e-01
2.370932884514331818e-02
2.329407492652535439e-03
4.344047307968139648e-01
1.677875369787216187e-01
1.340444386005401611e-02
7.901956439018249512e-01
1.493082754313945770e-02
1.762858964502811432e-02
4.470238685607910156e-01
1.389425843954086304e-01
8.144182153046131134e-03
1.494340714998543262e-03
5.240897536277770996e-01
1.956761814653873444e-03
1.350827806163579226e-04
5.669162422418594360e-02
9.038993157446384430e-03
2.388443425297737122e-02
7.872061729431152344e-01
5.323470756411552429e-02
2.597867138683795929e-02
4.046160578727722168e-01
1.954152435064315796e-02
1.047695800662040710e-01
5.275696516036987305e-03
3.287887275218963623e-01
1.607535779476165771e-01
1.879674528026953340e-04
1.477756202220916748e-01
1.064013466238975525e-01
4.500943049788475037e-02
9.749219417572021484e-01
2.256207168102264404e-01
1.889835298061370850e-01
6.065851449966430664e-01
2.773699760437011719e-01
5.033468361943960190e-03
5.965891759842634201e-04
3.320225775241851807e-01
3.630072176456451416e-01
1.314678788185119629e-02
4.472391605377197266e-01
2.167342975735664368e-02
1.992161571979522705e-02
8.274948596954345703e-01
2.551914751529693604e-01
2.075184732675552368e-01
2.385944500565528870e-02
2.202665898948907852e-03
8.606214541941881180e-04
2.835931663867086172e-04
3.849256900139153004e-04
2.475815999787300825e-04
1.053991727530956268e-03
1.389355659484863281e-01
3.939791023731231689e-01
1.684168167412281036e-02
6.700251698493957520e-01
3.780214488506317139e-02
6.554000079631805420e-03
5.695928353816270828e-03
1.908187568187713623e-01
1.803361475467681885e-01
1.446902938187122345e-02
5.776213854551315308e-02
1.017309958115220070e-03
4.160112875979393721e-04
2.115740627050399780e-01
1.318993885070085526e-02
1.125150546431541443e-02
4.657041430473327637e-01
1.609572917222976685e-01
3.180370852351188660e-02
2.755245193839073181e-03
5.110260099172592163e-03
1.613318026065826416e-01
2.056516008451581001e-03
1.440861225128173828e-01
1.421390324831008911e-01
2.366934204474091530e-03
2.443065345287322998e-01
1.893829256296157837e-01
3.602989017963409424e-02
6.455274820327758789e-01
1.078324019908905029e-01
2.332392381504178047e-03
4.147867672145366669e-03
2.011581324040889740e-02
3.949350118637084961e-01
4.074987955391407013e-03
1.141894608736038208e-01
2.482468960806727409e-03
2.023680657148361206e-01
7.435815781354904175e-02
1.356030553579330444e-01
1.672989688813686371e-03
7.992285490036010742e-01
1.396445930004119873e-01
2.106304615736007690e-01
1.736405342817306519e-01
2.437154948711395264e-02
4.641250520944595337e-02
1.779251396656036377e-01
4.495990579016506672e-04
2.964034210890531540e-03
2.752597210928797722e-03
7.257504761219024658e-02
1.682503707706928253e-02
7.292802631855010986e-02
6.655486822128295898e-01
2.591590583324432373e-01
2.167975604534149170e-01
2.650054730474948883e-02
3.943656384944915771e-02
2.846842398867011070e-03
7.002104539424180984e-04
9.543513879179954529e-04
6.729782372713088989e-02
9.788327151909470558e-04
2.402362972497940063e-02
3.784820437431335449e-01
2.304584020748734474e-03
8.652015328407287598e-01
5.415057018399238586e-02
2.948250249028205872e-02
1.790989562869071960e-02
7.676175832748413086e-01
1.132835149765014648e-01
2.999126911163330078e-01
2.459504306316375732e-01
1.405268907546997070e-01
8.076473139226436615e-03
9.556472301483154297e-02
1.502342373132705688e-01
6.766262650489807129e-02
7.719342708587646484e-01
2.170182466506958008e-01
6.465129554271697998e-02
4.025846254080533981e-03
4.802275300025939941e-01
1.804876625537872314e-01
2.385544776916503906e-01
5.377740785479545593e-02
1.368665546178817749e-01
7.613331079483032227e-03
2.425626516342163086e-01
1.767569221556186676e-02
1.027069613337516785e-01
7.756702303886413574e-01
2.736148983240127563e-02
3.901981934905052185e-02
4.986543208360671997e-03
7.617491483688354492e-01
6.310571450740098953e-03
1.712667872197926044e-04
5.710988305509090424e-03
9.197331964969635010e-03
7.600461249239742756e-04
3.669219017028808594e-01
4.047474265098571777e-02
3.670717775821685791e-02
9.585455656051635742e-01
2.765706181526184082e-01
1.924925893545150757e-01
1.143455319106578827e-02
4.459224641323089600e-01
1.765155466273427010e-03
1.088402001187205315e-03
5.447525978088378906e-01
1.383243054151535034e-01
5.014015361666679382e-02
4.355766177177429199e-01
2.505590673536062241e-03
1.210127212107181549e-02
9.378919005393981934e-01
1.857447326183319092e-01
3.695861995220184326e-02
1.781611703336238861e-02
7.318354845046997070e-01
2.849953249096870422e-02
2.579881111159920692e-03
5.186351537704467773e-01
3.944143354892730713e-01
2.092520706355571747e-03
4.619882106781005859e-01
3.688634037971496582e-01
1.751790009438991547e-02
7.686142325401306152e-01
2.621947601437568665e-02
3.903400897979736328e-01
1.028829719871282578e-03
2.920637130737304688e-01
3.091438673436641693e-02
5.801742663607001305e-04
5.517305135726928711e-01
2.396645722910761833e-04
3.942231705877929926e-04
2.707491219043731689e-01
5.492240935564041138e-02
1.673291176557540894e-01
6.441552639007568359e-01
5.963981151580810547e-02
5.653654783964157104e-02
1.034039724618196487e-02
8.720716238021850586e-01
2.022164762020111084e-01
2.647596299648284912e-01
1.132239624857902527e-01
2.834671795426402241e-05
5.253187846392393112e-03
5.623397976160049438e-02
9.588159620761871338e-03
1.689126342535018921e-02
8.351002335548400879e-01
1.874000579118728638e-01
2.403953857719898224e-02
7.229838054627180099e-03
6.764677166938781738e-01
1.849319413304328918e-02
1.785715520381927490e-01
1.409506201744079590e-01
1.090898644179105759e-03
2.292769931955263019e-04
1.864847093820571899e-01
2.581274136900901794e-03
8.641383796930313110e-02
7.371764183044433594e-01
2.108317315578460693e-01
1.628406532108783722e-02
1.293749362230300903e-01
8.360725641250610352e-01
1.283633410930633545e-01
2.103021834045648575e-03
6.212573051452636719e-01
4.100030637346208096e-04
1.827448577387258410e-04
2.432039231061935425e-01
4.799815826117992401e-03
2.371104666963219643e-03
6.830191016197204590e-01
3.561352565884590149e-02
2.556071281433105469e-01
3.062202036380767822e-01
4.357172250747680664e-01
2.889648452401161194e-02
7.796540739946067333e-04
7.289963960647583008e-01
1.641615480184555054e-02
4.050004281452856958e-05
2.594694793224334717e-01
1.827386580407619476e-02
8.214103989303112030e-03
9.524501562118530273e-01
2.042145580053329468e-01
2.235124073922634125e-02
1.630974560976028442e-02
8.841884136199951172e-01
7.050763349980115891e-03
1.023316872306168079e-03
5.818402171134948730e-01
1.758198589086532593e-01
2.414808608591556549e-03
1.871659606695175171e-01
2.371021211147308350e-01
2.834572270512580872e-02
5.849682688713073730e-01
1.951240450143814087e-01
1.818416863679885864e-01
9.999166242778301239e-03
6.817663311958312988e-01
2.060025781393051147e-01
9.173985570669174194e-03
1.615350693464279175e-01
6.136181298643350601e-03
3.663620352745056152e-02
1.994968503713607788e-01
2.606370486319065094e-02
1.775326579809188843e-01
7.838231325149536133e-01
3.723807334899902344e-01
3.703873455524444580e-01
4.545819479972124100e-03
5.720441937446594238e-01
7.260250300168991089e-02
4.149040281772613525e-01
6.875206232070922852e-01
1.542238295078277588e-01
1.527571876067668200e-04
2.252499014139175415e-01
2.268869578838348389e-01
1.602580025792121887e-02
3.496394157409667969e-01
2.263045758008956909e-01
8.175079524517059326e-02
1.872264547273516655e-03
7.260283827781677246e-01
6.566581875085830688e-02
5.679180845618247986e-02
4.662426412105560303e-01
1.905124783515930176e-01
3.879532516002655029e-01
2.337981164455413818e-01
2.370164394378662109e-01
4.074610769748687744e-03
6.372619867324829102e-01
3.540508449077606201e-01
3.833431052044034004e-03
5.798152461647987366e-02
6.135708093643188477e-01
1.386287957429885864e-01
2.547853393480181694e-03
3.930809034500271082e-04
2.706435509026050568e-03
6.253408640623092651e-02
1.375021934509277344e-01
1.897447556257247925e-01
4.250613600015640259e-02
6.722746491432189941e-01
6.897307187318801880e-02
2.161477133631706238e-02
9.734881110489368439e-03
6.941509842872619629e-01
2.638152837753295898e-01
2.117814309895038605e-02
1.316011417657136917e-02
1.191071234643459320e-02
1.728426814079284668e-01
2.453944534063339233e-01
7.834606803953647614e-04
3.727947128936648369e-03
7.014045119285583496e-01
1.779755055904388428e-01
7.906501181423664093e-03
7.774162106215953827e-03
8.975248336791992188e-01
2.913951873779296875e-01
7.121336646378040314e-03
1.595275476574897766e-03
2.069386988878250122e-01
2.673959434032440186e-01
2.475326806306838989e-01
4.102731868624687195e-02
3.957170620560646057e-02
7.806662917137145996e-01
3.308968842029571533e-01
5.223285872489213943e-03
2.570536453276872635e-03
6.676546335220336914e-01
1.947900801897048950e-01
9.526694193482398987e-03
2.567360736429691315e-02
8.368477225303649902e-01
1.974703773157671094e-04
3.704790472984313965e-01
1.355139464139938354e-01
1.183172222226858139e-03
6.379638910293579102e-01
2.217512577772140503e-01
2.127759344875812531e-02
3.477865457534790039e-02
7.296079397201538086e-01
4.348024129867553711e-01
1.865914613008499146e-01
2.643236517906188965e-02
6.079908609390258789e-01
6.729845888912677765e-03
7.978871464729309082e-02
5.128192156553268433e-02
2.611519694328308105e-01
7.856180667877197266e-01
2.433750405907630920e-02
3.502584528177976608e-03
3.583057783544063568e-03
7.513446807861328125e-01
2.624693214893341064e-01
7.315993774682283401e-03
8.574765175580978394e-03
4.325138330459594727e-01
8.024679869413375854e-02
