1.798400841653347015e-01
1.080969740063525142e-01
4.714848576203131691e-02
7.892997979293935040e-02
1.491520530544221401e-01
1.965997640576321037e-01
9.659360721707344055e-02
1.180901855516892224e-01
1.868805442220316526e-01
1.827942046265189358e-01
1.721786698326468468e-01
1.206046262612709696e-01
1.932332883230768739e-01
1.836614569720740608e-01
2.054995180179293446e-01
9.373964285343670821e-02
1.654466011633093647e-01
2.816846899401683202e-01
2.250049789077960549e-01
3.036064671424145711e-01
2.577843085432854897e-01
2.559467846384415046e-01
2.972644028038932684e-01
2.629986879988931436e-01
2.560981622395607227e-01
2.066110060908473434e-01
1.927596791602599613e-01
1.918611660456428225e-01
2.245377816904622903e-01
3.462220600519615998e-01
2.917615941797311319e-01
3.059943955517016034e-01
3.318931173819761882e-01
3.579395668437847511e-01
3.013151828557826262e-01
3.016854395301869496e-01
3.481029999227477911e-01
2.115506056982737193e-01
1.731006081144396969e-01
2.160826368400683706e-01
3.187859260405485617e-01
2.970931727725725779e-01
2.688935129688336256e-01
2.436902299523353577e-01
2.934222898374383437e-01
2.829861723316403621e-01
2.570329919958916909e-01
2.687644289376643902e-01
1.655363383738753802e-01
1.424951531494466073e-01
2.588602297294598231e-01
2.621513150560741412e-01
2.498136297799646854e-01
2.345756401415341197e-01
2.356227123393462297e-01
2.414298025138962855e-01
2.496710341746130879e-01
2.227861386043234471e-01
1.745686883268018075e-01
2.174310649816806607e-01
2.122144294329560699e-01
2.208943170710251924e-01
2.044324450767957269e-01
2.358147632330656052e-01
2.081172440129403778e-01
2.619842260073010909e-01
1.836854737395277326e-01
2.155392360515319405e-01
3.255702240141825077e-01
3.115212289311994898e-01
2.651681932262502928e-01
3.382133029114741674e-01
2.434574643221612267e-01
2.972364911379722363e-01
2.371277327720935635e-01
3.367553592587892997e-01
3.547220723703503609e-01
3.886075622330491530e-01
3.552927096875814206e-01
4.039883629347269522e-01
3.812519822341318143e-01
3.497848478504098635e-01
3.530030989876160041e-01
3.151334680330294957e-01
3.812435029002909648e-01
3.552239361048962762e-01
3.159892248491255051e-01
3.150713344176228059e-01
3.605658037301439633e-01
3.434779239424432529e-01
3.291817612659472814e-01
2.785258399179348365e-01
4.096544364897104495e-01
2.913876309489401573e-01
3.136401972017036077e-01
3.496944002377299077e-01
3.314016584593516002e-01
3.525231936946511269e-01
4.012120866145079123e-01
3.985176212870730761e-01
3.934388242375392308e-01
