4.328081599221779707e-01
3.909591593278142208e-01
7.973223744976656868e-02
1.638899477570353591e-01
3.064001881732390520e-01
4.514341327146841887e-01
4.300768108536990875e-01
4.130966760433064100e-01
4.194498046372945321e-01
4.969805522033801659e-01
4.609006714935486304e-01
4.563884909193103301e-01
4.523711012174876922e-01
3.766617843200667504e-01
2.753379708144795823e-01
1.357868495845021006e-01
2.335297738721307526e-01
4.609226706939247853e-01
4.465815851894708866e-01
4.560893848896599989e-01
4.418085645705174813e-01
4.695383071039731515e-01
4.607838971110490567e-01
4.742842723543827521e-01
4.697015341371297836e-01
3.785811002548703508e-01
3.822639776581826521e-01
3.083379371091723442e-01
3.979939349855368125e-01
4.689958356679059248e-01
4.831902769465858949e-01
5.203924783720419445e-01
4.570304077978317725e-01
4.763515561532515874e-01
5.045211719922148008e-01
5.462299539492680989e-01
5.250765359602295179e-01
3.693001104357580555e-01
3.834819179028272629e-01
3.794152483953019961e-01
2.622522359642271983e-01
3.326117221977955563e-01
4.648447350527231681e-01
4.217659852539117349e-01
4.493546459024611028e-01
3.300768179245866518e-01
4.748088890829911812e-01
3.926500980384074468e-01
3.771229844916468843e-01
3.549297055086264030e-01
3.808557908408917170e-01
3.169959075211619126e-01
3.563552432908461687e-01
3.931493774378815309e-01
4.550581956730009314e-01
4.431353922431858772e-01
4.659679228654847738e-01
4.101884060969146484e-01
3.187461248957194071e-01
4.749793993452420815e-01
4.313556103465648883e-01
5.301916660884251620e-01
4.956035198500522987e-01
4.696572869299696085e-01
4.813805577846673733e-01
5.383105283746352221e-01
4.975382976162319171e-01
4.839362791524483565e-01
4.468540610888829812e-01
4.735813055617305034e-01
5.519434540317609272e-01
4.855399636121896512e-01
5.194084684436137689e-01
5.744889218073624404e-01
5.606767942125980841e-01
4.834051953198817975e-01
4.417317337714709025e-01
5.424629521484558570e-01
5.385970095745645780e-01
5.716464946476312869e-01
5.446563396029747706e-01
5.509376757993147411e-01
4.808713575968375786e-01
5.541358987012734438e-01
5.802857377208195944e-01
6.324200782065207971e-01
5.840153401860823656e-01
5.438611682217854293e-01
5.910084760532929860e-01
4.957727970412144081e-01
6.212546779559209309e-01
6.102730717796546189e-01
5.717233367837392111e-01
5.266819816942398536e-01
6.098182568183312391e-01
5.880498765752866230e-01
6.306483155259718920e-01
6.104308584561715101e-01
6.350775240705563984e-01
6.246352006609623420e-01
6.336648401159507005e-01
