5.984933972358703613e-01
3.993802070617675781e-01
2.679941952228546143e-01
4.009524583816528320e-01
1.719234287738800049e-01
3.947718739509582520e-01
2.846469581127166748e-01
3.994826078414916992e-01
4.186196327209472656e-01
6.570664048194885254e-01
2.281958162784576416e-01
5.979037377983331680e-03
4.531702399253845215e-01
2.289158105850219727e-01
6.034239530563354492e-01
8.180743316188454628e-04
1.422429531812667847e-01
8.017122149467468262e-01
2.351310700178146362e-01
2.200519144535064697e-01
7.245842367410659790e-02
7.071270942687988281e-01
3.364848792552947998e-01
2.661075294017791748e-01
2.216441333293914795e-01
3.831204175949096680e-01
2.272577732801437378e-01
2.137722074985504150e-01
4.406758248805999756e-01
3.984958231449127197e-01
1.515856683254241943e-01
4.027504920959472656e-01
6.016156673431396484e-01
5.132012069225311279e-02
1.960374712944030762e-01
1.228530481457710266e-01
5.912380218505859375e-01
2.086545377969741821e-01
2.764488458633422852e-01
3.993583023548126221e-01
4.729851782321929932e-01
4.623417258262634277e-01
7.597704529762268066e-01
1.722515933215618134e-02
5.782971382141113281e-01
4.041774570941925049e-01
2.749655768275260925e-02
2.910259068012237549e-01
7.158437371253967285e-02
6.852093152701854706e-03
2.016302943229675293e-01
6.066755652427673340e-01
7.851787805557250977e-01
2.126053869724273682e-01
4.347764849662780762e-01
4.377797544002532959e-01
3.510118126869201660e-01
9.850567579269409180e-01
5.950750708580017090e-01
2.012203782796859741e-01
1.533377170562744141e-01
6.098040342330932617e-01
2.315102368593215942e-01
6.440414115786552429e-03
1.292800437659025192e-02
3.858515024185180664e-01
1.973648220300674438e-01
2.789842430502176285e-03
1.658270135521888733e-02
1.353519111871719360e-01
2.054933458566665649e-01
3.788083493709564209e-01
5.894582867622375488e-01
3.008457459509372711e-02
5.793128013610839844e-01
2.193927764892578125e-01
5.216959714889526367e-01
2.048175930976867676e-01
5.653407573699951172e-01
2.157385647296905518e-01
3.380033075809478760e-01
1.253867894411087036e-01
5.730893835425376892e-02
4.944980740547180176e-01
8.464195728302001953e-01
5.961027741432189941e-01
5.924502015113830566e-01
8.776187314651906490e-05
7.916198968887329102e-01
4.064602851867675781e-01
1.396652609109878540e-01
5.846691131591796875e-01
3.236791789531707764e-01
1.759565174579620361e-01
4.838998243212699890e-02
1.294729858636856079e-02
2.306423634290695190e-01
5.002952814102172852e-01
3.033915162086486816e-01
5.669852495193481445e-01
4.832563996315002441e-01
1.146813854575157166e-02
7.855717539787292480e-01
2.099647819995880127e-01
7.924981713294982910e-01
5.361817032098770142e-02
2.281267195940017700e-01
2.039896398782730103e-01
2.973527610301971436e-01
6.165099143981933594e-02
2.348306477069854736e-01
6.179693937301635742e-01
4.267413020133972168e-01
7.949438095092773438e-01
4.231947660446166992e-01
1.525936871767044067e-01
5.745279788970947266e-01
2.231517881155014038e-01
2.538022100925445557e-01
6.120102852582931519e-02
2.800651490688323975e-01
4.217070341110229492e-01
6.598132252693176270e-01
1.782687008380889893e-02
9.148870408535003662e-02
5.782185792922973633e-01
6.960102319717407227e-01
4.261760413646697998e-01
1.997860819101333618e-01
1.345805544406175613e-02
4.048207998275756836e-01
5.346708297729492188e-01
4.751794934272766113e-01
4.333563745021820068e-01
3.981053233146667480e-01
2.066992372274398804e-01
4.090676009654998779e-01
1.877705752849578857e-02
1.078936308622360229e-01
3.773821592330932617e-01
3.967233300209045410e-01
2.115790545940399170e-01
2.422144412994384766e-01
1.606561392545700073e-01
7.946170568466186523e-01
1.956441402435302734e-01
6.383623480796813965e-01
4.022607505321502686e-01
2.214146852493286133e-01
2.760665118694305420e-01
2.600733190774917603e-02
2.577793896198272705e-01
1.825979650020599365e-01
1.939983963966369629e-01
4.211866110563278198e-02
3.938434422016143799e-01
3.892921209335327148e-01
8.878884464502334595e-02
4.086806178092956543e-01
2.253147214651107788e-01
4.310175478458404541e-01
2.002038657665252686e-01
5.749431848526000977e-01
2.395432293415069580e-01
3.961625397205352783e-01
5.775795318186283112e-03
1.560349166393280029e-01
6.363563537597656250e-01
3.215781748294830322e-01
7.845034003257751465e-01
1.979752629995346069e-01
3.989477641880512238e-03
8.480488061904907227e-01
3.616675734519958496e-01
7.843307256698608398e-01
1.810927093029022217e-01
1.989925801753997803e-01
4.632888734340667725e-02
1.489222347736358643e-01
2.330701947212219238e-01
5.949393510818481445e-01
6.934039592742919922e-01
5.952069759368896484e-01
4.068427383899688721e-01
3.976608812808990479e-01
3.207370638847351074e-01
3.756736814975738525e-01
2.372211962938308716e-01
8.076207637786865234e-01
2.173721194267272949e-01
3.165882229804992676e-01
5.242180228233337402e-01
4.879809021949768066e-01
4.105945229530334473e-01
8.668038994073867798e-03
7.706375122070312500e-01
4.308673143386840820e-01
3.320786058902740479e-01
5.941024422645568848e-01
6.120102480053901672e-03
5.423352122306823730e-01
3.735639750957489014e-01
3.502245619893074036e-02
4.246478676795959473e-01
3.663266301155090332e-01
2.087666392326354980e-01
3.060992360115051270e-01
6.872083544731140137e-01
7.094638887792825699e-03
4.070465266704559326e-01
6.009790301322937012e-01
2.390000820159912109e-01
2.403646707534790039e-01
2.531301677227020264e-01
7.966194152832031250e-01
4.592236876487731934e-01
3.759444057941436768e-01
3.196195960044860840e-01
1.995906382799148560e-01
2.056739926338195801e-01
5.899025201797485352e-01
3.821797072887420654e-01
7.184445858001708984e-02
1.908776909112930298e-01
2.024570405483245850e-01
