9.734778404235839844e-01
4.129524808377027512e-03
4.516784429142717272e-06
3.288720548152923584e-02
5.423561856150627136e-02
1.852997094392776489e-01
7.925476431846618652e-01
1.637261739233508706e-04
1.416870742104947567e-03
9.469158947467803955e-03
1.950286142528057098e-02
1.171461690319119953e-06
8.255913598986808211e-06
3.481572493910789490e-04
6.114061106927692890e-04
1.156140516656023465e-09
5.110439415395573448e-12
5.261150002479553223e-02
5.893857479095458984e-01
7.303731888532638550e-02
5.513124960998538882e-06
1.021236763335764408e-03
3.259234828874468803e-03
2.218581363558769226e-02
3.512614220380783081e-02
7.284530056494986638e-06
1.084883842850103974e-05
2.531661302782595158e-04
1.212161441799253225e-04
8.913288116455078125e-01
9.284060472443053658e-15
6.579020619392395020e-02
2.125575244426727295e-01
4.381177723407745361e-01
5.674496758729219437e-03
6.752389017492532730e-04
7.410539779812097549e-03
1.295582484453916550e-02
5.415817350149154663e-02
1.318367685598786920e-05
8.334092126460745931e-05
8.436564239673316479e-04
5.718420725315809250e-04
9.634408950805664062e-01
3.256010413169860840e-01
3.301328420639038086e-02
4.942936822772026062e-02
2.367424815893173218e-01
4.081000089645385742e-01
1.796917495084926486e-04
1.098935143090784550e-03
8.232569321990013123e-03
1.181876286864280701e-02
1.821310888772131875e-06
9.918628165905829519e-06
3.374902589712291956e-04
4.144592676311731339e-04
9.986774921417236328e-01
1.965407878160476685e-01
2.149273641407489777e-02
2.653551660478115082e-02
1.618374139070510864e-01
2.132692784070968628e-01
8.167009946191683412e-05
1.700288383290171623e-03
8.763537742197513580e-03
2.191576547920703888e-02
1.023998038363060914e-06
7.697904948145151138e-06
2.885054855141788721e-04
6.991792470216751099e-04
1.214357390999794006e-01
1.869731396436691284e-02
2.218629121780395508e-01
4.150355607271194458e-02
9.865550324320793152e-03
4.493619780987501144e-03
1.675956882536411285e-04
2.622123429318889976e-05
1.268567610532045364e-02
2.432620376348495483e-01
1.049824049914604984e-06
2.860638232959900051e-07
4.528104327619075775e-04
1.890636514872312546e-03
8.322007060050964355e-01
3.832018774119205773e-05
6.327525479719042778e-04
3.053734079003334045e-02
5.828133970499038696e-02
6.001333240419626236e-04
1.796494179870933294e-04
1.851922599598765373e-03
1.403067144565284252e-03
2.276990562677383423e-02
1.317715032200794667e-06
4.945160981151275337e-06
8.519239054294303060e-05
3.849942295346409082e-04
9.618598818778991699e-01
6.375743746757507324e-01
6.608304977416992188e-01
2.195090055465698242e-02
3.236170113086700439e-02
1.327500939369201660e-01
8.906394214136525989e-05
6.762092234566807747e-04
7.426161784678697586e-03
2.132013905793428421e-03
4.359050649327400606e-07
2.458195467625046149e-06
2.364913088968023658e-04
1.200869664899073541e-04
9.795019030570983887e-01
4.249471053481101990e-02
1.312848646193742752e-03
2.814123034477233887e-02
3.923473879694938660e-02
1.673759222030639648e-01
5.019760131835937500e-01
9.939377196133136749e-04
1.005857717245817184e-02
2.261331677436828613e-02
1.226139261234493461e-07
5.734822025260655209e-06
3.006755141541361809e-04
6.716624484397470951e-04
2.765012979507446289e-01
1.778725527401547879e-05
4.549576260615140200e-04
4.387831687927246094e-02
7.643843442201614380e-02
6.521564126014709473e-01
2.149140782421454787e-04
1.612336782272905111e-04
1.850790716707706451e-02
1.374899595975875854e-01
9.452472795601352118e-07
3.747635446416097693e-08
3.295647620689123869e-04
1.351229730062186718e-03
9.785733222961425781e-01
3.090130462624074426e-08
3.745312220082563925e-12
2.644073963165283203e-02
6.576805561780929565e-02
2.627258002758026123e-01
1.763926047715358436e-05
1.339580921921879053e-04
6.097772275097668171e-04
1.705818995833396912e-02
5.158267413207795471e-07
1.352164531454036478e-06
1.414432858837244567e-06
1.052401494234800339e-04
9.531025886535644531e-01
6.350192427635192871e-02
1.318657305091619492e-02
2.895089425146579742e-02
4.372299090027809143e-02
1.686102002859115601e-01
7.049784064292907715e-01
1.300870208069682121e-04
1.044832286424934864e-03
7.417573593556880951e-03
6.899194886500481516e-07
4.451776476344093680e-06
2.235876454506069422e-04
2.007873263210058212e-05
9.495572447776794434e-01
3.320501884445548058e-03
3.724671771010434895e-08
4.910647496581077576e-02
6.315077841281890869e-02
1.708749234676361084e-01
8.462653756141662598e-01
1.758398138917982578e-04
1.708495081402361393e-03
9.895272552967071533e-03
1.941261254251003265e-02
1.047156911226920784e-05
4.791363026015460491e-04
7.591023459099233150e-04
3.098678886890411377e-01
7.033956990198930725e-07
3.169008944148288265e-10
5.308275669813156128e-02
1.336914598941802979e-01
8.335401415824890137e-01
1.095810439437627792e-02
3.790272749029099941e-04
3.470745636150240898e-03
1.512680482119321823e-02
1.131256818771362305e-01
4.939111022395081818e-06
7.030623382888734341e-04
7.124519441276788712e-03
5.987671017646789551e-01
1.137038460001349449e-03
1.425728555659588892e-06
4.705020040273666382e-02
9.304531663656234741e-02
6.810308098793029785e-01
1.123744472861289978e-01
2.631982206366956234e-04
1.581132411956787109e-03
1.374072302132844925e-02
4.960447549819946289e-02
2.322044792890665121e-06
4.694174276664853096e-05
1.759190578013658524e-03
9.664443135261535645e-01
3.069041296839714050e-02
1.148926327005028725e-03
3.301721066236495972e-02
3.517391160130500793e-02
1.735789775848388672e-01
8.376100063323974609e-01
1.537422649562358856e-04
1.144688460044562817e-03
1.002980116754770279e-02
2.130075916647911072e-02
9.344074669570545666e-07
1.022356354951625690e-05
2.887136943172663450e-04
