2.360385901366288952e-01
1.845591588868186472e-01
5.886046043955362600e-02
4.460091230710251653e-02
2.872762250346847998e-02
2.654806184582412243e-01
2.651644406231263296e-01
2.618754685569841256e-01
2.300189333215642562e-01
2.393302317135609092e-01
2.338279694265041342e-01
2.483644228285321887e-01
2.588459582139666093e-01
2.940376860071690079e-01
3.967121435114397132e-02
1.056578411505772475e-01
1.823372221283184880e-01
2.611492868835249559e-01
1.769168827360352581e-01
2.319790713238314983e-01
2.576056645753291852e-01
2.514895782447778005e-01
2.523126322328327897e-01
2.352193742542742494e-01
2.459089691535784605e-01
2.513058114653596298e-01
2.370696643439050011e-01
1.738347152265934947e-01
2.652512071743750588e-01
2.861597447906835678e-01
3.183752805119953733e-01
2.780726169719575647e-01
1.770176773335641329e-01
2.426868971759596760e-01
1.978621724276588556e-01
2.214137127784152337e-01
2.204466948930460801e-01
2.838529829168692231e-01
2.452220905643816284e-01
1.978541551910054097e-01
2.752149731744654160e-01
1.839532303229834131e-01
3.313201549821175318e-01
2.113360574361509980e-01
3.053843318753374225e-01
2.538292185546687230e-01
2.748408997252296815e-01
2.453939680439921611e-01
2.569884339956423625e-01
2.169592044352052218e-01
1.711189292433958342e-01
2.688552341065727491e-01
2.216250665951520205e-01
2.546592327192999106e-01
3.227530224248766899e-01
2.956744093949404961e-01
2.435187322732347837e-01
2.984167183391176481e-01
2.866898448645280317e-01
2.347899429374732672e-01
2.513911353688364492e-01
1.988149584056093100e-01
2.260768647225072092e-01
2.367492298004575668e-01
2.310629402547000055e-01
2.301365950574668640e-01
2.051001323539262122e-01
2.317552837149168543e-01
2.297505772831545390e-01
1.963383217718308871e-01
1.715644511680763373e-01
2.041733354204692541e-01
1.997830968421812348e-01
1.886753416127668614e-01
1.816821814595291906e-01
2.567057434039620167e-01
2.418713266513525251e-01
2.410249881750832490e-01
2.584917610511183739e-01
2.817761496989987791e-01
2.595944361080630425e-01
3.328663193768499062e-01
3.344829196217827816e-01
2.193916674094417985e-01
2.593274072502166350e-01
2.347493175229129203e-01
3.741024269144803127e-01
1.896575573527325698e-01
2.172097630368975407e-01
1.806075997749128637e-01
1.670961837606647904e-01
1.818338397917194371e-01
1.987113317725463513e-01
1.888239324862997226e-01
1.950802186217445722e-01
2.116604890996733601e-01
2.934026499278843403e-01
2.530918628550492544e-01
2.987249241380665610e-01
2.390761408919038766e-01
2.503168912282070502e-01
