5.931123591099793924e-01
5.667648495962986921e-01
5.540423861675662920e-01
6.402893121943231680e-01
5.824044393375515938e-01
3.465277727048557410e-01
5.403376828449276692e-01
6.012244762566226752e-01
5.622724076876273180e-01
5.369912534952163696e-01
5.362067885267046696e-01
5.559120800059574874e-01
5.200343477324798069e-01
5.954117158141273292e-01
3.766907846841674457e-01
5.271947891093217153e-01
5.589200758303587424e-01
4.208430122906485216e-01
4.826566992112650278e-01
6.131394753913179674e-01
5.149029875890567265e-01
5.559976027848628766e-01
4.434833246498153803e-01
4.626258534307663428e-01
4.982047061650798914e-01
8.103697660760644794e-02
5.439216409039755451e-01
5.732180343654292853e-01
5.905030059914749829e-01
1.134482107848865662e-01
7.842251727214226698e-01
5.359683230949136012e-01
4.783928066082388519e-01
6.079729305436978315e-01
5.223302534566476307e-01
4.253697570259716287e-01
4.999078620163485143e-01
1.995390134575595331e-01
4.082857835321472562e-02
7.804641948426321169e-03
4.497494421428008260e-02
2.877750090024514679e-02
1.723016672841217942e-02
2.883573012817044687e-03
2.140152912987175211e-03
1.396345188263344809e-03
1.761249439572163929e-03
1.384003615253977075e-03
5.632086673464912208e-01
5.512300169704338337e-01
3.386570697475690395e-01
4.771717594793209449e-01
7.461399017618253193e-01
5.706717616681439287e-01
5.463622886544237112e-01
4.481106973432291141e-01
4.056965589988976717e-01
5.563293202565267048e-01
5.524869709714459454e-01
3.148568633836336117e-01
4.286649573164490468e-01
4.523738998776444808e-01
5.189171723681144099e-01
5.013233145806365032e-01
5.199053866851429673e-01
5.168751286602435435e-01
5.263351423289770459e-01
8.744145758856365636e-02
4.609846427785949108e-01
4.442263639872320313e-01
4.817347763813674133e-01
4.013967593021404157e-01
4.776162416942847377e-01
4.599711796618066728e-01
4.502002350502432582e-01
2.363668094621971250e-01
7.974064022076440827e-02
7.871148031090727248e-02
1.050021592716522956e-01
7.784270243577832982e-02
7.781868145337625386e-02
5.131034937758858216e-01
4.258831151483508659e-01
4.249600624808898552e-01
5.977561654379734968e-01
4.763328088089250345e-01
5.062020331298788811e-01
4.762219112807752897e-01
2.799110832377734170e-01
2.782067703441358786e-01
3.247865321553455309e-01
4.757675002990009450e-01
1.773889491059037482e-01
2.762900990331987883e-01
3.567500940251700503e-01
4.615251239245900527e-01
1.636670211308473288e-01
1.495759497829567408e-01
4.265734347024520701e-01
2.375462285882489477e-01
3.097292809384970536e-01
