2.235417254269123077e-03
6.260282397270202637e-01
4.142183065414428711e-01
1.856404542922973633e-01
6.930776685476303101e-02
2.057922780513763428e-01
2.153329551219940186e-01
2.202285826206207275e-01
7.696856558322906494e-02
9.593414142727851868e-04
1.281695067882537842e-01
3.330520689487457275e-01
1.581486612558364868e-01
3.739113919436931610e-03
4.769306480884552002e-01
1.952136904001235962e-01
1.534836292266845703e-01
8.944279700517654419e-02
1.478143930435180664e-01
2.167740911245346069e-01
3.124747276306152344e-01
9.095234274864196777e-01
1.937613338232040405e-01
3.540831804275512695e-01
6.285768747329711914e-01
5.904198884963989258e-01
4.955942858941853046e-04
1.691954559646546841e-03
3.745034337043762207e-01
4.423240199685096741e-03
6.776656024158000946e-03
4.057860076427459717e-01
6.288831681013107300e-02
2.386935204267501831e-01
4.491574689745903015e-02
1.759450882673263550e-01
6.056146621704101562e-01
1.053726002573966980e-01
6.371120214462280273e-01
2.775936387479305267e-03
6.164929829537868500e-03
3.995716273784637451e-01
3.466687202453613281e-01
1.157070323824882507e-02
1.704928092658519745e-02
3.063132166862487793e-01
2.249019593000411987e-01
2.519081905484199524e-02
1.481313556432723999e-01
3.148915767669677734e-01
3.066714704036712646e-01
4.358925819396972656e-01
2.448980463668704033e-03
1.586767262779176235e-03
6.235114336013793945e-01
1.473588049411773682e-01
4.992225021123886108e-02
2.429954260587692261e-01
2.855672538280487061e-01
2.880779504776000977e-01
3.418731093406677246e-01
2.655003070831298828e-01
2.107191979885101318e-01
2.746433913707733154e-01
6.555363535881042480e-01
2.539469162002205849e-03
3.461921587586402893e-03
4.820520877838134766e-01
2.405714690685272217e-01
2.320766150951385498e-01
2.169724851846694946e-01
3.997984901070594788e-02
1.264731772243976593e-02
2.942380011081695557e-01
2.669568639248609543e-03
3.882614895701408386e-02
4.525773972272872925e-02
1.445107758045196533e-01
1.443146029487252235e-03
1.191826653666794300e-03
4.744300246238708496e-01
3.361241519451141357e-02
3.543401882052421570e-02
9.415675699710845947e-02
6.809571385383605957e-02
1.483727619051933289e-02
1.984208524227142334e-01
1.992938965559005737e-01
1.970469355583190918e-01
3.993429243564605713e-01
4.114991426467895508e-02
3.528472036123275757e-03
1.957394881173968315e-03
4.210353493690490723e-01
7.738716155290603638e-02
2.890545427799224854e-01
4.650649800896644592e-02
4.871363285928964615e-03
3.406617045402526855e-01
3.582985401153564453e-01
5.218438804149627686e-03
2.363472431898117065e-02
2.144745737314224243e-01
4.372835159301757812e-02
3.530925372615456581e-03
7.326863706111907959e-03
6.140637397766113281e-01
4.535651206970214844e-01
5.696406215429306030e-02
5.627681966871023178e-03
3.861698806285858154e-01
2.099132537841796875e-01
3.443468809127807617e-01
7.651272229850292206e-03
2.783986181020736694e-02
3.645078539848327637e-01
2.974312603473663330e-01
2.321131061762571335e-03
4.530072677880525589e-03
7.625383734703063965e-01
8.179905265569686890e-02
2.081276774406433105e-01
1.394194178283214569e-02
3.432157635688781738e-01
2.601857483386993408e-01
2.514806091785430908e-01
4.019480049610137939e-01
1.905391924083232880e-02
2.090520113706588745e-01
2.849682271480560303e-01
3.228209912776947021e-03
6.164130289107561111e-03
7.120525240898132324e-01
3.904072642326354980e-01
2.212306857109069824e-01
1.615303158760070801e-01
8.256371319293975830e-02
1.198954880237579346e-02
2.200834304094314575e-01
1.697857975959777832e-01
4.747553914785385132e-02
2.406474947929382324e-02
2.067207098007202148e-01
1.182100153528153896e-03
3.058303613215684891e-03
4.239630103111267090e-01
4.585752636194229126e-02
1.753779798746109009e-01
5.397930741310119629e-03
4.149677753448486328e-01
4.641437530517578125e-01
5.335258245468139648e-01
2.847470045089721680e-01
1.718297228217124939e-02
4.762020707130432129e-02
1.407859027385711670e-01
1.386884716339409351e-03
6.455803290009498596e-03
3.381499648094177246e-01
8.354908227920532227e-02
1.573418229818344116e-01
3.888031095266342163e-02
6.084562540054321289e-01
4.013057351112365723e-01
3.588773012161254883e-01
5.785344243049621582e-01
2.265969989821314812e-03
8.160194265656173229e-04
1.053745225071907043e-01
9.193412661552429199e-01
5.706772208213806152e-01
2.859490215778350830e-01
5.133862495422363281e-01
3.924184292554855347e-02
2.278114259243011475e-01
5.764700770378112793e-01
5.998936295509338379e-01
2.680069506168365479e-01
1.386813470162451267e-03
6.315299123525619507e-02
5.931921601295471191e-01
5.451999902725219727e-01
8.459403514862060547e-01
1.870210107881575823e-04
5.604888200759887695e-01
1.457352787256240845e-01
4.374789446592330933e-02
8.933102944865822792e-04
5.578686483204364777e-03
5.740240588784217834e-02
6.218427419662475586e-01
1.135298589360900223e-05
2.142011672258377075e-01
1.747997552156448364e-01
6.711346507072448730e-01
7.041856646537780762e-01
9.486058843322098255e-04
5.553171634674072266e-01
1.779427984729409218e-03
8.224059827625751495e-03
3.089220263063907623e-02
5.753841251134872437e-02
1.046494841575622559e-01
1.820493489503860474e-01
1.551199257373809814e-01
2.529961988329887390e-02
2.233522981405258179e-01
7.918749004602432251e-02
2.119078934192657471e-01
5.035396665334701538e-03
5.645160675048828125e-01
5.676158070564270020e-01
8.483505807816982269e-03
3.489356040954589844e-01
3.958597183227539062e-01
3.473657965660095215e-01
6.522737443447113037e-02
1.863125115633010864e-01
2.188599258661270142e-01
3.951258063316345215e-01
6.581157445907592773e-01
7.293928861618041992e-01
3.710314398631453514e-03
2.351398319005966187e-01
5.350215435028076172e-01
3.711166977882385254e-01
4.761615395545959473e-02
1.546420753002166748e-01
3.652694225311279297e-01
2.849659919738769531e-01
5.844211578369140625e-02
1.357886046171188354e-01
1.936471164226531982e-01
4.502740502357482910e-01
4.263647198677062988e-01
2.967748325318098068e-03
5.338502526283264160e-01
7.410763502120971680e-01
7.413202524185180664e-02
6.724344938993453979e-02
2.555310130119323730e-01
8.760217577219009399e-03
3.546708822250366211e-01
1.545880138874053955e-01
3.918672800064086914e-01
3.429505527019500732e-01
2.210760265588760376e-01
6.786281466484069824e-01
6.037826649844646454e-03
5.244730710983276367e-01
3.925539255142211914e-01
4.820337146520614624e-02
1.344563905149698257e-02
1.535222828388214111e-01
4.961984157562255859e-01
1.583128608763217926e-02
1.779151260852813721e-01
2.983918599784374237e-02
4.017490148544311523e-01
5.183980986475944519e-02
7.231076955795288086e-01
1.553000882267951965e-02
3.885965049266815186e-01
6.220110654830932617e-01
2.655430436134338379e-01
1.321058254688978195e-02
2.145189046859741211e-02
1.967366784811019897e-01
4.080627262592315674e-01
4.240932166576385498e-01
1.993098109960556030e-01
2.327013611793518066e-01
6.100581288337707520e-01
5.883553624153137207e-01
5.076585337519645691e-03
2.942540347576141357e-01
2.844795882701873779e-01
2.948448620736598969e-02
8.992599695920944214e-02
3.377352058887481689e-01
3.034941554069519043e-01
6.864792704582214355e-01
5.799555182456970215e-01
2.610219875350594521e-03
2.186776101589202881e-01
4.794786572456359863e-01
5.662279725074768066e-01
3.050005761906504631e-03
7.694970965385437012e-01
6.160981655120849609e-01
6.662096083164215088e-02
5.185265466570854187e-02
1.808880120515823364e-01
2.453871220350265503e-01
6.140031218528747559e-01
3.939642310142517090e-01
2.364507690072059631e-02
1.095662787556648254e-01
5.262582302093505859e-01
2.158379256725311279e-01
1.050196122378110886e-03
1.572313010692596436e-01
4.590959250926971436e-01
2.350318245589733124e-02
6.109572574496269226e-02
2.481102645397186279e-01
6.046976447105407715e-01
4.246230721473693848e-01
7.090699672698974609e-01
3.380317613482475281e-02
1.137184211984276772e-03
3.959856629371643066e-01
6.226126551628112793e-01
8.569668047130107880e-03
4.981517791748046875e-01
2.665293216705322266e-01
1.377253979444503784e-01
1.100080683827400208e-01
5.653799176216125488e-01
4.081633388996124268e-01
4.860150814056396484e-01
5.749199390411376953e-01
3.839193843305110931e-03
3.814587593078613281e-01
4.063285589218139648e-01
7.156277298927307129e-01
3.515112996101379395e-01
2.485527843236923218e-01
2.089412957429885864e-01
1.371662914752960205e-01
4.219889640808105469e-03
1.040711328387260437e-01
5.442258119583129883e-01
1.991720646619796753e-01
6.068849936127662659e-03
5.737457796931266785e-02
4.662291705608367920e-02
2.632879018783569336e-01
5.996599197387695312e-01
7.592283487319946289e-01
3.345102667808532715e-01
9.803347289562225342e-02
1.566749066114425659e-01
5.746778845787048340e-01
1.291406005620956421e-01
3.205441311001777649e-02
4.601476192474365234e-01
1.649476028978824615e-02
1.934159249067306519e-01
6.639422178268432617e-01
4.930331408977508545e-01
5.860089063644409180e-01
7.369842529296875000e-01
3.577260971069335938e-01
4.170006513595581055e-01
1.160765066742897034e-02
2.287556380033493042e-01
3.236783146858215332e-01
2.019550092518329620e-02
8.393894135951995850e-02
1.789347827434539795e-01
1.563342958688735962e-01
4.548784792423248291e-01
4.362734556198120117e-01
2.499224692583084106e-01
5.897067952901124954e-03
5.614082813262939453e-01
1.262140721082687378e-01
3.807004094123840332e-01
4.020444750785827637e-01
6.302802562713623047e-01
5.426744222640991211e-01
4.247218668460845947e-01
1.889245957136154175e-01
3.597133457660675049e-01
3.093146681785583496e-01
7.549049854278564453e-01
7.383712530136108398e-01
3.961054682731628418e-01
5.819051861763000488e-01
4.971809089183807373e-01
3.654016852378845215e-01
2.361049503087997437e-01
9.543876349925994873e-02
5.979151129722595215e-01
4.573782682418823242e-01
9.926865249872207642e-02
2.464708536863327026e-01
3.081551752984523773e-02
5.532963275909423828e-01
6.116118431091308594e-01
7.298457436263561249e-03
2.198773324489593506e-01
6.591147184371948242e-01
1.847929954528808594e-01
3.110934197902679443e-01
7.040484808385372162e-03
1.114734485745429993e-01
6.041983366012573242e-01
1.924535781145095825e-01
7.231933064758777618e-03
1.230452880263328552e-01
4.134930372238159180e-01
7.739912867546081543e-01
4.276675581932067871e-01
5.848045349121093750e-01
4.776369631290435791e-01
2.539902031421661377e-01
2.448039948940277100e-01
4.024292230606079102e-01
4.179582893848419189e-01
5.456366017460823059e-02
2.627104986459016800e-03
2.004646956920623779e-01
3.657940775156021118e-02
2.073563635349273682e-01
8.061832189559936523e-01
1.458307355642318726e-01
3.016044199466705322e-01
2.960723638534545898e-01
1.873730123043060303e-02
3.826316678896546364e-03
1.948217302560806274e-02
2.239590436220169067e-01
5.931583046913146973e-01
1.609815359115600586e-01
1.080220937728881836e-02
6.029767394065856934e-01
2.331284582614898682e-01
6.577789187431335449e-01
3.825488090515136719e-01
4.764968156814575195e-01
5.452456474304199219e-01
5.483549833297729492e-01
1.058952603489160538e-02
5.853165388107299805e-01
7.254009246826171875e-01
4.240235686302185059e-01
6.283246874809265137e-01
9.917955100536346436e-02
2.593435049057006836e-01
5.420342087745666504e-01
5.374705791473388672e-01
5.883339643478393555e-01
4.982820451259613037e-01
7.885592579841613770e-01
3.822262883186340332e-01
2.134130150079727173e-01
5.393110513687133789e-01
3.444613516330718994e-01
5.972787141799926758e-01
3.245988786220550537e-01
1.958278715610504150e-01
1.070735007524490356e-01
5.391734242439270020e-01
2.905127406120300293e-01
5.490786433219909668e-01
2.644911110401153564e-01
2.625232934951782227e-01
4.534139633178710938e-01
2.630316019058227539e-01
1.864790543913841248e-02
1.701935529708862305e-01
3.865824341773986816e-01
1.085717976093292236e-02
1.547417938709259033e-01
3.955443501472473145e-01
2.442201599478721619e-03
7.563304901123046875e-01
7.790553569793701172e-01
3.661408424377441406e-01
4.086132347583770752e-01
4.886573255062103271e-01
4.288599640130996704e-02
1.543203741312026978e-01
3.437810763716697693e-02
3.451494276523590088e-01
3.034979803487658501e-03
8.287475258111953735e-02
2.745381090790033340e-03
2.023746669292449951e-01
1.019167974591255188e-01
6.143721342086791992e-01
2.060242891311645508e-01
2.356340438127517700e-01
5.220869779586791992e-01
4.452681750990450382e-04
6.981979124248027802e-03
1.348765194416046143e-02
6.106134131550788879e-02
5.483898567035794258e-04
1.131437486037611961e-03
2.121136523783206940e-02
6.928156316280364990e-02
4.391016662120819092e-01
1.202835328876972198e-02
7.608614563941955566e-01
2.143645584583282471e-01
3.049291968345642090e-01
1.165037741884589195e-03
1.558122187852859497e-01
4.143580421805381775e-02
1.228025630116462708e-01
4.400958772748708725e-03
1.521563902497291565e-02
1.456293165683746338e-01
2.153414487838745117e-02
6.119658946990966797e-01
1.175600215792655945e-01
5.478424951434135437e-02
3.545293509960174561e-01
1.353511661291122437e-01
7.462869584560394287e-02
2.644169032573699951e-01
6.629513502120971680e-01
2.444350719451904297e-01
5.277473479509353638e-03
3.793964162468910217e-03
2.457626687828451395e-04
4.541502892971038818e-01
5.012205243110656738e-01
4.762218594551086426e-01
3.907717466354370117e-01
2.391174733638763428e-01
3.433187305927276611e-01
4.037235975265502930e-01
2.201670594513416290e-02
7.525080814957618713e-03
2.355508953332901001e-01
1.491272449493408203e-02
4.352566972374916077e-02
9.138382971286773682e-02
6.307343840599060059e-01
2.675557434558868408e-01
2.041562646627426147e-01
2.039016634225845337e-01
4.205057024955749512e-01
5.422333478927612305e-01
4.562656953930854797e-02
9.139732355833984911e-06
3.514654561877250671e-02
2.901563346385955811e-01
8.875896455720067024e-04
6.763203069567680359e-03
1.563135683536529541e-01
3.968547582626342773e-01
5.380354523658752441e-01
9.945664405822753906e-01
4.772203974425792694e-03
2.655430734157562256e-01
3.404330015182495117e-01
4.751827716827392578e-01
1.875797403044998646e-03
8.858706057071685791e-02
2.039632797241210938e-01
2.006548456847667694e-03
1.816076412796974182e-02
3.616781234741210938e-01
1.097558531910181046e-02
8.190085887908935547e-01
4.378060698509216309e-01
3.886419534683227539e-01
1.594004184007644653e-01
4.898642003536224365e-01
2.691334784030914307e-01
1.292501669377088547e-02
3.388680517673492432e-02
4.262568354606628418e-01
1.739318482577800751e-03
3.098973631858825684e-01
2.093038558959960938e-01
4.664406180381774902e-01
7.200202941894531250e-01
2.113454043865203857e-01
1.658530533313751221e-01
3.992729783058166504e-01
3.507066369056701660e-01
7.084985822439193726e-02
3.639855608344078064e-02
2.450018525123596191e-01
2.578615546226501465e-01
6.261110305786132812e-01
2.135253846645355225e-01
4.557533189654350281e-02
4.875297546386718750e-01
5.829261541366577148e-01
4.019236564636230469e-01
2.010518908500671387e-01
1.915739178657531738e-01
4.386656880378723145e-01
5.810144543647766113e-01
3.803399158641695976e-03
9.759011864662170410e-02
2.707585394382476807e-01
5.964350700378417969e-01
3.545770596247166395e-05
3.222661912441253662e-01
2.921117544174194336e-01
3.761000931262969971e-01
2.039328515529632568e-01
2.036540359258651733e-01
2.891815602779388428e-01
3.940191864967346191e-01
1.721195131540298462e-01
6.808345206081867218e-04
9.684217721223831177e-02
3.709614872932434082e-01
6.568361520767211914e-01
2.133628353476524353e-02
1.570109860040247440e-03
3.995267152786254883e-01
1.653753072023391724e-01
4.016239345073699951e-01
2.011950165033340454e-01
3.293800652027130127e-01
2.201374024152755737e-01
2.156023979187011719e-01
3.734774887561798096e-03
3.269661664962768555e-01
4.035501480102539062e-01
5.130100846290588379e-01
3.225428285077214241e-03
2.175819277763366699e-01
2.319802790880203247e-01
8.213184475898742676e-01
3.072040379047393799e-01
1.911843568086624146e-01
8.772092312574386597e-02
5.711315870285034180e-01
4.461593031883239746e-01
4.901840351521968842e-03
6.270100921392440796e-02
1.600877642631530762e-01
1.184961991384625435e-03
1.520618945360183716e-01
9.769255295395851135e-03
3.894138932228088379e-01
7.974115610122680664e-01
3.972784876823425293e-01
1.972394138574600220e-01
3.471049070358276367e-01
4.348712265491485596e-01
2.640212774276733398e-01
3.251436352729797363e-01
2.522960007190704346e-01
5.051031112670898438e-01
1.680916696786880493e-01
1.965845376253128052e-01
2.476755976676940918e-01
1.650017797946929932e-01
5.392666459083557129e-01
1.395520120859146118e-01
2.000286430120468140e-01
3.357494175434112549e-01
3.703582882881164551e-01
2.413069084286689758e-02
1.041079871356487274e-03
1.210873201489448547e-01
2.971128225326538086e-01
7.557084318250417709e-04
1.815990544855594635e-03
2.392927557229995728e-02
1.946185529232025146e-01
3.867913782596588135e-02
4.065052568912506104e-01
2.197957783937454224e-01
5.865986347198486328e-01
2.383232712745666504e-01
3.621475994586944580e-01
3.300497531890869141e-01
5.458884872496128082e-03
5.707998201251029968e-02
2.042438238859176636e-01
3.063046373426914215e-03
1.182360798120498657e-01
2.758890986442565918e-01
4.084994494915008545e-01
4.161024987697601318e-01
4.837690293788909912e-01
2.765408158302307129e-01
4.511398077011108398e-01
4.093573987483978271e-01
2.037812620401382446e-01
1.582273989915847778e-01
1.397151648998260498e-01
4.158017691224813461e-03
2.689687609672546387e-01
2.038222253322601318e-01
2.139112055301666260e-01
8.716440200805664062e-01
3.938906192779541016e-01
1.351169645786285400e-01
6.159657835960388184e-01
2.136998027563095093e-01
3.013397157192230225e-01
2.130194157361984253e-01
1.990528106689453125e-01
8.126383274793624878e-02
3.073850413784384727e-03
3.103845007717609406e-02
1.950898170471191406e-01
5.596908181905746460e-02
4.635701477527618408e-01
1.625589430332183838e-01
1.227237656712532043e-01
4.752605259418487549e-01
7.447279244661331177e-02
1.206637546420097351e-01
2.532341778278350830e-01
1.131133437156677246e-01
2.645882405340671539e-02
4.159177839756011963e-01
2.147431373596191406e-01
5.475812032818794250e-02
9.516378492116928101e-02
2.253507822751998901e-01
3.426209390163421631e-01
3.150414675474166870e-03
2.782425880432128906e-01
3.393847942352294922e-01
2.883988916873931885e-01
1.968756765127182007e-01
2.288570068776607513e-02
1.044226363301277161e-01
3.195649981498718262e-01
3.506898880004882812e-01
1.185178011655807495e-01
3.902535438537597656e-01
3.962584137916564941e-01
3.581401193514466286e-03
1.820873171091079712e-01
5.024899244308471680e-01
1.289384961128234863e-01
2.067499607801437378e-01
9.259738773107528687e-02
3.924275636672973633e-01
1.724623739719390869e-01
3.288475275039672852e-01
1.655113548040390015e-01
1.838197410106658936e-01
2.779162228107452393e-01
6.075100302696228027e-01
3.858485221862792969e-01
1.148870680481195450e-03
1.819703876972198486e-01
4.918868839740753174e-01
3.651581406593322754e-01
4.001135230064392090e-01
2.775966227054595947e-01
3.133432567119598389e-01
2.380346208810806274e-01
1.265842467546463013e-03
2.395732402801513672e-01
3.532087504863739014e-01
5.762744545936584473e-01
3.860416114330291748e-01
3.089059609919786453e-03
3.170864284038543701e-01
6.359533071517944336e-01
3.867155611515045166e-01
3.770550489425659180e-01
4.011394083499908447e-01
2.416604384779930115e-02
1.364671140909194946e-01
1.974376738071441650e-01
2.004492878913879395e-01
2.322178184986114502e-01
9.466270208358764648e-01
2.353045493364334106e-01
2.772578271105885506e-03
4.978644549846649170e-01
2.207975834608078003e-01
2.114291861653327942e-02
4.073124527931213379e-01
1.451185196638107300e-01
6.445364654064178467e-02
2.092457907565403730e-05
2.258556336164474487e-01
1.377720944583415985e-02
1.315108239650726318e-01
3.533871471881866455e-01
3.886737227439880371e-01
1.997765451669692993e-01
2.692352235317230225e-01
7.097141742706298828e-01
3.761439025402069092e-01
2.095785439014434814e-01
6.352467089891433716e-02
1.581041216850280762e-01
3.576053380966186523e-01
7.380288094282150269e-03
4.574862122535705566e-01
6.285723298788070679e-02
4.121990799903869629e-01
3.068075180053710938e-01
3.940484523773193359e-01
5.021003484725952148e-01
2.912917137145996094e-01
3.677703142166137695e-01
1.950735449790954590e-01
3.759523630142211914e-01
2.033337205648422241e-02
3.865926712751388550e-02
4.261875748634338379e-01
2.453211545944213867e-01
4.906627535820007324e-01
4.695460796356201172e-01
4.736263453960418701e-01
2.398589104413986206e-01
6.131896972656250000e-01
1.610303968191146851e-01
2.198873013257980347e-01
3.727192059159278870e-02
7.962408065795898438e-01
4.117542505264282227e-01
3.800600394606590271e-02
3.748691976070404053e-01
6.099074482917785645e-01
3.992975354194641113e-01
4.885571002960205078e-01
1.914682537317276001e-01
3.815518617630004883e-01
1.770162433385848999e-01
7.658365964889526367e-01
2.329071797430515289e-02
1.866126507520675659e-01
2.897591888904571533e-01
3.970069587230682373e-01
3.597697615623474121e-01
2.005477696657180786e-01
3.325123786926269531e-01
4.113516211509704590e-01
4.831025004386901855e-01
3.696737289428710938e-01
3.933720588684082031e-01
2.389683425426483154e-01
4.213676750659942627e-01
1.791513860225677490e-01
5.028641223907470703e-01
2.985259145498275757e-02
1.589572727680206299e-01
1.027495414018630981e-01
2.714870264753699303e-03
1.949546784162521362e-01
3.133125901222229004e-01
3.258479237556457520e-01
3.903852403163909912e-02
3.992565572261810303e-01
4.270183145999908447e-01
9.160313606262207031e-01
2.027886658906936646e-01
1.803259253501892090e-01
6.181266307830810547e-01
2.022308856248855591e-01
7.838256955146789551e-01
2.615377074107527733e-03
1.813481450080871582e-01
3.155253231525421143e-01
4.611795246601104736e-01
3.364747464656829834e-01
4.193920176476240158e-03
5.147653222084045410e-01
3.091647028923034668e-01
2.421834319829940796e-02
4.947806596755981445e-01
4.157269895076751709e-01
3.168581426143646240e-01
2.687540650367736816e-01
2.338092625141143799e-01
4.216358661651611328e-01
2.002511173486709595e-01
5.524671673774719238e-01
1.957974582910537720e-01
3.165383124724030495e-03
4.507991671562194824e-01
5.064206123352050781e-01
4.379397332668304443e-01
5.743437409400939941e-01
6.798064708709716797e-01
4.305186271667480469e-01
5.214976146817207336e-03
6.797248870134353638e-02
2.133708447217941284e-02
6.394744515419006348e-01
4.990134537220001221e-01
1.943358033895492554e-01
2.988275140523910522e-02
5.676805377006530762e-01
3.100059032440185547e-01
1.978930085897445679e-01
2.612905800342559814e-01
1.782642304897308350e-01
2.131431102752685547e-01
1.983011811971664429e-01
6.175765022635459900e-02
2.693485841155052185e-02
2.683559358119964600e-01
7.388962507247924805e-01
8.864337205886840820e-02
8.057834580540657043e-03
3.556547164916992188e-01
3.300590515136718750e-01
5.062071084976196289e-01
7.709820568561553955e-02
4.768922030925750732e-01
6.474138796329498291e-02
1.774879395961761475e-01
1.525099761784076691e-02
5.724471211433410645e-01
1.891972683370113373e-02
5.775747299194335938e-01
1.138636609539389610e-03
4.014328420162200928e-01
3.321233093738555908e-01
2.519543170928955078e-01
3.742616772651672363e-01
1.097357925027608871e-02
2.483211755752563477e-01
5.772021412849426270e-02
3.473514807410538197e-04
4.685394000262022018e-03
4.325635433197021484e-01
9.965610504150390625e-01
4.631703495979309082e-01
3.461548686027526855e-01
1.523420810699462891e-01
6.482030749320983887e-01
3.532194793224334717e-01
4.065731167793273926e-01
2.188020497560501099e-01
3.030260205268859863e-01
4.209748208522796631e-01
4.276987314224243164e-01
4.018571972846984863e-01
6.080197095870971680e-01
4.152190312743186951e-02
7.480793595314025879e-01
1.861569136381149292e-01
1.979753673076629639e-01
4.507324397563934326e-01
4.330306053161621094e-01
1.541628241539001465e-01
1.274694651365280151e-01
1.864810585975646973e-01
4.124057292938232422e-01
1.936753094196319580e-01
2.151327207684516907e-03
1.480157226324081421e-01
5.900166630744934082e-01
5.204258561134338379e-01
9.143810719251632690e-03
2.438821131363511086e-03
2.773070335388183594e-01
5.995528697967529297e-01
3.737795352935791016e-01
2.097537815570831299e-01
3.760230541229248047e-01
7.925840616226196289e-01
7.137151956558227539e-01
2.605532296001911163e-03
1.983242332935333252e-01
4.298833012580871582e-01
6.294938325881958008e-01
6.030904650688171387e-01
1.986086219549179077e-01
7.358751296997070312e-01
2.332642376422882080e-01
2.051389962434768677e-01
7.785699516534805298e-02
1.423192918300628662e-01
7.186390161514282227e-01
1.609136909246444702e-01
4.590532183647155762e-01
3.883542120456695557e-02
2.174198329448699951e-01
9.633477330207824707e-01
4.124827980995178223e-01
6.827290635555982590e-03
3.168289959430694580e-01
3.943966031074523926e-01
2.320496141910552979e-01
2.180580943822860718e-01
4.062064588069915771e-01
5.929342508316040039e-01
6.922251195646822453e-04
7.722184527665376663e-03
1.219769120216369629e-01
2.668843567371368408e-01
7.603245973587036133e-01
7.625405490398406982e-02
4.720703065395355225e-01
4.441172778606414795e-01
5.408217906951904297e-01
2.047512233257293701e-01
3.845737576484680176e-01
2.450863458216190338e-02
1.453766673803329468e-01
2.152451314032077789e-03
1.955771446228027344e-01
1.399968285113573074e-02
1.656283587217330933e-01
6.657313704490661621e-01
1.650020852684974670e-02
3.722158670425415039e-01
4.815533161163330078e-01
2.475348711013793945e-01
3.905915021896362305e-01
1.493721385486423969e-03
4.073564410209655762e-01
4.203375577926635742e-01
9.902800619602203369e-02
4.522080719470977783e-02
1.102352514863014221e-01
2.888547442853450775e-02
5.234706401824951172e-01
1.137665193527936935e-02
3.455837666988372803e-01
6.034749150276184082e-01
4.218326210975646973e-01
6.069527268409729004e-01
2.084616571664810181e-01
1.410077884793281555e-02
5.426670312881469727e-01
5.410501956939697266e-01
2.148231957107782364e-03
1.675993949174880981e-01
7.978169918060302734e-01
5.639259815216064453e-01
3.146159350872039795e-01
3.797082304954528809e-01
1.833517849445343018e-01
2.097160518169403076e-01
3.171572685241699219e-01
3.167783319950103760e-01
1.053827628493309021e-01
2.775107920169830322e-01
5.951776504516601562e-01
3.973398823291063309e-03
6.882959511131048203e-03
3.364681899547576904e-01
8.677812814712524414e-01
1.442136168479919434e-01
5.674493499100208282e-03
3.541266322135925293e-01
4.014238417148590088e-01
5.158103108406066895e-01
3.995158970355987549e-01
1.830270290374755859e-01
4.879260361194610596e-01
7.691552042961120605e-01
1.753762830048799515e-03
1.878117583692073822e-02
8.510168641805648804e-02
5.073002576828002930e-01
3.924373090267181396e-01
1.998201608657836914e-01
7.389475107192993164e-01
7.719079256057739258e-01
7.799952030181884766e-01
2.043903917074203491e-01
2.950691878795623779e-01
2.601195275783538818e-01
2.148856222629547119e-01
1.167236478067934513e-03
9.802892059087753296e-02
5.154491588473320007e-02
7.824767827987670898e-01
1.817234456539154053e-01
1.861350387334823608e-01
4.794600307941436768e-01
5.227226018905639648e-01
2.145392745733261108e-01
5.999130606651306152e-01
3.827185332775115967e-01
2.573528699576854706e-02
2.926861494779586792e-02
6.783920526504516602e-01
2.024559676647186279e-01
3.142210841178894043e-01
5.779627561569213867e-01
5.578575730323791504e-01
3.632839918136596680e-01
4.054921865463256836e-01
9.755776822566986084e-02
1.432408951222896576e-02
4.187203347682952881e-01
6.027333140373229980e-01
2.478569597005844116e-01
5.216309428215026855e-01
1.597370393574237823e-02
1.465109921991825104e-02
8.190920948982238770e-02
6.695080995559692383e-01
7.673512399196624756e-02
1.923379153013229370e-01
5.414472818374633789e-01
2.901059985160827637e-01
3.397292196750640869e-01
6.015815138816833496e-01
7.613431662321090698e-03
2.229809463024139404e-01
4.307979643344879150e-01
1.490814685821533203e-01
2.523416280746459961e-01
2.022077143192291260e-01
4.209097027778625488e-01
3.734843432903289795e-01
1.853118985891342163e-01
5.173127651214599609e-01
3.701207041740417480e-01
6.077648997306823730e-01
5.990915298461914062e-01
4.567752033472061157e-02
3.827463686466217041e-01
5.518248677253723145e-01
3.372684866189956665e-02
1.341825909912586212e-02
2.057604491710662842e-01
3.999268412590026855e-01
1.876715570688247681e-01
1.296891421079635620e-01
4.126319587230682373e-01
2.617928385734558105e-01
5.115013122558593750e-01
6.204414367675781250e-01
5.350706167519092560e-03
2.144724875688552856e-01
1.192388162016868591e-01
2.490676753222942352e-02
3.918346762657165527e-01
5.009179003536701202e-03
6.883413195610046387e-01
6.500652432441711426e-02
3.992679417133331299e-01
4.994918406009674072e-01
4.528687894344329834e-01
3.964855074882507324e-01
2.070174217224121094e-01
1.962043046951293945e-01
4.624791443347930908e-01
7.456910330802202225e-03
4.284234642982482910e-01
2.047083228826522827e-01
1.896391808986663818e-01
2.049377858638763428e-01
3.709730207920074463e-01
1.755517572164535522e-01
7.778214812278747559e-01
6.310032010078430176e-01
4.285770654678344727e-01
4.008187651634216309e-01
2.538163401186466217e-02
4.659073352813720703e-01
1.132825110107660294e-02
2.178411697968840599e-03
2.189438790082931519e-01
5.938464403152465820e-02
3.616385459899902344e-01
1.268305908888578415e-02
1.930788308382034302e-01
7.267296314239501953e-01
1.212834417819976807e-01
2.045026272535324097e-01
2.006883472204208374e-01
1.554041206836700439e-01
2.038640081882476807e-01
3.999902307987213135e-01
2.136654555797576904e-01
3.803301602602005005e-03
3.881653398275375366e-02
8.887568712234497070e-01
5.552023649215698242e-01
5.172650814056396484e-01
2.430045306682586670e-01
2.563925683498382568e-01
4.236414134502410889e-01
6.002533435821533203e-01
2.606146633625030518e-01
3.207043409347534180e-01
1.362570375204086304e-01
6.620690226554870605e-03
1.251132460311055183e-03
2.674717456102371216e-02
3.012088537216186523e-01
2.599471509456634521e-01
3.955301046371459961e-01
4.499413371086120605e-01
7.171849012374877930e-01
7.346260547637939453e-01
5.950109958648681641e-01
3.398066163063049316e-01
2.988772094249725342e-01
2.051739394664764404e-01
7.665945217013359070e-03
2.037878483533859253e-01
2.079308480024337769e-01
5.043527483940124512e-01
4.535726308822631836e-01
3.656522333621978760e-01
3.192890062928199768e-02
2.409160435199737549e-01
4.270529747009277344e-01
5.444003343582153320e-01
4.653510451316833496e-01
2.219905853271484375e-01
6.434779167175292969e-01
1.327854096889495850e-01
3.930771946907043457e-01
9.270124137401580811e-03
3.981572389602661133e-01
3.634267449378967285e-01
1.927648037672042847e-01
3.057507872581481934e-01
4.408760070800781250e-01
2.150987833738327026e-02
3.992630243301391602e-01
2.587068080902099609e-01
4.622181355953216553e-01
2.195207178592681885e-01
1.888728290796279907e-01
1.961477398872375488e-01
1.274697482585906982e-01
4.609552025794982910e-01
6.119580008089542389e-03
1.968872696161270142e-01
6.328357458114624023e-01
1.831619292497634888e-01
3.954574167728424072e-01
6.715900301933288574e-01
2.728560566902160645e-01
3.563965260982513428e-01
6.510718464851379395e-01
1.631975360214710236e-02
4.219462871551513672e-01
2.499130815267562866e-01
7.084400057792663574e-01
1.908358782529830933e-01
1.923856288194656372e-01
3.905635476112365723e-01
3.675148785114288330e-01
3.926195204257965088e-01
6.030580997467041016e-01
3.582634925842285156e-01
1.350936889648437500e-01
2.982329130172729492e-01
7.814576029777526855e-01
1.960466355085372925e-01
5.435222387313842773e-01
3.983465731143951416e-01
1.782848387956619263e-01
3.910842537879943848e-01
5.149912834167480469e-01
2.587734460830688477e-01
2.201581150293350220e-01
2.757126986980438232e-01
2.398943305015563965e-01
4.831146597862243652e-01
4.888819456100463867e-01
6.557112932205200195e-01
2.113687098026275635e-01
5.822992324829101562e-01
5.829463005065917969e-01
4.028686285018920898e-01
3.531381487846374512e-02
5.197542905807495117e-01
3.272668719291687012e-01
1.761083453893661499e-01
5.025132372975349426e-02
2.409521639347076416e-01
2.883660495281219482e-01
7.227652668952941895e-01
5.916054844856262207e-01
6.309714168310165405e-02
3.975723981857299805e-01
6.741065979003906250e-01
3.886369466781616211e-01
1.399208046495914459e-02
3.095927238464355469e-01
5.152669548988342285e-01
3.151565790176391602e-01
2.335978746414184570e-01
1.993803083896636963e-01
2.435399219393730164e-02
5.700898170471191406e-01
6.917998194694519043e-01
6.298010349273681641e-01
3.481014668941497803e-01
4.131723642349243164e-01
4.914575815200805664e-01
8.823809213936328888e-03
3.429345190525054932e-01
5.425295829772949219e-01
3.870530426502227783e-01
1.176683381199836731e-01
1.935682445764541626e-01
5.879159271717071533e-02
2.595985829830169678e-01
6.715327501296997070e-01
1.127006020396947861e-02
2.523779571056365967e-01
6.349979639053344727e-01
2.014627754688262939e-01
1.033323723822832108e-02
5.130584836006164551e-01
6.271573901176452637e-01
4.544034600257873535e-01
3.177564442157745361e-01
3.546963632106781006e-01
5.550198554992675781e-01
2.316229194402694702e-01
7.457376718521118164e-01
9.238637983798980713e-02
2.031408250331878662e-01
