1.234568096697330475e-02
1.000000000000000000e+00
3.333333432674407959e-01
1.111111193895339966e-01
3.703704103827476501e-02
3.333333432674407959e-01
2.222222387790679932e-01
9.259259700775146484e-02
3.549382835626602173e-02
1.111111193895339966e-01
1.111111193895339966e-01
6.018519029021263123e-02
3.189300745725631714e-02
2.777777984738349915e-02
1.000000000000000000e+00
3.333333432674407959e-01
1.111111193895339966e-01
2.777777984738349915e-02
3.333333432674407959e-01
2.222222387790679932e-01
8.333334326744079590e-02
3.472222387790679932e-02
1.111111193895339966e-01
1.111111193895339966e-01
5.787037685513496399e-02
3.086420148611068726e-02
4.629630129784345627e-03
5.401235073804855347e-03
1.000000000000000000e+00
1.388888992369174957e-02
9.259260259568691254e-03
5.000000000000000000e-01
1.666666716337203979e-01
5.555555969476699829e-02
1.388888992369174957e-02
1.666666716337203979e-01
1.388888955116271973e-01
6.018518656492233276e-02
2.469136007130146027e-02
1.929012476466596127e-03
3.858024952933192253e-03
1.000000000000000000e+00
3.333333432674407959e-01
7.716049905866384506e-03
3.333333432674407959e-01
2.777777910232543945e-01
6.944444775581359863e-02
2.314814925193786621e-02
1.111111193895339966e-01
1.250000000000000000e-01
6.481482088565826416e-02
2.932099066674709320e-02
3.703704103827476501e-02
1.851852051913738251e-02
1.000000000000000000e+00
3.333333432674407959e-01
1.111111193895339966e-01
3.333333432674407959e-01
2.222222387790679932e-01
9.259259700775146484e-02
2.314814925193786621e-02
1.111111193895339966e-01
1.111111193895339966e-01
6.018519029021263123e-02
3.163580596446990967e-02
4.166666790843009949e-02
3.472222387790679932e-02
1.000000000000000000e+00
5.000000000000000000e-01
1.666666716337203979e-01
4.166666790843009949e-02
1.666666716337203979e-01
9.722222387790679932e-02
3.819444775581359863e-02
1.851852051913738251e-02
5.555555969476699829e-02
4.282407462596893311e-02
2.700617536902427673e-02
4.166666790843009949e-02
3.472222387790679932e-02
1.000000000000000000e+00
3.333333432674407959e-01
1.666666716337203979e-01
4.166666790843009949e-02
3.333333432674407959e-01
4.166666790843009949e-02
2.777777984738349915e-02
1.666666716337203979e-01
8.333333581686019897e-02
5.555555969476699829e-02
2.777777984738349915e-02
3.703704103827476501e-02
3.086420148611068726e-02
1.000000000000000000e+00
3.333333432674407959e-01
1.111111193895339966e-01
3.703704103827476501e-02
3.333333432674407959e-01
2.222222387790679932e-01
1.234568096697330475e-02
1.111111193895339966e-01
1.296296417713165283e-01
4.320988059043884277e-02
2.777777984738349915e-02
2.777777984738349915e-02
2.777777984738349915e-02
1.000000000000000000e+00
3.333333432674407959e-01
1.111111193895339966e-01
2.777777984738349915e-02
3.333333432674407959e-01
2.222222387790679932e-01
8.333334326744079590e-02
1.111111193895339966e-01
1.111111193895339966e-01
6.481482088565826416e-02
2.160494029521942139e-02
2.777777984738349915e-02
2.314814925193786621e-02
1.000000000000000000e+00
3.333333432674407959e-01
1.111111193895339966e-01
2.777777984738349915e-02
3.333333432674407959e-01
2.777777910232543945e-01
9.722222387790679932e-02
3.356481716036796570e-02
6.944444775581359863e-02
5.902777984738349915e-02
3.086419962346553802e-02
2.777777984738349915e-02
2.314814925193786621e-02
1.000000000000000000e+00
3.333333432674407959e-01
1.111111193895339966e-01
2.777777984738349915e-02
3.333333432674407959e-01
2.222222387790679932e-01
1.018518656492233276e-01
3.472222760319709778e-02
1.111111193895339966e-01
2.546296641230583191e-02
2.430555969476699829e-02
2.777777984738349915e-02
2.314814925193786621e-02
1.000000000000000000e+00
3.333333432674407959e-01
1.111111193895339966e-01
2.777777984738349915e-02
3.333333432674407959e-01
2.222222387790679932e-01
8.333334326744079590e-02
3.703704103827476501e-02
1.111111193895339966e-01
1.111111193895339966e-01
1.234568096697330475e-02
2.777777984738349915e-02
2.314814925193786621e-02
1.000000000000000000e+00
3.333333432674407959e-01
1.111111193895339966e-01
2.777777984738349915e-02
3.333333432674407959e-01
2.222222387790679932e-01
8.333334326744079590e-02
3.009259700775146484e-02
1.111111193895339966e-01
1.111111193895339966e-01
5.787037685513496399e-02
5.000000000000000000e-01
5.000000000000000000e-01
4.166666865348815918e-01
1.041666716337203979e-01
3.472222387790679932e-02
1.666666716337203979e-01
1.597222387790679932e-01
7.465278357267379761e-02
3.602430969476699829e-02
5.555555969476699829e-02
6.770834326744079590e-02
4.123264551162719727e-02
2.575231902301311493e-02
1.000000000000000000e+00
1.851852051913738251e-02
5.000000000000000000e-01
1.666666716337203979e-01
5.555555969476699829e-02
4.166666790843009949e-02
1.666666716337203979e-01
9.722222387790679932e-02
4.282407462596893311e-02
3.472222387790679932e-02
4.166666790843009949e-02
3.819444775581359863e-02
2.700617536902427673e-02
5.000000000000000000e-01
1.929012476466596127e-03
5.000000000000000000e-01
6.944444961845874786e-03
5.787037312984466553e-03
2.500000000000000000e-01
8.333333581686019897e-02
2.777777984738349915e-02
6.944444961845874786e-03
8.333333581686019897e-02
6.944444775581359863e-02
3.009259328246116638e-02
1.234568003565073013e-02
5.000000000000000000e-01
2.700617536902427673e-03
5.000000000000000000e-01
4.166666865348815918e-01
5.401235073804855347e-03
1.666666716337203979e-01
1.944444477558135986e-01
4.861111193895339966e-02
1.620370522141456604e-02
5.555555969476699829e-02
7.638889551162719727e-02
4.166667163372039795e-02
1.929012686014175415e-02
5.000000000000000000e-01
1.388888992369174957e-02
5.000000000000000000e-01
5.000000000000000000e-01
1.250000000000000000e-01
4.166666790843009949e-02
1.250000000000000000e-01
8.333333581686019897e-02
3.472222387790679932e-02
1.388888992369174957e-02
4.166666790843009949e-02
3.472222387790679932e-02
2.314814925193786621e-02
5.000000000000000000e-01
1.543209981173276901e-02
5.000000000000000000e-01
4.166666865348815918e-01
1.388888955116271973e-01
4.629629850387573242e-02
1.666666716337203979e-01
4.629629850387573242e-02
3.086419962346553802e-02
8.333333581686019897e-02
4.166666790843009949e-02
3.626543283462524414e-02
2.237654477357864380e-02
5.000000000000000000e-01
1.736111193895339966e-02
5.000000000000000000e-01
4.166666865348815918e-01
1.041666716337203979e-01
5.208333581686019897e-02
1.666666716337203979e-01
1.597222387790679932e-01
1.736111193895339966e-02
5.555555969476699829e-02
8.101852238178253174e-02
2.700617536902427673e-02
2.218364365398883820e-02
5.000000000000000000e-01
1.736111193895339966e-02
5.000000000000000000e-01
4.166666865348815918e-01
1.041666716337203979e-01
3.472222387790679932e-02
1.666666716337203979e-01
1.597222387790679932e-01
7.465278357267379761e-02
5.555555969476699829e-02
6.770834326744079590e-02
4.745370894670486450e-02
1.581790298223495483e-02
5.000000000000000000e-01
1.157407462596893311e-02
5.000000000000000000e-01
4.166666865348815918e-01
1.041666716337203979e-01
3.472222387790679932e-02
1.666666716337203979e-01
1.875000000000000000e-01
8.159722387790679932e-02
3.197338059544563293e-02
4.687500000000000000e-02
4.383680596947669983e-02
2.527006343007087708e-02
5.000000000000000000e-01
1.157407462596893311e-02
5.000000000000000000e-01
4.166666865348815918e-01
1.041666716337203979e-01
3.472222387790679932e-02
1.666666716337203979e-01
1.597222387790679932e-01
8.796297013759613037e-02
3.356481716036796570e-02
5.555555969476699829e-02
2.199074253439903259e-02
2.218364365398883820e-02
5.000000000000000000e-01
1.157407462596893311e-02
5.000000000000000000e-01
4.166666865348815918e-01
1.041666716337203979e-01
3.472222387790679932e-02
1.666666716337203979e-01
1.597222387790679932e-01
7.465278357267379761e-02
3.645833581686019897e-02
5.555555969476699829e-02
6.770834326744079590e-02
1.215277891606092453e-02
5.000000000000000000e-01
1.157407462596893311e-02
5.000000000000000000e-01
4.166666865348815918e-01
1.041666716337203979e-01
3.472222387790679932e-02
1.666666716337203979e-01
1.597222387790679932e-01
7.465278357267379761e-02
3.023727051913738251e-02
5.555555969476699829e-02
6.770834326744079590e-02
4.123264551162719727e-02
1.000000000000000000e+00
3.333333432674407959e-01
3.333333432674407959e-01
2.777777910232543945e-01
6.944444775581359863e-02
2.777777984738349915e-02
1.111111193895339966e-01
9.722222387790679932e-02
5.902777984738349915e-02
2.314814925193786621e-02
2.777777984738349915e-02
3.356481716036796570e-02
3.086419962346553802e-02
5.000000000000000000e-01
2.500000000000000000e-01
5.000000000000000000e-01
1.250000000000000000e-01
4.166666790843009949e-02
2.500000000000000000e-01
8.333333581686019897e-02
6.944444775581359863e-02
3.819444775581359863e-02
8.333333581686019897e-02
6.944444775581359863e-02
4.050926119089126587e-02
2.623457089066505432e-02
5.000000000000000000e-01
1.666666716337203979e-01
5.000000000000000000e-01
3.333333432674407959e-01
4.629630595445632935e-03
1.666666716337203979e-01
1.666666865348815918e-01
4.166667163372039795e-02
1.388889085501432419e-02
5.555555969476699829e-02
6.944444775581359863e-02
3.703704103827476501e-02
1.697531156241893768e-02
5.000000000000000000e-01
1.666666716337203979e-01
5.000000000000000000e-01
3.333333432674407959e-01
1.666666716337203979e-01
1.666666716337203979e-01
1.388888955116271973e-01
9.027778357267379761e-02
2.256944589316844940e-02
5.555555969476699829e-02
6.250000000000000000e-02
4.340277984738349915e-02
2.575231716036796570e-02
5.000000000000000000e-01
1.666666716337203979e-01
5.000000000000000000e-01
4.166666865348815918e-01
1.875000000000000000e-01
4.687500000000000000e-02
1.041666716337203979e-01
8.159722387790679932e-02
4.383680596947669983e-02
1.157407462596893311e-02
3.472222387790679932e-02
3.197338059544563293e-02
2.527006343007087708e-02
5.000000000000000000e-01
1.666666716337203979e-01
5.000000000000000000e-01
3.333333432674407959e-01
1.944444477558135986e-01
4.861111193895339966e-02
1.666666716337203979e-01
4.861111193895339966e-02
4.050926119089126587e-02
8.333333581686019897e-02
4.166666790843009949e-02
3.703703731298446655e-02
2.584876678884029388e-02
5.000000000000000000e-01
1.666666716337203979e-01
5.000000000000000000e-01
3.333333432674407959e-01
1.666666716337203979e-01
5.555555969476699829e-02
1.666666716337203979e-01
1.388888955116271973e-01
2.777777984738349915e-02
5.555555969476699829e-02
7.407407462596893311e-02
2.469135820865631104e-02
2.623456902801990509e-02
5.000000000000000000e-01
1.666666716337203979e-01
5.000000000000000000e-01
3.333333432674407959e-01
1.666666716337203979e-01
4.166666790843009949e-02
1.666666716337203979e-01
1.388888955116271973e-01
7.638889551162719727e-02
5.555555969476699829e-02
6.250000000000000000e-02
4.629629850387573242e-02
1.543209981173276901e-02
5.000000000000000000e-01
1.666666716337203979e-01
5.000000000000000000e-01
3.333333432674407959e-01
1.666666716337203979e-01
4.166666790843009949e-02
1.666666716337203979e-01
1.666666716337203979e-01
8.333333581686019897e-02
4.166666790843009949e-02
4.166666790843009949e-02
4.166666790843009949e-02
2.777777984738349915e-02
5.000000000000000000e-01
1.666666716337203979e-01
5.000000000000000000e-01
3.333333432674407959e-01
1.666666716337203979e-01
4.166666790843009949e-02
1.666666716337203979e-01
1.388888955116271973e-01
8.796297013759613037e-02
4.282407462596893311e-02
5.555555969476699829e-02
2.199074253439903259e-02
2.527006343007087708e-02
5.000000000000000000e-01
1.666666716337203979e-01
5.000000000000000000e-01
3.333333432674407959e-01
1.666666716337203979e-01
4.166666790843009949e-02
1.666666716337203979e-01
1.388888955116271973e-01
7.638889551162719727e-02
4.629629850387573242e-02
5.555555969476699829e-02
6.250000000000000000e-02
1.543209981173276901e-02
5.000000000000000000e-01
1.666666716337203979e-01
5.000000000000000000e-01
3.333333432674407959e-01
1.666666716337203979e-01
4.166666790843009949e-02
1.666666716337203979e-01
1.388888955116271973e-01
7.638889551162719727e-02
3.993055969476699829e-02
5.555555969476699829e-02
6.250000000000000000e-02
3.993055969476699829e-02
1.000000000000000000e+00
5.000000000000000000e-01
1.666666716337203979e-01
1.666666716337203979e-01
1.388888955116271973e-01
4.629630129784345627e-03
1.388888992369174957e-02
5.555555969476699829e-02
6.018518656492233276e-02
5.401235073804855347e-03
9.259260259568691254e-03
1.388888992369174957e-02
2.469136007130146027e-02
1.000000000000000000e+00
3.333333432674407959e-01
1.666666716337203979e-01
3.333333432674407959e-01
8.333333581686019897e-02
4.166666790843009949e-02
1.666666716337203979e-01
4.166666790843009949e-02
5.555555969476699829e-02
3.472222387790679932e-02
4.166666790843009949e-02
2.777777984738349915e-02
2.777777984738349915e-02
1.000000000000000000e+00
3.333333432674407959e-01
1.111111193895339966e-01
3.333333432674407959e-01
2.222222387790679932e-01
2.777777984738349915e-02
1.111111193895339966e-01
1.018518656492233276e-01
2.546296641230583191e-02
2.314814925193786621e-02
2.777777984738349915e-02
3.472222760319709778e-02
2.430555969476699829e-02
1.000000000000000000e+00
3.333333432674407959e-01
1.111111193895339966e-01
3.333333432674407959e-01
2.222222387790679932e-01
1.111111193895339966e-01
1.111111193895339966e-01
9.259259700775146484e-02
6.018519029021263123e-02
1.234568096697330475e-02
3.703704103827476501e-02
3.549382835626602173e-02
3.189300745725631714e-02
1.000000000000000000e+00
3.333333432674407959e-01
1.111111193895339966e-01
3.333333432674407959e-01
2.777777910232543945e-01
1.250000000000000000e-01
1.929012476466596127e-03
6.944444775581359863e-02
6.481482088565826416e-02
3.858024952933192253e-03
7.716049905866384506e-03
2.314814925193786621e-02
2.932099066674709320e-02
1.000000000000000000e+00
3.333333432674407959e-01
1.111111193895339966e-01
3.333333432674407959e-01
2.222222387790679932e-01
1.296296417713165283e-01
3.703704103827476501e-02
1.111111193895339966e-01
4.320988059043884277e-02
3.086420148611068726e-02
3.703704103827476501e-02
1.234568096697330475e-02
2.777777984738349915e-02
1.000000000000000000e+00
3.333333432674407959e-01
1.111111193895339966e-01
3.333333432674407959e-01
2.222222387790679932e-01
1.111111193895339966e-01
2.777777984738349915e-02
1.111111193895339966e-01
8.333334326744079590e-02
2.314814925193786621e-02
2.777777984738349915e-02
3.703704103827476501e-02
1.234568096697330475e-02
1.000000000000000000e+00
3.333333432674407959e-01
1.111111193895339966e-01
3.333333432674407959e-01
2.222222387790679932e-01
1.111111193895339966e-01
2.777777984738349915e-02
1.111111193895339966e-01
8.333334326744079590e-02
5.787037685513496399e-02
2.777777984738349915e-02
3.472222387790679932e-02
3.086420148611068726e-02
1.000000000000000000e+00
3.333333432674407959e-01
1.111111193895339966e-01
3.333333432674407959e-01
2.222222387790679932e-01
1.111111193895339966e-01
3.703704103827476501e-02
1.111111193895339966e-01
9.259259700775146484e-02
6.018519029021263123e-02
1.851852051913738251e-02
2.314814925193786621e-02
3.163580596446990967e-02
1.000000000000000000e+00
3.333333432674407959e-01
1.111111193895339966e-01
3.333333432674407959e-01
2.222222387790679932e-01
1.111111193895339966e-01
2.777777984738349915e-02
1.111111193895339966e-01
8.333334326744079590e-02
6.481482088565826416e-02
2.777777984738349915e-02
2.777777984738349915e-02
2.160494029521942139e-02
1.000000000000000000e+00
3.333333432674407959e-01
1.111111193895339966e-01
3.333333432674407959e-01
2.222222387790679932e-01
1.111111193895339966e-01
2.777777984738349915e-02
1.111111193895339966e-01
8.333334326744079590e-02
5.787037685513496399e-02
2.314814925193786621e-02
2.777777984738349915e-02
3.009259700775146484e-02
5.000000000000000000e-01
2.500000000000000000e-01
1.250000000000000000e-01
5.000000000000000000e-01
6.250000000000000000e-02
2.500000000000000000e-01
8.333333581686019897e-02
2.777777984738349915e-02
4.050926119089126587e-02
8.333333581686019897e-02
6.944444775581359863e-02
3.240741044282913208e-02
2.430555783212184906e-02
5.000000000000000000e-01
2.500000000000000000e-01
8.333333581686019897e-02
5.000000000000000000e-01
8.333333581686019897e-02
2.500000000000000000e-01
8.333333581686019897e-02
6.944444775581359863e-02
1.736111193895339966e-02
8.333333581686019897e-02
6.944444775581359863e-02
4.050926119089126587e-02
2.218364365398883820e-02
5.000000000000000000e-01
2.500000000000000000e-01
8.333333581686019897e-02
5.000000000000000000e-01
8.333333581686019897e-02
6.944444775581359863e-02
6.944444961845874786e-03
2.777777984738349915e-02
3.009259328246116638e-02
1.929012476466596127e-03
5.787037312984466553e-03
6.944444961845874786e-03
1.234568003565073013e-02
5.000000000000000000e-01
2.500000000000000000e-01
8.333333581686019897e-02
5.000000000000000000e-01
8.333333581686019897e-02
6.944444775581359863e-02
2.500000000000000000e-01
2.777777984738349915e-02
3.240741044282913208e-02
1.250000000000000000e-01
6.250000000000000000e-02
4.050926119089126587e-02
2.430555783212184906e-02
5.000000000000000000e-01
2.500000000000000000e-01
8.333333581686019897e-02
5.000000000000000000e-01
8.333333581686019897e-02
8.333333581686019897e-02
2.500000000000000000e-01
8.333333581686019897e-02
2.777777984738349915e-02
8.333333581686019897e-02
8.333333581686019897e-02
2.777777984738349915e-02
2.777777984738349915e-02
5.000000000000000000e-01
2.500000000000000000e-01
8.333333581686019897e-02
5.000000000000000000e-01
8.333333581686019897e-02
6.944444775581359863e-02
2.500000000000000000e-01
8.333333581686019897e-02
5.555555969476699829e-02
8.333333581686019897e-02
6.944444775581359863e-02
4.166667163372039795e-02
1.388889085501432419e-02
5.000000000000000000e-01
2.500000000000000000e-01
8.333333581686019897e-02
5.000000000000000000e-01
8.333333581686019897e-02
6.944444775581359863e-02
2.500000000000000000e-01
1.250000000000000000e-01
6.944444775581359863e-02
4.050926119089126587e-02
4.166666790843009949e-02
3.819444775581359863e-02
2.623457089066505432e-02
5.000000000000000000e-01
2.500000000000000000e-01
8.333333581686019897e-02
5.000000000000000000e-01
8.333333581686019897e-02
6.944444775581359863e-02
2.500000000000000000e-01
8.333333581686019897e-02
6.944444775581359863e-02
4.050926119089126587e-02
8.333333581686019897e-02
1.736111193895339966e-02
2.218364365398883820e-02
5.000000000000000000e-01
2.500000000000000000e-01
8.333333581686019897e-02
5.000000000000000000e-01
8.333333581686019897e-02
6.944444775581359863e-02
2.500000000000000000e-01
8.333333581686019897e-02
5.555555969476699829e-02
4.166667163372039795e-02
8.333333581686019897e-02
6.944444775581359863e-02
1.388889085501432419e-02
5.000000000000000000e-01
2.500000000000000000e-01
8.333333581686019897e-02
5.000000000000000000e-01
8.333333581686019897e-02
6.944444775581359863e-02
2.500000000000000000e-01
8.333333581686019897e-02
5.555555969476699829e-02
3.703703731298446655e-02
8.333333581686019897e-02
6.944444775581359863e-02
3.703703731298446655e-02
5.000000000000000000e-01
1.666666716337203979e-01
8.333333581686019897e-02
5.000000000000000000e-01
3.333333432674407959e-01
1.666666716337203979e-01
1.666666865348815918e-01
4.166667163372039795e-02
1.388889085501432419e-02
5.555555969476699829e-02
6.944444775581359863e-02
3.703704103827476501e-02
1.929012686014175415e-02
5.000000000000000000e-01
1.666666716337203979e-01
8.333333581686019897e-02
5.000000000000000000e-01
4.166666865348815918e-01
4.166666790843009949e-02
1.388888955116271973e-01
4.629629850387573242e-02
3.626543283462524414e-02
1.543209981173276901e-02
4.629629850387573242e-02
3.086419962346553802e-02
2.237654477357864380e-02
5.000000000000000000e-01
1.666666716337203979e-01
8.333333581686019897e-02
5.000000000000000000e-01
3.333333432674407959e-01
4.166666790843009949e-02
1.666666716337203979e-01
1.388888992369174957e-02
2.083333395421504974e-02
8.333333581686019897e-02
4.166666790843009949e-02
2.083333395421504974e-02
1.388888992369174957e-02
5.000000000000000000e-01
1.666666716337203979e-01
8.333333581686019897e-02
5.000000000000000000e-01
3.333333432674407959e-01
4.166666790843009949e-02
1.666666716337203979e-01
1.666666865348815918e-01
2.083333395421504974e-02
5.555555969476699829e-02
8.333334326744079590e-02
2.777778171002864838e-02
2.430555783212184906e-02
5.000000000000000000e-01
1.666666716337203979e-01
8.333333581686019897e-02
5.000000000000000000e-01
3.333333432674407959e-01
4.166666790843009949e-02
1.666666716337203979e-01
1.666666865348815918e-01
4.166667163372039795e-02
5.555555969476699829e-02
6.944444775581359863e-02
4.398148506879806519e-02
1.466049533337354660e-02
5.000000000000000000e-01
1.666666716337203979e-01
8.333333581686019897e-02
5.000000000000000000e-01
3.333333432674407959e-01
4.166666790843009949e-02
1.666666716337203979e-01
1.944444477558135986e-01
4.861111193895339966e-02
3.703703731298446655e-02
4.861111193895339966e-02
4.050926119089126587e-02
2.584876678884029388e-02
5.000000000000000000e-01
1.666666716337203979e-01
8.333333581686019897e-02
5.000000000000000000e-01
3.333333432674407959e-01
4.166666790843009949e-02
1.666666716337203979e-01
1.666666865348815918e-01
5.555556342005729675e-02
3.935185819864273071e-02
5.555555969476699829e-02
1.851852238178253174e-02
2.237654849886894226e-02
5.000000000000000000e-01
1.666666716337203979e-01
8.333333581686019897e-02
5.000000000000000000e-01
3.333333432674407959e-01
4.166666790843009949e-02
1.666666716337203979e-01
1.666666865348815918e-01
4.166667163372039795e-02
4.166667163372039795e-02
5.555555969476699829e-02
6.944444775581359863e-02
1.388889085501432419e-02
5.000000000000000000e-01
1.666666716337203979e-01
8.333333581686019897e-02
5.000000000000000000e-01
3.333333432674407959e-01
4.166666790843009949e-02
1.666666716337203979e-01
1.666666865348815918e-01
4.166667163372039795e-02
3.472222387790679932e-02
5.555555969476699829e-02
6.944444775581359863e-02
3.703704103827476501e-02
5.000000000000000000e-01
1.666666716337203979e-01
5.555555969476699829e-02
5.000000000000000000e-01
4.166666865348815918e-01
1.597222387790679932e-01
1.041666716337203979e-01
8.796297013759613037e-02
2.199074253439903259e-02
1.157407462596893311e-02
3.472222387790679932e-02
3.356481716036796570e-02
2.218364365398883820e-02
5.000000000000000000e-01
1.666666716337203979e-01
5.555555969476699829e-02
5.000000000000000000e-01
3.333333432674407959e-01
1.666666865348815918e-01
1.666666716337203979e-01
5.555556342005729675e-02
1.851852238178253174e-02
8.333333581686019897e-02
4.166666790843009949e-02
3.935185819864273071e-02
2.237654849886894226e-02
5.000000000000000000e-01
1.666666716337203979e-01
5.555555969476699829e-02
5.000000000000000000e-01
3.333333432674407959e-01
1.388888955116271973e-01
1.666666716337203979e-01
1.388888955116271973e-01
6.172839552164077759e-03
5.555555969476699829e-02
7.407407462596893311e-02
2.469135820865631104e-02
1.234567910432815552e-02
5.000000000000000000e-01
1.666666716337203979e-01
5.555555969476699829e-02
5.000000000000000000e-01
3.333333432674407959e-01
1.388888955116271973e-01
1.666666716337203979e-01
1.388888955116271973e-01
8.101852238178253174e-02
5.555555969476699829e-02
6.250000000000000000e-02
4.783950746059417725e-02
1.594650372862815857e-02
5.000000000000000000e-01
1.666666716337203979e-01
5.555555969476699829e-02
5.000000000000000000e-01
3.333333432674407959e-01
1.388888955116271973e-01
1.666666716337203979e-01
1.666666716337203979e-01
8.796297013759613037e-02
2.199074253439903259e-02
4.166666790843009949e-02
4.282407462596893311e-02
2.527006343007087708e-02
5.000000000000000000e-01
1.666666716337203979e-01
5.555555969476699829e-02
5.000000000000000000e-01
3.333333432674407959e-01
1.388888955116271973e-01
1.666666716337203979e-01
1.388888955116271973e-01
9.259259700775146484e-02
2.314814925193786621e-02
5.555555969476699829e-02
2.314814925193786621e-02
2.314814925193786621e-02
5.000000000000000000e-01
1.666666716337203979e-01
5.555555969476699829e-02
5.000000000000000000e-01
3.333333432674407959e-01
1.388888955116271973e-01
1.666666716337203979e-01
1.388888955116271973e-01
8.101852238178253174e-02
2.700617536902427673e-02
5.555555969476699829e-02
6.250000000000000000e-02
1.350308768451213837e-02
5.000000000000000000e-01
1.666666716337203979e-01
5.555555969476699829e-02
5.000000000000000000e-01
3.333333432674407959e-01
1.388888955116271973e-01
1.666666716337203979e-01
1.388888955116271973e-01
8.101852238178253174e-02
2.025463059544563293e-02
5.555555969476699829e-02
6.250000000000000000e-02
4.108796268701553345e-02
5.000000000000000000e-01
1.666666716337203979e-01
5.555555969476699829e-02
5.000000000000000000e-01
4.166666865348815918e-01
1.944444477558135986e-01
7.638889551162719727e-02
4.861111193895339966e-02
4.166667163372039795e-02
2.700617536902427673e-03
5.401235073804855347e-03
1.620370522141456604e-02
1.929012686014175415e-02
5.000000000000000000e-01
1.666666716337203979e-01
5.555555969476699829e-02
5.000000000000000000e-01
4.166666865348815918e-01
1.597222387790679932e-01
8.101852238178253174e-02
1.041666716337203979e-01
2.700617536902427673e-02
1.736111193895339966e-02
5.208333581686019897e-02
1.736111193895339966e-02
2.218364365398883820e-02
5.000000000000000000e-01
1.666666716337203979e-01
5.555555969476699829e-02
5.000000000000000000e-01
4.166666865348815918e-01
1.597222387790679932e-01
6.770834326744079590e-02
1.041666716337203979e-01
7.465278357267379761e-02
1.157407462596893311e-02
3.472222387790679932e-02
3.645833581686019897e-02
1.215277891606092453e-02
5.000000000000000000e-01
1.666666716337203979e-01
5.555555969476699829e-02
5.000000000000000000e-01
4.166666865348815918e-01
1.597222387790679932e-01
6.770834326744079590e-02
1.041666716337203979e-01
7.465278357267379761e-02
4.123264551162719727e-02
3.472222387790679932e-02
3.602430969476699829e-02
2.575231902301311493e-02
5.000000000000000000e-01
1.666666716337203979e-01
5.555555969476699829e-02
5.000000000000000000e-01
4.166666865348815918e-01
1.597222387790679932e-01
6.770834326744079590e-02
1.041666716337203979e-01
7.465278357267379761e-02
4.745370894670486450e-02
1.736111193895339966e-02
3.472222387790679932e-02
1.581790298223495483e-02
5.000000000000000000e-01
1.666666716337203979e-01
5.555555969476699829e-02
5.000000000000000000e-01
4.166666865348815918e-01
1.597222387790679932e-01
6.770834326744079590e-02
1.041666716337203979e-01
7.465278357267379761e-02
4.123264551162719727e-02
1.157407462596893311e-02
3.472222387790679932e-02
3.023727051913738251e-02
5.000000000000000000e-01
1.666666716337203979e-01
5.555555969476699829e-02
5.000000000000000000e-01
3.333333432674407959e-01
1.666666865348815918e-01
8.333334326744079590e-02
1.666666716337203979e-01
2.777778171002864838e-02
8.333333581686019897e-02
4.166666790843009949e-02
2.083333395421504974e-02
2.430555783212184906e-02
5.000000000000000000e-01
1.666666716337203979e-01
5.555555969476699829e-02
5.000000000000000000e-01
3.333333432674407959e-01
1.666666865348815918e-01
6.944444775581359863e-02
1.666666716337203979e-01
4.166667163372039795e-02
8.333333581686019897e-02
4.166666790843009949e-02
4.166667163372039795e-02
1.388889085501432419e-02
5.000000000000000000e-01
1.666666716337203979e-01
5.555555969476699829e-02
5.000000000000000000e-01
3.333333432674407959e-01
1.666666865348815918e-01
6.944444775581359863e-02
1.666666716337203979e-01
4.166667163372039795e-02
3.703704103827476501e-02
4.629630595445632935e-03
1.388889085501432419e-02
1.697531156241893768e-02
5.000000000000000000e-01
1.666666716337203979e-01
5.555555969476699829e-02
5.000000000000000000e-01
3.333333432674407959e-01
1.666666865348815918e-01
6.944444775581359863e-02
1.666666716337203979e-01
4.166667163372039795e-02
3.703704103827476501e-02
8.333333581686019897e-02
1.388889085501432419e-02
1.929012686014175415e-02
5.000000000000000000e-01
1.666666716337203979e-01
5.555555969476699829e-02
5.000000000000000000e-01
3.333333432674407959e-01
1.666666865348815918e-01
6.944444775581359863e-02
1.666666716337203979e-01
4.166667163372039795e-02
4.398148506879806519e-02
8.333333581686019897e-02
4.166666790843009949e-02
1.466049533337354660e-02
5.000000000000000000e-01
1.666666716337203979e-01
5.555555969476699829e-02
5.000000000000000000e-01
3.333333432674407959e-01
1.666666865348815918e-01
6.944444775581359863e-02
1.666666716337203979e-01
4.166667163372039795e-02
3.703704103827476501e-02
8.333333581686019897e-02
4.166666790843009949e-02
3.472222387790679932e-02
5.000000000000000000e-01
1.666666716337203979e-01
5.555555969476699829e-02
5.000000000000000000e-01
3.333333432674407959e-01
1.388888955116271973e-01
7.407407462596893311e-02
1.666666716337203979e-01
1.388888955116271973e-01
5.555555969476699829e-02
7.407407462596893311e-02
2.469135820865631104e-02
1.234567910432815552e-02
5.000000000000000000e-01
1.666666716337203979e-01
5.555555969476699829e-02
5.000000000000000000e-01
3.333333432674407959e-01
1.388888955116271973e-01
7.407407462596893311e-02
1.666666716337203979e-01
1.666666716337203979e-01
2.469135820865631104e-02
5.555555969476699829e-02
2.777777984738349915e-02
2.623456902801990509e-02
5.000000000000000000e-01
1.666666716337203979e-01
5.555555969476699829e-02
5.000000000000000000e-01
3.333333432674407959e-01
1.388888955116271973e-01
7.407407462596893311e-02
1.666666716337203979e-01
1.388888955116271973e-01
2.469135820865631104e-02
5.555555969476699829e-02
6.172839552164077759e-03
1.234567910432815552e-02
5.000000000000000000e-01
1.666666716337203979e-01
5.555555969476699829e-02
5.000000000000000000e-01
3.333333432674407959e-01
1.388888955116271973e-01
7.407407462596893311e-02
1.666666716337203979e-01
1.388888955116271973e-01
2.469135820865631104e-02
5.555555969476699829e-02
7.407407462596893311e-02
1.234567910432815552e-02
5.000000000000000000e-01
1.666666716337203979e-01
5.555555969476699829e-02
5.000000000000000000e-01
3.333333432674407959e-01
1.388888955116271973e-01
7.407407462596893311e-02
1.666666716337203979e-01
1.388888955116271973e-01
2.469135820865631104e-02
5.555555969476699829e-02
7.407407462596893311e-02
2.469135820865631104e-02
5.000000000000000000e-01
1.666666716337203979e-01
5.555555969476699829e-02
5.000000000000000000e-01
3.333333432674407959e-01
1.388888955116271973e-01
6.250000000000000000e-02
1.666666716337203979e-01
1.666666716337203979e-01
7.638889551162719727e-02
4.166666790843009949e-02
4.629629850387573242e-02
1.543209981173276901e-02
5.000000000000000000e-01
1.666666716337203979e-01
5.555555969476699829e-02
5.000000000000000000e-01
3.333333432674407959e-01
1.388888955116271973e-01
6.250000000000000000e-02
1.666666716337203979e-01
1.388888955116271973e-01
8.101852238178253174e-02
5.555555969476699829e-02
2.700617536902427673e-02
1.350308768451213837e-02
5.000000000000000000e-01
1.666666716337203979e-01
5.555555969476699829e-02
5.000000000000000000e-01
3.333333432674407959e-01
1.388888955116271973e-01
6.250000000000000000e-02
1.666666716337203979e-01
1.388888955116271973e-01
6.944444775581359863e-02
5.555555969476699829e-02
6.250000000000000000e-02
4.398148506879806519e-02
5.000000000000000000e-01
1.666666716337203979e-01
5.555555969476699829e-02
5.000000000000000000e-01
3.333333432674407959e-01
1.388888955116271973e-01
6.250000000000000000e-02
1.666666716337203979e-01
1.666666716337203979e-01
9.027778357267379761e-02
4.340277984738349915e-02
2.256944589316844940e-02
2.575231716036796570e-02
5.000000000000000000e-01
1.666666716337203979e-01
5.555555969476699829e-02
5.000000000000000000e-01
3.333333432674407959e-01
1.388888955116271973e-01
6.250000000000000000e-02
1.666666716337203979e-01
1.666666716337203979e-01
7.638889551162719727e-02
4.629629850387573242e-02
4.166666790843009949e-02
1.543209981173276901e-02
5.000000000000000000e-01
1.666666716337203979e-01
5.555555969476699829e-02
5.000000000000000000e-01
3.333333432674407959e-01
1.388888955116271973e-01
6.250000000000000000e-02
1.666666716337203979e-01
1.666666716337203979e-01
7.638889551162719727e-02
3.993055969476699829e-02
4.166666790843009949e-02
3.993055969476699829e-02
5.000000000000000000e-01
1.666666716337203979e-01
5.555555969476699829e-02
5.000000000000000000e-01
3.333333432674407959e-01
1.388888955116271973e-01
6.250000000000000000e-02
1.666666716337203979e-01
1.388888955116271973e-01
8.101852238178253174e-02
4.783950746059417725e-02
5.555555969476699829e-02
1.594650372862815857e-02
5.000000000000000000e-01
1.666666716337203979e-01
5.555555969476699829e-02
5.000000000000000000e-01
3.333333432674407959e-01
1.388888955116271973e-01
6.250000000000000000e-02
1.666666716337203979e-01
1.388888955116271973e-01
8.101852238178253174e-02
4.108796268701553345e-02
5.555555969476699829e-02
2.025463059544563293e-02
5.000000000000000000e-01
1.666666716337203979e-01
5.555555969476699829e-02
5.000000000000000000e-01
3.333333432674407959e-01
1.388888955116271973e-01
6.250000000000000000e-02
1.666666716337203979e-01
1.388888955116271973e-01
6.944444775581359863e-02
4.398148506879806519e-02
5.555555969476699829e-02
6.250000000000000000e-02
