5.151776206331795116e-01
4.912010795014793985e-01
6.196788679407151390e-01
5.873129617923952273e-01
4.689413551642736544e-01
1.347291339653356179e-01
1.221792930356549178e-01
3.707977435445242720e-01
4.978174178843171593e-01
5.150792732825860698e-01
5.015167048863636845e-01
3.979392639471021065e-01
4.921478536953844962e-01
5.005556234122755521e-01
2.147840900405963704e-01
6.276798006813175679e-01
4.916276511858785891e-01
4.569662676949519664e-01
4.101220434083818200e-01
5.024787932399283896e-01
5.016495231180809755e-01
4.992699392560797644e-01
5.016863813865571897e-01
4.596731287154118273e-01
4.406121741317642337e-01
4.546048275302522201e-01
5.745403385148025732e-01
4.788058583194819695e-01
5.119145118559782492e-01
4.491176105489452786e-01
4.712877982081128958e-01
5.168791522200291144e-01
4.181539705739571455e-01
4.793692019123297343e-01
4.565623591725642694e-01
4.182847398691452723e-01
4.654624083151037706e-01
4.754097849406137555e-01
4.635252195329882530e-01
2.306126264935285386e-01
4.686404422512807089e-01
4.656577004899258854e-01
4.054009393243229176e-01
2.347164216413445970e-01
4.664767726216828558e-01
4.632061162073942695e-01
2.767487137517180562e-01
3.738720178214013923e-01
4.459340171440719369e-01
2.489465626058561809e-01
4.648158718566238745e-01
4.647855270858117227e-01
4.639972957027937994e-01
2.898234486263185916e-01
4.654666344122233568e-01
4.612546469514414715e-01
3.519122024826009110e-01
3.849024790557940556e-01
6.884209218506629480e-01
4.665905232744809172e-01
4.656159339205819814e-01
5.215094367472025150e-01
3.465468728771576301e-01
4.647804897249443457e-01
4.648177757672617427e-01
3.501487430684402380e-01
3.851414798837839992e-01
2.307543155683138836e-01
2.953076531345267264e-01
2.353778907015042221e-01
4.689488754822657701e-01
5.538433294456738265e-01
2.925703255921059953e-01
2.308643168917871857e-01
2.328832356275737647e-01
4.968504197866667749e-01
4.632380811969838974e-01
2.807717330036272885e-01
5.378639079057253580e-01
4.188546136390032815e-01
3.846052442357066337e-01
4.815415892203768200e-01
3.068119682007104387e-01
5.196204219201507879e-01
4.714895057346677465e-01
4.616859217624261214e-01
3.853488922403259798e-01
2.824264794348542162e-01
4.766459046536161148e-01
4.720840057726822248e-01
4.613585007507700064e-01
3.735981359583932515e-01
3.190610398126479397e-01
3.087301328660426170e-01
8.098701972227829726e-01
5.451941409936318372e-01
4.618956012677982725e-01
3.947424043995292342e-01
4.620751700274861595e-01
3.865210594399636213e-01
3.831984738499158993e-01
