9.805664420127868652e-01
5.669135972857475281e-02
3.600265458226203918e-02
9.924142956733703613e-01
9.799053072929382324e-01
1.410928964614868164e-01
8.389750868082046509e-02
9.862449765205383301e-01
8.229420185089111328e-01
6.977162510156631470e-02
6.871562451124191284e-02
9.847491383552551270e-01
9.274651408195495605e-01
3.212260305881500244e-01
8.956048637628555298e-02
1.084147603251039982e-03
1.636437838897109032e-03
9.995812177658081055e-01
4.606023803353309631e-02
4.389031603932380676e-02
2.121633384376764297e-03
9.932762980461120605e-01
8.294069766998291016e-01
8.635063469409942627e-02
4.811161756515502930e-02
9.906891584396362305e-01
4.908448755741119385e-01
3.680305480957031250e-01
1.489798873662948608e-01
9.873812794685363770e-01
3.934023529291152954e-02
9.899255633354187012e-01
4.321016371250152588e-02
7.698763627558946609e-03
2.603199705481529236e-02
9.784474372863769531e-01
2.360126934945583344e-02
2.392810955643653870e-02
7.283367216587066650e-02
9.800754189491271973e-01
1.658178865909576416e-01
7.279615104198455811e-02
1.263647079467773438e-01
9.897604584693908691e-01
3.480235114693641663e-02
9.899659156799316406e-01
5.211849138140678406e-02
1.655815541744232178e-02
7.096223533153533936e-02
9.821543693542480469e-01
4.974646866321563721e-02
2.732119336724281311e-02
6.136551499366760254e-02
9.799067378044128418e-01
3.079421818256378174e-01
1.233179196715354919e-01
9.093447029590606689e-02
9.716962575912475586e-01
6.684082746505737305e-02
4.212109372019767761e-02
9.597331285476684570e-01
1.314657926559448242e-01
6.784870475530624390e-02
6.899533271789550781e-01
9.259760975837707520e-01
9.209769219160079956e-02
4.003455489873886108e-02
4.222932830452919006e-02
7.571183145046234131e-02
5.052913352847099304e-02
2.069110050797462463e-02
9.897391796112060547e-01
6.838086992502212524e-02
4.060691222548484802e-02
9.858934879302978516e-01
5.803659558296203613e-03
4.060451313853263855e-02
9.861597418785095215e-01
1.542351301759481430e-02
6.098316609859466553e-02
4.179823398590087891e-02
9.889216423034667969e-01
1.405760198831558228e-01
1.541581004858016968e-01
1.955827623605728149e-01
9.683774709701538086e-01
3.052975609898567200e-02
2.497529797255992889e-02
9.923630952835083008e-01
9.674365520477294922e-01
1.032321434468030930e-02
9.890176653861999512e-01
9.520322680473327637e-01
4.649348556995391846e-02
2.837371267378330231e-02
9.844132661819458008e-01
9.949681162834167480e-01
3.268619477748870850e-01
4.721372947096824646e-02
9.791014790534973145e-01
5.276222527027130127e-02
2.761609479784965515e-02
9.902861714363098145e-01
9.540311694145202637e-01
9.114810824394226074e-02
9.842286109924316406e-01
9.686677902936935425e-02
8.431856334209442139e-02
5.228619277477264404e-02
9.830369353294372559e-01
9.880896806716918945e-01
3.100834786891937256e-01
1.562414020299911499e-01
9.830586314201354980e-01
6.522987782955169678e-02
4.060460254549980164e-02
9.921326637268066406e-01
9.761504530906677246e-01
1.476936340332031250e-01
8.766590803861618042e-02
9.555634260177612305e-01
1.648215353488922119e-01
6.703788042068481445e-02
4.139460623264312744e-01
8.121826499700546265e-02
1.191666573286056519e-01
3.896981850266456604e-02
9.796302318572998047e-01
5.260021984577178955e-02
3.485744073987007141e-02
9.891667366027832031e-01
9.496074318885803223e-01
1.225266605615615845e-01
1.207523196935653687e-01
9.765650033950805664e-01
1.974248513579368591e-02
4.739456623792648315e-02
9.826737642288208008e-01
5.582940205931663513e-02
9.033047407865524292e-02
8.313621580600738525e-02
9.765419363975524902e-01
4.178868979215621948e-02
3.110148385167121887e-02
9.899144768714904785e-01
6.597170829772949219e-01
4.394889995455741882e-02
4.231997206807136536e-02
9.837288856506347656e-01
5.502130091190338135e-02
1.497837994247674942e-02
9.805448651313781738e-01
2.347251474857330322e-01
1.260432302951812744e-01
1.194649040699005127e-01
9.753232598304748535e-01
5.098062381148338318e-02
3.330736979842185974e-02
9.913834333419799805e-01
9.673211574554443359e-01
1.391381025314331055e-01
7.907961308956146240e-02
9.873979091644287109e-01
9.364172220230102539e-01
6.956452876329421997e-02
9.860192537307739258e-01
9.946198463439941406e-01
2.817884683609008789e-01
1.007542759180068970e-01
9.860487580299377441e-01
6.105579063296318054e-02
3.691859170794487000e-02
9.933208227157592773e-01
9.768601655960083008e-01
9.140970557928085327e-02
8.761252462863922119e-02
9.870638847351074219e-01
9.528960585594177246e-01
1.147654727101325989e-01
5.061098933219909668e-02
9.721926450729370117e-01
2.318595200777053833e-01
5.506790429353713989e-02
9.838008284568786621e-01
5.593775212764739990e-02
3.323110938072204590e-02
9.895314574241638184e-01
9.599420428276062012e-01
7.124452292919158936e-02
8.714642375707626343e-02
9.798578619956970215e-01
8.111525774002075195e-01
1.300377696752548218e-01
1.305830478668212891e-01
9.798979163169860840e-01
4.754716902971267700e-02
6.070242822170257568e-02
9.834320545196533203e-01
6.005676835775375366e-02
3.453190252184867859e-02
9.890911579132080078e-01
9.600672125816345215e-01
7.129748910665512085e-02
9.053797274827957153e-02
9.835765361785888672e-01
8.751949667930603027e-02
3.808931261301040649e-02
4.820721223950386047e-02
9.819398522377014160e-01
9.834005832672119141e-01
1.435742154717445374e-02
9.788410663604736328e-01
5.757642909884452820e-02
3.449722751975059509e-02
9.926288127899169922e-01
9.650824069976806641e-01
1.392948180437088013e-01
8.345682173967361450e-02
9.885033965110778809e-01
9.322597384452819824e-01
7.509296387434005737e-02
6.669037044048309326e-02
9.859628677368164062e-01
9.944375753402709961e-01
3.669573366641998291e-01
