4.692204875441697842e-01
4.115156054254979212e-01
2.531726855501031936e-01
3.066870725026372146e-01
4.593808700122350985e-01
2.926996106084865934e-01
2.611810304537917071e-01
3.485477853638048185e-01
3.393102326618435693e-01
3.272843338155115855e-01
3.061421439320278770e-01
2.974557425611867312e-01
3.276371718022648150e-01
4.179794891522480849e-01
2.231978216709998852e-01
2.068544873727660161e-01
3.682569856755435467e-01
3.177538479749972833e-01
3.546624639185526062e-01
3.556908134084481588e-01
4.152824967347372165e-01
2.916099957477014670e-01
2.989941821075402517e-01
3.638802910080322639e-01
3.288243377509598719e-01
2.999858974586598892e-01
2.768133966108927146e-01
3.622641242467440348e-01
3.255718983709812164e-01
3.121852136861819615e-01
4.315099988419275889e-01
4.255053399560543292e-01
3.872526689217640761e-01
4.031274525018838650e-01
3.407845309215750129e-01
3.261078466267253173e-01
3.136928494159991754e-01
1.620363040072753946e-01
1.774257961123321958e-01
3.122063200347698908e-01
3.178462821703690877e-01
1.818691487408859164e-01
3.262249951949343085e-01
1.725210719025478956e-01
3.556038732282243986e-01
3.120517511433718028e-01
1.846002943997378798e-01
2.899093683809041977e-01
2.809043359369612913e-01
2.809496625111653212e-01
2.199576665376438422e-01
2.934395284033738394e-01
3.040845563205388791e-01
2.944780650476996886e-01
2.733063674890078287e-01
2.300010503341372303e-01
2.984305217217367301e-01
2.932431646264516134e-01
3.938095775934365994e-01
2.910316753235716591e-01
2.834354789855961787e-01
3.474411649199632413e-01
3.248779508643425684e-01
3.764865020146736518e-01
3.137924012083273539e-01
3.430318866784756171e-01
3.996482138329436329e-01
2.798728534521964795e-01
3.067847704167853684e-01
3.587858252800427694e-01
4.001218672985067948e-01
3.930190239244928940e-01
3.421689086452925910e-01
2.728780128348332057e-01
3.754743047577973614e-01
2.906314637511968613e-01
2.689866417875656501e-01
3.224991628756889717e-01
4.404009488912729031e-01
3.763339634125049127e-01
2.665819648223427540e-01
3.344049492421058423e-01
3.469685136268918502e-01
2.665440486027644273e-01
4.242057513732176433e-01
3.630930768469205483e-01
4.300040007667663700e-01
3.519640412324896439e-01
3.200259621326739801e-01
2.839840835390182727e-01
2.879762683923428046e-01
3.786555093135505756e-01
3.158299939458489858e-01
3.232857696712017059e-01
3.607926036302859796e-01
3.329435306099745029e-01
2.900633880008871568e-01
3.179660585637276160e-01
3.073113420800487328e-01
3.455578060462497492e-01
4.265983323208414335e-01
