9.561445713043212891e-01
9.874275326728820801e-01
9.880868196487426758e-01
9.839366674423217773e-01
9.884197115898132324e-01
9.915898442268371582e-01
9.979935288429260254e-01
9.725103378295898438e-01
9.983597993850708008e-01
9.897524118423461914e-01
9.966127872467041016e-01
9.625466465950012207e-01
9.989955425262451172e-01
9.969820380210876465e-01
9.992930293083190918e-01
8.601568341255187988e-01
9.169205427169799805e-01
9.977023005485534668e-01
9.755167365074157715e-01
9.902189373970031738e-01
9.788211584091186523e-01
9.742408990859985352e-01
9.834458231925964355e-01
9.956179261207580566e-01
9.909108877182006836e-01
9.548933506011962891e-01
9.985603094100952148e-01
9.884178638458251953e-01
9.982684850692749023e-01
9.409527182579040527e-01
9.075359106063842773e-01
9.759746789932250977e-01
9.702656865119934082e-01
9.947912096977233887e-01
9.916491508483886719e-01
9.642647504806518555e-01
9.980288147926330566e-01
9.937115907669067383e-01
9.917631745338439941e-01
9.424949288368225098e-01
9.926561117172241211e-01
9.952378273010253906e-01
9.991661310195922852e-01
9.855504631996154785e-01
9.871084690093994141e-01
9.885289072990417480e-01
9.911226034164428711e-01
9.987668991088867188e-01
9.979814887046813965e-01
9.784044623374938965e-01
9.985281229019165039e-01
9.939739108085632324e-01
9.956216216087341309e-01
9.616633057594299316e-01
9.966865777969360352e-01
9.977613687515258789e-01
9.996671676635742188e-01
9.995869994163513184e-01
9.837348461151123047e-01
9.382179975509643555e-01
9.134116768836975098e-01
9.975978136062622070e-01
9.967564940452575684e-01
6.570906639099121094e-01
9.950308203697204590e-01
9.966790080070495605e-01
9.928252696990966797e-01
9.105085134506225586e-01
9.978713393211364746e-01
9.982175230979919434e-01
9.994097948074340820e-01
9.921109676361083984e-01
9.921446442604064941e-01
9.814382791519165039e-01
9.167906045913696289e-01
9.849998354911804199e-01
9.900779128074645996e-01
9.821288585662841797e-01
9.739266037940979004e-01
9.606494307518005371e-01
9.546462893486022949e-01
9.682206511497497559e-01
9.776540398597717285e-01
9.882007241249084473e-01
9.630166888236999512e-01
9.709625244140625000e-01
9.847059249877929688e-01
9.822170734405517578e-01
9.828888177871704102e-01
9.603525400161743164e-01
9.825420379638671875e-01
9.662078619003295898e-01
9.961044192314147949e-01
9.955903291702270508e-01
9.920106530189514160e-01
9.518341422080993652e-01
9.950467348098754883e-01
9.963148832321166992e-01
9.991747736930847168e-01
9.900830388069152832e-01
9.857251644134521484e-01
9.252368807792663574e-01
9.879025816917419434e-01
9.824466705322265625e-01
9.944494366645812988e-01
9.800415635108947754e-01
9.985145926475524902e-01
9.980309605598449707e-01
9.922279119491577148e-01
9.626491069793701172e-01
9.894365072250366211e-01
9.973196983337402344e-01
9.996371865272521973e-01
9.906996488571166992e-01
9.714756608009338379e-01
9.071318507194519043e-01
9.482983350753784180e-01
9.876521229743957520e-01
9.964972734451293945e-01
9.960390925407409668e-01
9.894438385963439941e-01
9.970387816429138184e-01
9.964237809181213379e-01
9.196217060089111328e-01
9.981160759925842285e-01
9.994254708290100098e-01
9.995382428169250488e-01
9.930025339126586914e-01
9.812318086624145508e-01
9.458568692207336426e-01
9.404644370079040527e-01
9.839413762092590332e-01
9.960461258888244629e-01
9.941381812095642090e-01
9.838371872901916504e-01
9.949149489402770996e-01
9.974021911621093750e-01
9.775652289390563965e-01
9.844348430633544922e-01
9.954717755317687988e-01
9.964037537574768066e-01
9.283257722854614258e-01
9.840087890625000000e-01
9.875043034553527832e-01
9.796401858329772949e-01
9.433892369270324707e-01
9.944449067115783691e-01
9.991292357444763184e-01
9.640676379203796387e-01
9.926106333732604980e-01
9.916101098060607910e-01
9.480417966842651367e-01
9.986137151718139648e-01
9.919338822364807129e-01
9.914605617523193359e-01
9.861804842948913574e-01
9.891719222068786621e-01
9.714906215667724609e-01
9.857207536697387695e-01
9.916747808456420898e-01
9.937868118286132812e-01
9.951701164245605469e-01
9.712619781494140625e-01
9.984129071235656738e-01
9.937020540237426758e-01
9.657144546508789062e-01
9.959554076194763184e-01
9.958527684211730957e-01
9.975453615188598633e-01
9.902532100677490234e-01
9.881373047828674316e-01
9.808282256126403809e-01
9.880037903785705566e-01
9.960896968841552734e-01
9.924958348274230957e-01
9.974671602249145508e-01
9.727650284767150879e-01
9.985630512237548828e-01
9.926490783691406250e-01
9.968664050102233887e-01
9.947242140769958496e-01
9.968373179435729980e-01
9.995703697204589844e-01
9.165564179420471191e-01
9.799414873123168945e-01
9.892477393150329590e-01
9.796343445777893066e-01
9.902537465095520020e-01
9.939978718757629395e-01
9.958820343017578125e-01
9.662089943885803223e-01
9.978840947151184082e-01
9.895259141921997070e-01
9.968136548995971680e-01
9.475522637367248535e-01
9.927541613578796387e-01
9.957028627395629883e-01
8.989294767379760742e-01
9.732810854911804199e-01
9.913731813430786133e-01
9.807693958282470703e-01
9.787548780441284180e-01
9.944170713424682617e-01
9.963724613189697266e-01
9.694094061851501465e-01
9.817505478858947754e-01
9.858400821685791016e-01
9.956014752388000488e-01
9.516414403915405273e-01
9.841793775558471680e-01
9.878919124603271484e-01
8.732762336730957031e-01
9.762771725654602051e-01
9.913394451141357422e-01
9.809636473655700684e-01
9.944667220115661621e-01
9.919867515563964844e-01
9.945529103279113770e-01
9.737424254417419434e-01
9.976809620857238770e-01
9.935441613197326660e-01
9.939357638359069824e-01
9.543776512145996094e-01
9.983688592910766602e-01
9.979708790779113770e-01
