2.456025194663267741e-01
2.615713219229991449e-01
1.718613303159005345e-01
2.194800864532366058e-01
2.216816445669302638e-01
1.651074290247589171e-01
2.235378843011298633e-01
2.404304914122734060e-01
3.037565245915455070e-01
2.408036641919842069e-01
1.589876010011021801e-01
2.383265603118790987e-01
2.597790751964427214e-01
2.324398210128912623e-01
3.680915901517996941e-02
1.940207247702906423e-01
1.513319705398036841e-01
1.874393195589968419e-01
1.629910669647730292e-01
2.319619964736585327e-01
3.079254359293442378e-01
2.890870108698996299e-01
2.393829460040881041e-01
2.154367578287537388e-01
1.988965546748099333e-01
1.351172707352536473e-01
1.988801455344610669e-01
1.974304039299917823e-01
3.364297440991951826e-01
2.907485480805357403e-01
3.763734443256488427e-01
2.298467038557506503e-01
2.997515447831784474e-01
3.207162054112324134e-01
2.959580676486858741e-01
3.595313848211215135e-01
3.084168779448820952e-01
1.998727163434243503e-01
1.923095774506621836e-01
1.228094407426676971e-01
2.469223682643272577e-01
2.379935253478694113e-01
2.657350798377032808e-01
1.903690336223987090e-01
2.746258371536476894e-01
2.368395742999452325e-01
2.674178982093647905e-01
1.658794284762384885e-01
3.691079103602812883e-01
2.309102742717816237e-01
2.893558422802016139e-01
3.697889547508496633e-01
2.973788968072487715e-01
3.149816689009850013e-01
3.597465424010387047e-01
2.737355343281076547e-01
3.466908166077561360e-01
3.200597775061256867e-01
3.339687224764090190e-01
3.484811975280396323e-01
3.926181459369567639e-01
3.508122741029812697e-01
2.102269411731798043e-01
3.937436488564484138e-01
2.590220005770858536e-01
2.977838995150075552e-01
4.052160546326866730e-01
1.578483906783871016e-01
2.757587052989177723e-01
2.716371833185593498e-01
3.729586781432422393e-01
2.420414028366884296e-01
2.312446621676477188e-01
2.876655344958775062e-01
2.945237778364501735e-01
3.498347854026808146e-01
2.862107009680655012e-01
2.361178879185060198e-01
2.908841055602981451e-01
3.402597818217495407e-01
3.106071649772974563e-01
4.063332652708945281e-01
2.895536151795218283e-01
3.347499774625667945e-01
3.822624772034872165e-01
3.611299603049141771e-01
3.020051704504742029e-01
3.922856343336976748e-01
3.282115092644324883e-01
4.105929331137583849e-01
4.065178988071588284e-01
5.109960614488675557e-01
3.510688987757580870e-01
2.638622460385354751e-01
3.297170538168687215e-01
3.285289742768957022e-01
3.787526707881345156e-01
3.073250717089439643e-01
3.863932657673453397e-01
3.758809459037505407e-01
3.424834217338894593e-01
