4.209578931331634521e-01
2.208670526742935181e-01
2.351196557283401489e-01
4.473612643778324127e-03
9.942795149981975555e-04
6.580639164894819260e-04
5.368161946535110474e-04
1.551053574075922370e-04
4.550961602944880724e-05
1.747537316987290978e-05
4.677920514950528741e-06
2.054304530929584871e-07
9.401070428793900646e-07
8.269487921097606886e-07
2.409064327366650105e-04
1.792559341993182898e-04
2.149771898984909058e-04
3.255458781495690346e-03
9.038329590111970901e-04
3.475158242508769035e-03
8.707834640517830849e-04
1.047014120558742434e-05
1.633620922802947462e-05
1.508303193986648694e-05
2.978242264362052083e-06
8.386780336877563968e-07
5.270875931273621973e-07
1.030610837915446609e-05
1.869382089125792845e-07
6.209835410118103027e-01
4.331162490416318178e-04
6.321978289633989334e-04
2.535721287131309509e-03
3.527319058775901794e-03
3.245661407709121704e-02
6.075848887121537700e-06
2.457909249642398208e-05
5.032318313169525936e-07
5.764204979641363025e-05
1.599896251036625472e-07
2.718550058489199728e-05
3.746126822079531848e-07
5.846552042498842638e-08
5.454916954040527344e-01
6.009631156921386719e-01
7.405882934108376503e-04
1.710465177893638611e-03
2.949479967355728149e-03
3.788292706012725830e-01
3.857854462694376707e-04
5.898241852264618501e-06
2.184715413022786379e-04
8.892110054148361087e-05
2.196986201852269005e-07
1.419581678874237696e-07
4.941279257764108479e-06
9.151031008514109999e-06
9.637317657470703125e-01
6.221468448638916016e-01
3.358006179332733154e-01
8.293952560052275658e-04
1.959459856152534485e-03
6.322957924567162991e-04
3.535706355251022615e-06
7.185572030721232295e-06
2.626206842251121998e-04
4.514566626312443987e-06
1.143315557783353142e-06
7.729861977168184239e-07
7.383414413197897375e-06
1.375238980472204275e-07
7.902009487152099609e-01
7.136009931564331055e-01
2.520145773887634277e-01
4.181164316833019257e-03
1.346599194221198559e-03
1.936101168394088745e-01
1.053131472872337326e-05
1.183627391583286226e-04
7.804492270224727690e-07
4.073245823383331299e-02
4.739968517242232338e-06
7.525060823354579043e-07
8.999395362252471386e-08
1.223474508151412010e-03
4.928007125854492188e-01
5.682621002197265625e-01
8.501217365264892578e-01
1.343405456282198429e-03
1.645863638259470463e-03
1.654889434576034546e-01
2.653117699082940817e-04
5.783861070085549727e-06
7.069583807606250048e-05
8.551978680770844221e-06
6.390301621195249027e-08
3.434695656778785633e-07
2.211449327660375275e-06
6.958057201700285077e-05
6.463778018951416016e-01
8.202612400054931641e-01
7.009857892990112305e-01
4.484489560127258301e-03
1.912771724164485931e-03
2.291775681078433990e-02
7.081443527567898855e-06
4.178160452283918858e-06
1.110548782889964059e-05
9.232197157871269155e-07
7.791299339032775606e-08
2.045615872248163214e-07
2.820967779371130746e-07
2.800660467983107083e-07
8.467233777046203613e-01
8.193330168724060059e-01
6.548982262611389160e-01
1.722704968415200710e-03
2.387601695954799652e-02
3.433251695241779089e-04
1.195827499032020569e-03
3.776611993089318275e-05
6.171256245579570532e-06
1.659392728470265865e-04
1.118876156169790193e-07
8.261519042207510211e-07
3.426324401516467333e-04
8.113040053103759419e-07
8.222280740737915039e-01
7.931253910064697266e-01
7.996429204940795898e-01
2.230010461062192917e-03
1.143432338722050190e-03
1.959428656846284866e-03
3.374341409653425217e-03
1.130541136262763757e-06
1.697702941783063579e-06
1.506371336290612817e-05
2.767887735899421386e-06
3.386299431440420449e-05
1.738309549637051532e-07
3.752069897018373013e-04
5.126354098320007324e-01
5.915008783340454102e-01
4.681745171546936035e-01
3.872971050441265106e-03
1.535188057459890842e-03
1.454988308250904083e-02
1.521124597638845444e-02
1.586519938427954912e-04
1.941748450917657465e-05
5.787097290158271790e-02
1.251221078746311832e-06
3.810186797181813745e-07
8.190751543679652968e-08
2.034367980741080828e-06
6.332467198371887207e-01
4.084961712360382080e-01
3.651358485221862793e-01
1.369619276374578476e-03
1.456239493563771248e-03
1.760182203724980354e-03
1.685615442693233490e-02
7.058619667077437043e-05
4.806157667189836502e-04
3.096805812674574554e-05
9.385162229591514915e-07
5.253543804428773001e-06
8.045865979511290789e-05
2.931188625154845795e-09
7.626283168792724609e-01
6.867783069610595703e-01
5.260704755783081055e-01
8.798435330390930176e-03
1.866490463726222515e-03
7.284323871135711670e-02
3.925897777080535889e-01
7.447988082276424393e-06
3.101428956142626703e-05
1.011003550956957042e-04
3.020351414306787774e-06
2.872901063710742164e-07
4.142724492339766584e-07
2.307631952191968594e-08
7.884995937347412109e-01
3.358756899833679199e-01
6.596939563751220703e-01
8.724775398150086403e-04
3.425540868192911148e-03
2.918081823736429214e-03
8.499978575855493546e-04
1.351079663436394185e-05
7.578841905342414975e-05
1.151594369730446488e-05
2.303647488588467240e-04
1.903845259221270680e-08
1.545010803738477989e-07
2.100682422678801231e-06
6.592101454734802246e-01
5.875399112701416016e-01
7.962924242019653320e-01
1.848915824666619301e-03
2.622298197820782661e-03
1.941789686679840088e-02
2.039053142070770264e-01
1.551777677377685905e-05
8.591465302743017673e-06
9.499798579781781882e-06
1.348133082501590252e-04
9.137956453741935547e-07
6.683258106932044029e-07
1.697168272585258819e-07
6.287530064582824707e-01
6.212948560714721680e-01
7.940763831138610840e-01
2.397429896518588066e-03
1.169558614492416382e-03
1.441426426172256470e-01
1.616264507174491882e-02
4.004000402346719056e-06
6.953693809919059277e-05
1.047227342496626079e-04
3.271478926762938499e-04
6.295938703715364682e-08
9.157906788459513336e-07
2.871135791338019772e-07
