3.867322134229863456e-02
2.412635567410712986e-02
2.965189137005237729e-02
6.410299878386439831e-02
3.746224672412728357e-02
2.525200757352790912e-02
3.397048373575181635e-02
3.255008112558861050e-02
4.226165459552843479e-02
2.946773106327263067e-02
3.753524740538267263e-02
5.320291486873274245e-02
7.171421398921475066e-02
1.683094454734128387e-02
5.901179447593727159e-03
4.080191090759185263e-02
4.746781356334653368e-02
3.008571506187538921e-02
5.385182358731992192e-02
4.768421723605310164e-02
2.548633593180760215e-02
5.583392353198545627e-02
2.776097296566167050e-02
2.733576748281380323e-02
5.081057974460306131e-02
5.985589941354204149e-03
4.270845759845087741e-02
4.383105631154353421e-02
1.746490445279610254e-02
6.414594539259829697e-02
3.577013268753210379e-02
3.993966038385881462e-02
5.648094930130845293e-02
5.566041225301887607e-02
4.474978254267206190e-02
2.692490216689363489e-02
4.030735057760746753e-02
2.798380246321567795e-03
6.753554503505326129e-03
3.785449009405430186e-03
1.259725784535457513e-02
5.345211577278519144e-03
4.287934795446091130e-03
6.383201872838398586e-03
2.766222236206116337e-03
1.029720440470345381e-02
4.237220339619467840e-03
6.679107301281943937e-03
5.487115954017422748e-02
3.128826875043711625e-02
2.597024931043716289e-02
3.319185509403373840e-02
2.649789049367768518e-02
5.046166362167908009e-02
3.880056191559333456e-02
4.244104715984393233e-02
4.994211655961267732e-02
2.138493874326741206e-02
6.174359443238041506e-02
3.070211739293372127e-02
3.948905625150718468e-02
2.770853096909812324e-02
3.994376943088494974e-02
4.105778110558971211e-02
4.250774879941095902e-02
3.321118416957128533e-02
4.769822063581859173e-02
5.751478359793683881e-02
3.449548896770037593e-02
3.187783891681469917e-02
3.950857526721467117e-02
5.980974494654954510e-02
6.413695312338282828e-02
2.811435440347710008e-02
4.748659671727532144e-02
3.112404937473911559e-02
2.949460490462522261e-02
2.940174949757280026e-02
3.022159371371694464e-02
1.997951785244624426e-02
2.861401410041772633e-02
3.400400867443609948e-02
4.134200748820068133e-02
2.641164702331130071e-02
2.489602159859644406e-02
7.729955205496270854e-02
2.597230483029131995e-02
3.963977304346581743e-02
4.459411130960251601e-02
4.701332687209987260e-02
4.025661093223439208e-02
5.819696540077801822e-02
3.728509929752021890e-02
3.646463937252519827e-02
4.094524575612012995e-02
5.228384926662189153e-02
3.687717788715452749e-02
2.406983683137626021e-02
3.294459934048833000e-02
2.149284132964077512e-02
2.459942065752329654e-02
