8.701286752066678121e-02
7.845766337009453528e-02
4.404978961305182350e-02
6.903263164967500531e-02
7.337587823356163386e-02
7.709809469479995958e-02
8.806234456481504269e-02
1.173095687134421555e-01
1.154733208469014422e-01
6.283426298742945948e-02
9.040596370503915791e-02
1.088789603195087080e-01
8.055793839615979501e-02
1.054430170539630007e-01
2.771774961505658191e-02
8.594186352919352956e-02
1.049239625951369770e-01
9.331536254671846109e-02
8.708113310348467029e-02
1.079661469645473576e-01
8.193199857191593716e-02
9.768124226852356595e-02
1.144464436136278657e-01
9.316244785916821813e-02
9.093788087770349193e-02
3.053035527129675450e-02
8.738692832300259949e-02
4.516858226502380030e-02
9.917490399736660078e-02
8.646310370806112311e-02
9.812591247506273484e-02
1.012507992687600444e-01
1.223406312702326609e-01
8.584652390429535485e-02
1.169859990276073958e-01
9.867630489316070452e-02
9.462278098278777139e-02
6.532499594329867210e-02
4.620880683740744010e-02
4.896157761294699096e-02
5.897141450315337985e-02
4.334266995003697998e-02
1.635358021371757786e-02
7.104906916846140397e-02
2.736653683622045433e-02
2.485888202835877248e-02
5.723264952785729609e-02
2.735719451447948813e-02
8.405200657120286134e-02
8.346681680044500118e-02
6.828010651000883391e-02
1.088263677419700620e-01
1.108466549765300679e-01
8.480509154710838549e-02
9.597493621717709256e-02
1.059283559935955410e-01
7.427540264765972178e-02
9.548150794860423007e-02
8.429762897719640657e-02
7.828232778592791874e-02
9.706758350848058992e-02
8.895760830077611980e-02
8.876701803255659939e-02
1.144946892885715106e-01
1.123160041438845541e-01
8.160021871565102669e-02
9.719188469954623266e-02
9.061921700217331899e-02
7.699275185810759703e-02
9.093865944785023414e-02
1.099086385487540729e-01
1.019692303111346815e-01
6.272275811964461711e-02
7.561623718398471916e-02
1.093323772583971731e-01
8.440575766144320369e-02
8.518232727006901095e-02
7.738253913199653888e-02
9.238303041876441690e-02
8.636445662705227733e-02
1.034364716324489564e-01
8.341535439607329627e-02
7.756068088285526796e-02
1.037727279665257574e-01
6.675214736829869488e-02
7.502060549408130774e-02
5.551869028400128331e-02
1.469058174639730485e-01
1.206322686516701770e-01
7.398585341154383099e-02
1.046356363848854748e-01
1.094967943848334790e-01
8.151793566335421848e-02
8.591957402223635021e-02
1.130385533413993115e-01
1.197590570927087178e-01
8.153640959818193867e-02
9.335847837715285924e-02
9.455777660836107990e-02
7.765088732524488835e-02
6.055843400491330020e-02
