6.785650039091706276e-04
4.601353406906127930e-01
1.238431490691027648e-08
1.062421938619051431e-11
6.337745115160942078e-03
2.299440354108810425e-01
5.593364105216380722e-10
5.810313491558254009e-18
4.706210893345996737e-05
7.209542393684387207e-02
2.683734055608510971e-03
1.244715455596297068e-20
6.760986934750690125e-07
8.183187805116176605e-03
7.932613790035247803e-02
2.794508091596981103e-08
1.421905579945814679e-07
2.851120894774794579e-03
5.636244267225265503e-02
1.620220624332091575e-11
8.145824509711574457e-13
1.717917621135711670e-03
3.646136820316314697e-02
2.241059307529422173e-13
2.537259664929470901e-15
1.481095823692157865e-04
1.881544361822307110e-03
1.764189627717627218e-10
4.376002550125122070e-01
7.804876076988875866e-04
4.769749484268004380e-09
5.423669144511222839e-02
4.610176962405176937e-10
3.052329178899526596e-03
6.883864291012287140e-03
2.997147850692272186e-02
1.224133554938999779e-11
7.140997797250747681e-03
1.189204864203929901e-02
7.046025004772693556e-13
1.541061578791413922e-06
4.387217760086059570e-01
4.726838596980087459e-06
2.193384571000933647e-03
2.012889981269836426e-01
2.553542435634881258e-05
3.679227790351824109e-15
1.898773673014719776e-11
8.628287166357040405e-02
2.725184895098209381e-03
5.976842485094164604e-17
1.202627190541316615e-12
1.198108890093863010e-03
9.820911145652644336e-06
1.745917946100234985e-01
2.766297484413371421e-06
2.545585623010993004e-03
1.834803223609924316e-01
5.176600481604509696e-09
7.879354058104581782e-08
8.727592416107654572e-03
7.991944998502731323e-02
1.009564321030609335e-09
3.696246000245428931e-12
4.414007533341646194e-03
1.110130324377678335e-04
4.398225428303703666e-08
4.891895651817321777e-01
5.706650554202497005e-04
9.184058171740616672e-07
6.778694938702756190e-09
2.757955108734222449e-08
6.472521636169403791e-05
4.546325094167968928e-09
6.131570284736683266e-15
8.901984509777915999e-13
2.518234941817354411e-05
1.003467198223972900e-09
1.112065277993679047e-03
6.397810636826761765e-08
2.706039547920227051e-01
1.157754377345554531e-04
2.059326320886611938e-02
8.290869857319194125e-08
3.352849557995796204e-02
2.879955718526616693e-05
6.115521955507574603e-07
8.302780042868107557e-05
1.440834807015086913e-15
3.937830403447151184e-02
1.454055875704796108e-09
2.438176656141877174e-03
1.308139196964930306e-08
2.484923899173736572e-01
6.850243039480119478e-07
1.068494282662868500e-02
5.985029138955155759e-10
5.732377246022224426e-02
3.796443337478194735e-08
4.326197178272650490e-10
2.097280323505401611e-02
7.194302011764852622e-12
4.855342366557368503e-19
1.128304575104266405e-05
7.040563505142927170e-03
6.474440851889085025e-06
1.218247413635253906e-01
1.025869460136163980e-05
1.589518226683139801e-02
1.007062310236506164e-04
5.543765798211097717e-02
2.770092919490707573e-07
3.291364293545484543e-03
7.802715525031089783e-03
6.724033829730302614e-11
7.066582041748148413e-11
2.705988474190235138e-03
6.102641236793715507e-06
2.382127277087420225e-04
4.716156721115112305e-01
9.476151717535685748e-06
1.070099096978083253e-04
1.007418613880872726e-03
1.833312064409255981e-01
8.198828282957038027e-08
2.382124075666069984e-04
6.391512579284608364e-05
2.068682078970596194e-06
6.687725090159801766e-06
2.851700401151902042e-06
6.306474631401215447e-08
2.009858842939138412e-03
2.326342910528182983e-01
5.625690278066031169e-07
1.700241227808874100e-05
2.198538422817364335e-04
2.079537361860275269e-01
1.979411052843715879e-07
4.054919067186801840e-09
1.249848719453439116e-04
1.468637399375438690e-02
1.487759982410352677e-05
2.272002802783390507e-06
1.052835500559012871e-06
2.427803735827183118e-09
2.165413498878479004e-01
4.914120665944210486e-09
6.414869858417659998e-05
7.422082948238539757e-10
5.277647823095321655e-02
4.963883193376261715e-10
1.585583595442585647e-05
9.819260959886833007e-10
2.934897877275943756e-02
4.578112194897343556e-12
4.751905032657210981e-12
2.081395109598815907e-07
6.531140534207224846e-04
3.047820553183555603e-02
3.090976719022364705e-08
6.963997293496504426e-06
6.155873415991663933e-05
1.232129260897636414e-01
1.207292155136485690e-09
1.224553652923177083e-10
3.303235629573464394e-03
4.340448975563049316e-02
5.645585995223134645e-12
2.004219290123497935e-15
1.188321402878500521e-04
5.018708482384681702e-02
4.593675839714705944e-04
1.971593499183654785e-02
1.806148975447285920e-05
3.277683258056640625e-02
2.082000527536820300e-08
1.222872247907957899e-09
1.199538746732287109e-04
1.804034970700740814e-02
3.866346045405810727e-12
9.009005157547059217e-15
1.277942443266510963e-03
1.261532027274370193e-02
3.957846939073306203e-09
7.087749509082641453e-06
3.259021497115099919e-08
1.074086029007048637e-07
1.789665117490901736e-11
5.380210943428664905e-09
6.146165390866209499e-13
1.523148607240898400e-09
8.239524244072537269e-17
3.120553742166388977e-14
2.681698845208302373e-07
8.538601141243329362e-13
1.681675203144550323e-02
1.060173684952481210e-10
4.397207498550415039e-02
4.253564402461051941e-04
3.795274139406501490e-08
1.520678488304838538e-04
6.379140965462326562e-11
4.160603508353233337e-03
5.841272286488674581e-05
1.581537981110159308e-05
1.546058067810815451e-14
9.120296740050548578e-10
1.319465786218643188e-02
1.337941270321607590e-03
3.108720818545407383e-07
2.065988779067993164e-01
9.995473176240921021e-02
3.957486711442470551e-03
1.060882676392793655e-02
4.067315603606402874e-05
6.926841251697624102e-07
1.312475837767124176e-02
7.203785236924886703e-03
2.048038405533247897e-09
1.032225954017418346e-11
6.878376007080078125e-03
1.605507358908653259e-02
1.324734988372711086e-08
5.489714816212654114e-02
2.231499529443681240e-04
7.096219633240252733e-05
2.756339654297335073e-07
4.105690365463487979e-08
5.456876169773750007e-05
2.073663927149027586e-05
2.114501497548350144e-15
2.432874561530962154e-11
1.242751113750273362e-05
9.951043322686814463e-10
1.719851419329643250e-02
2.089544977934565395e-05
9.312975406646728516e-02
1.060520648024976254e-03
2.416622592136263847e-03
1.710386597551405430e-03
2.521436475217342377e-02
1.408773823641240597e-05
1.453233126085251570e-04
1.406913623213768005e-02
1.904878815447985652e-12
1.551159657537937164e-03
1.805441279429942369e-04
2.795857787132263184e-01
1.512725339125609025e-05
3.857437670230865479e-01
2.331599779427051544e-02
2.621543360874056816e-03
1.040906354319304228e-04
1.875539310276508331e-03
4.556708782911300659e-02
4.671295883440507168e-08
1.250875527603056980e-07
7.867762974456127267e-08
6.680386244184433053e-10
1.897633192129433155e-04
1.291639730334281921e-02
1.600663927092682570e-05
1.489788293838500977e-01
1.189343035221099854e-01
2.073916606605052948e-02
4.880801425315439701e-04
9.430694393813610077e-03
2.517185348551720381e-04
3.369415178894996643e-02
4.911350551992654800e-04
2.259016795846946479e-08
2.895538031566502468e-09
1.900576986372470856e-03
2.315732277929782867e-02
1.234712108271196485e-04
1.030400991439819336e-01
2.882948517799377441e-02
9.230195428244769573e-04
1.725693145999684930e-04
3.699523583054542542e-02
3.116382458756561391e-07
3.453804238233715296e-04
2.177113434299826622e-03
6.087726156511763520e-11
2.710670854444430233e-10
1.082907692762091756e-04
4.953366238623857498e-03
2.408354484941810369e-04
6.174065545201301575e-02
6.222108844667673111e-03
4.471652675420045853e-03
2.489363076165318489e-03
1.857684850692749023e-01
4.066836822858022060e-07
4.887217655777931213e-03
2.003849111497402191e-02
1.451264321804046631e-02
2.359565911547178985e-07
1.311464351601898670e-03
2.357689850032329559e-02
3.798785712660901481e-07
9.851780533790588379e-02
3.303876519203186035e-02
1.169133745133876801e-02
1.342717223451472819e-05
1.583314151503145695e-03
1.733753265398263466e-06
4.216975066810846329e-04
7.736621228104922920e-07
6.487712380476295948e-04
8.225892883517715859e-11
6.800422638203462711e-12
1.356506836600601673e-04
1.270733657293021679e-03
5.730085819959640503e-02
1.858823001384735107e-02
4.509264137595891953e-03
6.912076787557452917e-05
2.687193686142563820e-03
2.551486488755472237e-07
9.718194633023813367e-06
1.396818924695253372e-02
1.854840107262134552e-02
6.180440187408819952e-11
3.644528255575263387e-12
7.821830920875072479e-03
4.456972237676382065e-05
1.032558338920352980e-05
2.648381050676107407e-04
3.981815765996543632e-08
1.847131475551933022e-11
2.524089381950034294e-08
1.279848947888240218e-04
1.607929789315676317e-08
4.091993298295949072e-15
7.857890553519819576e-12
7.261855330398248043e-07
5.737932698424152989e-11
1.636683195829391479e-02
2.015442760239238851e-06
7.584178447723388672e-02
4.451540764421224594e-03
9.100079800816729403e-09
6.892175588291138411e-05
4.120689482078887522e-06
4.996779933571815491e-02
8.828805293887853622e-04
9.919787089529563673e-07
2.296744130161020286e-16
3.720103122759610415e-04
1.043518750520888716e-06
1.967450371012091637e-04
5.977128166705369949e-04
2.932503819465637207e-01
2.096745558083057404e-02
5.775830708444118500e-03
6.984423846006393433e-02
7.804673077771440148e-05
2.701212409306208428e-08
5.953072104603052139e-03
5.159332416951656342e-03
1.698824725337999553e-08
1.877629995927776463e-11
4.241425983764202101e-07
2.020946703851222992e-03
3.905570134520530701e-02
2.369675785303115845e-01
8.641732856631278992e-03
1.274327840656042099e-02
4.735426232218742371e-02
5.704007435269886628e-07
7.871556590544059873e-06
3.267126157879829407e-02
1.574758253991603851e-02
6.415950437599349243e-09
6.917296069275380432e-09
4.369514063000679016e-03
2.141967974603176117e-02
1.594013519934378564e-05
4.259110689163208008e-01
1.247152499854564667e-02
1.766037457855418324e-04
3.318843155852846394e-08
8.772680885158479214e-04
4.981888559996150434e-05
3.366493572798390232e-08
8.217223776418869363e-12
2.955978857244190294e-07
1.112542930059134960e-03
3.261590997283292381e-11
1.490756589919328690e-02
8.137630356941372156e-05
1.242709457874298096e-01
1.254928670823574066e-02
2.428321400657296181e-03
5.314481086315936409e-07
1.087289527058601379e-01
1.522972946986556053e-03
1.389870158163830638e-05
2.882536733523011208e-03
8.436795570510103649e-17
1.924913842231035233e-03
5.247827727927756314e-10
5.290623009204864502e-02
6.461286451667547226e-03
3.313325047492980957e-01
2.948954515159130096e-02
1.061520352959632874e-02
3.382135389529139502e-07
2.888935059309005737e-02
8.270832950074691325e-06
2.748237548644283379e-08
1.374970161123201251e-04
1.682858119522734341e-08
1.867011455375724993e-13
2.935228167189052328e-07
3.232118859887123108e-02
1.714068464934825897e-02
3.506129682064056396e-01
1.234460622072219849e-02
2.593227103352546692e-02
8.716512638784479350e-06
3.197823837399482727e-02
6.070819654269143939e-05
1.243653707206249237e-03
6.729791872203350067e-03
7.599901152843813179e-08
5.047322702012024820e-07
7.885024533607065678e-04
8.729526773095130920e-03
3.974737192038446665e-04
1.560643166303634644e-01
1.193286105990409851e-02
1.070118392817676067e-03
7.987662684172391891e-05
2.366616576910018921e-02
7.349748557317070663e-06
1.097520347684621811e-02
4.546637064777314663e-04
1.369263014083799135e-08
2.936475444585084915e-03
1.051318322424776852e-04
1.486518327146768570e-02
2.097709570080041885e-03
1.094435676932334900e-01
1.672075130045413971e-02
1.733842492103576660e-02
1.033490058034658432e-03
1.700968444347381592e-01
4.543675458990037441e-06
1.276222901651635766e-04
1.696559484116733074e-03
1.356949657201766968e-02
3.171911812387406826e-04
9.260528895538300276e-05
1.062375213950872421e-02
2.955805324018001556e-02
1.636659055948257446e-01
4.043718799948692322e-02
9.893678361549973488e-04
2.005209098570048809e-04
2.694051479920744896e-03
4.294308837415883318e-06
2.269321354106068611e-03
4.655300654121674597e-05
2.449983730912208557e-03
1.162479140726091487e-10
2.749839071725102002e-11
1.100458577275276184e-02
4.442805051803588867e-02
1.310273110866546631e-01
2.079143561422824860e-02
3.593313321471214294e-02
2.231345046311616898e-03
1.375696621835231781e-02
7.219024155347142369e-06
6.885590846650302410e-04
1.427443325519561768e-02
1.399256940931081772e-02
2.265432508252729349e-09
6.857150403050127352e-09
4.235406965017318726e-02
3.821538120973855257e-04
5.275384988635778427e-03
3.120659966953098774e-04
1.312451931880787015e-04
1.193853340364652189e-15
6.379670554855498832e-13
2.901401785493362695e-06
1.799390929591027088e-06
1.469451561028189274e-14
5.087216523144873215e-14
7.733986784330681985e-09
3.478703192172361014e-08
1.052665538736619055e-04
1.164554632850922644e-04
1.410922862987717963e-07
3.621830444444640307e-07
1.773496904888816061e-08
2.001515272964660141e-11
2.816680444439612074e-09
3.075383350759075540e-11
5.599088481744729506e-08
1.419571633061043805e-16
6.865904736029146416e-14
3.624364263571377975e-13
3.071824394851319084e-08
1.453706772736040875e-05
6.802281131967902184e-05
4.832263016396609601e-07
3.980164819950005040e-06
2.368834611843340099e-05
7.869506370335177525e-13
1.549586459148599715e-09
4.682568487623939291e-06
7.780044386507256604e-10
1.985709502643623336e-15
6.941728875747843475e-12
1.112718948093061044e-07
5.861375187293793587e-12
7.226849347352981567e-02
2.206695498898625374e-03
4.179459065198898315e-04
1.279229414649307728e-03
2.920683007687330246e-03
1.036071800626814365e-03
5.988777265883982182e-04
1.562783381814369932e-06
4.663291911128908396e-04
4.077726654602709111e-13
7.581184588250061002e-15
7.426375486785374846e-11
4.354787961347028613e-05
1.924066431820392609e-02
1.416748389601707458e-03
1.046842546202242374e-03
4.214466607663780451e-04
2.509172307327389717e-03
6.770887994207441807e-04
3.472942843404462029e-21
7.681749930165543416e-14
3.966391523135825992e-05
1.238676633227876493e-20
6.462351637497825784e-19
1.667427589231718077e-12
7.268095032486598939e-06
1.630650367587804794e-04
1.329991850070655346e-03
8.965116285253316164e-05
2.372063136135693640e-06
1.865991389182752869e-11
1.027992402669042349e-04
6.448199485475925030e-08
1.776536073805345950e-08
7.040163382043829188e-06
1.904379431927338828e-13
1.318141872847064695e-15
2.290670157437074318e-23
1.434547129974816926e-07
6.706033367663621902e-03
1.827420084737241268e-03
9.224070709024090320e-06
1.765438923939655069e-07
1.426863491360563785e-05
9.045264050655532628e-06
2.332763493484435458e-08
5.542508466072071371e-11
1.066110871761338785e-05
2.875469068158476331e-16
8.340484403926602675e-15
6.525227407017109016e-14
1.462326997502243903e-14
2.897446453571319580e-01
4.161970689892768860e-03
1.812813803553581238e-03
1.435906887054443359e-01
8.868889381119515747e-06
5.659041198669001460e-05
2.724032290279865265e-02
2.296090126037597656e-02
2.493989939011953538e-07
3.199270679488108726e-07
2.286763483425602317e-04
2.545036393002825248e-13
3.072149468152929330e-07
7.847641408443450928e-02
5.333952140063047409e-03
2.310387557372450829e-03
3.847289830446243286e-02
5.296528016174306686e-08
1.370186102576553822e-03
2.602158300578594208e-02
4.308828283683396876e-05
3.319795176606743503e-12
6.739617674611508846e-05
9.076380820260965265e-07
3.444439178323932538e-11
3.260837183916009963e-05
2.600896060466766357e-01
2.009197603911161423e-03
1.068555400706827641e-03
6.534223258495330811e-02
6.680657861579675227e-06
1.280973519897088408e-04
3.368499502539634705e-02
3.565843915566802025e-03
4.692722995969234034e-06
3.648898783126242051e-08
4.704508173745125532e-04
1.237305550603196025e-04
2.266882347612408921e-06
9.016646072268486023e-03
1.213717646896839142e-02
9.715803898870944977e-04
6.881307490402832627e-05
9.922680910676717758e-04
1.146816182881593704e-03
1.944185169122647494e-05
8.662335737597004481e-09
6.799406038204836022e-10
1.791463205336185638e-06
1.841150495951460186e-12
4.329355342107266136e-13
1.811315371441093135e-16
3.983093425631523132e-03
1.002986351750223548e-07
1.262589677253345144e-07
2.492434717714786530e-02
4.757260896326442889e-08
2.770821993181016296e-05
1.092973454797085964e-11
6.046740803867578506e-03
1.995458733290433884e-04
1.554334403408574872e-07
1.155064750329452188e-17
2.440151991322636604e-03
1.504927013229462318e-06
1.164546818472445011e-03
1.134855892814812250e-06
1.274946299645307590e-07
4.640787467360496521e-02
4.609802886079705786e-07
5.858466465724632144e-06
1.550260808613757035e-09
1.497395453043282032e-03
1.077640519042688538e-07
5.455106144580668115e-09
1.085505312822520474e-17
8.413840550929307938e-04
1.027174425702846727e-13
9.879409335553646088e-03
4.832954437006264925e-05
3.588722029235213995e-05
4.711380973458290100e-02
1.954341678356286138e-05
2.822733677021460608e-06
2.829404365911614150e-06
3.106341637248988263e-07
7.266299206776238861e-08
1.557337294061725275e-13
1.958941897584054459e-09
1.575663488573297855e-09
1.117900438885044423e-08
4.076574114151299000e-04
1.825780827857670374e-06
1.215031370520591736e-03
9.328745007514953613e-01
8.253944088210118935e-07
2.446272701490670443e-04
2.192400279454886913e-04
1.016202944015276444e-07
2.855145453395380173e-08
1.151802681009783669e-10
4.413071685860359139e-09
2.472724469626541577e-09
1.541155571216368259e-11
1.736000849632546306e-04
9.928006875270511955e-06
9.002251317724585533e-05
6.979874521493911743e-02
1.497298489994136617e-05
1.203281385642185342e-06
1.916266191983595490e-04
7.304161044885404408e-07
2.605142768175028323e-08
2.654896206877310760e-06
1.499391804021376479e-14
5.826827738897568930e-19
9.680379831067398300e-10
5.118116969242691994e-04
2.845836633014187100e-08
5.984436768358136760e-08
1.985146850347518921e-01
1.509095284291106509e-07
1.494493195863810797e-09
4.610631094692507759e-06
8.147923153956071474e-07
8.303868817165493965e-04
4.397726183213990225e-09
2.751234375207773676e-15
4.268647753633558750e-04
4.725308252323534575e-12
8.059537038207054138e-03
4.702850856119766831e-05
9.516369345874409191e-07
3.138562291860580444e-02
6.654515891568735242e-05
5.501014129549730569e-06
2.470205654390156269e-04
1.056434367069369884e-11
2.148144994862377644e-05
1.293081908215754083e-07
3.198091741669022549e-16
5.267277742859732825e-07
1.121510280199800036e-07
2.461768453940749168e-03
1.253343157259223517e-06
2.572644746123842197e-07
2.437871098518371582e-01
4.462680863071000203e-06
7.958653469586352003e-08
7.363116310443729162e-05
2.241753691123449244e-06
3.402143192943185568e-05
2.333103932272706516e-09
1.994249626546817922e-10
9.536379463881416996e-10
1.101705254802354261e-10
5.412642378360033035e-03
6.197533366503193974e-06
1.138367267117246229e-07
3.305868804454803467e-02
8.896545296011026949e-06
1.906686293295933865e-07
1.313909251621225849e-05
1.117492036406542155e-11
3.337114776513772085e-06
3.940900796806090511e-07
2.387185304542072117e-06
2.158506632633444360e-17
2.053062253537518700e-08
5.973450024612247944e-04
4.106012170268513728e-07
1.189035083370981738e-05
9.303812682628631592e-02
3.445437926075101132e-07
2.216485484041186282e-08
1.999490632442757487e-05
1.080570033451522249e-08
4.205570730846375227e-04
5.886276466249285022e-10
2.324510433027171530e-07
9.172094575277296713e-15
7.677605026401579380e-05
1.070216181688010693e-03
2.694221038836985826e-04
7.182147819548845291e-04
3.107200562953948975e-01
5.438089743256568909e-02
1.265498250722885132e-02
5.904031422687694430e-05
1.487611100969843392e-08
5.070603381618354888e-10
8.458138327114284039e-04
4.487519689178043336e-09
3.650003910227184178e-12
2.557278119732359078e-13
2.379380632191896439e-03
6.224350363481789827e-05
2.554100547058624215e-06
3.355349227786064148e-02
1.519513432867825031e-03
2.897583506467071857e-08
9.969338861992582679e-06
2.838677914951404091e-07
1.960322464356067940e-07
3.536839942555776439e-14
8.495575770650631853e-12
1.396123252561665140e-07
3.027570372182708525e-08
7.933840970508754253e-04
5.980670607641513925e-07
1.380377761961426586e-05
9.213730692863464355e-02
9.921351075172424316e-02
2.475290557413245551e-06
5.803472828119993210e-03
1.619500653760042042e-05
3.705455275948565941e-09
1.230752910487353802e-03
9.708306072031200329e-14
2.894965837185736746e-05
1.120711790036921229e-08
3.889178857207298279e-02
1.037773676216602325e-02
2.624104544520378113e-02
3.227951526641845703e-01
1.204973235726356506e-01
8.208552375435829163e-03
9.103961288928985596e-03
2.678368182387202978e-04
9.501512465703854105e-08
5.094447260489687324e-06
2.687734479422942968e-08
6.359139560416227077e-13
3.238164580920965818e-08
5.578215047717094421e-02
1.982320245588198304e-04
2.654464915394783020e-02
2.850470244884490967e-01
1.931219175457954407e-02
8.045651949942111969e-03
2.084476128220558167e-02
3.128910611849278212e-04
2.465340367052704096e-04
5.919628310948610306e-04
8.602241052813042188e-08
1.543828120897927647e-10
8.894845038472098953e-13
3.510235575959086418e-03
4.007600728073157370e-05
1.852775167208164930e-04
4.118243232369422913e-02
1.840363815426826477e-02
2.357862058488535695e-06
1.116579631343483925e-03
5.405478987086098641e-06
1.414619944989681244e-02
1.237964606843888760e-04
9.495996653938187926e-13
2.099758561469045048e-10
4.003790309070609510e-06
4.324675351381301880e-02
4.428783358889631927e-05
4.492250736802816391e-03
2.810148298740386963e-01
7.547047734260559082e-02
8.392006520807626657e-07
2.223382703959941864e-02
3.558315438567660749e-05
1.991622333719078597e-08
1.328970305621623993e-02
3.630136120591487270e-07
5.907076410949230194e-04
6.190429441630840302e-03
1.557203847914934158e-02
2.374510979279875755e-03
1.684465073049068451e-02
1.557151228189468384e-01
1.198386698961257935e-01
2.681635669432580471e-04
2.095164672937244177e-04
1.839531760197132826e-04
2.040362684056162834e-03
7.041860044409986585e-06
2.380193336648517288e-06
2.313142344334551126e-09
2.476312266352920233e-09
7.179559674113988876e-03
1.588004990480840206e-03
2.702391520142555237e-02
3.764280378818511963e-01
2.443161047995090485e-02
1.547376305097714067e-04
2.745515294373035431e-02
2.691956251510418952e-05
1.428646100976038724e-06
1.975979842245578766e-02
2.181685529649257660e-03
4.543924347899519489e-08
5.380958179035388866e-11
7.533899042755365372e-03
1.088905810320284218e-05
7.550656277999223676e-08
5.444256961345672607e-02
1.740087382495403290e-02
1.602983138582203537e-05
1.245683408342301846e-03
1.081536684068851173e-04
3.735675657701165164e-11
2.057673909733326312e-12
6.973440047630674599e-09
2.914808101195376366e-05
3.704763058831606060e-12
2.208980731666088104e-03
9.957521740489028161e-08
5.184541350899962708e-06
8.305351436138153076e-02
1.310315132141113281e-01
1.204403815791010857e-05
2.375464420765638351e-03
1.080784750229213387e-05
2.884900163809683837e-13
3.046572383027523756e-04
7.402553783533822001e-17
3.137215971946716309e-03
6.658073536947028970e-10
4.983539227396249771e-03
7.108823396265506744e-03
1.771476864814758301e-02
3.874360918998718262e-01
2.069711871445178986e-02
2.125918865203857422e-03
5.709348712116479874e-03
4.848913522437214851e-05
3.992816077769134608e-10
5.523727304534986615e-05
6.096291804702502759e-10
2.033059862005000403e-16
1.597512899742525860e-09
1.003727242350578308e-01
3.151914803311228752e-03
2.041828259825706482e-02
2.196709364652633667e-01
1.167052146047353745e-02
1.502254162915050983e-03
4.689196124672889709e-02
5.045717698521912098e-04
4.144500941038131714e-03
2.578945423010736704e-04
7.197582618800879573e-08
8.929870887186552864e-07
3.193519311025738716e-03
1.104631554335355759e-02
1.326586425420828164e-05
5.139995118952356279e-05
7.875812053680419922e-02
6.525250524282455444e-02
2.360467988182790577e-06
4.853412043303251266e-03
3.626358648034511134e-06
6.482205539941787720e-02
2.566999137343373150e-05
4.076214088488683274e-10
2.095717564225196838e-02
1.526229425508063287e-05
2.778678759932518005e-02
1.954227627720683813e-04
6.302897352725267410e-03
3.657000958919525146e-01
7.117222063243389130e-03
2.000586874783039093e-02
1.020685657858848572e-01
2.747024336713366210e-05
3.297257935628294945e-03
1.363865844905376434e-02
4.997965414077043533e-03
1.228144974447786808e-03
2.520309935789555311e-04
7.836655713617801666e-03
3.009740612469613552e-04
1.191034354269504547e-02
2.812651395797729492e-01
2.119498699903488159e-02
4.875000100582838058e-03
2.737364964559674263e-03
6.800756818847730756e-05
1.418439112603664398e-02
2.845014535068912664e-07
3.072823456022888422e-04
5.043215844935389214e-10
6.197914143718508129e-12
5.827720835804939270e-02
4.337556660175323486e-03
2.696372754871845245e-02
2.444683611392974854e-01
7.899078540503978729e-03
1.450309902429580688e-02
2.044481188058853149e-01
1.079966295947087929e-05
2.842670364771038294e-04
4.129244014620780945e-03
1.231631170958280563e-02
1.104969555854040664e-07
6.205420959304319695e-07
6.363005936145782471e-02
4.422153346240520477e-03
3.211471717804670334e-03
5.925399437546730042e-02
1.286049187183380127e-02
1.198278623633086681e-03
7.068724953569471836e-04
1.969972217921167612e-04
8.492862252751365304e-05
5.899416559961853597e-18
5.266793691303299843e-15
2.462404381731175818e-06
2.930373739218339324e-06
8.898272179067134857e-03
1.179414248326793313e-04
6.865459909022320062e-06
3.899877369403839111e-01
9.597753205525805242e-07
1.121662899095099419e-05
2.766207580862101167e-05
1.913365910155562233e-09
5.217645480115606915e-07
3.780350395243305128e-14
4.838812252901288080e-14
3.009300839926387500e-20
6.703466226554155583e-08
4.045114293694496155e-02
4.380127065815031528e-04
3.591619361031916924e-06
8.559147268533706665e-02
6.471783854067325592e-05
7.998552609933540225e-05
5.816032626171363518e-06
2.425127831884310581e-07
8.579774544159590732e-07
6.012012177154801851e-14
4.585446605753773497e-11
4.353298379555781139e-07
5.053365698440802356e-14
2.855857647955417633e-02
4.578384105116128922e-03
7.414814317598938942e-04
4.765106141567230225e-01
7.810228853486478329e-04
4.736775736091658473e-05
3.479569568298757076e-05
6.124053584244393278e-07
2.728071376623120159e-05
4.119300683669280261e-06
8.226562660251790504e-12
2.453086551668093307e-07
6.988242148509016261e-06
1.181172505021095276e-01
2.131209895014762878e-02
1.922781695611774921e-03
4.901172220706939697e-01
7.533904910087585449e-02
6.767067243345081806e-04
6.308499141596257687e-04
1.271662488579750061e-02
6.727386647753519355e-08
5.445717761176638305e-05
1.324646174907684326e-02
9.775885380804538727e-03
6.279836270550731570e-06
1.642581224441528320e-01
8.370076306164264679e-03
2.702611091081053019e-04
4.537955522537231445e-01
3.963464987464249134e-04
1.171070383861660957e-03
2.160133444704115391e-04
7.663452805672932300e-08
6.396565822797128931e-06
2.624954504426568747e-04
1.249538341720202173e-12
2.210729646220932487e-12
1.017080251131119439e-07
9.567442350089550018e-03
1.293618879572022706e-05
1.146620852523483336e-04
6.321544945240020752e-02
9.019214659929275513e-02
3.019034693352296017e-06
1.300435087614459917e-06
7.373338303295895457e-05
7.350225428304213438e-10
5.841684833285398781e-05
6.064690850210441297e-14
6.746423533744919771e-17
2.477089289243394887e-08
8.039926178753376007e-03
5.545446583710145205e-06
2.342096934171422618e-07
1.108744665980339050e-01
6.876070797443389893e-02
8.263732888735830784e-05
2.897596296236315538e-08
1.119211595505475998e-02
4.093268653377890587e-04
1.186422654427587986e-03
5.952492942995490921e-10
9.590785484760999680e-04
3.003059134698560229e-09
2.012121118605136871e-02
3.260322555433958769e-04
7.360418385360389948e-05
4.625180959701538086e-01
1.896565314382314682e-03
2.423141813778784126e-05
1.464594333810964599e-06
2.767881378531455994e-03
8.303160575451329350e-05
3.567328690223803278e-07
2.992595682371756993e-08
3.209883061572327279e-07
1.464962284813964288e-08
1.823647506535053253e-02
2.737376053119078279e-05
4.505946435529040173e-06
6.086116433143615723e-01
7.438354194164276123e-02
4.598044597514672205e-06
1.390470458773052087e-07
3.249270841479301453e-02
4.555031409836374223e-06
1.414392869492075988e-07
1.031230203807353973e-03
6.780979333598224912e-07
1.911521080311118226e-10
2.638474293053150177e-02
2.101261998177506030e-05
8.103689469862729311e-05
8.656602352857589722e-02
2.757577458396553993e-03
1.907202095026150346e-04
1.846882696554530412e-06
1.928460001945495605e-01
1.300026724493363872e-06
2.967774825890501234e-08
2.859561704099178314e-02
3.577775942176231183e-06
7.088328257687237510e-10
1.598291657865047455e-02
6.791430496377870440e-05
9.202343790093436837e-06
1.972265690565109253e-01
1.740045030601322651e-03
5.817286364617757499e-05
3.160217261211073492e-07
2.032867372035980225e-01
7.158929656725376844e-05
2.166614905263486435e-07
3.446795791387557983e-02
1.504693418474811750e-11
1.164486602647230029e-04
2.753601595759391785e-02
8.408903522649779916e-05
1.738392002880573273e-02
3.417208790779113770e-01
1.245009619742631912e-02
2.776956558227539062e-02
3.230751317460089922e-04
8.972967974841594696e-03
4.117863682040479034e-06
2.005086571443825960e-04
6.475847080800178901e-10
1.077980291971447971e-15
2.487326673872303218e-05
3.551033884286880493e-02
2.643183805048465729e-03
7.748459465801715851e-04
8.099456876516342163e-02
6.705286796204745770e-05
4.075181095686275512e-06
1.853498179116286337e-05
1.131562329828739166e-02
3.554612160172609947e-09
4.091514256288064644e-07
7.318431749286577470e-14
1.867861768034551062e-11
6.488435388973812223e-08
8.060360327363014221e-03
1.475419267080724239e-04
1.801981218159198761e-02
1.916400790214538574e-01
9.397972025908529758e-04
6.915791891515254974e-04
3.352439080117619596e-06
5.261040106415748596e-02
9.356518262393365148e-07
5.017370494897477329e-05
3.169246250763535500e-03
2.431862230878323317e-04
7.576489990945844966e-10
2.047573029994964600e-02
5.485143978148698807e-03
1.020416337996721268e-02
1.687231063842773438e-01
5.500279832631349564e-03
1.367667664453620091e-06
4.374919226393103600e-04
4.692424554377794266e-04
3.119081611657747999e-06
9.551791299600154161e-05
6.224004027899354696e-05
1.197331470081941518e-11
1.903442070627647809e-09
3.304685652256011963e-02
8.206767961382865906e-03
2.765027247369289398e-02
1.568491309881210327e-01
1.759669370949268341e-02
1.112071797251701355e-03
3.604238387197256088e-03
2.446694066748023033e-03
3.259720870119053870e-06
3.750507021322846413e-03
2.439727104501798749e-04
5.098063637909433510e-10
1.493126174255594331e-15
5.416465178132057190e-02
5.125246752868406475e-05
2.545125244068913162e-05
8.014386892318725586e-02
1.240636920556426048e-03
5.200020677875727415e-05
5.891865839657839388e-07
6.301212590187788010e-03
5.322657216311199591e-06
3.137630701530724764e-04
3.438371809494356057e-10
1.586093276273459196e-04
3.699144046631630545e-10
2.035737596452236176e-02
2.017908846028149128e-04
1.275694114156067371e-03
5.295256972312927246e-01
4.565044306218624115e-03
6.274599581956863403e-04
6.084908363845897838e-07
1.719751358032226562e-01
2.468091224727686495e-05
1.522607984952628613e-03
8.627889677882194519e-03
1.273122779821278527e-05
2.552192891016602516e-04
3.177369385957717896e-02
1.380363572388887405e-02
2.715348638594150543e-02
1.418993026018142700e-01
3.845848515629768372e-02
2.352222800254821777e-03
6.898979190737009048e-04
1.479707099497318268e-02
9.150391997536644340e-05
1.484030392020940781e-02
2.646562061272561550e-04
4.848803580870253427e-09
4.476386311580426991e-05
1.515044830739498138e-02
1.852352055720984936e-03
4.388831090182065964e-03
6.001944467425346375e-02
1.541668828576803207e-02
1.975320083147380501e-05
1.266388881049351767e-05
2.550513599999248981e-04
2.978508174419403076e-02
1.871978311100974679e-04
5.721731213270686567e-07
7.648205792065709829e-05
1.559756768187980924e-08
2.581300772726535797e-02
1.946878246963024139e-02
2.194547327235341072e-03
4.600250422954559326e-01
1.563526166137307882e-04
1.019404589897021651e-04
2.796309127006679773e-04
2.050259858369827271e-01
8.891349239092960488e-07
4.190444968799056369e-08
3.474070240372384433e-07
2.411552513237325002e-09
6.962458387604897325e-10
5.597179289907217026e-03
5.789735587313771248e-04
2.995035029016435146e-04
3.401139676570892334e-01
1.310538063989952207e-04
4.874307705904357135e-05
2.942385435744654387e-06
1.228865459561347961e-01
1.165271790171118482e-08
5.317262912285514176e-05
2.126192384821479209e-06
2.800771496235671121e-13
2.375194707582295450e-09
4.520082846283912659e-03
9.326955769211053848e-04
7.975291460752487183e-03
1.202039495110511780e-01
9.772570803761482239e-03
1.902070835058111697e-05
4.765000085171777755e-06
6.001036986708641052e-02
1.227345434017479420e-03
7.238078396767377853e-04
3.983598162449197844e-07
1.022693421691656113e-02
8.391721095790671825e-09
3.178078681230545044e-03
3.440451691858470440e-04
3.164678346365690231e-03
2.972671687602996826e-01
5.432873731479048729e-04
1.487867411924526095e-04
6.335219495667843148e-07
2.226877063512802124e-01
1.055233042279724032e-06
5.290406988933682442e-04
8.151717338478192687e-06
3.881837800145149231e-02
4.191988978163863067e-07
1.197315566241741180e-02
1.089219935238361359e-03
1.799626275897026062e-02
4.079658538103103638e-02
2.575518749654293060e-02
6.655452307313680649e-04
7.086171535775065422e-05
1.156393671408295631e-03
2.151854339160763629e-08
1.616242584212557176e-09
6.096396100474521518e-05
1.377424778183922172e-04
4.076944511155478068e-12
