4.903732538223266602e-01
5.340874486137181520e-05
2.959241518496469325e-09
4.885707795619964600e-01
7.338152527809143066e-01
1.007002196274697781e-03
4.595472091750707477e-07
4.533116519451141357e-01
9.251785278320312500e-01
6.674174219369888306e-02
8.802412776276469231e-05
7.746217846870422363e-01
9.928867220878601074e-01
4.889110028743743896e-01
2.655846998095512390e-03
1.536692366244096775e-06
9.200616268856265378e-09
7.821742296218872070e-01
3.275645971298217773e-01
1.072857296094298363e-03
1.146153305597863437e-08
3.274718821048736572e-01
6.298239231109619141e-01
8.214708417654037476e-03
1.243518636329099536e-04
5.591803193092346191e-01
7.638021707534790039e-01
6.333670020103454590e-02
1.366896089166402817e-03
3.643425107002258301e-01
1.712493036265527735e-09
3.124942481517791748e-01
9.030788540840148926e-01
7.498869672417640686e-04
8.609767974121496081e-06
4.827439785003662109e-01
7.586436867713928223e-01
1.454075612127780914e-02
9.573171846568584442e-04
6.160671710968017578e-01
9.896489977836608887e-01
4.135243296623229980e-01
3.250420838594436646e-02
3.795310854911804199e-01
4.398851160658523440e-05
8.393726348876953125e-01
6.114150285720825195e-01
1.528438995592296124e-03
1.920762224472127855e-05
3.027261793613433838e-01
5.367151498794555664e-01
1.914855651557445526e-02
4.092689414392225444e-05
5.448705554008483887e-01
9.724681973457336426e-01
5.517238378524780273e-01
2.795807784423232079e-03
7.819707989692687988e-01
2.281329035758972168e-02
3.069504543873335933e-07
7.723536491394042969e-01
5.638393759727478027e-02
5.961297802059561945e-07
2.337920665740966797e-02
8.070130944252014160e-01
9.584693610668182373e-02
4.370298120193183422e-05
4.556471109390258789e-01
5.821404457092285156e-01
1.662505865097045898e-01
3.030697116628289223e-03
4.282504320144653320e-01
1.045773504301905632e-03
3.799586340003102691e-11
5.845056772232055664e-01
2.645356107677798718e-05
3.297642251709476113e-06
4.071464836597442627e-01
1.199233308434486389e-01
3.437071107327938080e-03
1.040802380884997547e-04
4.701197743415832520e-01
4.680956602096557617e-01
1.288615614175796509e-01
3.317562164738774300e-03
3.483850955963134766e-01
8.801857475191354752e-04
2.308336299883251286e-10
5.147941112518310547e-01
5.459771752357482910e-01
7.482313321816036478e-06
6.983132958412170410e-01
8.783361911773681641e-01
3.743836656212806702e-02
4.647057721740566194e-05
6.749609112739562988e-01
9.592025279998779297e-01
4.829507768154144287e-01
3.729468910023570061e-03
5.383691787719726562e-01
3.344299038872122765e-03
1.996993959085813231e-10
3.582606315612792969e-01
4.799153506755828857e-01
3.668822348117828369e-02
3.263454139232635498e-01
9.185446500778198242e-01
1.413980219513177872e-02
1.456889294786378741e-04
6.746896505355834961e-01
9.875064492225646973e-01
4.325070381164550781e-01
1.122801378369331360e-02
6.839323043823242188e-01
3.609422221779823303e-02
1.226012003030518827e-08
3.887453973293304443e-01
9.717229008674621582e-01
5.096058011986315250e-04
1.092671027436153963e-05
8.678387403488159180e-01
4.166002571582794189e-02
1.191946357721462846e-04
6.171950101852416992e-01
7.685472369194030762e-01
2.045550197362899780e-01
2.804356394335627556e-03
4.113843739032745361e-01
1.385236646456178278e-05
2.156918199602841923e-08
4.501686692237854004e-01
6.670173406600952148e-01
4.144100472331047058e-03
4.992765525457798503e-07
4.233678579330444336e-01
3.081182949244976044e-03
2.518655264793778770e-06
2.954738438129425049e-01
4.444818198680877686e-01
7.447000592947006226e-02
1.108164200559258461e-03
3.292152583599090576e-01
2.322823740541934967e-02
3.906719570068162284e-08
7.018250226974487305e-01
8.329986333847045898e-01
5.765549466013908386e-02
3.805199867201736197e-06
5.387864708900451660e-01
7.856782674789428711e-01
2.168612127206870355e-06
6.778327822685241699e-01
9.706315994262695312e-01
2.074499428272247314e-01
5.168781615793704987e-03
7.396047115325927734e-01
1.950941659742966294e-04
1.963645779312628292e-08
5.540168881416320801e-01
7.207398414611816406e-01
2.068481408059597015e-03
2.614145344637108792e-08
3.517608046531677246e-01
7.989567518234252930e-01
1.296469755470752716e-02
5.461106300354003906e-01
9.983906745910644531e-01
3.425543904304504395e-01
1.785809174180030823e-02
7.202876806259155273e-01
5.928699829382821918e-05
7.285905212484067306e-09
5.227781534194946289e-01
8.176119327545166016e-01
2.803364768624305725e-02
2.167074057979334611e-07
3.585042059421539307e-01
9.967352747917175293e-01
3.844642639160156250e-02
2.869284253392834216e-05
6.887486577033996582e-01
7.835736274719238281e-01
5.638951435685157776e-03
3.668965697288513184e-01
2.484391676262021065e-03
4.201227810085583769e-09
5.227866768836975098e-01
7.616326808929443359e-01
3.810971602797508240e-02
4.710422558673599269e-07
4.665600657463073730e-01
8.137717247009277344e-01
8.355416357517242432e-02
1.926385331898927689e-03
1.470350325107574463e-01
8.321449160575866699e-02
8.941109990701079369e-05
4.069738686084747314e-01
2.119978307746350765e-05
9.015369784037829959e-09
4.750319719314575195e-01
8.378354907035827637e-01
1.237109972862526774e-04
2.266132014483446255e-06
3.099890053272247314e-01
9.283657073974609375e-01
5.624286364763975143e-03
3.148664836771786213e-04
5.882667303085327148e-01
9.793455004692077637e-01
1.004039859253680333e-06
7.198811769485473633e-01
4.841022193431854248e-03
8.247114796633425726e-11
6.795908212661743164e-01
7.458015084266662598e-01
8.258611196652054787e-04
5.053518137287937861e-08
3.804211914539337158e-01
8.611971139907836914e-01
8.898444473743438721e-02
1.225951564265415072e-04
4.275227785110473633e-01
9.683163762092590332e-01
5.373081564903259277e-01
