2.261207626308721352e-01
3.104920575213047651e-01
2.504056453587952258e-01
2.231986682603316896e-01
2.889212634495144094e-01
8.003851830805895629e-02
2.211306312101232741e-01
2.934123209807136812e-01
2.621749486592604428e-01
2.260210187294356965e-01
2.620630933294971765e-01
2.262582317860400982e-01
2.511925781121044365e-01
2.584826477122769139e-01
1.111086200026966397e-01
2.446447056806801412e-01
2.641102761304293667e-01
1.685972585815053992e-01
2.335394266314997358e-01
2.489380814779029449e-01
2.185798752658662802e-01
1.929336255762663099e-01
2.019111655199029021e-01
2.704422603460793217e-01
3.105629201218981783e-01
9.478697990354370551e-02
2.641780121846724616e-01
2.935806256398275083e-01
2.755135286671037687e-01
1.370778237334469296e-01
2.676630559498098250e-01
2.246691959984533360e-01
3.099212095881704321e-01
1.737562308783209830e-01
2.548420561814563334e-01
2.398188167356133382e-01
2.886515072089658740e-01
7.421659537256176768e-03
7.612844190987068382e-02
7.287838359236033237e-02
8.660703380529888307e-02
1.029959244187277634e-01
8.555793755464910499e-02
9.422346192059850856e-02
1.021713507526837428e-01
5.480077201690310151e-02
8.779861651975950920e-02
7.083304009501227572e-02
2.427629571483162774e-01
2.227286726302102060e-01
7.721571459920457958e-02
2.661619468362564911e-01
2.475109065298596034e-01
2.994641963517604144e-01
1.808289534040480873e-01
2.202443855430129271e-01
2.633152939401792181e-01
2.514368460189801424e-01
1.875752768336007292e-01
1.851883663943698910e-01
2.631191687357947728e-01
2.503106643292423161e-01
2.481926976788094152e-01
1.815185278547827574e-01
2.340044430608084203e-01
2.799029501663309882e-01
2.202811888744993785e-01
1.663847847314531281e-01
2.570382731533894516e-01
2.421124397856608268e-01
2.676567381688546576e-01
1.627943437910475410e-01
2.583075287609692405e-01
2.313677951848288894e-01
2.585224027447883821e-01
1.145054749314668302e-01
1.494245265719517657e-01
1.158616251511831036e-01
1.193655783185494507e-01
1.330060222415800630e-01
1.628061666165680765e-01
2.952406125340740761e-01
2.871073490400338768e-01
1.601927123668487885e-01
2.875846807549908291e-01
2.320247976955081282e-01
2.256130292800831716e-01
2.651805526180102124e-01
1.442226895251224050e-01
2.197104495337689201e-01
2.633515290638366868e-01
2.354476152734434613e-01
2.078666934277165201e-01
2.376875141224515375e-01
2.573245451308285303e-01
2.160330519958593987e-01
2.201029395095739360e-01
1.997056198970943441e-01
2.167245670241256250e-01
2.350741713144514911e-01
2.650962433551565245e-01
