1.001600758172571659e-03
9.989183545112609863e-01
9.447731971740722656e-01
3.535556793212890625e-02
7.607322186231613159e-03
9.881319999694824219e-01
3.452718853950500488e-01
4.158297777175903320e-01
1.818893700838088989e-01
9.697405099868774414e-01
8.559299707412719727e-01
7.018234133720397949e-01
3.395982384681701660e-01
4.414432914927601814e-04
9.984623789787292480e-01
4.059725701808929443e-01
2.044659480452537537e-02
2.805711003020405769e-03
9.831291437149047852e-01
3.693874180316925049e-01
4.188432991504669189e-01
1.914577186107635498e-01
9.688986539840698242e-01
9.754006266593933105e-01
6.982356309890747070e-01
3.437213301658630371e-01
1.313979388214647770e-03
4.205815639579668641e-05
9.989606738090515137e-01
3.156536072492599487e-02
2.273491118103265762e-03
9.987179040908813477e-01
2.745761573314666748e-01
3.464442789554595947e-01
1.799612194299697876e-01
9.733516573905944824e-01
9.840754270553588867e-01
7.033122777938842773e-01
3.390794098377227783e-01
1.892881002277135849e-03
2.913865027949213982e-03
9.985471367835998535e-01
8.385544419288635254e-01
5.704975686967372894e-03
9.915206432342529297e-01
3.900284767150878906e-01
4.078242182731628418e-01
2.083847969770431519e-01
9.753592014312744141e-01
8.939940333366394043e-01
6.911837458610534668e-01
3.391654491424560547e-01
1.221643877215683460e-03
1.061286195181310177e-03
9.979715943336486816e-01
2.160246521234512329e-01
7.215843070298433304e-03
9.831085205078125000e-01
7.615414857864379883e-01
4.310413897037506104e-01
1.630020290613174438e-01
9.685494303703308105e-01
9.720509648323059082e-01
6.135675907135009766e-01
3.455952405929565430e-01
1.037534966599196196e-04
3.849265922326594591e-04
9.386857151985168457e-01
7.115048915147781372e-02
8.229880477301776409e-04
1.780079473974183202e-04
8.839386701583862305e-01
3.996360581368207932e-03
1.218342920765280724e-03
5.934036374092102051e-01
1.071540713310241699e-01
5.539743229746818542e-02
4.209721833467483521e-02
2.399250632151961327e-03
8.730391273275017738e-04
9.866393804550170898e-01
1.183236986398696899e-01
2.099755965173244476e-02
2.626600908115506172e-03
9.839887022972106934e-01
1.002816557884216309e-01
3.726151213049888611e-02
9.867127537727355957e-01
8.961706757545471191e-01
8.316064476966857910e-01
3.442971408367156982e-01
2.734446199610829353e-03
2.208737656474113464e-03
9.983732104301452637e-01
4.259838163852691650e-01
6.573351472616195679e-02
4.494417458772659302e-03
9.828940629959106445e-01
3.974577188491821289e-01
1.709216460585594177e-02
9.678427577018737793e-01
9.812553524971008301e-01
6.519562005996704102e-01
3.211364150047302246e-01
1.668553799390792847e-03
8.232241962105035782e-04
9.986928105354309082e-01
4.309128820896148682e-01
3.186983615159988403e-02
2.009147312492132187e-03
9.874978661537170410e-01
3.681356906890869141e-01
3.998476266860961914e-01
9.724234342575073242e-01
8.909975290298461914e-01
7.038626670837402344e-01
3.050790429115295410e-01
3.170522686559706926e-04
5.630988162010908127e-04
6.457562446594238281e-01
1.756135225296020508e-01
3.594150301069021225e-03
4.470025887712836266e-04
9.859917163848876953e-01
9.371578097343444824e-01
3.165477514266967773e-01
7.107900828123092651e-02
8.481812477111816406e-02
4.284902215003967285e-01
2.064317017793655396e-01
3.384876763448119164e-03
9.865438565611839294e-03
9.989792108535766602e-01
4.334402084350585938e-01
5.616167932748794556e-02
1.449947245419025421e-02
9.895941019058227539e-01
6.892468333244323730e-01
5.502112507820129395e-01
2.488669157028198242e-01
9.775106310844421387e-01
2.088294476270675659e-01
2.104251384735107422e-01
1.633245730772614479e-03
4.989316803403198719e-04
9.989850521087646484e-01
1.451499164104461670e-01
7.903911173343658447e-02
2.919098129495978355e-03
9.848322868347167969e-01
4.457316696643829346e-01
3.207081258296966553e-01
1.170675754547119141e-01
9.742522239685058594e-01
9.704374670982360840e-01
7.573197782039642334e-02
1.098654232919216156e-03
4.009160911664366722e-04
9.985288381576538086e-01
2.061937302350997925e-01
9.460358880460262299e-03
1.253788475878536701e-03
9.849264621734619141e-01
3.899963796138763428e-01
4.116595089435577393e-01
3.883780539035797119e-02
9.731381535530090332e-01
9.744545817375183105e-01
6.827006340026855469e-01
9.758228659629821777e-01
9.853798747062683105e-01
9.474169611930847168e-01
1.485950946807861328e-01
4.165214672684669495e-02
9.904309511184692383e-01
2.941517531871795654e-01
3.169932067394256592e-01
2.157073915004730225e-01
9.709893465042114258e-01
7.110791802406311035e-01
6.905279755592346191e-01
3.291557431221008301e-01
2.318891882896423340e-02
1.642546180846693460e-06
3.718275725841522217e-01
5.769375638919882476e-05
1.024734046950470656e-05
4.699940979480743408e-01
9.963127970695495605e-01
1.177619956433773041e-02
1.242598169483244419e-03
3.716363608837127686e-01
5.234868526458740234e-01
1.951268687844276428e-02
1.453631743788719177e-02
9.369298219680786133e-01
2.729963453020900488e-04
9.863259196281433105e-01
1.083567589521408081e-01
6.303279660642147064e-03
9.869686365127563477e-01
3.602041304111480713e-01
4.141170382499694824e-01
2.307853251695632935e-01
9.686356186866760254e-01
9.784260392189025879e-01
7.158755660057067871e-01
3.528133332729339600e-01
9.715547561645507812e-01
1.241385284811258316e-02
9.845383167266845703e-01
6.304727792739868164e-01
4.630287736654281616e-02
9.880902171134948730e-01
3.919333517551422119e-01
3.733528256416320801e-01
1.820032894611358643e-01
9.814447760581970215e-01
9.845176935195922852e-01
6.903921961784362793e-01
3.357580304145812988e-01
9.428132176399230957e-01
1.130620832554996014e-03
2.838335931301116943e-01
9.805366396903991699e-01
2.116061560809612274e-02
4.782001022249460220e-03
9.101470708847045898e-01
1.041246056556701660e-01
2.216942422091960907e-02
1.507122069597244263e-01
5.000597983598709106e-02
1.560489535331726074e-01
8.984328061342239380e-02
9.222528934478759766e-01
1.477501075714826584e-02
9.756067395210266113e-01
9.459525942802429199e-01
1.846629381179809570e-01
6.545457243919372559e-02
9.680039882659912109e-01
1.526712477207183838e-01
8.306405693292617798e-02
9.821170568466186523e-01
9.278244376182556152e-01
8.305171132087707520e-01
4.011170566082000732e-01
9.791281223297119141e-01
7.060792762786149979e-03
9.798778295516967773e-01
9.390529394149780273e-01
7.603258639574050903e-02
3.900821879506111145e-02
9.905626773834228516e-01
8.022650480270385742e-01
2.539333328604698181e-02
9.778255820274353027e-01
9.461788535118103027e-01
6.572653055191040039e-01
3.381420671939849854e-01
9.797986149787902832e-01
4.485853947699069977e-03
9.854274392127990723e-01
9.483518004417419434e-01
7.164278626441955566e-02
2.165375091135501862e-02
9.934448003768920898e-01
2.590153515338897705e-01
3.827086687088012695e-01
9.848316311836242676e-01
8.352785110473632812e-01
7.133507132530212402e-01
3.098242878913879395e-01
9.525831341743469238e-01
2.434709109365940094e-03
1.430283337831497192e-01
9.788998365402221680e-01
4.604030773043632507e-02
1.781995221972465515e-02
9.717894792556762695e-01
8.605509400367736816e-01
4.540858864784240723e-01
1.024982631206512451e-01
1.319196820259094238e-01
5.396105647087097168e-01
2.411840260028839111e-01
9.109016060829162598e-01
1.254346873611211777e-02
9.937388300895690918e-01
8.546399474143981934e-01
6.109923496842384338e-02
6.326388567686080933e-02
9.930805563926696777e-01
2.034266293048858643e-02
3.820341229438781738e-01
2.486544549465179443e-01
9.800805449485778809e-01
1.722388714551925659e-01
1.885319948196411133e-01
9.699440598487854004e-01
1.064437627792358398e-02
9.884423613548278809e-01
9.643871188163757324e-01
5.746950209140777588e-02
4.918590933084487915e-02
9.926124811172485352e-01
3.793542385101318359e-01
2.793843448162078857e-01
2.066795676946640015e-01
9.841341972351074219e-01
9.854693412780761719e-01
6.000293046236038208e-02
9.749101400375366211e-01
2.854087390005588531e-03
9.828296899795532227e-01
9.524209499359130859e-01
4.652542620897293091e-02
2.954111434519290924e-02
9.918085336685180664e-01
3.018755614757537842e-01
3.959142565727233887e-01
9.294822067022323608e-02
9.829209446907043457e-01
9.737810492515563965e-01
6.694692373275756836e-01
9.797932580113410950e-03
3.267035026510711759e-06
1.792592108249664307e-01
6.605670932913199067e-05
3.974455921706976369e-06
4.763026535511016846e-01
9.951122403144836426e-01
4.282445181161165237e-03
1.464699162170290947e-03
5.061354041099548340e-01
6.439681649208068848e-01
1.858153939247131348e-02
1.705787330865859985e-02
8.779373168945312500e-01
3.642968833446502686e-02
9.854303002357482910e-01
8.783037960529327393e-02
1.890052109956741333e-02
9.848067164421081543e-01
5.565299391746520996e-01
3.971633315086364746e-01
2.005969882011413574e-01
9.617072343826293945e-01
8.132382631301879883e-01
6.216948032379150391e-01
3.416745066642761230e-01
9.785380363464355469e-01
3.491697832942008972e-02
9.837614297866821289e-01
9.550228714942932129e-01
8.054425567388534546e-02
9.931358098983764648e-01
3.132885694503784180e-01
3.454644083976745605e-01
2.352413535118103027e-01
9.814614057540893555e-01
8.956494927406311035e-01
7.280862927436828613e-01
3.570783138275146484e-01
9.777819514274597168e-01
3.443882614374160767e-02
9.759871363639831543e-01
8.865546584129333496e-01
1.338010579347610474e-01
9.901802539825439453e-01
3.703678846359252930e-01
3.882924914360046387e-01
1.545033007860183716e-01
9.764600992202758789e-01
9.340502619743347168e-01
6.482437849044799805e-01
3.347916305065155029e-01
9.402328729629516602e-01
1.353778992779552937e-03
3.672701716423034668e-01
9.563665986061096191e-01
2.467168122529983521e-02
4.654575604945421219e-03
8.733419179916381836e-01
1.028988808393478394e-01
3.983158245682716370e-02
5.072609782218933105e-01
5.130224823951721191e-01
1.499975770711898804e-01
1.292477995157241821e-01
9.487113356590270996e-01
2.296604961156845093e-02
9.641101956367492676e-01
8.881607055664062500e-01
2.194156646728515625e-01
4.701147601008415222e-02
9.816660284996032715e-01
1.097574532032012939e-01
9.513606131076812744e-02
9.769799113273620605e-01
9.262794256210327148e-01
7.508829832077026367e-01
3.269619941711425781e-01
9.775587916374206543e-01
4.443532600998878479e-02
9.741744399070739746e-01
8.828240036964416504e-01
1.463374048471450806e-01
4.101292788982391357e-02
9.897323250770568848e-01
2.567551136016845703e-01
3.663777187466621399e-02
9.731705784797668457e-01
9.824371337890625000e-01
6.556221246719360352e-01
3.204101920127868652e-01
9.802751541137695312e-01
5.351588129997253418e-02
9.827747941017150879e-01
8.857966661453247070e-01
1.087360382080078125e-01
2.692268788814544678e-02
9.933703541755676270e-01
2.752978801727294922e-01
3.864559233188629150e-01
9.807357788085937500e-01
9.307156205177307129e-01
7.004927396774291992e-01
2.966642081737518311e-01
9.701840877532958984e-01
1.043719053268432617e-02
1.823171824216842651e-01
9.257133007049560547e-01
8.505135774612426758e-02
1.962181739509105682e-02
9.717644453048706055e-01
8.555237054824829102e-01
4.425464868545532227e-01
1.699296981096267700e-01
8.642968535423278809e-02
4.031247496604919434e-01
2.277588099241256714e-01
9.743782877922058105e-01
4.395220428705215454e-02
9.912388324737548828e-01
9.366969466209411621e-01
9.166505187749862671e-02
6.285005807876586914e-02
9.933418631553649902e-01
2.235673181712627411e-02
2.146079540252685547e-01
1.505508571863174438e-01
9.830314517021179199e-01
2.010595500469207764e-01
1.921797245740890503e-01
9.794120192527770996e-01
4.472138732671737671e-02
9.836723804473876953e-01
8.988945484161376953e-01
7.846286147832870483e-02
3.567115962505340576e-02
9.929372668266296387e-01
4.022395908832550049e-01
3.317768573760986328e-01
1.999852955341339111e-01
9.835108518600463867e-01
9.707881808280944824e-01
8.452895283699035645e-02
9.783194065093994141e-01
2.623458951711654663e-02
9.747360348701477051e-01
9.081481695175170898e-01
8.207625150680541992e-02
3.091596812009811401e-02
9.912382364273071289e-01
2.354369014501571655e-01
4.408100545406341553e-01
1.289027184247970581e-01
9.804672002792358398e-01
9.681156277656555176e-01
6.028315424919128418e-01
2.952806185930967331e-03
2.725307422224432230e-05
3.378495648576063104e-06
5.481471307575702667e-04
2.506912460376042873e-05
5.089649464935064316e-03
3.273581387475132942e-03
5.488627590239048004e-03
1.599858747795224190e-03
5.501823034137487411e-04
1.664567971602082253e-03
8.215596899390220642e-03
1.111168880015611649e-02
8.874345570802688599e-03
6.607182513107545674e-06
2.287970346515066922e-06
2.847437858581542969e-01
1.476510442444123328e-05
3.127698600292205811e-01
8.146462440490722656e-01
5.626217927783727646e-03
1.897629932500422001e-03
4.248825013637542725e-01
6.284984350204467773e-01
4.173219949007034302e-02
2.674997970461845398e-02
1.517064310610294342e-02
3.474183586149592884e-06
7.367223133769584820e-07
3.235433995723724365e-01
4.159782110946252942e-05
5.089067220687866211e-01
9.954817891120910645e-01
7.013638969510793686e-03
4.984077066183090210e-03
4.619607925415039062e-01
7.086772322654724121e-01
1.746633090078830719e-02
2.932699397206306458e-02
2.243893221020698547e-03
3.086785227424115874e-06
6.612516472159768455e-07
2.190615050494670868e-02
1.137943218054715544e-05
3.767640919249970466e-06
8.432296514511108398e-01
1.837471500039100647e-04
3.558316529961302876e-05
8.379945755004882812e-01
7.642332911491394043e-01
1.157813612371683121e-02
6.060910876840353012e-03
1.188303926028311253e-03
4.989563421986531466e-06
1.549080138829594944e-06
1.195087470114231110e-02
3.975138315581716597e-05
1.351772061752853915e-05
5.092901177704334259e-03
6.322315428406000137e-03
7.013021386228501797e-04
8.332741446793079376e-03
1.160754356533288956e-02
8.328554220497608185e-03
8.055521175265312195e-03
4.323122650384902954e-02
1.199069447466172278e-05
2.079351816064445302e-06
9.943587779998779297e-01
1.967586809769272804e-03
5.753697041654959321e-05
5.236744284629821777e-01
9.758580327033996582e-01
1.007981831207871437e-03
3.008775711059570312e-01
7.849157452583312988e-01
1.435286272317171097e-02
7.492959499359130859e-03
3.704398870468139648e-02
5.433199930848786607e-06
1.292627189286577050e-06
9.887216091156005859e-01
3.514558775350451469e-04
7.376940629910677671e-06
5.610464215278625488e-01
9.778161048889160156e-01
6.405815947800874710e-03
2.322940230369567871e-01
3.532579541206359863e-01
3.629144653677940369e-02
2.436186745762825012e-02
1.673955703154206276e-03
2.805345502565614879e-06
6.485148560386733152e-07
1.102236472070217133e-02
1.158016675617545843e-05
3.940815076930448413e-06
4.899176210165023804e-02
1.314449459314346313e-01
8.460714889224618673e-05
1.415767655998934060e-05
4.876888692378997803e-01
1.306239888072013855e-02
5.306179635226726532e-03
2.390006789937615395e-03
5.903820238017942756e-06
1.832876364460389595e-06
2.622878551483154297e-02
2.930916161858476698e-05
8.109238478937186301e-06
6.425031423568725586e-01
4.933017194271087646e-01
1.039410475641489029e-03
2.315472811460494995e-04
4.013219848275184631e-02
1.428143586963415146e-03
3.878180868923664093e-03
1.118844654411077499e-02
6.348224815155845135e-06
2.430508402539999224e-06
4.516535997390747070e-01
8.561246795579791069e-05
1.092533511837245896e-05
6.752996444702148438e-01
9.924263358116149902e-01
9.832573123276233673e-03
4.242799186613410711e-04
6.096509099006652832e-01
5.754776000976562500e-01
3.571419976651668549e-03
9.749847464263439178e-03
4.234109383105533198e-06
1.582982918080233503e-06
4.193184673786163330e-01
1.842184246925171465e-05
3.450836857155081816e-06
6.732756495475769043e-01
9.947319626808166504e-01
3.397195367142558098e-03
3.425811592023819685e-04
5.458208322525024414e-01
6.789272427558898926e-01
1.240373775362968445e-02
8.817251324653625488e-01
3.232042863965034485e-02
7.986423559486865997e-03
9.800763130187988281e-01
4.357127472758293152e-02
9.861417412757873535e-01
2.797495722770690918e-01
3.924618959426879883e-01
2.088213413953781128e-01
9.745735526084899902e-01
9.603115916252136230e-01
7.026500701904296875e-01
3.559574782848358154e-01
8.470053672790527344e-01
3.952949866652488708e-02
2.169828949263319373e-04
9.831161499023437500e-01
6.103580445051193237e-02
9.813727736473083496e-01
6.556652188301086426e-01
3.270257115364074707e-01
1.957338303327560425e-01
9.632996320724487305e-01
9.739389419555664062e-01
6.865280270576477051e-01
3.528552055358886719e-01
1.023178696632385254e-01
2.738844603300094604e-03
3.025829573743976653e-05
3.805186226963996887e-02
8.484831079840660095e-03
1.089002704247832298e-03
7.589007727801799774e-03
1.032988168299198151e-02
3.260564524680376053e-03
2.903517452068626881e-04
4.821039619855582714e-04
1.231330912560224533e-02
1.418433059006929398e-02
7.699166536331176758e-01
3.005851432681083679e-02
2.573424426373094320e-04
9.687356948852539062e-01
3.675936907529830933e-02
5.586382001638412476e-03
9.857029914855957031e-01
3.380759805440902710e-02
2.013544365763664246e-02
9.844418764114379883e-01
9.862653017044067383e-01
7.188789844512939453e-01
1.411228328943252563e-01
9.448983073234558105e-01
9.641562402248382568e-02
1.594341732561588287e-02
9.793308973312377930e-01
6.846089661121368408e-02
7.018022984266281128e-02
9.828216433525085449e-01
2.663729190826416016e-01
2.086609229445457458e-02
9.667743444442749023e-01
8.720176815986633301e-01
6.707793474197387695e-01
3.776394128799438477e-01
9.398170709609985352e-01
9.649393707513809204e-02
1.440067868679761887e-02
9.843037128448486328e-01
1.037675887346267700e-01
4.851564019918441772e-02
9.844577312469482422e-01
3.401945233345031738e-01
4.684551656246185303e-01
9.640909433364868164e-01
8.894209265708923340e-01
7.049809694290161133e-01
3.110852539539337158e-01
1.385627388954162598e-01
1.800079131498932838e-03
2.188737744290847331e-05
5.594730377197265625e-01
9.749272838234901428e-03
2.829396165907382965e-03
9.855530261993408203e-01
3.035181462764739990e-01
2.696738950908184052e-02
1.697074435651302338e-02
1.131383925676345825e-01
2.021509110927581787e-01
2.922198474407196045e-01
1.516926884651184082e-01
4.105413798242807388e-03
2.299731568200513721e-04
9.842540025711059570e-01
6.258824467658996582e-02
1.276640594005584717e-02
9.885858893394470215e-01
7.044839262962341309e-01
1.246978193521499634e-01
4.103147611021995544e-02
9.749698638916015625e-01
1.302650421857833862e-01
6.769723445177078247e-02
8.288637399673461914e-01
5.394907295703887939e-02
5.102277500554919243e-04
9.869487285614013672e-01
7.825283706188201904e-02
3.450413048267364502e-02
9.886918663978576660e-01
4.246054291725158691e-01
3.199531733989715576e-01
4.443969577550888062e-02
9.678624272346496582e-01
9.743148088455200195e-01
6.445347517728805542e-02
8.938902616500854492e-01
4.489974677562713623e-02
2.751901629380881786e-04
9.865649342536926270e-01
7.935039699077606201e-02
2.297344617545604706e-02
9.873383641242980957e-01
3.621914088726043701e-01
3.647413849830627441e-01
3.486729413270950317e-02
9.674416184425354004e-01
9.741667509078979492e-01
7.114183902740478516e-01
9.770510792732238770e-01
2.921460196375846863e-02
8.265957003459334373e-04
9.756773114204406738e-01
9.477748274803161621e-01
9.911267757415771484e-01
2.940602898597717285e-01
3.901616632938385010e-01
2.307422161102294922e-01
9.800799489021301270e-01
9.543973803520202637e-01
7.139797210693359375e-01
3.543750643730163574e-01
8.201332688331604004e-01
2.203614078462123871e-02
8.545854507246986032e-05
2.631204426288604736e-01
9.267832636833190918e-01
4.227767698466777802e-03
8.431187868118286133e-01
1.062024012207984924e-01
4.042496532201766968e-02
1.702361106872558594e-01
1.776406764984130859e-01
2.435815185308456421e-01
1.194561123847961426e-01
8.747861981391906738e-01
1.791211217641830444e-02
2.316654659807682037e-03
9.756735563278198242e-01
8.675734996795654297e-01
9.728712029755115509e-03
9.835889935493469238e-01
5.178853124380111694e-02
5.607198923826217651e-03
9.821764826774597168e-01
9.711014032363891602e-01
8.169924616813659668e-01
3.702895939350128174e-01
9.741710424423217773e-01
2.641155570745468140e-02
1.090643694624304771e-03
9.704722166061401367e-01
9.072416424751281738e-01
1.078302506357431412e-02
9.902600646018981934e-01
3.578257262706756592e-01
1.702323369681835175e-02
9.817067980766296387e-01
9.887477755546569824e-01
6.363207697868347168e-01
2.591630816459655762e-01
9.807373285293579102e-01
5.146500840783119202e-02
7.400938775390386581e-03
9.886055588722229004e-01
9.521269798278808594e-01
4.688348621129989624e-03
9.940161108970642090e-01
2.305784225463867188e-01
2.666106224060058594e-01
9.849519729614257812e-01
8.391317725181579590e-01
6.891978383064270020e-01
3.151393830776214600e-01
9.654346704483032227e-01
1.724246330559253693e-02
4.366024513728916645e-04
6.449417024850845337e-02
9.133145213127136230e-01
1.723579131066799164e-02
9.663111567497253418e-01
8.793118596076965332e-01
4.278507828712463379e-01
1.973766833543777466e-01
2.049181312322616577e-01
5.945737957954406738e-01
2.732529640197753906e-01
9.548355340957641602e-01
3.893331810832023621e-02
6.385261192917823792e-03
9.921161532402038574e-01
9.036912918090820312e-01
4.391232877969741821e-02
9.907342791557312012e-01
4.850255697965621948e-02
4.335742294788360596e-01
2.123407274484634399e-01
9.683905243873596191e-01
1.581858284771442413e-02
1.662557274103164673e-01
9.734582304954528809e-01
5.181306600570678711e-02
8.442798629403114319e-03
9.903013110160827637e-01
9.451434612274169922e-01
3.582949191331863403e-02
9.934886693954467773e-01
3.063732385635375977e-01
1.894628852605819702e-01
1.475340276956558228e-01
9.867330789566040039e-01
9.888541102409362793e-01
6.193390116095542908e-02
9.796763062477111816e-01
4.437534883618354797e-02
6.829047575592994690e-03
9.877694845199584961e-01
9.221001863479614258e-01
2.533026039600372314e-02
9.929276704788208008e-01
2.977519929409027100e-01
3.731608986854553223e-01
1.565431356430053711e-01
9.862461686134338379e-01
9.664784073829650879e-01
7.190483808517456055e-01
8.509871363639831543e-01
1.237011398188769817e-03
7.004607141425367445e-06
2.671962976455688477e-01
9.632753729820251465e-01
1.470069587230682373e-02
8.650689125061035156e-01
1.047428324818611145e-01
3.492978587746620178e-02
5.403097271919250488e-01
6.003809571266174316e-01
9.724981337785720825e-02
1.374406516551971436e-01
8.007448911666870117e-01
1.650571078062057495e-02
5.511267227120697498e-04
8.119444251060485840e-01
9.041274785995483398e-01
1.387309581041336060e-01
9.766412973403930664e-01
1.182013601064682007e-01
3.437651321291923523e-02
9.785487651824951172e-01
9.637327194213867188e-01
5.623241662979125977e-01
3.176391124725341797e-01
9.752175211906433105e-01
1.845606602728366852e-02
4.557624924927949905e-04
9.584956169128417969e-01
9.038257002830505371e-01
6.544519960880279541e-02
9.857879281044006348e-01
6.731497645378112793e-01
1.906746029853820801e-01
9.700640439987182617e-01
9.824485182762145996e-01
6.604322195053100586e-01
3.645502328872680664e-01
9.767982959747314453e-01
2.355518750846385956e-02
6.867808406241238117e-04
6.819130182266235352e-01
9.276304244995117188e-01
7.655469328165054321e-02
9.885402917861938477e-01
6.000354886054992676e-01
4.490772485733032227e-01
9.808560013771057129e-01
9.821445345878601074e-01
6.107044219970703125e-01
2.447835654020309448e-01
9.666629433631896973e-01
7.967958226799964905e-03
1.122347166528925300e-04
1.225995048880577087e-01
9.300028681755065918e-01
5.322826281189918518e-02
9.693338274955749512e-01
9.720916748046875000e-01
3.852100968360900879e-01
4.571192711591720581e-02
1.709560602903366089e-01
3.215080201625823975e-01
2.310189753770828247e-01
9.757032394409179688e-01
3.088421374559402466e-02
7.693286170251667500e-04
9.891847372055053711e-01
9.420073628425598145e-01
9.753594547510147095e-02
9.928880929946899414e-01
3.340829163789749146e-02
5.990524888038635254e-01
2.326178252696990967e-01
9.819992780685424805e-01
2.246317118406295776e-01
2.005707621574401855e-01
9.788069725036621094e-01
3.528078645467758179e-02
9.851522045210003853e-04
9.778423905372619629e-01
9.184113740921020508e-01
1.019923686981201172e-01
9.922103285789489746e-01
4.659982025623321533e-01
4.404169917106628418e-01
1.869278103113174438e-01
9.832169413566589355e-01
9.695206284523010254e-01
7.632177323102951050e-02
9.778555631637573242e-01
2.725345455110073090e-02
7.229101611301302910e-04
7.362092733383178711e-01
9.182016849517822266e-01
8.557040989398956299e-02
9.929618239402770996e-01
5.785886049270629883e-01
4.145820438861846924e-01
1.272066086530685425e-01
9.794339537620544434e-01
9.778920412063598633e-01
6.009966135025024414e-01
8.513283729553222656e-01
5.877512041479349136e-03
6.350794574245810509e-04
1.041285917162895203e-01
9.574255943298339844e-01
3.709622472524642944e-02
1.226234063506126404e-02
5.432963743805885315e-02
2.621145732700824738e-02
1.795834675431251526e-02
2.720975084230303764e-03
4.147257283329963684e-02
4.241934418678283691e-02
9.045208692550659180e-01
8.380316197872161865e-03
8.028163574635982513e-04
3.496055006980895996e-01
9.575096368789672852e-01
2.627750299870967865e-02
1.003744918853044510e-02
8.469511866569519043e-01
9.359416551887989044e-03
4.495410323143005371e-01
4.805506169795989990e-01
6.066556647419929504e-02
2.054147981107234955e-02
9.663945436477661133e-01
6.297998595982789993e-03
2.956834796350449324e-04
3.434067964553833008e-01
9.472451806068420410e-01
4.630275070667266846e-02
6.392980925738811493e-03
8.583388328552246094e-01
1.525886803865432739e-01
2.578444778919219971e-01
8.292533457279205322e-02
1.841646879911422729e-01
8.932154625654220581e-02
8.598646521568298340e-01
7.865065708756446838e-04
8.493562745570670813e-06
2.842887938022613525e-01
9.856203198432922363e-01
8.543287403881549835e-03
1.928767655044794083e-03
9.231956005096435547e-01
4.202372580766677856e-02
1.137176156044006348e-02
6.165926456451416016e-01
6.406828016042709351e-02
3.488884866237640381e-02
9.695509672164916992e-01
5.862312857061624527e-03
2.986062318086624146e-04
2.307817637920379639e-01
9.380171298980712891e-01
1.588675007224082947e-02
7.003978360444307327e-03
8.749874830245971680e-01
1.137538179755210876e-01
2.218618430197238922e-02
5.603991448879241943e-02
6.355206668376922607e-02
2.364103868603706360e-02
9.652221202850341797e-01
3.847966901957988739e-03
1.189528848044574261e-04
3.579153716564178467e-01
9.480840563774108887e-01
9.447242133319377899e-03
4.338021855801343918e-03
8.996379971504211426e-01
6.961286813020706177e-02
1.095380634069442749e-02
5.251728296279907227e-01
6.157593727111816406e-01
9.561286866664886475e-02
9.599183797836303711e-01
3.028228878974914551e-02
4.861020483076572418e-03
9.737449288368225098e-01
8.708071112632751465e-01
1.925492882728576660e-01
6.624142825603485107e-02
9.820916056632995605e-01
4.599289596080780029e-02
9.786180853843688965e-01
9.604197144508361816e-01
8.138333559036254883e-01
1.738820225000381470e-01
9.687444567680358887e-01
4.194698110222816467e-02
3.557627554982900620e-03
9.687084555625915527e-01
8.708850145339965820e-01
1.979330927133560181e-01
6.321411579847335815e-02
9.825983643531799316e-01
9.501234441995620728e-02
9.809534549713134766e-01
7.544476985931396484e-01
7.495219707489013672e-01
2.687479257583618164e-01
9.536517858505249023e-01
1.597889699041843414e-02
1.802668208256363869e-03
2.788083851337432861e-01
8.927141427993774414e-01
1.368385702371597290e-01
3.998906165361404419e-02
9.661048650741577148e-01
8.329516649246215820e-02
4.515187069773674011e-02
1.157153863459825516e-03
4.569046944379806519e-02
4.830843955278396606e-02
9.778417944908142090e-01
6.863755732774734497e-02
1.607834920287132263e-02
9.807925820350646973e-01
8.656165003776550293e-01
2.437072843313217163e-01
8.811618387699127197e-02
9.854363203048706055e-01
1.034723818302154541e-01
8.095753937959671021e-02
9.823734164237976074e-01
6.841930001974105835e-02
6.786153465509414673e-02
9.771379232406616211e-01
4.561440646648406982e-02
7.690267637372016907e-03
9.732226729393005371e-01
8.975184559822082520e-01
2.458049058914184570e-01
1.012245193123817444e-01
9.811376333236694336e-01
1.035067588090896606e-01
8.447835594415664673e-02
9.847080111503601074e-01
9.052932858467102051e-01
4.133477807044982910e-02
9.719635844230651855e-01
3.325555101037025452e-02
3.091336693614721298e-03
7.841964364051818848e-01
9.019393920898437500e-01
2.077085822820663452e-01
5.562583729624748230e-02
9.826633930206298828e-01
9.310811012983322144e-02
6.503782421350479126e-02
9.814879894256591797e-01
9.755681753158569336e-01
2.046455144882202148e-01
9.803795218467712402e-01
5.578076094388961792e-02
8.669584989547729492e-03
9.823070168495178223e-01
9.016088843345642090e-01
9.195875376462936401e-02
3.487044200301170349e-02
9.917046427726745605e-01
2.216539382934570312e-01
9.780531525611877441e-01
9.620111584663391113e-01
6.861065030097961426e-01
3.947034478187561035e-01
9.753109216690063477e-01
3.633202612400054932e-02
4.267979878932237625e-03
2.805710732936859131e-01
8.774198889732360840e-01
8.101775497198104858e-02
3.640275821089744568e-02
9.713559150695800781e-01
8.553545475006103516e-01
2.379874512553215027e-02
2.315821647644042969e-01
5.467356443405151367e-01
1.396009624004364014e-01
9.810203909873962402e-01
6.998188793659210205e-02
1.196544244885444641e-02
9.907476902008056641e-01
8.983907103538513184e-01
1.265826374292373657e-01
6.821142882108688354e-02
9.916972517967224121e-01
2.446865476667881012e-02
3.040610253810882568e-02
9.760744571685791016e-01
3.806347958743572235e-03
1.680499687790870667e-02
9.812200665473937988e-01
8.441011607646942139e-02
1.963036507368087769e-02
9.854214191436767578e-01
9.513213038444519043e-01
1.064445525407791138e-01
5.856829136610031128e-02
9.916781187057495117e-01
3.491736650466918945e-01
2.658561244606971741e-02
9.826788306236267090e-01
9.829222559928894043e-01
1.496979221701622009e-02
9.788097143173217773e-01
5.626451224088668823e-02
6.860246416181325912e-03
9.751878380775451660e-01
9.091071486473083496e-01
1.090283393859863281e-01
4.168344661593437195e-02
9.879109263420104980e-01
3.137308955192565918e-01
1.705090701580047607e-02
9.776386022567749023e-01
9.827184081077575684e-01
6.951050162315368652e-01
9.752871394157409668e-01
2.196841500699520111e-02
1.347029698081314564e-03
2.008789926767349243e-01
9.363166093826293945e-01
8.513650298118591309e-02
2.699999511241912842e-02
9.778348207473754883e-01
9.367957115173339844e-01
4.215307533740997314e-01
1.015050709247589111e-01
4.337059259414672852e-01
1.735128462314605713e-01
9.805982708930969238e-01
5.606441944837570190e-02
8.213680237531661987e-03
9.951115250587463379e-01
9.593877196311950684e-01
8.335295319557189941e-02
3.424520045518875122e-02
9.938666820526123047e-01
1.377953123301267624e-02
4.510449767112731934e-01
9.750634431838989258e-01
1.590013504028320312e-02
9.675298631191253662e-02
9.796888828277587891e-01
4.180681332945823669e-02
4.864109680056571960e-03
9.845924973487854004e-01
9.031848311424255371e-01
6.634180992841720581e-02
3.176033869385719299e-02
9.934847950935363770e-01
3.264552354812622070e-01
4.088451266288757324e-01
9.806338548660278320e-01
9.374529719352722168e-01
6.625316739082336426e-01
9.621165394783020020e-01
9.683860465884208679e-03
2.820192312356084585e-04
2.647190913558006287e-02
9.585443139076232910e-01
3.142570704221725464e-02
1.909383572638034821e-02
7.741784453392028809e-01
9.019125103950500488e-01
2.364040017127990723e-01
7.959569245576858521e-02
1.053292080760002136e-01
1.146865412592887878e-01
9.762698411941528320e-01
2.141539938747882843e-02
2.233084524050354958e-03
3.458247184753417969e-01
9.430404901504516602e-01
9.239278733730316162e-02
2.451235242187976837e-02
9.760122895240783691e-01
9.721272587776184082e-01
3.833132088184356689e-01
7.455934584140777588e-02
1.293620616197586060e-01
7.015350461006164551e-02
9.731079339981079102e-01
1.596993766725063324e-02
6.764574209228157997e-04
4.671734571456909180e-01
9.420424699783325195e-01
7.791047543287277222e-02
1.364732533693313599e-02
9.756366014480590820e-01
9.762690067291259766e-01
2.995553612709045410e-01
4.963213577866554260e-02
1.384513229131698608e-01
3.358712792396545410e-01
9.795108437538146973e-01
4.053395986557006836e-02
4.240238573402166367e-03
9.879043698310852051e-01
9.349195361137390137e-01
9.030668437480926514e-02
4.795031994581222534e-02
9.937567114830017090e-01
2.558585256338119507e-02
5.772964954376220703e-01
1.217759922146797180e-01
9.806532263755798340e-01
1.214200481772422791e-01
9.792655706405639648e-01
2.760789729654788971e-02
3.805302083492279053e-03
9.927362799644470215e-01
9.514889717102050781e-01
5.910475924611091614e-02
3.517936170101165771e-02
9.957799315452575684e-01
1.155987754464149475e-02
5.689969658851623535e-01
1.052361577749252319e-01
9.861989617347717285e-01
1.764052510261535645e-01
9.776947498321533203e-01
2.333345077931880951e-02
1.954004401341080666e-03
9.813683032989501953e-01
9.347351193428039551e-01
7.991228997707366943e-02
2.476272359490394592e-02
9.896475672721862793e-01
4.104365408420562744e-01
2.895841002464294434e-01
5.886455252766609192e-02
9.824553132057189941e-01
9.831539988517761230e-01
