7.778074592351913452e-03
6.203901767730712891e-01
9.614401310682296753e-02
7.535575330257415771e-02
3.641936695203185081e-03
5.794695019721984863e-01
1.118613108992576599e-01
1.701486855745315552e-02
2.734435349702835083e-02
2.609995603561401367e-01
8.528095483779907227e-02
1.132983155548572540e-02
8.036364614963531494e-02
6.942578405141830444e-02
8.858175277709960938e-01
3.037319481372833252e-01
2.117123082280158997e-02
2.514380402863025665e-02
4.344124495983123779e-01
1.639443486928939819e-01
4.264031946659088135e-01
3.190325945615768433e-02
2.874242663383483887e-01
3.094791173934936523e-01
1.442398689687252045e-02
3.457401413470506668e-03
5.328013002872467041e-02
7.145842164754867554e-02
4.916309416294097900e-01
6.085254997014999390e-02
3.946125507354736328e-02
6.681371331214904785e-01
7.050337642431259155e-02
1.018899586051702499e-02
4.428448155522346497e-02
5.142734199762344360e-02
1.479415744543075562e-01
7.064161822199821472e-03
2.885495498776435852e-02
1.406779629178345203e-04
5.154857784509658813e-02
7.759988307952880859e-01
9.449043124914169312e-02
7.637452217750251293e-04
3.446396887302398682e-01
1.874825507402420044e-01
8.485423773527145386e-02
2.654980681836605072e-02
3.349586725234985352e-01
4.780691862106323242e-02
2.492943964898586273e-02
6.435290060835541226e-07
3.053869865834712982e-02
9.208956733345985413e-03
8.079972863197326660e-01
8.066470921039581299e-02
6.621719896793365479e-02
1.918010562658309937e-01
1.683553904294967651e-01
6.018295511603355408e-02
3.995672240853309631e-02
2.015297114849090576e-01
3.177915513515472412e-02
2.800680510699748993e-02
4.087040142621845007e-04
5.746674537658691406e-02
9.320740401744842529e-02
6.303726434707641602e-01
1.446791291236877441e-01
1.353766024112701416e-01
6.399408914148807526e-03
1.208778284490108490e-02
4.678165423683822155e-04
2.853240258991718292e-02
8.949271286837756634e-04
1.674443297088146210e-02
1.558292005211114883e-02
1.024167795549146831e-04
3.338783234357833862e-02
1.740005332976579666e-03
7.358834743499755859e-01
4.553190618753433228e-02
7.781517505645751953e-02
1.066490542143583298e-02
4.391512870788574219e-01
3.634101152420043945e-02
8.327766321599483490e-03
2.796713709831237793e-01
2.241429500281810760e-02
2.589048147201538086e-01
1.940366178750991821e-01
2.225283533334732056e-02
2.380855008959770203e-02
7.213343977928161621e-01
5.616158992052078247e-02
4.656986519694328308e-02
2.648481354117393494e-02
2.703002691268920898e-01
1.428732126951217651e-01
9.332634508609771729e-04
1.012268811464309692e-01
2.586803436279296875e-01
1.971324905753135681e-02
1.391998119652271271e-02
9.506898373365402222e-02
3.213889151811599731e-02
7.888920307159423828e-01
1.218011975288391113e-01
1.047471761703491211e-01
3.765337867662310600e-03
4.354665279388427734e-01
1.964492946863174438e-01
5.629616230726242065e-02
2.143430113792419434e-01
9.689000993967056274e-02
5.494693294167518616e-02
2.711937297135591507e-03
8.489701896905899048e-02
1.433561742305755615e-01
5.287325978279113770e-01
1.625385880470275879e-01
3.079681470990180969e-02
1.006212234497070312e-01
5.348145961761474609e-01
1.877533793449401855e-01
5.523521080613136292e-02
1.918923668563365936e-02
1.571787521243095398e-02
2.181028723716735840e-01
1.905927620828151703e-02
3.943043574690818787e-02
7.524469867348670959e-03
5.460733175277709961e-01
6.860014796257019043e-02
5.862953141331672668e-02
6.213302910327911377e-02
1.053062826395034790e-01
9.363216906785964966e-02
2.242274582386016846e-01
1.351302675902843475e-02
9.720379114151000977e-02
4.339678678661584854e-03
3.452651202678680420e-03
2.161137387156486511e-02
5.125154927372932434e-02
5.651047825813293457e-01
1.289726048707962036e-01
6.031995639204978943e-02
1.565008424222469330e-02
2.668049931526184082e-01
2.962545491755008698e-02
6.224169861525297165e-03
3.636480541899800301e-04
5.777785778045654297e-01
1.384779512882232666e-01
2.009284123778343201e-02
2.326606400310993195e-02
1.810466311872005463e-02
6.932458281517028809e-01
1.137476935982704163e-01
2.090455405414104462e-02
3.921240102499723434e-03
4.155123829841613770e-01
3.968154639005661011e-02
8.256036043167114258e-02
2.024270221590995789e-02
3.500796854496002197e-01
2.691698670387268066e-01
9.430480748414993286e-02
2.292777299880981445e-01
5.386389493942260742e-01
1.507600843906402588e-01
3.608331084251403809e-02
5.336605012416839600e-03
6.519119739532470703e-01
1.165045872330665588e-01
6.812988966703414917e-02
3.214800357818603516e-02
1.229032799601554871e-01
6.818760652095079422e-03
1.074530091136693954e-02
7.690242026001214981e-03
2.533015906810760498e-01
8.466755039989948273e-03
4.724787920713424683e-02
9.876795113086700439e-02
3.973468765616416931e-02
4.118831930099986494e-05
5.629080347716808319e-03
3.880629688501358032e-02
1.589588122442364693e-03
6.494712084531784058e-03
1.669722958467900753e-03
3.987231478095054626e-02
6.961246486753225327e-03
1.428485363721847534e-01
1.961733959615230560e-02
3.035090267658233643e-01
1.921456307172775269e-02
5.252937227487564087e-02
4.296298325061798096e-01
4.047069326043128967e-02
6.422024965286254883e-02
2.103498578071594238e-02
2.596665024757385254e-01
1.131599918007850647e-01
5.396923981606960297e-03
2.659889403730630875e-03
3.756633102893829346e-01
1.124410983175039291e-02
3.890303969383239746e-01
7.379922270774841309e-02
9.811213240027427673e-03
4.943374395370483398e-01
1.243185177445411682e-01
3.993732109665870667e-02
3.532467037439346313e-02
2.115894556045532227e-01
2.058599740266799927e-01
4.444975033402442932e-02
2.406803891062736511e-03
2.219928801059722900e-01
1.495409663766622543e-02
5.851477384567260742e-01
1.506383419036865234e-01
7.141241431236267090e-02
6.928363442420959473e-02
3.356529399752616882e-02
1.056715846061706543e-01
6.265021394938230515e-03
2.012236109294462949e-05
2.705199178308248520e-03
6.913415342569351196e-02
4.823074117302894592e-02
1.855251789093017578e-01
7.827683538198471069e-02
3.720180392265319824e-01
2.050424516201019287e-01
5.831103026866912842e-02
6.549554318189620972e-02
5.587337613105773926e-01
2.182782813906669617e-02
2.380798803642392159e-03
2.890893816947937012e-01
6.848435848951339722e-02
1.272444962523877621e-03
4.208600893616676331e-02
2.403975874185562134e-01
4.339664429426193237e-02
4.801429510116577148e-01
2.486802935600280762e-01
5.013259500265121460e-02
5.092261359095573425e-02
1.543703526258468628e-01
8.008464425802230835e-02
1.612952537834644318e-02
3.035549223423004150e-01
1.804308593273162842e-02
3.531118482351303101e-02
1.349836122244596481e-02
1.648972630500793457e-01
4.806306213140487671e-02
5.684450864791870117e-01
3.339186906814575195e-01
3.575106337666511536e-02
3.490257635712623596e-02
4.361289739608764648e-01
8.556989580392837524e-02
5.482605472207069397e-02
3.139202892780303955e-01
9.686623513698577881e-02
3.045039996504783630e-02
1.184555236250162125e-03
4.351986348628997803e-01
6.631359457969665527e-02
5.405124425888061523e-01
1.389814615249633789e-01
1.036939024925231934e-01
1.938368659466505051e-03
1.060574427247047424e-01
1.571930646896362305e-01
1.525981165468692780e-02
2.343431860208511353e-02
1.566762328147888184e-01
1.961205750703811646e-01
1.474218815565109253e-01
7.421219348907470703e-02
6.072060670703649521e-03
5.013955831527709961e-01
4.584017768502235413e-02
5.674985051155090332e-02
1.779863052070140839e-02
1.589978933334350586e-01
2.262415140867233276e-01
1.181530766189098358e-02
1.341419410891830921e-03
3.390675783157348633e-01
3.804350970312952995e-03
1.610462786629796028e-03
2.179774194955825806e-01
9.087714366614818573e-03
5.715914964675903320e-01
1.419764310121536255e-01
1.613488495349884033e-01
3.595767542719841003e-02
2.320572584867477417e-01
2.656821310520172119e-01
5.772999720647931099e-04
1.085807196795940399e-02
3.070778846740722656e-01
2.059231847524642944e-01
3.590930136851966381e-04
2.073602229356765747e-01
8.641172200441360474e-02
4.519965350627899170e-01
3.844997659325599670e-02
1.754059270024299622e-02
7.205048203468322754e-02
3.920921087265014648e-01
1.446383148431777954e-01
1.117165386676788330e-02
2.835071831941604614e-02
7.179070264101028442e-02
8.381204307079315186e-02
1.924812234938144684e-02
2.332165688276290894e-01
1.267101168632507324e-01
9.637317061424255371e-02
1.090405415743589401e-02
9.599301964044570923e-02
4.316795151680707932e-03
4.930119216442108154e-02
4.003798216581344604e-02
2.045133383944630623e-03
6.044305395334959030e-03
3.058058209717273712e-02
1.012646500021219254e-02
1.810137619031593204e-04
2.659256160259246826e-01
2.054494023323059082e-01
2.930575013160705566e-01
7.983374595642089844e-02
2.729221805930137634e-02
5.669845938682556152e-01
1.324549466371536255e-01
2.832990512251853943e-02
8.651477284729480743e-03
4.115767478942871094e-01
2.072703093290328979e-01
4.753201082348823547e-02
5.949743557721376419e-03
2.572471797466278076e-01
9.513236582279205322e-02
5.824952721595764160e-01
2.088971883058547974e-01
9.065705351531505585e-03
2.333349585533142090e-01
1.237049922347068787e-01
1.382783949375152588e-01
1.807699725031852722e-02
2.276679575443267822e-01
8.120241761207580566e-02
5.813678354024887085e-02
1.775082759559154510e-02
3.011835217475891113e-01
1.475614029914140701e-02
5.124622583389282227e-01
1.765845715999603271e-01
1.361917890608310699e-02
2.383810281753540039e-01
3.165756165981292725e-01
8.560330420732498169e-02
5.395179614424705505e-03
1.977473050355911255e-01
1.404015421867370605e-01
1.835289597511291504e-02
1.750780647853389382e-04
2.419892847537994385e-01
2.304873242974281311e-02
6.870545148849487305e-01
3.209483921527862549e-01
6.021523103117942810e-02
5.290912836790084839e-02
5.854825302958488464e-02
9.295068681240081787e-03
1.963468641042709351e-01
8.539904956705868244e-04
3.309975843876600266e-03
3.459612652659416199e-02
1.872467622160911560e-02
1.858538389205932617e-01
1.932038068771362305e-01
4.512602686882019043e-01
1.191240921616554260e-01
4.629045352339744568e-02
3.456192836165428162e-02
2.041804790496826172e-01
3.182874992489814758e-02
1.255842042155563831e-03
2.660419940948486328e-01
4.845280200242996216e-02
2.773454040288925171e-02
3.971822559833526611e-02
6.854934245347976685e-02
1.760013103485107422e-01
6.338289380073547363e-01
1.666402816772460938e-01
6.141845881938934326e-02
2.127005252987146378e-03
2.841189205646514893e-01
1.135062500834465027e-01
1.091212406754493713e-02
5.093852877616882324e-01
1.312416344881057739e-01
5.975440610200166702e-03
6.788988411426544189e-02
1.965735703706741333e-01
5.069314688444137573e-02
4.655175805091857910e-01
5.532161891460418701e-02
1.263588070869445801e-01
1.585944555699825287e-03
5.061562657356262207e-01
1.524502485990524292e-01
4.824019968509674072e-03
2.436446696519851685e-01
1.322259753942489624e-01
8.431824855506420135e-03
1.649880316108465195e-03
3.841336071491241455e-01
2.096167206764221191e-02
3.286655247211456299e-01
2.497823387384414673e-01
1.194641143083572388e-01
1.963131129741668701e-02
3.338041901588439941e-01
8.400326967239379883e-02
5.487188696861267090e-02
4.457929357886314392e-02
6.237668916583061218e-02
8.397148922085762024e-03
1.116890385746955872e-01
3.146675527095794678e-01
9.839929640293121338e-02
4.461509585380554199e-01
1.603153496980667114e-01
2.217317372560501099e-02
1.049400772899389267e-03
5.252116918563842773e-01
3.625347018241882324e-01
7.720656692981719971e-02
2.272898331284523010e-02
2.658855319023132324e-01
1.109730079770088196e-02
4.394486546516418457e-03
1.842217445373535156e-01
2.866709828376770020e-01
8.198902010917663574e-01
1.873385161161422729e-01
8.726926147937774658e-02
2.342273108661174774e-02
4.687677919864654541e-01
7.601229846477508545e-02
2.207035012543201447e-02
1.821315474808216095e-02
1.922883987426757812e-01
2.093682885169982910e-01
4.355250298976898193e-02
1.140833124518394470e-01
1.223313137888908386e-01
5.165073275566101074e-01
6.496669352054595947e-02
6.408397853374481201e-02
5.252310633659362793e-02
5.187910795211791992e-01
2.177997380495071411e-01
5.662710964679718018e-02
1.162986457347869873e-01
9.756059199571609497e-02
1.037638727575540543e-02
2.261910960078239441e-02
3.416866362094879150e-01
3.068045675754547119e-01
8.059053122997283936e-02
4.910577088594436646e-02
1.655294327065348625e-03
9.738153312355279922e-04
3.614579691202379763e-05
8.647579699754714966e-03
1.140052359551191330e-02
1.713326782919466496e-03
5.449844757094979286e-04
1.950853329617530107e-04
1.748365932144224644e-03
1.179798841476440430e-01
2.406883239746093750e-01
1.835108734667301178e-03
1.396504193544387817e-01
8.081480860710144043e-03
2.550497301854193211e-04
6.378877907991409302e-02
1.792768761515617371e-02
1.479338854551315308e-03
5.063180287834256887e-05
2.272306382656097412e-02
3.086198493838310242e-02
6.409962952602654696e-05
2.651084661483764648e-01
4.929070174694061279e-02
1.982325688004493713e-03
4.989115148782730103e-02
3.197605907917022705e-02
4.714700393378734589e-03
2.065043710172176361e-02
4.835763573646545410e-02
1.662325300276279449e-02
3.142650704830884933e-03
1.566715654917061329e-03
1.240707375109195709e-02
1.732309907674789429e-02
4.278388023376464844e-01
9.774065017700195312e-02
1.173855811357498169e-01
1.586904078722000122e-01
6.808242946863174438e-02
8.147209882736206055e-03
2.932173572480678558e-02
7.309427484869956970e-03
3.104784991592168808e-04
1.269171189051121473e-04
3.171368036419153214e-03
1.192910131067037582e-03
7.682502036914229393e-04
9.805566072463989258e-02
1.918297708034515381e-01
3.695118939504027367e-03
1.331782341003417969e-01
2.070197463035583496e-02
2.133497148752212524e-01
2.230699891470067087e-07
6.800062023103237152e-03
2.069769985973834991e-02
1.279888147109886631e-05
3.502062521874904633e-03
9.977445188269484788e-06
1.888968348503112793e-01
4.017013609409332275e-01
1.456091850996017456e-01
7.557679712772369385e-02
5.280166119337081909e-02
2.149766869843006134e-02
5.829329416155815125e-02
2.126284962287172675e-04
1.067558974027633667e-01
5.446733906865119934e-03
1.139657397288829088e-04
1.066664233803749084e-02
2.922159328591078520e-04
2.766878751572221518e-04
1.939135193824768066e-01
1.928614526987075806e-01
1.791064292192459106e-01
5.893027409911155701e-02
1.399414390325546265e-01
2.661612117663025856e-03
5.026865284889936447e-03
5.832054838538169861e-02
6.954967230558395386e-02
3.199506609234958887e-04
2.076676348224282265e-03
1.344947144389152527e-02
1.071604806929826736e-02
1.522311568260192871e-01
1.064101979136466980e-01
5.364110693335533142e-03
7.686828821897506714e-02
7.725424319505691528e-02
3.430324420332908630e-02
1.222080609295517206e-04
4.138235747814178467e-02
3.356502577662467957e-02
2.072633989155292511e-02
2.235037647187709808e-02
1.912510395050048828e-02
9.977698937291279435e-06
4.359088242053985596e-01
2.261255085468292236e-01
4.795743897557258606e-02
1.673951447010040283e-01
2.766648866236209869e-02
2.453946322202682495e-02
1.304172910749912262e-03
5.960093438625335693e-02
1.350691355764865875e-02
1.626132614910602570e-02
1.899865083396434784e-02
5.666355043649673462e-02
2.133174799382686615e-03
4.124323427677154541e-01
1.635115891695022583e-01
1.920386031270027161e-02
1.048365980386734009e-01
9.483371675014495850e-02
5.593433231115341187e-02
8.436408825218677521e-03
1.202547401189804077e-01
4.018066823482513428e-02
1.512084156274795532e-02
1.580043928697705269e-03
1.169899553060531616e-01
1.038569770753383636e-02
1.592380553483963013e-01
3.808941692113876343e-02
7.794386148452758789e-02
2.513859570026397705e-01
1.415031552314758301e-01
2.330229580402374268e-01
3.691167512442916632e-04
4.881938453763723373e-03
4.965823143720626831e-03
1.302930153906345367e-02
7.961219176650047302e-03
5.780376866459846497e-02
4.635994881391525269e-02
7.553459703922271729e-02
1.837868690490722656e-01
2.995391376316547394e-02
5.486440062522888184e-01
4.027105402201414108e-03
3.432617187500000000e-01
7.555899024009704590e-02
1.273244502954185009e-03
6.758803036063909531e-03
1.884980201721191406e-01
1.506821215152740479e-01
1.970172971487045288e-01
1.014177314937114716e-02
2.199672907590866089e-01
1.238644421100616455e-01
9.933469444513320923e-02
4.161224961280822754e-01
3.201901167631149292e-02
3.487262427806854248e-01
8.126077800989151001e-02
5.141903832554817200e-02
2.864165790379047394e-02
4.547843039035797119e-01
5.309966579079627991e-02
4.072532057762145996e-02
1.007235981523990631e-02
1.878197491168975830e-01
1.885560452938079834e-01
1.895644813776016235e-01
3.430931866168975830e-01
1.779661141335964203e-02
3.623683750629425049e-02
1.839800388552248478e-04
8.254720829427242279e-03
4.476025933399796486e-04
1.401361604536077721e-08
4.756201524287462234e-03
2.011532662436366081e-03
4.636982339434325695e-04
1.257183700799942017e-01
1.141329668462276459e-02
6.144951563328504562e-03
5.912979841232299805e-01
2.000532113015651703e-02
1.176531310193240643e-03
1.689230054616928101e-01
3.990438766777515411e-03
6.692643277347087860e-03
4.127551913261413574e-01
8.469384163618087769e-02
2.319189719855785370e-02
4.793494008481502533e-03
1.796706914901733398e-01
4.681580513715744019e-02
9.750282764434814453e-02
6.867948770523071289e-01
2.701497822999954224e-02
3.218415379524230957e-02
4.493601024150848389e-01
1.225874722003936768e-01
2.769746351987123489e-03
3.218474388122558594e-01
8.539792895317077637e-02
4.462448880076408386e-02
6.179288402199745178e-02
2.618710100650787354e-01
1.576805487275123596e-02
4.472067579627037048e-02
6.562532782554626465e-01
4.738995432853698730e-02
2.129628136754035950e-02
4.609777927398681641e-01
6.878786534070968628e-02
5.330763012170791626e-02
2.506951093673706055e-01
1.209622770547866821e-01
1.798512041568756104e-02
1.225272853844217025e-06
1.032188385725021362e-01
3.405892103910446167e-02
2.328878194093704224e-01
4.340170919895172119e-01
2.273157238960266113e-02
4.757371172308921814e-02
4.417817294597625732e-01
1.129844710230827332e-01
1.233887206763029099e-02
5.247112363576889038e-03
4.296900704503059387e-02
1.804868131875991821e-02
3.229771755286492407e-05
2.568490207195281982e-01
1.497083902359008789e-01
2.535872161388397217e-02
5.956953763961791992e-01
5.999755579978227615e-03
8.763048797845840454e-03
3.258285522460937500e-01
5.054004117846488953e-02
6.697990745306015015e-02
1.973540708422660828e-02
2.495896518230438232e-01
2.260326221585273743e-02
8.784556994214653969e-04
3.568494021892547607e-01
7.379005849361419678e-02
1.103052496910095215e-01
5.909584760665893555e-01
3.121808916330337524e-02
2.155598485842347145e-03
2.863568067550659180e-01
7.076838519424200058e-03
6.544330716133117676e-02
3.590931417420506477e-03
4.287903606891632080e-01
1.236534863710403442e-01
5.480112158693373203e-04
1.729503870010375977e-01
4.692963883280754089e-02
5.554970726370811462e-02
7.960013151168823242e-01
2.298420853912830353e-02
2.064881771802902222e-01
1.657978892326354980e-01
8.094909787178039551e-02
5.959601327776908875e-02
3.114916943013668060e-02
6.404170393943786621e-02
1.441201120615005493e-01
2.277140319347381592e-01
1.603231281042098999e-01
2.130414992570877075e-01
1.188865397125482559e-02
7.685753703117370605e-01
1.978300660848617554e-01
4.714565277099609375e-01
8.720791339874267578e-02
3.470699489116668701e-01
1.333677768707275391e-02
2.799139022827148438e-01
7.284311205148696899e-02
2.097384333610534668e-01
4.651049152016639709e-03
1.578190177679061890e-01
1.096802204847335815e-01
9.489274770021438599e-02
6.455075740814208984e-01
2.276356816291809082e-01
2.112641930580139160e-03
1.223082765936851501e-01
6.066605448722839355e-02
2.061182819306850433e-02
6.883874884806573391e-04
5.037080124020576477e-02
1.999127864837646484e-02
7.387725636363029480e-04
3.338417708873748779e-01
1.069247946143150330e-01
6.066519021987915039e-02
7.011721134185791016e-01
2.157288342714309692e-01
3.115088213235139847e-03
3.803761303424835205e-01
1.036655157804489136e-02
4.050584044307470322e-03
1.258794963359832764e-01
6.448193639516830444e-02
3.459852561354637146e-02
4.596685059368610382e-03
1.439791023731231689e-01
2.290200144052505493e-01
2.271011471748352051e-02
7.990700602531433105e-01
1.262553483247756958e-01
1.333011081442236900e-03
4.476855397224426270e-01
1.440522819757461548e-02
4.574128426611423492e-03
1.525909751653671265e-01
1.061408198438584805e-03
4.098741919733583927e-05
3.024459630250930786e-02
2.274643331766128540e-01
1.482685357332229614e-01
2.705423831939697266e-01
5.477339029312133789e-01
1.051702797412872314e-01
8.780257776379585266e-03
2.734230160713195801e-01
8.056281507015228271e-02
2.280225232243537903e-02
4.881490170955657959e-01
1.328453142195940018e-02
4.596814140677452087e-02
4.087614268064498901e-02
1.689030528068542480e-01
4.485374689102172852e-02
3.065953850746154785e-01
4.077985584735870361e-01
1.171496510505676270e-01
2.178440243005752563e-02
1.354944705963134766e-01
1.255031675100326538e-01
4.694591090083122253e-02
1.118386313319206238e-01
6.994345039129257202e-02
1.851635286584496498e-03
1.851558126509189606e-02
8.614872395992279053e-02
7.415246963500976562e-02
1.382494121789932251e-01
8.868058919906616211e-01
1.784687936305999756e-01
4.775490611791610718e-03
3.127856850624084473e-01
2.068403661251068115e-01
9.527413174510002136e-03
1.885759681463241577e-01
1.117370352149009705e-01
2.003774344921112061e-01
1.485573448007926345e-04
1.448002308607101440e-01
8.070831000804901123e-02
9.391703456640243530e-02
6.208167076110839844e-01
2.042908966541290283e-01
5.347796250134706497e-03
2.748878598213195801e-01
9.866935014724731445e-02
1.446083001792430878e-02
8.063325658440589905e-03
1.472303718328475952e-01
7.115154713392257690e-02
5.564287421293556690e-04
2.011004686355590820e-01
3.149014711380004883e-02
2.140768989920616150e-02
5.983617901802062988e-01
1.864533126354217529e-01
1.995170861482620239e-02
3.056964576244354248e-01
2.084298729896545410e-01
2.981953322887420654e-01
8.481692522764205933e-03
1.143198311328887939e-01
6.077289581298828125e-02
6.640527397394180298e-02
7.005362957715988159e-02
2.045451849699020386e-01
4.759556055068969727e-02
6.708542704582214355e-01
2.483784407377243042e-01
1.231070533394813538e-01
2.911919914186000824e-02
2.537712082266807556e-02
1.436133086681365967e-01
8.397401543334126472e-04
5.395447369664907455e-03
6.845132913440465927e-03
5.408857949078083038e-03
2.263408899307250977e-01
2.457113191485404968e-02
1.235965341329574585e-01
7.218539714813232422e-01
2.166230976581573486e-01
8.751608431339263916e-03
6.452937126159667969e-01
1.539938530186191201e-04
1.302583114011213183e-04
5.122594535350799561e-02
4.583891853690147400e-02
6.333540659397840500e-03
1.294632535427808762e-02
4.461395740509033203e-01
7.080094516277313232e-02
2.089073210954666138e-01
5.160179138183593750e-01
1.434584408998489380e-01
8.942371606826782227e-02
2.052779495716094971e-01
2.957080006599426270e-01
1.712974011898040771e-01
2.982519865036010742e-01
5.379621684551239014e-02
6.033405661582946777e-03
1.033230777829885483e-02
2.022126913070678711e-01
1.974048838019371033e-02
8.812108635902404785e-02
6.666586399078369141e-01
2.424440532922744751e-01
5.222893878817558289e-02
5.121158957481384277e-01
4.352522641420364380e-02
2.370555400848388672e-01
2.907403409481048584e-01
2.308481931686401367e-02
2.034229636192321777e-01
1.216055732220411301e-02
1.305781900882720947e-01
1.114712804555892944e-01
7.653269916772842407e-03
7.271453738212585449e-01
9.736309945583343506e-02
1.071088612079620361e-01
4.205974340438842773e-01
9.532876312732696533e-02
3.315366804599761963e-02
6.451682001352310181e-02
5.230342224240303040e-02
1.274894806556403637e-03
1.619313261471688747e-04
2.485253363847732544e-01
2.342230230569839478e-01
4.433821886777877808e-03
7.050279974937438965e-01
3.841612935066223145e-01
1.932470127940177917e-02
5.217201709747314453e-01
1.014618799090385437e-01
2.319475114345550537e-01
1.473869103938341141e-02
4.902950674295425415e-02
6.546512711793184280e-03
2.529754769057035446e-03
3.629191815853118896e-01
9.029085934162139893e-02
4.223319701850414276e-03
6.386188268661499023e-01
9.882874041795730591e-02
1.021814197301864624e-01
4.006340503692626953e-01
1.067601069808006287e-01
2.943673357367515564e-02
1.582882553339004517e-02
2.641786038875579834e-01
4.306400194764137268e-02
8.618326857686042786e-03
7.523116469383239746e-02
1.675182580947875977e-01
1.489042118191719055e-02
5.798553228378295898e-01
2.024583220481872559e-01
1.023122593760490417e-01
3.930957615375518799e-01
1.657068729400634766e-01
6.822487711906433105e-02
1.362338429316878319e-03
3.674086928367614746e-01
1.962239742279052734e-01
2.429901659488677979e-01
5.259907245635986328e-02
1.296284794807434082e-01
6.347965449094772339e-02
5.361148715019226074e-01
1.904022693634033203e-01
6.793557107448577881e-02
4.535926971584558487e-03
2.063029818236827850e-02
2.912186937464866787e-05
2.139659045496955514e-07
6.947499286980018951e-08
4.472126439213752747e-02
2.845851199140270182e-08
2.520217597484588623e-01
4.297084361314773560e-02
4.744065403938293457e-01
5.233725309371948242e-01
1.402583122253417969e-01
2.656605839729309082e-01
3.594470326788723469e-04
4.547132644802331924e-03
3.836927004158496857e-03
1.128755882382392883e-02
6.849799305200576782e-02
4.144002683460712433e-03
1.667947694659233093e-02
2.439637482166290283e-01
1.523831188678741455e-01
8.082512766122817993e-02
4.380208849906921387e-01
1.973702460527420044e-01
1.508854925632476807e-01
5.156294628977775574e-02
1.456503123044967651e-01
2.695261240005493164e-01
6.979911588132381439e-03
6.517657637596130371e-02
1.519681606441736221e-02
2.841425128281116486e-03
2.689886391162872314e-01
7.329721003770828247e-02
9.409422427415847778e-02
6.277186274528503418e-01
2.373149693012237549e-01
1.285705417394638062e-01
2.165262997150421143e-01
1.508889161050319672e-02
1.384115070104598999e-01
9.481713277637027204e-06
4.504219442605972290e-02
3.874365647789090872e-04
7.565593812614679337e-03
9.980405867099761963e-02
1.269700527191162109e-01
5.432844534516334534e-02
6.086587905883789062e-01
1.523333638906478882e-01
8.271797001361846924e-02
7.550514489412307739e-02
2.196530550718307495e-01
1.359097100794315338e-02
3.977086744271218777e-04
3.783042309805750847e-03
3.835234791040420532e-02
1.258220145246013999e-04
3.031554222106933594e-01
1.232809498906135559e-01
8.437341079115867615e-03
9.053671956062316895e-01
1.318636238574981689e-01
4.997063428163528442e-02
6.317747384309768677e-02
6.684579700231552124e-02
7.537118624895811081e-03
2.990579923789482564e-05
4.129632841795682907e-03
2.476349845528602600e-02
1.520584430545568466e-02
2.949568331241607666e-01
1.214645728468894958e-01
1.206015869975090027e-01
7.671396732330322266e-01
1.943026781082153320e-01
1.328500211238861084e-01
1.209259685128927231e-02
8.840113878250122070e-02
6.730005610734224319e-03
2.716078460216522217e-01
1.259979456663131714e-01
1.691615954041481018e-02
1.441457588225603104e-02
1.708774417638778687e-01
7.482098042964935303e-02
1.020875349640846252e-01
6.472641825675964355e-01
1.646108329296112061e-01
4.325314238667488098e-02
2.937219105660915375e-02
2.777431309223175049e-01
4.811554774641990662e-02
4.073219895362854004e-01
7.386982440948486328e-02
1.456002518534660339e-02
6.140559911727905273e-03
1.186439469456672668e-01
6.297256052494049072e-02
2.024272829294204712e-01
6.430830955505371094e-01
1.323728561401367188e-01
1.783469133079051971e-02
4.801005497574806213e-02
4.420497417449951172e-01
9.844878688454627991e-03
5.521675921045243740e-04
9.770035831024870276e-06
7.207320777524728328e-06
1.709016971290111542e-03
2.020993828773498535e-01
9.087447077035903931e-02
7.371208164840936661e-03
6.505317687988281250e-01
3.770947456359863281e-01
5.706886947154998779e-02
7.043960690498352051e-02
1.836579740047454834e-01
3.357484191656112671e-02
8.238487644121050835e-04
3.481360077857971191e-01
3.999787732027471066e-04
1.981870383024215698e-01
5.474346876144409180e-02
7.295907288789749146e-02
4.169498383998870850e-02
3.515068590641021729e-01
2.681396007537841797e-01
3.848799318075180054e-02
2.988168597221374512e-02
2.759555280208587646e-01
1.784578338265419006e-02
6.915841251611709595e-03
5.443245172500610352e-02
5.167693644762039185e-02
4.450855311006307602e-03
3.390034437179565430e-01
1.160146445035934448e-01
6.080274470150470734e-03
3.525810241699218750e-01
5.204661563038825989e-02
3.369491174817085266e-02
8.072201162576675415e-02
2.457061707973480225e-01
8.144868165254592896e-02
1.184603199362754822e-02
2.883825302124023438e-01
8.409386873245239258e-02
1.483520865440368652e-02
3.068924546241760254e-01
1.026815325021743774e-01
1.163049042224884033e-01
7.424847483634948730e-01
1.667331159114837646e-01
7.214190904051065445e-03
2.198630943894386292e-03
5.754519104957580566e-01
2.994496375322341919e-02
1.678050607442855835e-01
3.208371624350547791e-02
1.921637505292892456e-01
1.106098934542387724e-04
1.068522930145263672e-01
7.654111087322235107e-02
5.740397796034812927e-02
6.653663516044616699e-01
2.554717659950256348e-01
7.581003010272979736e-02
4.009573906660079956e-02
3.991620540618896484e-01
1.394331306219100952e-01
6.975499913096427917e-03
2.031234279274940491e-02
1.216354314237833023e-02
1.793578565120697021e-01
1.355494856834411621e-01
1.469230651855468750e-01
1.326349973678588867e-01
7.670766115188598633e-01
1.048041507601737976e-01
1.466644853353500366e-01
4.470606148242950439e-02
1.434717774391174316e-01
1.917714178562164307e-01
7.148190634325146675e-04
3.075578510761260986e-01
7.363198619714239612e-07
1.267430838197469711e-03
1.540963798761367798e-01
1.352245658636093140e-01
1.730300337076187134e-01
4.199389815330505371e-01
1.030732989311218262e-01
9.083706140518188477e-02
5.239923018962144852e-03
3.814914822578430176e-01
6.813158094882965088e-02
1.697330386377871037e-03
1.526549458503723145e-01
9.729938209056854248e-02
1.239094272023066878e-04
2.862166464328765869e-01
2.552511990070343018e-01
9.169405093416571617e-04
4.451676011085510254e-01
2.955212071537971497e-02
6.014252081513404846e-03
2.748231217265129089e-02
3.956453502178192139e-01
7.513535767793655396e-02
4.223254509270191193e-04
2.915174365043640137e-01
1.345242857933044434e-01
3.038448840379714966e-02
7.554618269205093384e-02
1.164178103208541870e-01
4.490839317440986633e-02
7.181063890457153320e-01
8.629071712493896484e-02
6.826709210872650146e-02
8.662455528974533081e-02
2.835510969161987305e-01
7.732550799846649170e-02
8.061088621616363525e-02
8.974944800138473511e-02
3.438771516084671021e-02
8.714989759027957916e-03
1.979364901781082153e-01
5.774671584367752075e-02
1.798674091696739197e-02
5.410416126251220703e-01
1.458964496850967407e-01
3.130565583705902100e-02
2.930276840925216675e-02
4.237834811210632324e-01
3.320055454969406128e-02
6.215529888868331909e-02
1.916709393262863159e-01
1.308951154351234436e-02
1.351864915341138840e-02
1.518021523952484131e-01
9.981253743171691895e-02
1.159539669752120972e-01
5.055609941482543945e-01
1.608518362045288086e-01
1.686831004917621613e-02
1.816489547491073608e-02
6.264728307723999023e-01
1.364490538835525513e-01
4.389857500791549683e-02
1.943710148334503174e-01
2.813953161239624023e-01
1.372402310371398926e-01
1.936793476343154907e-01
2.349166572093963623e-02
1.453552842140197754e-01
6.841632127761840820e-01
9.883943945169448853e-02
4.036169871687889099e-02
1.687986659817397594e-03
2.316643893718719482e-01
1.244776844978332520e-01
5.280426144599914551e-02
2.043686956167221069e-01
1.514225383289158344e-03
2.461843192577362061e-02
2.740786075592041016e-01
5.242574214935302734e-02
5.926695838570594788e-02
7.164286971092224121e-01
6.549395620822906494e-02
5.390253290534019470e-02
3.928684443235397339e-02
3.320567607879638672e-01
4.751831665635108948e-02
7.652185391634702682e-03
3.965670708566904068e-03
8.400400727987289429e-02
2.132739173248410225e-03
1.155600771307945251e-01
1.189744994044303894e-01
1.103266552090644836e-01
6.878179311752319336e-01
1.162822321057319641e-01
1.847253739833831787e-02
6.865516188554465771e-04
2.485332340002059937e-01
1.173626109957695007e-01
2.720621414482593536e-02
2.775850892066955566e-02
2.398248948156833649e-02
4.436884075403213501e-03
1.619014739990234375e-01
1.666740924119949341e-01
7.521431148052215576e-02
4.278305172920227051e-01
1.638878434896469116e-01
2.133098430931568146e-02
3.544744104146957397e-02
1.446720808744430542e-01
1.338235586881637573e-01
4.895044863224029541e-02
6.621351931244134903e-03
2.155276983976364136e-01
3.432037774473428726e-04
2.518630623817443848e-01
9.443984180688858032e-02
6.679677963256835938e-02
8.101361989974975586e-01
2.125041782855987549e-01
5.537573248147964478e-02
3.190314024686813354e-02
5.023673176765441895e-01
9.730793535709381104e-02
2.151138931512832642e-01
2.836885675787925720e-02
5.082349777221679688e-01
1.448600832372903824e-02
1.328155398368835449e-01
1.993310898542404175e-01
5.701212957501411438e-02
7.962159514427185059e-01
1.136050596833229065e-01
2.613185942173004150e-01
5.315752350725233555e-04
5.508936047554016113e-01
1.342298388481140137e-01
4.186075646430253983e-03
2.009232062846422195e-03
1.966738551855087280e-01
1.433500349521636963e-01
