2.147947438061237335e-02
9.999512434005737305e-01
1.277796775102615356e-01
2.528538554906845093e-02
7.840866446495056152e-01
9.917440414428710938e-01
7.031868398189544678e-02
6.986224055290222168e-01
4.128505662083625793e-02
9.647213220596313477e-01
9.984875321388244629e-01
1.104697212576866150e-01
2.191217021163538448e-07
1.340408634860068560e-04
9.999886155128479004e-01
9.963592886924743652e-01
9.899443984031677246e-01
1.677736727287992835e-04
9.914771914482116699e-01
1.429909765720367432e-01
9.417246580123901367e-01
9.753397703170776367e-01
9.809409379959106445e-01
6.275370121002197266e-01
4.315926134586334229e-01
2.339268939977046102e-05
6.573569495230913162e-03
2.168092123611131683e-06
9.999120235443115234e-01
2.014463767409324646e-02
3.560622222721576691e-03
9.998806715011596680e-01
7.426266074180603027e-01
3.405863344669342041e-01
1.177348603960126638e-04
9.831741452217102051e-01
9.952594041824340820e-01
4.274696484208106995e-02
9.651931698329008213e-09
5.131789038159695338e-08
2.687209285795688629e-03
9.999099969863891602e-01
1.867840765044093132e-03
8.939317613840103149e-02
9.921270608901977539e-01
1.340115815401077271e-01
6.974553465843200684e-01
8.384249806404113770e-01
9.880656003952026367e-01
3.318212628364562988e-01
9.698281288146972656e-01
6.339140236377716064e-04
4.639752296498045325e-05
1.609915983863174915e-03
9.999977350234985352e-01
1.624761061975732446e-04
4.763028025627136230e-01
9.815844893455505371e-01
9.514515399932861328e-01
9.832578301429748535e-01
8.237378001213073730e-01
9.786342382431030273e-01
9.965520501136779785e-01
2.426005084998905659e-04
2.731318090809509158e-06
1.253981888294219971e-02
4.854408204555511475e-01
9.829725027084350586e-01
9.271607398986816406e-01
1.098683366507202663e-09
9.743877053260803223e-01
6.930923662686744313e-14
4.822770020627531028e-17
9.095919552371957797e-18
9.690866136224940419e-07
2.172708519765365054e-07
2.350962840768856926e-32
4.241169932125491347e-40
6.270682788453996181e-04
2.884436253225430846e-05
9.752810001373291016e-01
1.162498010671697557e-04
1.846856174936295503e-11
8.717149918568978251e-11
6.264147162437438965e-01
2.287945840119212258e-16
1.544263695096703793e-23
1.499354839324951172e-02
1.074817776679992676e-01
2.293466774399636186e-17
1.342714910955574445e-30
1.868358231149613857e-03
5.367216095328330994e-02
9.998233318328857422e-01
3.043693602085113525e-01
4.768558442592620850e-01
5.602743625640869141e-01
9.854367971420288086e-01
7.503530383110046387e-01
2.172318994998931885e-01
9.458597302436828613e-01
9.997449517250061035e-01
3.749529365450143814e-03
7.857638095742913720e-09
3.766528097912669182e-04
3.894682042300701141e-03
9.998076558113098145e-01
9.958962202072143555e-01
8.472674489021301270e-01
9.622823446989059448e-02
9.889503121376037598e-01
2.408800423145294189e-01
1.969516451936215162e-04
9.747382998466491699e-01
9.937052130699157715e-01
1.449601550120860338e-04
2.551025204411416780e-07
4.455476300790905952e-05
3.898166492581367493e-02
9.999293088912963867e-01
2.382116764783859253e-01
9.498094022274017334e-02
9.969612360000610352e-01
9.908199906349182129e-01
3.114517927169799805e-01
2.664537131786346436e-01
5.715460050851106644e-03
3.679311871528625488e-01
1.791144534945487976e-02
5.280666529050570546e-12
2.613468495837878436e-05
5.351338186301290989e-04
9.999762177467346191e-01
5.814028382301330566e-01
2.322774566709995270e-02
6.018422078341245651e-03
9.886674284934997559e-01
5.440634489059448242e-02
8.806988596916198730e-01
9.437243938446044922e-01
9.707570672035217285e-01
1.031977444654330611e-04
6.820673123002052307e-03
1.234725816175341606e-03
1.929028518497943878e-02
9.999289512634277344e-01
1.059369998984038830e-03
5.364757180213928223e-01
3.446467518806457520e-01
9.908205866813659668e-01
1.239237561821937561e-01
9.108853936195373535e-01
7.710011005401611328e-01
9.651459455490112305e-01
8.228911757469177246e-01
9.275511547457426786e-05
2.411146269878372550e-04
3.653794899582862854e-02
9.999074339866638184e-01
2.319881916046142578e-01
5.893625020980834961e-01
3.035030961036682129e-01
9.898117184638977051e-01
1.137523278594017029e-01
8.016368150711059570e-01
3.119482100009918213e-01
9.622388482093811035e-01
9.878664612770080566e-01
7.553795576095581055e-01
9.967057108879089355e-01
9.671964049339294434e-01
1.723045408725738525e-01
3.230725824832916260e-01
9.715764522552490234e-01
9.640452265739440918e-01
1.762133538722991943e-01
1.276413500308990479e-01
2.020224126875191928e-10
9.278759360313415527e-01
7.345405220985412598e-01
9.788895957171916962e-03
1.272408827607263149e-13
1.000000119209289551e+00
7.178173400461673737e-04
6.386682827042022836e-08
2.396118827164173126e-03
4.545478522777557373e-02
1.133997490902610255e-23
2.016811123098702753e-16
6.814512609740198021e-24
4.182496293747561822e-10
4.258746048435568810e-04
2.044750748385858186e-14
3.627393617560816230e-35
5.497493420447577223e-38
9.976602792739868164e-01
2.284928939388919389e-07
5.323189496994018555e-01
5.992061458528041840e-03
3.758792445296421647e-05
7.170078754425048828e-01
2.493601758033037186e-03
1.495270640589296818e-03
5.178181217146970994e-10
9.197491407394409180e-01
5.328772217035293579e-02
3.003865458595100790e-05
1.646931289261965858e-13
9.999214410781860352e-01
4.182371199131011963e-01
9.768207669258117676e-01
9.136232733726501465e-01
1.811300963163375854e-02
9.741709232330322266e-01
1.176554262638092041e-01
6.077219843864440918e-01
9.992179870605468750e-01
9.738938808441162109e-01
9.914916157722473145e-01
9.586412906646728516e-01
1.918527414090931416e-04
9.994828104972839355e-01
1.762576401233673096e-03
3.027974963188171387e-01
6.318478426692308858e-06
1.385505456710234284e-04
4.049964249134063721e-02
8.903138824043819294e-17
4.914073224024399159e-18
1.992345698142994337e-11
1.425168250079877907e-08
4.673550104526719316e-20
1.168380428906778916e-34
2.959542356654013654e-42
9.999936819076538086e-01
1.544029563665390015e-01
6.360732913017272949e-01
6.238398469679551361e-13
2.391809102846309543e-04
5.096694221720099449e-04
1.970753801288083196e-04
3.647283276739284643e-28
3.479910062919374005e-20
5.198824033141136169e-02
5.532178282737731934e-01
1.997603126341053025e-31
1.295528487088566869e-32
9.974012970924377441e-01
5.148607306182384491e-03
9.638768434524536133e-01
9.821032285690307617e-01
5.961421132087707520e-01
9.536005381960421801e-05
9.723508358001708984e-01
3.551853075623512268e-02
4.969561828715995944e-08
9.284518361091613770e-01
9.993314146995544434e-01
6.973849236965179443e-02
4.814305620826075938e-10
9.996441602706909180e-01
2.829470671713352203e-03
9.656850695610046387e-01
9.057974219322204590e-01
9.629761576652526855e-01
1.139600574970245361e-01
9.713674783706665039e-01
1.875863224267959595e-01
6.193942390382289886e-03
9.395820498466491699e-01
5.058383345603942871e-01
5.856007803231477737e-03
1.838321296428622391e-16
9.997729659080505371e-01
2.470046877861022949e-01
9.665569663047790527e-01
2.969140410423278809e-01
9.868260025978088379e-01
7.624884843826293945e-01
9.363066554069519043e-01
6.306768655776977539e-01
1.983433030545711517e-02
3.595413246640366545e-12
2.127371281385421753e-01
2.595938509330153465e-03
8.990748683740390490e-13
9.995049238204956055e-01
8.953267824836075306e-04
9.790722727775573730e-01
9.223924577236175537e-02
3.211538866162300110e-02
6.397369503974914551e-01
9.729310870170593262e-01
9.750850498676300049e-02
1.551499217748641968e-01
7.633714936673641205e-03
9.257214665412902832e-01
6.218873750185593963e-05
1.029650214916244533e-12
9.998688697814941406e-01
5.352377425879240036e-03
9.759639501571655273e-01
1.583527326583862305e-01
9.876412749290466309e-01
9.878507852554321289e-01
9.651189446449279785e-01
1.727491915225982666e-01
7.926203608512878418e-01
5.844139028340578079e-03
9.430587291717529297e-01
7.695944309234619141e-01
6.670723695645364160e-11
9.999549388885498047e-01
7.870692061260342598e-04
9.690660834312438965e-01
2.473040968179702759e-01
9.598085284233093262e-01
9.926908612251281738e-01
9.522145986557006836e-01
2.477735579013824463e-01
7.741429805755615234e-01
9.542625321046216413e-07
9.335067272186279297e-01
7.734960913658142090e-01
3.366225659847259521e-01
9.999862909317016602e-01
3.260005614720284939e-04
1.768493712006602436e-05
1.431530545232817531e-04
2.960043251514434814e-01
7.914346163046594631e-21
8.625778314275828196e-14
2.351283230617173814e-13
8.817268621896801051e-07
4.104668107629549922e-07
7.358249831668217666e-08
5.588490076622487501e-23
2.150707221835089144e-30
7.852927446365356445e-01
9.994843602180480957e-01
1.231923932209610939e-03
1.294289249926805496e-03
2.887957263737916946e-03
3.054230764973908663e-04
3.597779425490443828e-07
2.566021018137299473e-19
1.033259175817907456e-15
7.945323586463928223e-01
3.165445104241371155e-02
1.218983369235806898e-19
1.767989564877762154e-35
2.552411556243896484e-01
9.997742176055908203e-01
9.701184034347534180e-01
6.518734693527221680e-01
2.503728683223016560e-05
9.779981374740600586e-01
2.115390598773956299e-01
1.670276559889316559e-02
5.630822181701660156e-01
9.413810968399047852e-01
9.918313026428222656e-01
1.515671163797378540e-01
4.329781810863408964e-10
9.993566870689392090e-01
9.993995428085327148e-01
9.639135599136352539e-01
9.727790355682373047e-01
1.944093778729438782e-02
9.012208580970764160e-01
2.939533293247222900e-01
4.960450041835429147e-07
5.381680559366941452e-03
8.681302666664123535e-01
2.444979362189769745e-02
2.741508884355425835e-03
8.752426132250037212e-22
9.959790706634521484e-01
9.993835687637329102e-01
4.210646450519561768e-02
5.492613581736804917e-07
1.322468742728233337e-02
6.209675967693328857e-02
1.783609718253309495e-12
2.203991546559369574e-12
3.101389012272193213e-08
6.841318355361493148e-16
5.056981247988245496e-17
3.964529341993115328e-24
1.549986279843128918e-33
2.609846205814392306e-07
9.998721480369567871e-01
6.841086149215698242e-01
3.739620985381171547e-14
2.204469107258688609e-10
6.647294852882623672e-03
7.211290597915649414e-01
2.552822914624401041e-26
1.108792502257927026e-10
3.958750665187835693e-01
3.888805806636810303e-01
5.733685976037470958e-37
1.401298464324817071e-45
9.984014630317687988e-01
9.981249570846557617e-01
9.525009989738464355e-01
7.783469557762145996e-01
4.673616029322147369e-03
7.845826447010040283e-03
9.293044805526733398e-01
8.512523174285888672e-01
5.164351585262849653e-11
9.237044453620910645e-01
7.539580464363098145e-01
1.429643847750128316e-09
1.487818558043676772e-28
9.997905492782592773e-01
9.996548295021057129e-01
9.478773474693298340e-01
1.931901127099990845e-01
3.319299966096878052e-02
9.405621327459812164e-03
9.213265180587768555e-01
4.361399412155151367e-01
4.951597191393375397e-03
9.066846966743469238e-01
1.223518475890159607e-01
4.941951292636304061e-09
2.158105267340588114e-25
2.636585012078285217e-02
9.876916408538818359e-01
9.651158452033996582e-01
1.225424334406852722e-01
9.870153665542602539e-01
2.309317290782928467e-01
7.214177846908569336e-01
1.690857112407684326e-03
1.906729529821404867e-08
1.774581903646321734e-08
4.772485792636871338e-01
3.155363408166751704e-14
2.858431018943723136e-26
4.327760264277458191e-02
9.913426637649536133e-01
9.720014929771423340e-01
5.700749903917312622e-02
3.040083125233650208e-02
7.390109300613403320e-01
9.369198083877563477e-01
3.373741209506988525e-01
4.538662359118461609e-02
9.711370468139648438e-01
8.995953202247619629e-01
1.289196804865611057e-10
8.144833384515504155e-19
9.984483718872070312e-01
9.997674226760864258e-01
9.670982956886291504e-01
5.080788582563400269e-02
1.109255626797676086e-01
7.943938486278057098e-03
8.559319376945495605e-01
5.451954007148742676e-01
9.754131548106670380e-03
1.516480115242302418e-04
8.652213811874389648e-01
8.310902118682861328e-01
2.373215863826771965e-07
9.993634819984436035e-01
9.993893504142761230e-01
9.635557532310485840e-01
1.258956491947174072e-01
2.249651774764060974e-02
1.423150883056223392e-03
7.731101512908935547e-01
6.070805788040161133e-01
1.455648598494008183e-04
1.142693916335701942e-03
8.111482262611389160e-01
5.473717451095581055e-01
8.739393209111767646e-09
1.614950597286224365e-02
9.182235226035118103e-04
9.774901270866394043e-01
9.896231349557638168e-04
6.086629629135131836e-02
1.146710575487035742e-29
7.554890950452555113e-21
1.889830827713012695e-02
7.093592430464923382e-04
3.867034786159618174e-34
3.535091598206408896e-28
2.842068830757746915e-20
4.147765503148548305e-05
9.999047517776489258e-01
9.814980030059814453e-01
9.920663237571716309e-01
6.880123692099004984e-05
1.348538044840097427e-02
9.032449123702926928e-16
2.445856191191086992e-11
5.455057616440204789e-17
7.922889926703646779e-05
1.546257696535824344e-12
1.070755693854431867e-14
2.292240262006615527e-21
3.996338112682625814e-30
9.999989867210388184e-01
6.874978134874254465e-05
6.983991625020280480e-06
8.357785642147064209e-02
3.528389707207679749e-02
6.752896553052778472e-08
7.009622891018807422e-07
1.478480271543958224e-08
9.206465954667014543e-17
1.563602858301038623e-10
6.947569186621649351e-10
9.557476408009196603e-17
2.919078090669290540e-27
5.309620499610900879e-02
1.494115800596773624e-03
1.029311874845006969e-06
1.443464756011962891e-01
1.908428408205509186e-02
3.668984572868794203e-05
4.197135567665100098e-03
2.463412529323250055e-04
1.521732338005676866e-04
8.708211680641397834e-06
1.323152799159288406e-03
5.833555426909553532e-12
7.716184854507446289e-01
2.289612591266632080e-02
1.486510882386937737e-04
3.637179499492049217e-03
1.389151364564895630e-01
1.409301906824111938e-02
7.328653737204149365e-05
1.842284571423880024e-12
3.119739145040512085e-02
2.309261326445266604e-04
4.716297745668607467e-30
1.368438695692475449e-11
1.907619088888168335e-02
1.112589030526578426e-03
2.321261912584304810e-02
3.621278301579877734e-05
5.455569862533593550e-06
1.937604742124676704e-03
5.550651258090510964e-05
2.974054723381414078e-06
8.957175305113196373e-04
3.894912451505661011e-02
1.542639074614271522e-04
3.310579813842196018e-06
1.219351291656494141e-01
1.317634268360734495e-08
1.096401949147319332e-18
2.413797378540039062e-02
3.926281715393997729e-05
1.704991063888883218e-06
2.859433293342590332e-01
3.356957808136940002e-03
6.840405148977879435e-06
3.040557960048317909e-03
9.430760145187377930e-02
1.100946217775344849e-01
5.990853605908341706e-05
4.801615432370454073e-04
9.462760317546781152e-06
2.535938310472413137e-13
9.997659921646118164e-01
3.345025470480322838e-03
1.415958422512630932e-06
2.890742123126983643e-01
5.745733901858329773e-02
4.889691626885905862e-05
3.707813157234340906e-04
4.135878011584281921e-02
1.733743556542322040e-05
1.450280752032995224e-02
2.987328480230644345e-05
1.340036762109697577e-11
1.859117184163912988e-20
9.999988675117492676e-01
2.039820188656449318e-03
1.677145063877105713e-02
4.367844667285680771e-04
1.000822931528091431e-01
1.587014179676771164e-03
5.343449207412254154e-13
9.666446115774718351e-11
1.793092962998343864e-08
4.385375976562500000e-02
1.685134157014545053e-05
1.068385602209787066e-09
3.580314711371102021e-09
1.653252691030502319e-01
4.428958345670253038e-04
1.390896159136900678e-06
1.042438074946403503e-01
1.005807369947433472e-01
1.116703060688450933e-05
4.601397376973181963e-04
1.803963333368301392e-01
8.995409589260816574e-04
5.976505577564239502e-02
3.013905006810091436e-05
4.043285443913191557e-04
5.395284853875637054e-03
7.484173029661178589e-02
2.179722068831324577e-03
5.048406364949187264e-06
1.888495236635208130e-01
3.828965127468109131e-03
1.258699339814484119e-04
4.755739355459809303e-04
3.042296320199966431e-02
3.654037602245807648e-03
4.579914966598153114e-04
9.080218660528771579e-06
1.395680374116636813e-05
2.646783739328384399e-02
9.647405706346035004e-03
9.982177019119262695e-01
9.998920559883117676e-01
2.751824911683797836e-03
3.202885622158646584e-03
1.104823895730078220e-04
4.724765858554746956e-06
2.603281739482765644e-12
5.599368746445065881e-10
8.305562734603881836e-01
2.248962409794330597e-02
1.389277404738282023e-21
1.281678518773590972e-31
1.783521845936775208e-02
9.493054151535034180e-01
9.998545646667480469e-01
9.104849596042186022e-05
5.528501933440566063e-04
1.318800997296420974e-07
8.816617683322924837e-13
8.424348818396895731e-17
1.622611821381486630e-13
6.735579967498779297e-01
1.021111029288386280e-15
1.150733995422215450e-22
2.525908432392273214e-32
8.468699455261230469e-02
9.794742465019226074e-01
9.961001276969909668e-01
7.408538294839672744e-06
7.108033751137554646e-04
4.204624146223068237e-02
4.640837232727790251e-06
1.076087301044026390e-05
5.547188338823616505e-04
3.855826867420809901e-40
2.987557233934489663e-34
1.221556158270686865e-05
1.735946739245264325e-06
9.987491369247436523e-01
9.997459053993225098e-01
7.786187529563903809e-01
2.896334308388759382e-06
6.725229322910308838e-03
3.128061536699533463e-03
1.385674353038268691e-10
2.096043844946379048e-14
2.374775249336380512e-06
1.003439305350184441e-03
1.398753567963256839e-23
5.385685133552043682e-27
3.648265058047034924e-26
9.645763635635375977e-01
9.997574090957641602e-01
9.106119275093078613e-01
1.918078050948679447e-04
3.352462081238627434e-04
4.130936414003372192e-02
3.611572537920437753e-05
7.912485244787603733e-08
1.428381307050585747e-03
1.946836262941360474e-01
1.044494456436950713e-05
2.905698336226744347e-22
3.279530083494701586e-29
9.895160794258117676e-01
9.968925714492797852e-01
4.597276151180267334e-01
1.575475835124962032e-05
1.006880076602101326e-03
4.141887649893760681e-02
1.180835766945165233e-07
2.526959956049095422e-15
1.460512208950603963e-07
4.669728577136993408e-01
3.367518416896864153e-11
1.008825909364146766e-26
8.874134229534152405e-32
9.996781349182128906e-01
9.948081374168395996e-01
9.999056458473205566e-01
5.862749821972101927e-05
1.277886476600542665e-04
1.726829214021563530e-03
6.770841537218075246e-06
1.119050034377832409e-16
7.497299712640135834e-17
1.444489862478803843e-05
2.300658101528352262e-11
1.064534031774158008e-31
3.027785591866632245e-41
9.987725019454956055e-01
9.997512102127075195e-01
9.998893141746520996e-01
1.393083832226693630e-03
2.188743799924850464e-01
1.367932185530662537e-03
6.312339539960021284e-09
9.390959121446940117e-09
1.348672201342956609e-14
8.217233698815107346e-06
6.798785328865051270e-01
2.732103987490575037e-10
7.380891577652283313e-17
9.995625019073486328e-01
9.458093047142028809e-01
9.995428323745727539e-01
5.894139176234602928e-04
1.744266715832054615e-03
2.271588891744613647e-03
1.678549068628854002e-07
1.889429238066675509e-11
6.106173344733178965e-09
4.119065852137282491e-05
8.521851301193237305e-01
1.084547642665745215e-11
1.325887871717057465e-10
9.992201328277587891e-01
9.991914033889770508e-01
9.999471902847290039e-01
3.405491224839352071e-05
1.787183282431215048e-04
1.361857634037733078e-03
5.352572429728752468e-07
2.208501529441311839e-13
1.081129326688246017e-12
5.534710362553596497e-04
7.381578683853149414e-01
5.584596217948377059e-16
7.433838029543654423e-31
9.999818801879882812e-01
9.992187023162841797e-01
9.992688298225402832e-01
9.683371186256408691e-01
7.368404767476022243e-04
9.685012102127075195e-01
1.401722431182861328e-01
1.406754087656736374e-02
4.293579033975980508e-11
9.255173802375793457e-01
9.691999554634094238e-01
5.005629360675811768e-02
1.234464758537233246e-16
9.986585378646850586e-01
9.907651543617248535e-01
9.908308982849121094e-01
4.776741564273834229e-01
4.500742070376873016e-03
3.421540372073650360e-03
6.999796792542256618e-13
1.488652083547759020e-12
3.346578159835189581e-05
1.091250867446547090e-09
1.794989704737828053e-17
4.531029454012908494e-28
4.295750441028137760e-25
1.655865460634231567e-02
9.810200333595275879e-01
9.999314546585083008e-01
1.741845905780792236e-01
4.821427523893362377e-07
1.748923026025295258e-02
8.649242669343948364e-02
4.611431374660758869e-25
2.582951214025186459e-13
2.603207249194383621e-03
1.919520795345306396e-01
3.964729712663041465e-23
9.189507021169088509e-30
9.999120831489562988e-01
9.989863038063049316e-01
9.989781975746154785e-01
9.747527837753295898e-01
9.628732204437255859e-01
2.248283475637435913e-03
9.701630473136901855e-01
2.896628677845001221e-01
4.099716246128082275e-02
9.094048142433166504e-01
9.992004036903381348e-01
1.339851860393537208e-05
1.906180223973201471e-14
9.999850988388061523e-01
9.992462992668151855e-01
8.034192323684692383e-01
9.731596112251281738e-01
4.359655722510069609e-04
3.593361377716064453e-02
9.660664200782775879e-01
2.663190960884094238e-01
5.147325620055198669e-02
9.264145493507385254e-01
9.875877499580383301e-01
1.289254985749721527e-02
1.065917094820179045e-04
9.998083114624023438e-01
9.989433884620666504e-01
9.797899723052978516e-01
9.472856521606445312e-01
9.366999864578247070e-01
1.745826797559857368e-03
9.309985041618347168e-01
9.600893855094909668e-01
5.756728816777467728e-03
7.452241270909307214e-14
8.833710104227066040e-02
4.180577758972070512e-11
3.092576795730766071e-19
9.993733167648315430e-01
9.995095133781433105e-01
9.996691942214965820e-01
9.698150753974914551e-01
4.458814486861228943e-02
2.297561615705490112e-03
9.665485620498657227e-01
1.523105651140213013e-01
1.246618628501892090e-01
1.014301105328740960e-07
8.860933184623718262e-01
1.665727000776939803e-09
2.386125313230172453e-18
9.999755620956420898e-01
9.993131756782531738e-01
9.995924234390258789e-01
9.719022512435913086e-01
1.285417564213275909e-02
2.446793951094150543e-03
9.541344642639160156e-01
2.377598434686660767e-01
9.234445691108703613e-01
1.790865790098905563e-03
9.238250851631164551e-01
2.091252952814102173e-01
1.596195731146110575e-09
9.999889731407165527e-01
9.995843172073364258e-01
9.992914795875549316e-01
9.702394604682922363e-01
2.277127234265208244e-03
5.151281598955392838e-03
9.514285922050476074e-01
4.207296967506408691e-01
4.956795275211334229e-01
3.789190668612718582e-04
9.216606616973876953e-01
8.278687596321105957e-01
3.183027365594170988e-05
9.680595993995666504e-01
6.984271854162216187e-02
8.945621252059936523e-01
6.852251291275024414e-01
4.651991650462150574e-02
2.835930325090885162e-02
3.583271049670266883e-12
4.804332931485078007e-08
1.281482923332077917e-06
1.352213730798721564e-14
8.406989409606462411e-20
1.088173414907583235e-19
6.477405702635522244e-30
7.315304246731102467e-04
9.972355961799621582e-01
9.981493949890136719e-01
7.710968255996704102e-01
1.783619432704774965e-11
1.809363652682804968e-06
5.516334176063537598e-01
1.092273355096651244e-10
1.731208321871235967e-04
4.881179332733154297e-02
5.702772978111170232e-05
8.430880050327610220e-26
4.764838853894287979e-29
9.990682601928710938e-01
9.994285106658935547e-01
9.978908300399780273e-01
9.754276871681213379e-01
8.820490837097167969e-01
4.321500658988952637e-03
9.422569274902343750e-01
1.814136654138565063e-02
5.515150003354563069e-10
8.776307106018066406e-01
7.983308434486389160e-01
7.177154202508972958e-06
7.098757345835871035e-12
9.997161626815795898e-01
9.974577426910400391e-01
9.973741769790649414e-01
9.573935270309448242e-01
7.300639748573303223e-01
1.759946462698280811e-03
9.056729078292846680e-01
8.733601570129394531e-01
2.098767319694161415e-03
9.123020768165588379e-01
9.244565367698669434e-01
8.962714806979611704e-15
2.462801405312643965e-26
9.997661709785461426e-01
9.982131123542785645e-01
9.974132180213928223e-01
9.613039493560791016e-01
9.780001044273376465e-01
1.950807403773069382e-03
7.962042093276977539e-01
7.513641119003295898e-01
9.780940217751776800e-07
5.007149411540012807e-06
1.020286232233047485e-03
2.851248425729535629e-15
1.350256233611873672e-26
9.997156262397766113e-01
9.969401359558105469e-01
9.978186488151550293e-01
9.621972441673278809e-01
1.020360812544822693e-01
1.473744050599634647e-03
8.993957042694091797e-01
2.935069203376770020e-01
9.909028187394142151e-03
2.361723261401493801e-09
9.076164364814758301e-01
8.634294668130593209e-12
5.093217603366083678e-20
9.996889829635620117e-01
9.980317950248718262e-01
9.971004724502563477e-01
9.544973373413085938e-01
6.526067256927490234e-01
1.589001039974391460e-03
8.435724377632141113e-01
8.523566722869873047e-01
7.890496402978897095e-03
1.444481022190302610e-04
9.032230377197265625e-01
3.559927642345428467e-02
1.917867642475812318e-08
9.998733401298522949e-01
9.981228709220886230e-01
9.967488050460815430e-01
9.767501950263977051e-01
9.803047180175781250e-01
3.303002100437879562e-03
8.951323628425598145e-01
1.270910799503326416e-01
7.767847855575382710e-04
2.044943976216018200e-04
8.908562660217285156e-01
4.170936532318592072e-03
3.056047429006447658e-11
3.442735411226749420e-03
2.040590334217995405e-04
8.860189318656921387e-01
2.891463926061987877e-03
5.729050561785697937e-02
2.287748269736766815e-03
3.371439278125762939e-01
4.039736464619636536e-03
3.843395113945007324e-01
2.960813718079275268e-32
9.889321502168418128e-30
4.436624863046745304e-07
8.243929594755172729e-03
6.096024811267852783e-02
3.738286613952368498e-05
5.832713441122905351e-07
2.917370200157165527e-01
7.856842130422592163e-03
1.390625257045030594e-03
4.558152431854978204e-05
2.473478950560092926e-02
2.629448659718036652e-02
9.226861948263831437e-06
1.532815163955092430e-03
1.772534888004884124e-04
1.371422281293277479e-10
4.244242310523986816e-01
1.434828209312399849e-05
2.759521748885163106e-06
2.019724845886230469e-01
2.167588025331497192e-01
7.687401175498962402e-01
1.466743356104416307e-06
1.562049835920333862e-01
7.133194594644010067e-05
2.767014350979479786e-08
2.355626929784193635e-04
2.945102153262268985e-07
1.991231770339194700e-18
9.925611019134521484e-01
4.140170931350439787e-04
5.297020450234413147e-02
7.808759212493896484e-01
7.176704239100217819e-04
1.010733768343925476e-01
6.167463585734367371e-02
6.528630414059932718e-11
1.353607367491349578e-04
3.722168505191802979e-02
2.455218236718792468e-06
6.052804796850624284e-17
2.871031078736006827e-17
4.812578111886978149e-02
1.719367504119873047e-02
1.216453938468475826e-06
8.403007686138153076e-02
5.123678445816040039e-01
9.709852933883666992e-01
2.042785659432411194e-02
1.154766045510768890e-02
1.088109333068132401e-03
3.069056384265422821e-02
1.310043444391340017e-06
7.016793824732303619e-05
1.491265948061482050e-06
4.818613529205322266e-01
1.055439861374907196e-04
3.940499482268933207e-07
1.224616467952728271e-01
8.963087797164916992e-01
1.915647275745868683e-02
6.857248081360012293e-05
1.669131368398666382e-01
5.899843527004122734e-04
1.213172674179077148e-01
1.500691905675921589e-05
8.590919896960258484e-04
8.158858690876513720e-05
9.330919384956359863e-01
8.592523336410522461e-01
6.273828148841857910e-01
1.480806386098265648e-03
6.099299980633077212e-07
9.915326833724975586e-01
4.563039168715476990e-02
1.193088889122009277e-01
2.543136710301041603e-03
4.035911697428673506e-04
8.951267227530479431e-03
3.739726200852572884e-20
3.483668171916870862e-17
7.458581123501062393e-03
9.376602768898010254e-01
9.985653758049011230e-01
5.082005262374877930e-01
6.833482046886274475e-08
1.132789067924022675e-02
5.408172011375427246e-01
2.117290645837783813e-01
1.131910227904806582e-17
5.030175670981407166e-04
3.639780043158680201e-04
9.861659670566384235e-19
4.755129121597851748e-27
3.865882009267807007e-02
1.368520259857177734e-01
9.737269282341003418e-01
1.126546319574117661e-02
2.079948990818536458e-10
1.881850835161458235e-06
9.472168684005737305e-01
6.858690977096557617e-01
1.364832397678433725e-18
9.752441197633743286e-03
3.466812400739597433e-42
1.846078577777007790e-26
2.696668624133922182e-22
9.527516961097717285e-01
9.985075592994689941e-01
9.993188977241516113e-01
2.569661736488342285e-01
2.522335985910562073e-11
2.353559921175474301e-06
1.695453226566314697e-01
5.489907264709472656e-01
3.816984834909849635e-16
6.531082908622920513e-04
2.129854559898376465e-01
1.405133526341175728e-17
1.013895325741032138e-05
3.218577941879630089e-03
9.539860486984252930e-01
9.922153353691101074e-01
7.440624237060546875e-01
1.422044149101964194e-10
8.543225682444699487e-09
8.424487113952636719e-01
2.809991240501403809e-01
9.470306076885329216e-15
4.228429170325398445e-04
1.270504444837570190e-01
1.125308778136968613e-02
1.681305584497749805e-03
2.662086673080921173e-02
9.842611551284790039e-01
9.680239558219909668e-01
6.875202059745788574e-01
3.286914207478730532e-08
9.840316488407552242e-05
7.658568024635314941e-01
4.746313393115997314e-01
1.505768406259847452e-20
5.464782714843750000e-01
2.721785008907318115e-01
3.294531404972076416e-01
4.856841631417620866e-19
9.994461536407470703e-01
9.975401163101196289e-01
9.999138116836547852e-01
9.618265032768249512e-01
3.858558237552642822e-01
8.729723282158374786e-03
6.470375228673219681e-03
9.108766913414001465e-01
7.203964591026306152e-01
8.451617360115051270e-01
6.532048583030700684e-01
9.524052143096923828e-01
4.467478387226719860e-09
9.995484948158264160e-01
9.972455501556396484e-01
9.998511672019958496e-01
9.696997404098510742e-01
9.764026999473571777e-01
3.918986767530441284e-03
2.607640996575355530e-02
9.045184254646301270e-01
2.386652398854494095e-03
6.963899731636047363e-02
7.345436811447143555e-01
1.512350409217521903e-21
8.075873372486746942e-21
9.997909069061279297e-01
9.977107048034667969e-01
7.312943935394287109e-01
9.783444404602050781e-01
2.425093669444322586e-03
1.775833079591393471e-03
1.136202458292245865e-02
8.658438920974731445e-01
1.798910461366176605e-02
3.169403862557373941e-05
7.984237074851989746e-01
4.162577170063741505e-05
1.160676674771821126e-05
9.999445080757141113e-01
9.985229969024658203e-01
9.979575872421264648e-01
9.803929328918457031e-01
9.546473622322082520e-01
1.304646721109747887e-03
4.057143349200487137e-03
8.979336619377136230e-01
9.321798682212829590e-01
6.366988236550241709e-05
8.965399265289306641e-01
7.091079605743288994e-04
1.105768023990094662e-03
9.995488524436950684e-01
9.978781938552856445e-01
7.365921735763549805e-01
9.891366958618164062e-01
7.983489893376827240e-03
1.570864813402295113e-03
3.650590404868125916e-02
6.645991206169128418e-01
3.916495188605040312e-04
5.364403114072047174e-05
7.757721543312072754e-01
1.063162002878925705e-08
2.010700375954304015e-17
9.995615482330322266e-01
9.976726174354553223e-01
9.994939565658569336e-01
9.746519923210144043e-01
8.630184531211853027e-01
2.498514205217361450e-02
9.999420642852783203e-01
7.973182797431945801e-01
6.663098465651273727e-04
1.049883081577718258e-03
6.720182718709111214e-04
5.211453323090032164e-16
1.981447417261724518e-26
9.999418258666992188e-01
9.986327290534973145e-01
9.999511837959289551e-01
9.786717295646667480e-01
9.556292891502380371e-01
1.709673320874571800e-03
4.891952034085988998e-03
8.840912580490112305e-01
8.544695973396301270e-01
1.757772770361043513e-05
8.988904953002929688e-01
2.615230368974152952e-05
9.352341123758378671e-10
9.996126890182495117e-01
9.985588192939758301e-01
9.977264404296875000e-01
9.698236584663391113e-01
9.324253201484680176e-01
1.465130876749753952e-02
1.910786032676696777e-01
7.231445908546447754e-01
3.152010217308998108e-02
1.410878467140719295e-04
8.751264214515686035e-01
1.034763008356094360e-01
2.135701684946589296e-11
9.986215233802795410e-01
9.983786940574645996e-01
9.972583651542663574e-01
9.151024818420410156e-01
9.042636156082153320e-01
1.286027394235134125e-02
7.446238305419683456e-03
5.188432335853576660e-01
4.189048893749713898e-03
2.570615720287605654e-08
3.553833448677323759e-05
3.179286468730731758e-18
2.698959809659868435e-17
9.973036646842956543e-01
9.981279969215393066e-01
9.961666464805603027e-01
9.404354691505432129e-01
8.295067548751831055e-01
2.191319316625595093e-02
9.888169765472412109e-01
7.515142560005187988e-01
1.670644967816770077e-03
1.392671533650968740e-10
4.063269589096307755e-04
2.559920400381088257e-02
3.536995336617110297e-07
9.968546032905578613e-01
9.950071573257446289e-01
9.597067236900329590e-01
8.999263048171997070e-01
3.511118590831756592e-01
8.158316463232040405e-02
9.995164275169372559e-01
6.958582997322082520e-01
7.565674604848027229e-04
5.170976424828666040e-10
3.660359361674636602e-04
2.609998686239123344e-03
3.571833922925461702e-14
9.997130632400512695e-01
9.976385235786437988e-01
9.998968839645385742e-01
9.744247198104858398e-01
3.717372119426727295e-01
2.153609646484255791e-03
5.815368145704269409e-03
8.627841472625732422e-01
7.005025744438171387e-01
7.438141852617263794e-02
7.175745122367516160e-05
8.288715481758117676e-01
9.992155537474900484e-05
9.986142516136169434e-01
9.972085952758789062e-01
9.990603327751159668e-01
9.716300964355468750e-01
2.198750525712966919e-01
2.321622800081968307e-03
3.579766489565372467e-03
8.093386888504028320e-01
7.450111508369445801e-01
4.000196605920791626e-02
2.568076597526669502e-03
8.983299136161804199e-01
9.356229924151193700e-08
9.990732073783874512e-01
9.974468350410461426e-01
9.969392418861389160e-01
9.729613661766052246e-01
9.334316253662109375e-01
2.304125577211380005e-03
4.413638263940811157e-03
7.096770405769348145e-01
4.643535614013671875e-01
9.413277268777164863e-08
1.235828967764973640e-03
8.903279900550842285e-01
5.952942967414855957e-01
