5.294097661972045898e-01
9.999942779541015625e-01
3.629760816693305969e-02
2.239971011877059937e-01
8.975083231925964355e-01
9.877434372901916504e-01
9.720388799905776978e-02
2.100418955087661743e-01
6.449459791183471680e-01
9.755349159240722656e-01
9.960831403732299805e-01
9.993295669555664062e-01
9.989272952079772949e-01
1.641280502080917358e-01
9.999998211860656738e-01
9.921444058418273926e-01
9.794978499412536621e-01
9.147648215293884277e-01
9.957747459411621094e-01
9.913343191146850586e-01
9.871617555618286133e-01
9.924214482307434082e-01
9.700108170509338379e-01
9.976955652236938477e-01
9.990925192832946777e-01
9.953548312187194824e-01
1.238318160176277161e-01
1.545096375048160553e-02
9.999992847442626953e-01
6.712052226066589355e-01
1.378524154424667358e-01
1.000000000000000000e+00
6.023736000061035156e-01
8.458598852157592773e-01
6.394353508949279785e-01
9.962852001190185547e-01
9.998893141746520996e-01
9.999978542327880859e-01
9.999961853027343750e-01
8.266454562544822693e-03
5.585441738367080688e-02
9.999940395355224609e-01
2.055855654180049896e-02
9.651510715484619141e-01
9.895367622375488281e-01
8.708470314741134644e-02
1.789295375347137451e-01
6.062387824058532715e-01
9.857181906700134277e-01
9.978767633438110352e-01
9.864807128906250000e-01
9.965031743049621582e-01
9.084522128105163574e-01
1.841606944799423218e-02
9.999313354492187500e-01
9.931788444519042969e-01
4.115855693817138672e-01
9.787490367889404297e-01
9.845515489578247070e-01
9.899672865867614746e-01
9.132997393608093262e-01
9.432146549224853516e-01
9.854243993759155273e-01
9.971936941146850586e-01
9.983205199241638184e-01
5.866137146949768066e-01
9.832803010940551758e-01
9.999997019767761230e-01
9.999998807907104492e-01
8.367443680763244629e-01
9.985663294792175293e-01
3.764260187745094299e-02
2.993668317794799805e-01
9.978161454200744629e-01
1.012945175170898438e-01
6.386820971965789795e-02
8.348846435546875000e-02
1.276351064443588257e-01
2.419306933879852295e-01
9.189741611480712891e-01
1.000000000000000000e+00
9.791215658187866211e-01
9.905555248260498047e-01
9.955888986587524414e-01
9.985707402229309082e-01
5.474708676338195801e-01
4.056785702705383301e-01
9.978044629096984863e-01
9.978272914886474609e-01
9.679394364356994629e-01
4.826830923557281494e-01
8.523479700088500977e-01
8.141549229621887207e-01
9.999993443489074707e-01
9.805229306221008301e-01
9.806577563285827637e-01
9.946752786636352539e-01
9.918256402015686035e-01
3.577982485294342041e-01
1.463616937398910522e-01
9.851790070533752441e-01
9.990763068199157715e-01
9.998720884323120117e-01
9.999643564224243164e-01
9.327372312545776367e-01
4.389927685260772705e-01
9.999604225158691406e-01
9.935699701309204102e-01
9.867849946022033691e-01
9.398691058158874512e-01
9.832382798194885254e-01
9.900434017181396484e-01
9.852517843246459961e-01
9.647573828697204590e-01
7.987671494483947754e-01
9.994056224822998047e-01
9.999111890792846680e-01
9.204798340797424316e-01
9.805713295936584473e-01
9.999902844429016113e-01
9.908589720726013184e-01
9.734344482421875000e-01
9.974259734153747559e-01
9.939081668853759766e-01
9.998524188995361328e-01
9.980690479278564453e-01
9.983024597167968750e-01
6.816783547401428223e-02
9.176279902458190918e-01
9.995200037956237793e-01
6.945459842681884766e-01
9.897184371948242188e-01
9.999995827674865723e-01
9.971184134483337402e-01
8.934805393218994141e-01
9.969914555549621582e-01
9.979840517044067383e-01
9.917323589324951172e-01
9.994490146636962891e-01
9.995397329330444336e-01
9.919996261596679688e-01
1.440715640783309937e-01
9.732599854469299316e-01
4.209578037261962891e-01
9.899253845214843750e-01
9.999994635581970215e-01
9.962027072906494141e-01
4.257160723209381104e-01
9.965127110481262207e-01
9.982737302780151367e-01
9.933703541755676270e-01
9.991968870162963867e-01
9.989556670188903809e-01
9.847657680511474609e-01
9.993622303009033203e-01
9.148179739713668823e-02
9.304446578025817871e-01
9.533802866935729980e-01
9.999998807907104492e-01
9.955323934555053711e-01
9.382450580596923828e-01
9.769666790962219238e-01
9.926757216453552246e-01
9.959107041358947754e-01
9.966327548027038574e-01
9.611446857452392578e-01
9.595096111297607422e-01
9.911872744560241699e-01
9.921827912330627441e-01
4.984378442168235779e-02
9.959408640861511230e-01
9.935724735260009766e-01
7.159603834152221680e-01
9.948309659957885742e-01
9.814464449882507324e-01
9.928343296051025391e-01
9.928818345069885254e-01
9.975278973579406738e-01
9.643934369087219238e-01
9.954802393913269043e-01
9.992274641990661621e-01
9.997164011001586914e-01
9.999980926513671875e-01
9.770272374153137207e-01
1.379438936710357666e-01
8.128378391265869141e-01
9.971051812171936035e-01
7.308945804834365845e-02
3.148226141929626465e-01
2.196690291166305542e-01
9.992420673370361328e-01
5.127916336059570312e-01
4.284393191337585449e-01
8.358994126319885254e-01
9.998753070831298828e-01
3.646178841590881348e-01
1.322065293788909912e-01
9.941582679748535156e-01
5.291566848754882812e-01
4.930091500282287598e-01
9.922602176666259766e-01
5.973716974258422852e-01
9.845480322837829590e-01
6.062667369842529297e-01
9.868553876876831055e-01
9.907734990119934082e-01
9.868798851966857910e-01
9.466449022293090820e-01
2.282809838652610779e-02
1.713177859783172607e-01
9.951522350311279297e-01
9.921001791954040527e-01
9.890382289886474609e-01
9.866214990615844727e-01
9.894897341728210449e-01
9.935222268104553223e-01
9.651272892951965332e-01
9.761538505554199219e-01
9.993485808372497559e-01
9.998158216476440430e-01
9.997834563255310059e-01
9.786930084228515625e-01
9.830667376518249512e-01
9.973854422569274902e-01
9.999995827674865723e-01
9.955875277519226074e-01
9.968199729919433594e-01
8.905503153800964355e-02
5.077009201049804688e-01
9.979938268661499023e-01
2.601932287216186523e-01
1.654844582080841064e-01
3.341340124607086182e-01
7.508753538131713867e-01
1.941033750772476196e-01
9.653981328010559082e-01
9.989891052246093750e-01
9.908329248428344727e-01
9.982193708419799805e-01
9.930607080459594727e-01
9.974501729011535645e-01
4.753898456692695618e-02
9.923188090324401855e-01
9.939090013504028320e-01
9.941063523292541504e-01
6.487562656402587891e-01
5.392994880676269531e-01
9.741334319114685059e-01
9.712857604026794434e-01
9.980073571205139160e-01
9.918912649154663086e-01
9.948391914367675781e-01
9.965972304344177246e-01
9.917432069778442383e-01
9.956558942794799805e-01
9.757570028305053711e-01
9.818680882453918457e-01
9.996801614761352539e-01
9.997082352638244629e-01
9.999313950538635254e-01
9.853044748306274414e-01
6.027354300022125244e-02
9.952164888381958008e-01
9.948498010635375977e-01
9.927685260772705078e-01
9.744322299957275391e-01
9.841839671134948730e-01
9.937494397163391113e-01
9.730765819549560547e-01
9.712019562721252441e-01
9.960507154464721680e-01
9.996625781059265137e-01
9.999331235885620117e-01
9.912882447242736816e-01
9.890545010566711426e-01
9.972912669181823730e-01
9.941449761390686035e-01
9.981582164764404297e-01
9.963978528976440430e-01
9.902211427688598633e-01
9.998397827148437500e-01
9.986236691474914551e-01
9.982897639274597168e-01
5.071366429328918457e-01
9.991548657417297363e-01
9.995123744010925293e-01
1.306127458810806274e-01
9.803743958473205566e-01
9.991170763969421387e-01
9.894790053367614746e-01
9.823151826858520508e-01
9.776631593704223633e-01
9.965351819992065430e-01
9.955150485038757324e-01
9.985492229461669922e-01
9.993036985397338867e-01
9.916613101959228516e-01
5.251030921936035156e-01
9.914888739585876465e-01
7.449477314949035645e-01
9.891973137855529785e-01
9.991604685783386230e-01
9.925777316093444824e-01
9.953659176826477051e-01
9.958231449127197266e-01
9.947550296783447266e-01
9.985342025756835938e-01
9.994023442268371582e-01
9.975310564041137695e-01
9.820912480354309082e-01
9.996392726898193359e-01
6.072536706924438477e-01
9.957178235054016113e-01
2.004825510084629059e-02
9.979854822158813477e-01
9.958814978599548340e-01
9.961665868759155273e-01
9.967646002769470215e-01
9.849672317504882812e-01
9.978812932968139648e-01
9.988223910331726074e-01
9.750200510025024414e-01
9.637842774391174316e-01
9.951514005661010742e-01
9.969747066497802734e-01
9.999985098838806152e-01
9.977587461471557617e-01
3.934222459793090820e-02
4.923314973711967468e-02
9.913810491561889648e-01
4.354872554540634155e-02
1.038272827863693237e-01
1.303690820932388306e-01
1.292554587125778198e-01
1.392967551946640015e-01
1.349320113658905029e-01
2.428956776857376099e-01
3.772187530994415283e-01
6.941669583320617676e-01
9.916607737541198730e-01
9.942889213562011719e-01
6.645841989666223526e-03
7.582381367683410645e-03
9.928746223449707031e-01
9.948731660842895508e-01
9.894350171089172363e-01
9.914863705635070801e-01
9.815769195556640625e-01
9.916150569915771484e-01
9.895966649055480957e-01
9.907983541488647461e-01
3.630670905113220215e-02
3.657814264297485352e-01
9.893938899040222168e-01
1.205847933888435364e-01
9.959049224853515625e-01
9.644005298614501953e-01
8.731316924095153809e-01
2.151012718677520752e-01
7.682874798774719238e-01
9.521812200546264648e-01
9.882572293281555176e-01
9.889838695526123047e-01
9.334304928779602051e-01
9.511103630065917969e-01
9.910590052604675293e-01
9.900746941566467285e-01
9.953014254570007324e-01
9.913827180862426758e-01
9.653449654579162598e-01
9.898902773857116699e-01
9.916790127754211426e-01
9.772831797599792480e-01
9.276142120361328125e-01
9.860734343528747559e-01
9.985659122467041016e-01
9.999281764030456543e-01
9.789098501205444336e-01
9.934635162353515625e-01
9.950693249702453613e-01
9.998995065689086914e-01
9.981691241264343262e-01
9.954048395156860352e-01
7.355461269617080688e-02
9.268884658813476562e-01
9.946616888046264648e-01
1.742871403694152832e-01
1.252102702856063843e-01
1.479888409376144409e-01
1.537244617938995361e-01
7.372920215129852295e-02
5.973941087722778320e-01
9.984099268913269043e-01
9.876880645751953125e-01
9.970213174819946289e-01
9.981420636177062988e-01
9.931873083114624023e-01
2.039608210325241089e-01
9.842329025268554688e-01
9.917793869972229004e-01
9.935427308082580566e-01
4.420004189014434814e-01
3.271926939487457275e-01
7.193259596824645996e-01
9.942970275878906250e-01
9.953041672706604004e-01
9.902476072311401367e-01
9.933236837387084961e-01
9.822643399238586426e-01
9.731222987174987793e-01
9.734775424003601074e-01
1.628201603889465332e-01
9.577199220657348633e-01
9.916890859603881836e-01
9.980968832969665527e-01
9.993119835853576660e-01
9.878197312355041504e-01
9.944257736206054688e-01
9.869664907455444336e-01
9.937477111816406250e-01
9.761964678764343262e-01
8.197413682937622070e-01
9.335992336273193359e-01
9.844936132431030273e-01
9.444906115531921387e-01
8.856089115142822266e-01
9.791115522384643555e-01
9.968818426132202148e-01
9.992605447769165039e-01
8.085625767707824707e-01
9.958618283271789551e-01
9.942640066146850586e-01
9.977016448974609375e-01
9.979698061943054199e-01
9.925673604011535645e-01
9.719132781028747559e-01
9.985793232917785645e-01
9.936533570289611816e-01
9.935410022735595703e-01
3.514468967914581299e-01
9.605564475059509277e-01
9.969048500061035156e-01
1.324324458837509155e-01
8.611697554588317871e-01
9.973975419998168945e-01
9.921150803565979004e-01
9.977895617485046387e-01
9.973942041397094727e-01
9.911364912986755371e-01
9.982848167419433594e-01
9.996686577796936035e-01
9.711542725563049316e-01
9.794698357582092285e-01
3.763551115989685059e-01
8.700491189956665039e-01
9.354639649391174316e-01
9.957001209259033203e-01
9.978556632995605469e-01
9.955615997314453125e-01
9.949859976768493652e-01
9.685723185539245605e-01
9.781774282455444336e-01
9.973939657211303711e-01
9.965034127235412598e-01
9.903938174247741699e-01
9.560894966125488281e-01
9.937258958816528320e-01
1.181132942438125610e-01
9.904475212097167969e-01
9.963119029998779297e-01
9.943836331367492676e-01
9.955400824546813965e-01
9.889656901359558105e-01
9.007044434547424316e-01
9.374002218246459961e-01
9.726282358169555664e-01
9.899876117706298828e-01
8.227030038833618164e-01
8.620286583900451660e-01
8.717820644378662109e-01
8.359177112579345703e-01
9.999943971633911133e-01
9.999998807907104492e-01
9.964842200279235840e-01
7.675124406814575195e-01
9.999452829360961914e-01
1.948473625816404819e-03
2.306855469942092896e-02
9.831767678260803223e-01
9.999678730964660645e-01
3.327603936195373535e-01
9.558575749397277832e-01
9.999975562095642090e-01
1.000000119209289551e+00
9.999976754188537598e-01
9.957621097564697266e-01
9.978805184364318848e-01
5.862106680870056152e-01
9.978446960449218750e-01
4.167247563600540161e-02
8.801583051681518555e-01
7.944958806037902832e-01
4.163948893547058105e-01
9.593930244445800781e-01
9.801176786422729492e-01
9.556744098663330078e-01
3.569023907184600830e-01
9.999960660934448242e-01
9.969552755355834961e-01
9.864048957824707031e-01
9.911489486694335938e-01
9.923763275146484375e-01
1.675775647163391113e-01
9.836353063583374023e-01
9.987889528274536133e-01
9.979907870292663574e-01
6.426318883895874023e-01
9.732298851013183594e-01
9.998905658721923828e-01
9.999905824661254883e-01
9.999911189079284668e-01
9.852573275566101074e-01
9.868502020835876465e-01
8.821268081665039062e-01
9.974131584167480469e-01
9.990752339363098145e-01
9.364583492279052734e-01
9.999045133590698242e-01
9.990264773368835449e-01
9.639800190925598145e-01
9.588023424148559570e-01
9.999304413795471191e-01
1.000000000000000000e+00
9.999969005584716797e-01
9.923875331878662109e-01
9.931060075759887695e-01
2.611441165208816528e-02
1.805498600006103516e-01
9.998744726181030273e-01
4.175533831585198641e-05
6.396370530128479004e-01
9.999980926513671875e-01
6.903115194290876389e-03
6.760676205158233643e-02
9.581877589225769043e-01
9.999551773071289062e-01
9.999635219573974609e-01
9.873204827308654785e-01
9.859716892242431641e-01
8.548458814620971680e-01
9.944875240325927734e-01
9.992870092391967773e-01
3.803233206272125244e-01
9.945954680442810059e-01
9.998773932456970215e-01
9.409939050674438477e-01
9.902136921882629395e-01
8.148155212402343750e-01
1.639817804098129272e-01
9.999885559082031250e-01
9.720560312271118164e-01
9.894810318946838379e-01
9.937505125999450684e-01
9.978643059730529785e-01
9.900018572807312012e-01
2.627773880958557129e-01
9.996821284294128418e-01
9.937493801116943359e-01
9.765555858612060547e-01
9.945266842842102051e-01
9.999937415122985840e-01
9.091846346855163574e-01
9.999980926513671875e-01
9.946775436401367188e-01
9.957191944122314453e-01
9.651501774787902832e-01
9.953236579895019531e-01
9.966966509819030762e-01
1.202536821365356445e-01
9.846096634864807129e-01
9.989296793937683105e-01
9.986236691474914551e-01
9.710278511047363281e-01
9.983282685279846191e-01
9.999997019767761230e-01
9.999936819076538086e-01
9.831218123435974121e-01
9.932190179824829102e-01
9.727361202239990234e-01
9.922258257865905762e-01
9.991914033889770508e-01
7.960783690214157104e-02
2.021949291229248047e-01
9.982001781463623047e-01
9.987515807151794434e-01
2.055762335658073425e-02
2.339887917041778564e-01
9.999989271163940430e-01
9.999888539314270020e-01
9.920153617858886719e-01
9.958665370941162109e-01
5.117605999112129211e-02
9.955980777740478516e-01
9.946782588958740234e-01
1.163089368492364883e-02
4.343341290950775146e-02
1.294801533222198486e-01
9.975476861000061035e-01
1.549888588488101959e-02
7.329469919204711914e-02
3.812430799007415771e-01
9.999997615814208984e-01
9.961275458335876465e-01
9.969326853752136230e-01
9.788662940263748169e-02
9.983310699462890625e-01
9.936098456382751465e-01
3.339029848575592041e-02
1.294862926006317139e-01
1.974678933620452881e-01
5.087235569953918457e-01
8.321930468082427979e-02
1.721993982791900635e-01
1.825966686010360718e-01
9.891159534454345703e-01
9.924185276031494141e-01
9.940140843391418457e-01
9.791277050971984863e-01
9.968661665916442871e-01
9.811497926712036133e-01
1.158035099506378174e-01
9.394646883010864258e-01
9.617900252342224121e-01
9.750103950500488281e-01
9.797482490539550781e-01
9.386588931083679199e-01
8.962287902832031250e-01
9.879667162895202637e-01
9.825372099876403809e-01
9.927127361297607422e-01
9.722225069999694824e-01
9.695872664451599121e-01
9.803391098976135254e-01
9.827706813812255859e-01
9.822691679000854492e-01
9.887172579765319824e-01
9.746641516685485840e-01
9.794136285781860352e-01
5.491276979446411133e-01
9.893351793289184570e-01
9.844342470169067383e-01
9.902973771095275879e-01
9.905174970626831055e-01
4.616726338863372803e-01
5.347737669944763184e-02
9.954154491424560547e-01
4.684365913271903992e-02
3.475126922130584717e-01
9.957951903343200684e-01
2.237398624420166016e-01
9.630267620086669922e-01
9.948629140853881836e-01
9.981610178947448730e-01
9.891529083251953125e-01
9.929273128509521484e-01
9.917975068092346191e-01
9.662821292877197266e-01
2.020260132849216461e-02
9.955126047134399414e-01
9.850249886512756348e-01
1.402861028909683228e-01
9.960891604423522949e-01
9.648119807243347168e-01
9.186643362045288086e-01
9.217005968093872070e-01
9.960417747497558594e-01
9.727088809013366699e-01
9.838287234306335449e-01
9.868358969688415527e-01
9.948811531066894531e-01
7.792048156261444092e-02
9.926801323890686035e-01
9.931597709655761719e-01
2.311729080975055695e-02
9.951335191726684570e-01
9.888734221458435059e-01
9.915158748626708984e-01
4.849993288516998291e-01
3.566018491983413696e-02
9.773364067077636719e-01
9.860503673553466797e-01
9.820022583007812500e-01
4.839901030063629150e-01
9.835360050201416016e-01
9.926601052284240723e-01
8.916177153587341309e-01
5.374534726142883301e-01
9.810996055603027344e-01
8.193349838256835938e-01
2.385730445384979248e-01
9.956029057502746582e-01
9.952032566070556641e-01
9.780814051628112793e-01
9.834867715835571289e-01
9.866813421249389648e-01
9.874871373176574707e-01
9.368698596954345703e-01
9.919222593307495117e-01
9.881764650344848633e-01
9.866079688072204590e-01
9.815908074378967285e-01
9.926273226737976074e-01
4.669092595577239990e-01
9.598771333694458008e-01
9.931535720825195312e-01
9.768646955490112305e-01
9.828513860702514648e-01
9.833543896675109863e-01
9.981142282485961914e-01
9.538488984107971191e-01
9.924889206886291504e-01
9.973104000091552734e-01
9.882177710533142090e-01
6.546108722686767578e-01
9.922414422035217285e-01
9.954575896263122559e-01
5.193025469779968262e-01
9.912454485893249512e-01
9.616546034812927246e-01
9.685531258583068848e-01
9.675547480583190918e-01
9.983510971069335938e-01
1.763620525598526001e-01
9.806796312332153320e-01
9.980700612068176270e-01
9.817891716957092285e-01
8.129789233207702637e-01
4.466843903064727783e-01
9.963288307189941406e-01
9.978712201118469238e-01
6.823899149894714355e-01
9.761234521865844727e-01
9.809629321098327637e-01
9.940171241760253906e-01
9.967837929725646973e-01
8.104810491204261780e-03
9.678542017936706543e-01
9.950668811798095703e-01
9.909400939941406250e-01
9.598188400268554688e-01
1.653619706630706787e-01
9.904034733772277832e-01
9.957403540611267090e-01
9.953117370605468750e-01
9.912683963775634766e-01
9.943244457244873047e-01
9.894888401031494141e-01
9.901688694953918457e-01
9.890676736831665039e-01
9.693315029144287109e-01
9.933145642280578613e-01
9.773010611534118652e-01
6.882193088531494141e-01
9.576780200004577637e-01
9.928439855575561523e-01
9.924798011779785156e-01
9.675797820091247559e-01
9.868350028991699219e-01
9.935877919197082520e-01
9.918314814567565918e-01
9.713739156723022461e-01
9.890620708465576172e-01
9.916690587997436523e-01
9.645058512687683105e-01
9.372150897979736328e-01
2.955453693866729736e-01
5.138201713562011719e-01
9.810951352119445801e-01
8.951162099838256836e-01
3.632113337516784668e-01
9.834045767784118652e-01
9.820436239242553711e-01
9.877304434776306152e-01
9.940357804298400879e-01
9.341454505920410156e-01
9.928272366523742676e-01
9.899942278861999512e-01
4.649004433304071426e-03
9.656846523284912109e-01
9.851491451263427734e-01
9.863435029983520508e-01
4.707148075103759766e-01
8.485884070396423340e-01
9.797700643539428711e-01
9.755975604057312012e-01
9.884591698646545410e-01
9.867250919342041016e-01
9.742881655693054199e-01
9.881949424743652344e-01
9.795470833778381348e-01
9.701380729675292969e-01
9.913915395736694336e-01
9.652088284492492676e-01
9.990139603614807129e-01
8.458577394485473633e-01
3.889411985874176025e-01
9.911272525787353516e-01
9.871646761894226074e-01
9.719651937484741211e-01
8.194335550069808960e-02
3.379296958446502686e-01
9.907692670822143555e-01
7.678453326225280762e-01
9.628092646598815918e-01
9.552332162857055664e-01
4.550764560699462891e-01
9.927597641944885254e-01
9.922250509262084961e-01
9.855293631553649902e-01
9.909720420837402344e-01
9.867467880249023438e-01
9.944024085998535156e-01
9.936308264732360840e-01
9.973150491714477539e-01
9.848788380622863770e-01
9.820761680603027344e-01
9.997521042823791504e-01
9.964498877525329590e-01
9.512006640434265137e-01
6.685535907745361328e-01
9.214730858802795410e-01
9.978588223457336426e-01
9.964358806610107422e-01
9.814833402633666992e-01
9.929743409156799316e-01
9.980091452598571777e-01
9.968902468681335449e-01
4.443376660346984863e-01
9.942431449890136719e-01
9.979199171066284180e-01
9.991272091865539551e-01
9.989987611770629883e-01
9.882279038429260254e-01
8.252010345458984375e-01
9.933671355247497559e-01
9.924556016921997070e-01
9.881719946861267090e-01
9.962394237518310547e-01
9.983774423599243164e-01
9.886834621429443359e-01
6.009980291128158569e-02
9.930827617645263672e-01
9.984940290451049805e-01
9.988527894020080566e-01
9.986913204193115234e-01
9.797606468200683594e-01
9.991593360900878906e-01
8.023346066474914551e-01
9.943301677703857422e-01
9.957819581031799316e-01
9.962553381919860840e-01
9.965677857398986816e-01
9.956938624382019043e-01
3.738018870353698730e-01
9.884704351425170898e-01
9.915840029716491699e-01
9.966928958892822266e-01
2.687872648239135742e-01
9.743188023567199707e-01
9.975000023841857910e-01
9.985856413841247559e-01
9.893044233322143555e-01
9.911690950393676758e-01
9.834219813346862793e-01
9.459378719329833984e-01
9.969415068626403809e-01
9.942515492439270020e-01
9.617890119552612305e-01
9.978445172309875488e-01
9.971274733543395996e-01
7.933557033538818359e-01
9.154832363128662109e-01
9.994473457336425781e-01
9.999957084655761719e-01
9.797135591506958008e-01
9.784534573554992676e-01
9.933615922927856445e-01
9.920683503150939941e-01
9.873515367507934570e-01
9.784516692161560059e-01
9.824578762054443359e-01
1.151584461331367493e-01
8.116899132728576660e-01
9.657055735588073730e-01
9.589121341705322266e-01
8.377683162689208984e-01
9.988472461700439453e-01
9.611846804618835449e-01
9.809380769729614258e-01
9.793690443038940430e-01
9.924990534782409668e-01
9.868997931480407715e-01
9.649900197982788086e-01
9.754225611686706543e-01
9.553232789039611816e-01
6.821187562309205532e-04
9.698207378387451172e-01
9.995979666709899902e-01
9.979356527328491211e-01
7.741928696632385254e-01
9.841674566268920898e-01
9.864512681961059570e-01
9.504752755165100098e-01
9.753795266151428223e-01
9.861202239990234375e-01
9.817247390747070312e-01
9.880344271659851074e-01
9.843479394912719727e-01
9.919396638870239258e-01
9.698483347892761230e-01
9.985027909278869629e-01
9.998849630355834961e-01
9.999983310699462891e-01
9.928712248802185059e-01
9.954560399055480957e-01
9.867737293243408203e-01
9.897196292877197266e-01
9.961515665054321289e-01
9.682514667510986328e-01
9.766445159912109375e-01
9.975774288177490234e-01
9.934651851654052734e-01
9.941973090171813965e-01
9.900704026222229004e-01
9.992161989212036133e-01
9.994722604751586914e-01
9.917309284210205078e-01
9.943276047706604004e-01
9.950203895568847656e-01
9.969236254692077637e-01
9.945835471153259277e-01
9.934660196304321289e-01
9.888741970062255859e-01
9.983996152877807617e-01
9.981400370597839355e-01
9.953427314758300781e-01
9.805422425270080566e-01
9.715636968612670898e-01
9.983474612236022949e-01
9.945455789566040039e-01
9.954603910446166992e-01
9.783914089202880859e-01
9.973614811897277832e-01
9.946485757827758789e-01
9.813640713691711426e-01
9.812730550765991211e-01
9.964508414268493652e-01
9.636021852493286133e-01
9.747720360755920410e-01
9.564741253852844238e-01
9.262356758117675781e-01
3.969644308090209961e-01
9.947373270988464355e-01
9.961103200912475586e-01
9.617916345596313477e-01
9.944392442703247070e-01
9.960620999336242676e-01
9.836965799331665039e-01
9.496704339981079102e-01
9.827384948730468750e-01
9.554741382598876953e-01
8.443425297737121582e-01
9.181635379791259766e-01
9.730405211448669434e-01
9.854673743247985840e-01
9.776805043220520020e-01
9.731829166412353516e-01
9.839665293693542480e-01
6.980323046445846558e-02
2.203946113586425781e-01
3.850167691707611084e-01
9.998510479927062988e-01
9.933965206146240234e-01
9.999906420707702637e-01
2.900023758411407471e-02
3.624708950519561768e-01
9.999942183494567871e-01
9.999999403953552246e-01
9.468901157379150391e-01
9.822944402694702148e-01
9.675471186637878418e-01
8.197458386421203613e-01
9.925678968429565430e-01
9.966152906417846680e-01
9.986853599548339844e-01
9.951055049896240234e-01
9.995877146720886230e-01
9.715577960014343262e-01
9.947155117988586426e-01
9.112977385520935059e-01
4.391138851642608643e-01
9.760702252388000488e-01
9.478623270988464355e-01
9.811931252479553223e-01
3.424161374568939209e-01
9.971827864646911621e-01
9.953503608703613281e-01
9.905382394790649414e-01
9.998810887336730957e-01
9.936221837997436523e-01
8.297796845436096191e-01
9.972593188285827637e-01
9.999946951866149902e-01
9.612302780151367188e-01
9.880230426788330078e-01
9.853689670562744141e-01
9.915757179260253906e-01
9.936633706092834473e-01
9.995877146720886230e-01
9.956759810447692871e-01
9.956668019294738770e-01
9.584370851516723633e-01
9.986343979835510254e-01
9.985448718070983887e-01
2.417733818292617798e-01
9.376162886619567871e-01
9.975335597991943359e-01
9.732376337051391602e-01
9.788223505020141602e-01
9.905329346656799316e-01
9.990221261978149414e-01
9.999905824661254883e-01
9.915207624435424805e-01
9.910516142845153809e-01
1.025288701057434082e-01
9.981213212013244629e-01
9.967878460884094238e-01
5.919917486608028412e-03
5.458152294158935547e-02
9.647639989852905273e-01
9.874469041824340820e-01
9.867871999740600586e-01
9.952793121337890625e-01
9.975916743278503418e-01
9.999542236328125000e-01
9.951727390289306641e-01
9.946116805076599121e-01
9.283046722412109375e-01
9.933279752731323242e-01
9.902343750000000000e-01
4.177923500537872314e-02
8.338749408721923828e-02
8.722387254238128662e-02
9.719007015228271484e-01
9.712085723876953125e-01
9.854218959808349609e-01
3.422444760799407959e-01
1.686473935842514038e-01
3.255314528942108154e-01
9.992845654487609863e-01
9.820343255996704102e-01
9.999081492424011230e-01
9.519556164741516113e-01
9.422557950019836426e-01
3.625611960887908936e-02
7.258176803588867188e-02
9.655178785324096680e-01
9.691656231880187988e-01
9.827181696891784668e-01
9.585903882980346680e-01
7.655578851699829102e-01
9.900808930397033691e-01
9.968498945236206055e-01
9.759362339973449707e-01
9.932675957679748535e-01
9.051108956336975098e-01
4.273655414581298828e-01
9.977880120277404785e-01
9.926363229751586914e-01
9.820346236228942871e-01
9.646980762481689453e-01
9.896640181541442871e-01
9.146136045455932617e-01
9.176728725433349609e-01
9.721398949623107910e-01
9.996837377548217773e-01
9.766482710838317871e-01
9.013394713401794434e-01
9.999377727508544922e-01
1.720065774861723185e-04
8.009521961212158203e-01
9.998413324356079102e-01
9.712517857551574707e-01
9.580202698707580566e-01
9.929180145263671875e-01
9.993137717247009277e-01
9.925271868705749512e-01
9.987084269523620605e-01
9.980521202087402344e-01
9.972546100616455078e-01
1.850768029689788818e-01
9.999259114265441895e-01
9.956578016281127930e-01
2.983912639319896698e-02
9.996643662452697754e-01
9.433026313781738281e-01
9.156894683837890625e-01
9.747620224952697754e-01
9.995539188385009766e-01
9.944521188735961914e-01
9.992941617965698242e-01
9.974817037582397461e-01
9.982827305793762207e-01
1.863985508680343628e-01
9.997738003730773926e-01
9.971789121627807617e-01
9.970418810844421387e-01
2.337448298931121826e-01
9.752057790756225586e-01
9.609143733978271484e-01
9.941656589508056641e-01
9.989022016525268555e-01
9.920589327812194824e-01
9.964439272880554199e-01
9.962069988250732422e-01
9.960091710090637207e-01
9.812825322151184082e-01
9.958626031875610352e-01
9.955256581306457520e-01
9.959185123443603516e-01
2.139021009206771851e-01
9.351261258125305176e-01
9.653685092926025391e-01
9.746425747871398926e-01
9.891726970672607422e-01
9.740226268768310547e-01
9.769601821899414062e-01
9.440922141075134277e-01
9.777172803878784180e-01
9.294668436050415039e-01
9.785091280937194824e-01
9.996215105056762695e-01
9.995937943458557129e-01
1.351824030280113220e-02
9.707143902778625488e-01
9.827738404273986816e-01
9.877093434333801270e-01
9.972634315490722656e-01
9.955635666847229004e-01
9.924741387367248535e-01
9.984394907951354980e-01
9.866548180580139160e-01
9.997760057449340820e-01
9.996955990791320801e-01
9.996004104614257812e-01
9.804175496101379395e-01
2.365623265504837036e-01
9.795010089874267578e-01
9.846593737602233887e-01
9.906941056251525879e-01
9.979147315025329590e-01
9.927464127540588379e-01
9.857088923454284668e-01
9.980655312538146973e-01
9.960788488388061523e-01
9.967499971389770508e-01
9.997761845588684082e-01
9.849353432655334473e-01
3.617263166233897209e-03
6.267391145229339600e-02
9.571482539176940918e-01
9.743324518203735352e-01
9.870036244392395020e-01
9.989382028579711914e-01
9.870274662971496582e-01
9.915321469306945801e-01
9.856991767883300781e-01
9.932756423950195312e-01
9.954593777656555176e-01
9.966090321540832520e-01
9.802159667015075684e-01
9.987792372703552246e-01
7.511478033848106861e-04
9.872870445251464844e-01
9.763118028640747070e-01
9.124820232391357422e-01
9.877216219902038574e-01
9.898189306259155273e-01
6.482343077659606934e-01
9.847911596298217773e-01
9.940881133079528809e-01
9.891153573989868164e-01
8.025953769683837891e-01
9.792321324348449707e-01
9.997744560241699219e-01
9.996337890625000000e-01
9.842680692672729492e-01
9.817767739295959473e-01
9.875391721725463867e-01
9.863131046295166016e-01
9.941319227218627930e-01
9.933607578277587891e-01
9.886779189109802246e-01
9.811366200447082520e-01
9.996110796928405762e-01
9.912107586860656738e-01
6.981673836708068848e-02
8.844174146652221680e-01
7.683189511299133301e-01
9.792582392692565918e-01
9.765823483467102051e-01
9.901201725006103516e-01
9.974089860916137695e-01
9.929261803627014160e-01
9.896259307861328125e-01
9.800239801406860352e-01
9.904917478561401367e-01
9.919198155403137207e-01
9.771315455436706543e-01
9.795840978622436523e-01
9.926393032073974609e-01
9.878753423690795898e-01
9.867726564407348633e-01
9.855751991271972656e-01
9.936015605926513672e-01
9.948691725730895996e-01
9.930188655853271484e-01
9.925360679626464844e-01
9.694823026657104492e-01
9.682523012161254883e-01
9.917450547218322754e-01
9.905051589012145996e-01
9.212719798088073730e-01
9.875197410583496094e-01
9.916663765907287598e-01
9.803038239479064941e-01
9.677857160568237305e-01
9.885800480842590332e-01
9.980413913726806641e-01
9.941805005073547363e-01
9.967231750488281250e-01
9.976265430450439453e-01
9.924211502075195312e-01
9.997110962867736816e-01
9.998062849044799805e-01
9.989938139915466309e-01
9.953417181968688965e-01
9.997915029525756836e-01
9.712024331092834473e-01
9.728810191154479980e-01
7.190251946449279785e-01
9.985653162002563477e-01
9.964090585708618164e-01
9.965844154357910156e-01
9.975829720497131348e-01
9.937656521797180176e-01
9.999159574508666992e-01
9.982678890228271484e-01
9.996873736381530762e-01
9.872203469276428223e-01
9.684614539146423340e-01
9.904830455780029297e-01
9.929606914520263672e-01
9.970533251762390137e-01
9.974761009216308594e-01
9.970748424530029297e-01
9.975011348724365234e-01
9.937312006950378418e-01
9.837478399276733398e-01
9.982541203498840332e-01
9.747760295867919922e-01
7.818718552589416504e-01
5.638594031333923340e-01
3.645298182964324951e-01
9.821118116378784180e-01
9.768835306167602539e-01
9.902359843254089355e-01
9.993512034416198730e-01
9.934027791023254395e-01
9.929376244544982910e-01
9.937891364097595215e-01
9.973446726799011230e-01
9.983804225921630859e-01
9.887909293174743652e-01
9.980033636093139648e-01
9.814313650131225586e-01
9.762986302375793457e-01
9.788407683372497559e-01
9.918257594108581543e-01
9.956895112991333008e-01
9.988718032836914062e-01
9.938722252845764160e-01
9.962834715843200684e-01
9.977741837501525879e-01
9.934005737304687500e-01
9.981243610382080078e-01
9.977039694786071777e-01
8.934117555618286133e-01
9.739708900451660156e-01
2.879824638366699219e-01
9.934612512588500977e-01
9.954056143760681152e-01
9.923756122589111328e-01
9.991195797920227051e-01
9.966753125190734863e-01
9.916767477989196777e-01
9.942190051078796387e-01
9.936546683311462402e-01
9.968499541282653809e-01
9.374713897705078125e-01
8.484139442443847656e-01
5.993322134017944336e-01
5.843780189752578735e-02
