1.115912497043609619e-01
8.065909743309020996e-01
3.039582967758178711e-01
3.555913567543029785e-01
2.431166321039199829e-01
2.109526097774505615e-01
2.286274135112762451e-01
6.025901436805725098e-01
4.294404983520507812e-01
2.467793785035610199e-02
4.301631450653076172e-01
2.044274210929870605e-01
8.707368969917297363e-01
3.878748044371604919e-02
6.183586716651916504e-01
3.810128197073936462e-02
4.326947629451751709e-01
2.502417266368865967e-01
4.100903868675231934e-01
2.820819616317749023e-01
1.106998920440673828e-01
5.969914793968200684e-01
2.421944774687290192e-02
1.750327646732330322e-03
2.679210603237152100e-01
3.469578027725219727e-01
9.791307151317596436e-02
3.809501528739929199e-01
6.150549054145812988e-01
1.250341236591339111e-01
2.167643904685974121e-01
6.154092550277709961e-01
2.362097799777984619e-01
2.264958024024963379e-01
4.470900893211364746e-01
2.397409528493881226e-01
3.591087087988853455e-02
2.036184817552566528e-01
9.510236978530883789e-02
4.360934346914291382e-02
1.738971322774887085e-01
6.495309472084045410e-01
4.207252860069274902e-01
2.048408612608909607e-02
4.114963710308074951e-01
4.207337796688079834e-01
2.952480316162109375e-01
3.002592623233795166e-01
2.260840535163879395e-01
1.761210523545742035e-02
6.584291905164718628e-02
3.665171563625335693e-01
2.167158573865890503e-01
1.711410097777843475e-02
6.097881793975830078e-01
4.159937500953674316e-01
1.376647204160690308e-01
5.797317028045654297e-01
4.073771536350250244e-01
2.325561493635177612e-01
2.830289900302886963e-01
2.021736502647399902e-01
1.314266473054885864e-01
6.031059026718139648e-01
4.530289769172668457e-01
1.415880620479583740e-01
3.017847836017608643e-01
9.992942810058593750e-01
6.508468091487884521e-02
1.358936131000518799e-01
1.914165616035461426e-01
3.364484906196594238e-01
1.914642751216888428e-02
8.379585109651088715e-03
5.924888886511325836e-03
2.546905726194381714e-02
1.958294510841369629e-01
1.710725873708724976e-01
1.473004836589097977e-02
3.072538040578365326e-02
6.176088452339172363e-01
2.448556125164031982e-01
3.846505284309387207e-02
2.617255039513111115e-02
3.988720774650573730e-01
8.933871239423751831e-02
9.912098944187164307e-02
1.770607382059097290e-02
4.181801900267601013e-02
2.435284554958343506e-01
2.048600614070892334e-01
2.187659963965415955e-02
2.603788375854492188e-01
9.995400905609130859e-01
2.668853402137756348e-01
3.463082015514373779e-02
9.810521267354488373e-03
4.748804569244384766e-01
4.057281613349914551e-01
1.952763050794601440e-01
3.427530825138092041e-01
2.333380728960037231e-01
6.433371305465698242e-01
3.892219066619873047e-01
6.383186578750610352e-02
1.986023932695388794e-01
9.838884472846984863e-01
2.476836442947387695e-01
4.430517926812171936e-02
3.977248072624206543e-02
4.303036332130432129e-01
4.101262688636779785e-01
4.251036643981933594e-01
4.592977836728096008e-02
5.066717863082885742e-01
4.262652993202209473e-01
2.155165970325469971e-01
8.137296140193939209e-02
3.293092548847198486e-01
9.976590275764465332e-01
5.063663050532341003e-02
3.754258751869201660e-01
1.888424903154373169e-02
1.996967494487762451e-01
1.924594640731811523e-01
5.991523265838623047e-01
1.320433467626571655e-01
2.496392130851745605e-01
2.122872173786163330e-01
1.367016583681106567e-01
1.549880653619766235e-01
2.784997820854187012e-01
6.154525876045227051e-01
2.980443537235260010e-01
2.920300960540771484e-01
3.477994203567504883e-01
2.274333834648132324e-01
2.232681810855865479e-01
1.968327015638351440e-01
2.333284467458724976e-01
5.161144305020570755e-03
2.115801163017749786e-02
9.394017606973648071e-02
1.437812149524688721e-01
1.173078548163175583e-02
7.564442157745361328e-01
3.421314060688018799e-01
5.111126303672790527e-01
5.231579765677452087e-02
2.826240062713623047e-01
2.165023982524871826e-01
1.992457956075668335e-01
3.233368396759033203e-01
1.954595446586608887e-01
3.221307992935180664e-01
6.771387532353401184e-03
1.191721037030220032e-01
4.377632737159729004e-01
7.995681166648864746e-01
1.372713297605514526e-01
1.043936461210250854e-01
3.187195956707000732e-01
2.039460837841033936e-01
4.099796414375305176e-01
3.137505352497100830e-01
3.604099452495574951e-01
1.622879877686500549e-02
4.300491511821746826e-02
2.408899553120136261e-02
4.521133303642272949e-01
4.965124726295471191e-01
6.096186637878417969e-01
2.613990306854248047e-01
5.817791223526000977e-01
7.928857803344726562e-01
4.334926605224609375e-01
3.235252797603607178e-01
6.613752245903015137e-02
3.762705624103546143e-01
2.479765415191650391e-01
2.892101109027862549e-01
5.788940191268920898e-01
3.142176270484924316e-01
3.138015512377023697e-03
5.834878087043762207e-01
2.181078493595123291e-01
7.056842744350433350e-02
1.753180986270308495e-03
1.998973637819290161e-02
2.249848544597625732e-01
7.743774913251399994e-03
2.190916053950786591e-02
1.318134367465972900e-02
8.724248409271240234e-02
2.292872816324234009e-01
2.028519809246063232e-01
8.308344334363937378e-02
4.280609190464019775e-01
2.713501453399658203e-04
1.558412462472915649e-01
5.918018221855163574e-01
1.584483832120895386e-01
5.077860951423645020e-01
1.672536251135170460e-03
2.060820460319519043e-01
1.216069888323545456e-02
2.099811583757400513e-01
1.161524355411529541e-01
2.955800294876098633e-01
3.562351763248443604e-01
8.036153912544250488e-01
6.068980097770690918e-01
1.548582017421722412e-01
2.032036781311035156e-01
6.146025061607360840e-01
2.940070033073425293e-01
1.344364583492279053e-01
7.891295477747917175e-03
2.617233395576477051e-01
1.250643432140350342e-01
4.715114831924438477e-01
4.026048779487609863e-01
6.107565760612487793e-02
4.211006760597229004e-01
4.586931169033050537e-01
5.143188685178756714e-02
2.565323412418365479e-01
1.991306096315383911e-01
2.079436480998992920e-01
4.364635646343231201e-01
2.581852022558450699e-03
2.854874730110168457e-02
7.663645595312118530e-02
1.686812192201614380e-01
5.783905386924743652e-01
2.465537376701831818e-02
9.874248504638671875e-01
4.167891144752502441e-01
4.291636347770690918e-01
2.820830047130584717e-01
7.834733128547668457e-01
2.754379808902740479e-01
2.780273556709289551e-01
2.564904093742370605e-01
2.196319848299026489e-01
9.375010430812835693e-02
4.445999264717102051e-01
4.289856255054473877e-01
4.269753582775592804e-03
7.895529866218566895e-01
2.902944684028625488e-01
4.301987290382385254e-01
2.002875655889511108e-01
3.286023437976837158e-01
4.003341197967529297e-01
4.315292835235595703e-02
2.582885324954986572e-01
4.062642157077789307e-01
2.348445951938629150e-01
4.327998459339141846e-01
1.223032735288143158e-02
2.006498724222183228e-02
7.530810832977294922e-01
4.360723197460174561e-01
2.412891685962677002e-01
5.718588083982467651e-02
4.141404330730438232e-01
4.017563164234161377e-01
3.907147347927093506e-01
8.312501944601535797e-03
4.194762408733367920e-01
5.234251022338867188e-01
4.071976244449615479e-01
9.761024117469787598e-01
8.553992956876754761e-02
8.016669154167175293e-01
6.175611615180969238e-01
2.728838324546813965e-01
3.453457355499267578e-01
2.164394259452819824e-01
4.223456382751464844e-01
4.154176712036132812e-01
2.383307218551635742e-01
5.303310602903366089e-02
1.022703275084495544e-01
3.196282982826232910e-01
5.529590845108032227e-01
1.944134570658206940e-02
9.427350163459777832e-01
5.584163665771484375e-01
1.972765475511550903e-01
1.849586367607116699e-01
4.154848754405975342e-01
4.772387742996215820e-01
1.619283109903335571e-02
1.754299364984035492e-02
2.411404103040695190e-01
1.469367295503616333e-01
2.499035447835922241e-01
6.044532060623168945e-01
2.379489541053771973e-01
5.786280632019042969e-01
2.683570683002471924e-01
3.083043396472930908e-01
3.861115872859954834e-01
5.445131659507751465e-01
3.051182329654693604e-01
2.486245781183242798e-01
3.764775693416595459e-01
7.281532138586044312e-02
3.870395720005035400e-01
1.129606291651725769e-01
2.352713495492935181e-01
2.646822035312652588e-01
4.073970317840576172e-01
3.834091424942016602e-01
2.276739627122879028e-01
2.296305149793624878e-01
3.856825828552246094e-01
2.700199484825134277e-01
1.058602556586265564e-01
1.831394881010055542e-01
1.880949921905994415e-02
4.652859568595886230e-01
3.183194398880004883e-01
5.597885251045227051e-01
1.424852907657623291e-01
6.768189370632171631e-02
1.981850713491439819e-01
2.115183770656585693e-01
2.947204746305942535e-03
4.873404279351234436e-02
3.028564155101776123e-02
2.128105312585830688e-01
6.556916981935501099e-03
2.040562629699707031e-01
5.731519311666488647e-02
3.265978693962097168e-01
5.814135074615478516e-01
1.071686856448650360e-02
5.935136079788208008e-01
2.217819243669509888e-01
4.020326584577560425e-02
2.016813904047012329e-01
1.771076582372188568e-02
1.991405487060546875e-01
3.562073707580566406e-01
9.593117050826549530e-03
4.041407406330108643e-01
6.685218811035156250e-01
3.820433616638183594e-01
9.814376235008239746e-01
2.012692987918853760e-01
6.023121476173400879e-01
3.310381472110748291e-01
2.577723860740661621e-01
2.098225653171539307e-01
2.192116975784301758e-01
4.427684247493743896e-01
2.579642236232757568e-01
1.304468959569931030e-01
2.274805754423141479e-01
6.810283660888671875e-01
4.713512659072875977e-01
5.347732305526733398e-01
3.470140099525451660e-01
9.250208139419555664e-01
2.295817583799362183e-01
8.641266226768493652e-01
5.125975608825683594e-01
2.193211168050765991e-01
3.350178003311157227e-01
6.102022528648376465e-01
5.498478189110755920e-02
3.704793453216552734e-01
4.631311893463134766e-01
6.599407792091369629e-01
5.892429351806640625e-01
1.337174177169799805e-01
6.039305329322814941e-01
5.558018684387207031e-01
2.167339622974395752e-01
4.095833748579025269e-02
2.425552755594253540e-01
2.822387218475341797e-01
5.365956202149391174e-02
1.353565230965614319e-02
4.165035858750343323e-02
2.583340108394622803e-01
1.265266239643096924e-01
2.118471264839172363e-01
1.205557491630315781e-02
4.809935688972473145e-01
4.263085126876831055e-01
2.161638140678405762e-01
5.904017686843872070e-01
4.668134450912475586e-01
2.687363624572753906e-01
6.774215102195739746e-01
3.105782866477966309e-01
2.125525921583175659e-01
2.950638532638549805e-01
2.828946113586425781e-01
5.041778087615966797e-01
1.184192486107349396e-02
7.907786965370178223e-01
4.936310648918151855e-01
3.894501328468322754e-01
1.101597175002098083e-01
3.782648742198944092e-01
6.667577028274536133e-01
2.021909207105636597e-01
1.576776802539825439e-01
3.194667771458625793e-02
7.715766131877899170e-02
2.944135665893554688e-01
6.030962467193603516e-01
2.272755354642868042e-01
5.259419083595275879e-01
4.056802093982696533e-01
9.751245379447937012e-01
2.138102650642395020e-01
1.985011398792266846e-01
3.993145823478698730e-01
2.264433801174163818e-01
1.312170550227165222e-02
2.331430017948150635e-01
1.763089597225189209e-01
2.016211748123168945e-01
3.452498018741607666e-01
7.924986630678176880e-02
2.128721475601196289e-01
1.282200515270233154e-01
6.378672719001770020e-01
6.899152994155883789e-01
5.564022064208984375e-01
6.286240220069885254e-01
5.809105634689331055e-01
6.639505028724670410e-01
2.128086388111114502e-01
1.896513849496841431e-01
2.742451131343841553e-01
5.964902639389038086e-01
4.465716183185577393e-01
6.089119315147399902e-01
7.142050564289093018e-02
2.949441671371459961e-01
4.007346630096435547e-01
9.300618618726730347e-02
5.995678305625915527e-01
8.917357027530670166e-02
4.451442360877990723e-01
1.955033838748931885e-01
1.739519685506820679e-01
3.311707675457000732e-01
5.990813970565795898e-01
3.947135210037231445e-01
5.609867572784423828e-01
2.764614820480346680e-01
3.341730833053588867e-01
4.678000807762145996e-01
4.198876023292541504e-02
6.453607678413391113e-01
7.717859745025634766e-02
3.007466197013854980e-01
4.185465164482593536e-03
2.446192055940628052e-01
2.263285070657730103e-01
3.888663649559020996e-01
9.560117870569229126e-02
9.629917740821838379e-01
2.334437072277069092e-01
8.258427977561950684e-01
4.245347380638122559e-01
6.015905737876892090e-01
2.608188092708587646e-01
4.215420484542846680e-01
4.102238416671752930e-01
7.839658297598361969e-03
4.255756437778472900e-01
1.182149276137351990e-01
4.319019019603729248e-01
4.581854045391082764e-01
3.759978339076042175e-02
4.544653743505477905e-02
2.067260295152664185e-01
1.314344722777605057e-02
5.297306925058364868e-03
5.184554308652877808e-02
1.326406151056289673e-01
7.246956229209899902e-02
8.727278560400009155e-02
2.077187299728393555e-01
1.420930624008178711e-01
4.056015312671661377e-01
4.148354753851890564e-03
2.220015078783035278e-01
1.340021938085556030e-01
2.111006081104278564e-01
1.279637962579727173e-02
4.025560244917869568e-02
6.508700549602508545e-02
2.530013322830200195e-01
1.706063188612461090e-02
2.013080008327960968e-02
2.553260512650012970e-02
3.072806075215339661e-02
4.134045243263244629e-01
2.512460947036743164e-02
2.010346055030822754e-01
1.045361310243606567e-01
1.573766171932220459e-01
4.270546196494251490e-04
5.735250189900398254e-02
2.071879059076309204e-01
3.472354114055633545e-01
7.341985590755939484e-03
4.576838016510009766e-02
4.618300497531890869e-02
2.226756066083908081e-01
2.350916862487792969e-01
4.129197895526885986e-01
1.307561434805393219e-02
2.109404951333999634e-01
2.479638159275054932e-01
3.913263380527496338e-01
7.856303453445434570e-02
3.857980072498321533e-01
9.396255761384963989e-02
8.488553576171398163e-03
2.182428836822509766e-01
6.405605375766754150e-02
1.001496911048889160e-01
3.975563347339630127e-01
3.050304949283599854e-01
2.907807230949401855e-01
4.326082468032836914e-01
2.378529906272888184e-01
4.267604649066925049e-01
1.974208094179630280e-02
5.372119694948196411e-02
4.173798263072967529e-01
1.656122505664825439e-02
4.057836532592773438e-02
3.695467859506607056e-02
4.015024900436401367e-01
2.593977153301239014e-01
3.169034421443939209e-02
1.509496569633483887e-01
1.519852876663208008e-01
1.955061703920364380e-01
4.119616150856018066e-01
8.437138982117176056e-03
1.513912975788116455e-01
1.040626913309097290e-01
1.278240699321031570e-02
7.169521600008010864e-02
6.107362359762191772e-02
4.676182866096496582e-01
4.990215599536895752e-01
2.402948141098022461e-01
8.480668067932128906e-02
3.246799111366271973e-02
8.103055879473686218e-03
2.238864153623580933e-01
2.174011897295713425e-03
9.946814924478530884e-02
6.479255855083465576e-02
2.851051045581698418e-03
1.048907861113548279e-01
3.233361616730690002e-02
4.267708398401737213e-03
4.031181037425994873e-01
1.644590869545936584e-02
9.746575355529785156e-02
2.127132564783096313e-01
1.071826964616775513e-01
7.989720255136489868e-02
3.639851510524749756e-02
1.227589175105094910e-01
8.551596105098724365e-02
3.523006141185760498e-01
3.070102445781230927e-02
8.282851427793502808e-02
3.273889422416687012e-01
8.107528686523437500e-01
1.984334588050842285e-01
2.882221043109893799e-01
2.105146497488021851e-01
4.263701736927032471e-01
2.020174711942672729e-01
1.109918486326932907e-02
3.766101598739624023e-01
1.827138662338256836e-01
6.096374988555908203e-01
2.501375740393996239e-03
1.062031462788581848e-01
2.389515042304992676e-01
3.973045349121093750e-01
8.893304504454135895e-03
1.709674149751663208e-01
2.360930442810058594e-01
2.246077358722686768e-01
2.070139497518539429e-01
3.401845693588256836e-03
2.113002389669418335e-01
1.088715717196464539e-01
2.502506226301193237e-02
4.787472542375326157e-03
1.484113838523626328e-02
3.041107654571533203e-01
2.932400107383728027e-01
1.652172207832336426e-01
3.973413705825805664e-01
1.375092007219791412e-02
3.980423212051391602e-01
1.926813423633575439e-01
3.593369573354721069e-02
1.186662912368774414e-02
1.298098862171173096e-01
2.391873449087142944e-01
2.870019897818565369e-02
3.876775130629539490e-02
2.320612967014312744e-01
6.144270300865173340e-01
2.051504999399185181e-01
3.658591806888580322e-01
3.633464276790618896e-01
3.031877875328063965e-01
1.973262578248977661e-01
5.530646070837974548e-02
4.078289270401000977e-01
1.093624159693717957e-01
1.062514632940292358e-02
3.569637611508369446e-02
3.066425621509552002e-01
3.308860063552856445e-01
5.862568020820617676e-01
2.476263940334320068e-01
2.743074297904968262e-02
4.056750237941741943e-01
1.099399775266647339e-01
5.767703652381896973e-01
2.306020557880401611e-01
1.729868948459625244e-01
4.729053676128387451e-01
1.288237981498241425e-02
5.937864780426025391e-01
4.972919523715972900e-01
2.579835653305053711e-01
4.035133719444274902e-01
2.656128406524658203e-01
2.678353786468505859e-01
3.996414840221405029e-01
4.475874602794647217e-01
2.171741425991058350e-01
2.227067202329635620e-02
4.847944527864456177e-02
3.496274352073669434e-02
7.011910900473594666e-03
3.746139630675315857e-02
4.176423326134681702e-02
4.444105923175811768e-02
2.059055268764495850e-01
1.981995552778244019e-01
2.765958905220031738e-01
4.096475839614868164e-01
6.972746923565864563e-03
2.011847496032714844e-01
7.854252457618713379e-01
2.079800963401794434e-01
4.296805560588836670e-01
2.066813260316848755e-01
2.132970467209815979e-02
2.013048529624938965e-01
9.852374345064163208e-02
3.421423137187957764e-01
3.846077322959899902e-01
6.378159858286380768e-03
4.124806523323059082e-01
2.160455286502838135e-02
3.953349590301513672e-01
2.195615470409393311e-01
2.229984402656555176e-01
4.549779295921325684e-01
8.144316263496875763e-03
2.146051228046417236e-01
4.187836050987243652e-01
4.040113389492034912e-01
1.511233150959014893e-01
3.936624526977539062e-01
2.196679860353469849e-01
5.041209459304809570e-01
6.551697850227355957e-01
6.056225299835205078e-02
2.458992004394531250e-01
1.979834437370300293e-01
5.763125419616699219e-01
1.975604891777038574e-01
6.838880479335784912e-02
7.282531261444091797e-01
2.146349847316741943e-01
2.472266852855682373e-01
6.869994569569826126e-03
2.764379978179931641e-01
7.816623449325561523e-01
2.013639211654663086e-01
2.129141390323638916e-01
2.026721090078353882e-01
3.853493928909301758e-01
7.819268703460693359e-01
5.150663852691650391e-01
1.242841780185699463e-02
4.612784981727600098e-01
1.077555492520332336e-01
7.840943336486816406e-01
2.013671249151229858e-01
1.777714639902114868e-01
6.005450487136840820e-01
2.426843792200088501e-01
6.645098328590393066e-01
2.025882154703140259e-01
2.190835624933242798e-01
4.411138296127319336e-01
1.801753193140029907e-01
2.094607949256896973e-01
1.487809270620346069e-01
2.595574855804443359e-01
7.868897914886474609e-01
5.955896973609924316e-01
3.742542564868927002e-01
8.034748435020446777e-01
9.746754914522171021e-02
2.056916952133178711e-01
4.062273502349853516e-01
3.964259326457977295e-01
2.968929708003997803e-01
2.145200967788696289e-01
1.718145422637462616e-02
5.013583600521087646e-02
7.143436372280120850e-02
4.072592258453369141e-01
2.079229056835174561e-01
4.568751454353332520e-01
3.855010271072387695e-01
7.875679433345794678e-02
1.317685842514038086e-01
5.986031889915466309e-01
4.733347892761230469e-01
2.977434396743774414e-01
3.002976477146148682e-01
2.002664804458618164e-01
5.941484570503234863e-01
3.368351459503173828e-01
5.930010676383972168e-01
5.594602227210998535e-01
1.843896508216857910e-02
5.950395464897155762e-01
5.102606415748596191e-01
2.004850208759307861e-01
6.798545122146606445e-01
8.514192700386047363e-02
3.540985584259033203e-01
3.055009804666042328e-02
2.857505157589912415e-02
2.914046049118041992e-01
3.610415756702423096e-01
5.728942751884460449e-01
3.885344862937927246e-01
2.586653530597686768e-01
8.812314271926879883e-01
2.552179992198944092e-01
5.611789412796497345e-03
2.370262742042541504e-01
2.904241345822811127e-02
2.499501556158065796e-01
7.991721853613853455e-03
3.089280426502227783e-01
1.318922787904739380e-01
1.631244421005249023e-01
4.007262885570526123e-01
5.792115330696105957e-01
1.394817512482404709e-02
6.226150989532470703e-01
3.905986547470092773e-01
1.712126880884170532e-01
3.786321878433227539e-01
5.678650736808776855e-02
3.246440887451171875e-01
4.974195733666419983e-02
1.667656376957893372e-02
1.526225805282592773e-01
3.732729852199554443e-01
2.071151733398437500e-01
5.100310444831848145e-01
2.190727042034268379e-03
7.975826859474182129e-01
4.036601483821868896e-01
1.033990383148193359e-01
4.078527688980102539e-01
4.159030616283416748e-01
4.261084198951721191e-01
1.043629366904497147e-02
4.148143827915191650e-01
4.386951327323913574e-01
2.172137498855590820e-01
2.359456419944763184e-01
5.900725126266479492e-01
9.635747410356998444e-03
4.102760553359985352e-01
4.848384857177734375e-01
3.972073197364807129e-01
4.048570394515991211e-01
3.925482630729675293e-01
1.156750023365020752e-01
3.689151722937822342e-03
3.171446546912193298e-02
2.973060607910156250e-01
3.698090016841888428e-01
3.926291167736053467e-01
3.840023577213287354e-01
4.552417099475860596e-01
3.925961256027221680e-01
4.284554421901702881e-01
1.141759231686592102e-01
3.947911858558654785e-01
3.300656378269195557e-01
2.303940951824188232e-01
2.894940078258514404e-01
2.292316704988479614e-01
3.417736589908599854e-01
3.421781659126281738e-01
5.966787338256835938e-01
1.998929530382156372e-01
1.557731181383132935e-01
5.939720869064331055e-01
2.996969521045684814e-01
2.358039915561676025e-01
4.076457023620605469e-01
2.298668026924133301e-01
2.107740193605422974e-01
1.245186328887939453e-01
9.466594085097312927e-03
1.619986146688461304e-01
5.318982154130935669e-02
5.968937277793884277e-01
3.218035995960235596e-01
2.408805340528488159e-01
6.271947622299194336e-01
7.684651613235473633e-01
2.697271108627319336e-01
1.982769817113876343e-01
5.534456372261047363e-01
2.130176275968551636e-01
5.800200104713439941e-01
4.290352016687393188e-02
2.649220824241638184e-01
6.656146794557571411e-02
2.060131281614303589e-01
3.893668651580810547e-01
2.391213923692703247e-01
4.116122126579284668e-01
5.021760463714599609e-01
5.281108617782592773e-01
6.048353314399719238e-01
2.122554779052734375e-01
5.878198146820068359e-02
2.629755735397338867e-01
2.941537648439407349e-03
2.624387443065643311e-01
5.962598323822021484e-01
8.006997704505920410e-01
7.584960460662841797e-01
2.058575600385665894e-01
4.103296697139739990e-01
3.905040323734283447e-01
2.125770002603530884e-01
5.494580417871475220e-02
3.269360065460205078e-01
2.246214747428894043e-01
2.911403402686119080e-02
9.385064244270324707e-02
4.230625554919242859e-02
2.061563134193420410e-01
3.922016918659210205e-01
1.483710855245590210e-01
9.649154543876647949e-02
4.631585180759429932e-01
3.487853333353996277e-02
6.295388936996459961e-01
3.939523100852966309e-01
2.115986794233322144e-01
2.721235156059265137e-01
3.929386138916015625e-01
2.964129149913787842e-01
4.198484718799591064e-01
4.882068186998367310e-02
6.165028810501098633e-01
3.015051186084747314e-01
1.147432485595345497e-03
3.954153060913085938e-01
3.631059527397155762e-01
5.191227197647094727e-01
3.970191180706024170e-01
2.091338336467742920e-01
1.929204910993576050e-01
9.947299957275390625e-02
4.010758996009826660e-01
6.695938762277364731e-03
2.087329477071762085e-01
5.906609296798706055e-01
1.067318469285964966e-01
3.997340202331542969e-01
5.823195576667785645e-01
2.863659858703613281e-01
6.068060547113418579e-02
7.804257329553365707e-03
2.528594434261322021e-01
2.021079957485198975e-01
2.480317950248718262e-01
6.856465339660644531e-02
1.260036528110504150e-01
3.784303665161132812e-01
3.993529081344604492e-01
4.410831332206726074e-01
2.346712723374366760e-02
5.980871319770812988e-01
4.021841287612915039e-01
2.735134959220886230e-01
4.082328081130981445e-01
3.360681831836700439e-01
4.999735653400421143e-01
5.450261831283569336e-01
4.347161576151847839e-02
1.548357456922531128e-01
3.612682223320007324e-01
5.426983237266540527e-01
5.878128409385681152e-01
1.966427117586135864e-01
6.068511009216308594e-01
5.738757848739624023e-01
3.474595248699188232e-01
3.958102166652679443e-01
5.671874880790710449e-01
2.228395491838455200e-01
2.371250540018081665e-01
5.626176018267869949e-03
5.571169406175613403e-02
2.775617539882659912e-01
7.507276535034179688e-01
4.994094967842102051e-01
1.768912971019744873e-01
8.010283708572387695e-01
2.525538504123687744e-01
1.060800775885581970e-01
3.642552196979522705e-01
2.353478521108627319e-01
1.740546971559524536e-01
2.430991269648075104e-02
2.031609416007995605e-01
4.382598698139190674e-01
1.664122343063354492e-01
7.857785224914550781e-01
3.906390368938446045e-01
4.734821617603302002e-01
3.534615635871887207e-01
8.360310643911361694e-02
4.030402600765228271e-01
1.986761540174484253e-01
6.445395946502685547e-01
2.994879186153411865e-01
4.002365469932556152e-01
1.879285424947738647e-01
1.923781819641590118e-02
7.871524095535278320e-01
5.465651154518127441e-01
6.295375823974609375e-01
4.824648499488830566e-01
2.108535170555114746e-02
2.224900573492050171e-01
2.441308349370956421e-01
6.481840610504150391e-01
1.048993915319442749e-01
1.279058605432510376e-01
6.899774819612503052e-02
3.796806558966636658e-03
1.690758168697357178e-01
2.391867488622665405e-01
2.152738571166992188e-01
3.999906182289123535e-01
4.052936136722564697e-01
9.318491220474243164e-01
4.197289943695068359e-01
5.844235420227050781e-01
6.087617874145507812e-01
2.165812104940414429e-01
1.459949463605880737e-01
5.220095440745353699e-02
3.652678057551383972e-02
6.039306148886680603e-02
1.171921491622924805e-01
2.922597527503967285e-01
4.771443307399749756e-01
1.527346968650817871e-01
9.465901851654052734e-01
5.442830324172973633e-01
5.427824854850769043e-01
4.003261029720306396e-01
2.501541189849376678e-02
3.316659331321716309e-01
1.938041858375072479e-02
6.431728601455688477e-02
2.684619426727294922e-01
1.137167513370513916e-01
2.082857787609100342e-01
3.080087602138519287e-01
4.304705560207366943e-01
5.904339551925659180e-01
4.982002079486846924e-01
9.767600148916244507e-02
5.937333703041076660e-01
2.354267984628677368e-01
5.051039531826972961e-02
3.122762441635131836e-01
1.001919247210025787e-02
1.365875601768493652e-01
3.206948041915893555e-01
3.666875362396240234e-01
5.932191610336303711e-01
3.815049827098846436e-01
7.935657501220703125e-01
4.750576019287109375e-01
5.277448296546936035e-01
3.094151318073272705e-01
3.802056908607482910e-01
1.979006528854370117e-01
2.627637088298797607e-01
9.162727743387222290e-03
3.839648514986038208e-02
3.435848951339721680e-01
4.054970443248748779e-01
5.887033939361572266e-01
4.535502195358276367e-01
4.063771367073059082e-01
6.787118911743164062e-01
4.113079607486724854e-01
2.580605745315551758e-01
1.540741045027971268e-02
4.993324354290962219e-02
4.620300233364105225e-01
2.010996639728546143e-01
2.389060258865356445e-01
5.419900268316268921e-02
5.580434203147888184e-01
1.035994365811347961e-01
2.567909425124526024e-03
9.450010657310485840e-01
2.919028401374816895e-01
6.063472628593444824e-01
4.593374207615852356e-02
3.690741723403334618e-03
2.762300372123718262e-01
3.307286202907562256e-01
7.222764194011688232e-02
6.231861710548400879e-01
1.228023245930671692e-01
5.249634385108947754e-01
1.656617373228073120e-01
1.108215283602476120e-02
9.852633476257324219e-01
2.213041335344314575e-01
2.679338753223419189e-01
3.965476453304290771e-01
7.989229559898376465e-01
2.433223873376846313e-01
1.223877817392349243e-01
7.584504038095474243e-02
3.419067859649658203e-01
2.337827384471893311e-01
6.028501987457275391e-01
3.399733901023864746e-01
3.681728839874267578e-01
3.096168339252471924e-01
3.878524899482727051e-01
2.983764708042144775e-01
1.260124295949935913e-01
5.763973593711853027e-01
1.805174946784973145e-01
4.211502522230148315e-02
4.090616106986999512e-02
6.670049577951431274e-02
1.601818650960922241e-01
2.040783911943435669e-01
2.015776038169860840e-01
5.537428855895996094e-01
9.381759166717529297e-01
6.065761446952819824e-01
7.519592642784118652e-01
5.026955604553222656e-01
4.143862724304199219e-01
1.331849992275238037e-01
1.708267778158187866e-01
2.499352907761931419e-03
8.526509255170822144e-02
3.143554087728261948e-03
7.995790243148803711e-01
2.317139953374862671e-01
4.289049208164215088e-01
7.087548971176147461e-01
1.648062020540237427e-01
3.260150551795959473e-01
3.709051609039306641e-01
3.971788287162780762e-01
2.619986534118652344e-01
3.695769011974334717e-01
3.942902088165283203e-01
1.955794990062713623e-01
4.917859286069869995e-02
2.226428538560867310e-01
2.830781042575836182e-01
3.287245631217956543e-01
9.811828732490539551e-01
2.146471440792083740e-01
4.218362569808959961e-01
6.162034273147583008e-01
2.006856650114059448e-01
1.829973012208938599e-01
4.476892352104187012e-01
2.104768455028533936e-01
4.544205367565155029e-01
2.322786152362823486e-01
2.194851189851760864e-01
5.949093103408813477e-01
3.913179934024810791e-01
7.832733988761901855e-01
2.780421972274780273e-01
2.152629792690277100e-01
3.757850825786590576e-01
2.837217450141906738e-01
7.771170139312744141e-01
1.998867094516754150e-01
5.495065823197364807e-02
1.612540930509567261e-01
1.574852131307125092e-02
6.017102599143981934e-01
5.748621821403503418e-01
6.285980343818664551e-02
7.367129921913146973e-01
5.349151492118835449e-01
2.015248686075210571e-01
1.859228909015655518e-01
2.068629264831542969e-01
6.171993017196655273e-01
1.911906898021697998e-01
1.755093485116958618e-01
1.197029277682304382e-01
1.074775978922843933e-01
2.207075804471969604e-01
4.948440939188003540e-02
3.998886644840240479e-01
4.119122028350830078e-01
7.123503088951110840e-02
4.244924783706665039e-01
2.250566333532333374e-01
2.558147609233856201e-01
5.424247980117797852e-01
1.888517290353775024e-01
1.876504160463809967e-02
2.535806596279144287e-02
3.203970938920974731e-02
2.792448401451110840e-01
9.202876128256320953e-03
3.790077567100524902e-01
4.033465683460235596e-01
2.465830147266387939e-01
4.328658282756805420e-01
2.567592859268188477e-01
2.217121869325637817e-01
3.961465954780578613e-01
5.931971669197082520e-01
2.041788846254348755e-01
5.880864858627319336e-01
1.062871795147657394e-02
6.353939175605773926e-01
4.155244529247283936e-01
5.600211024284362793e-01
7.908257246017456055e-01
4.079949259757995605e-01
2.123336195945739746e-01
4.133687913417816162e-01
2.333162128925323486e-01
2.257114201784133911e-01
2.683876752853393555e-01
1.464512050151824951e-01
3.129741549491882324e-01
3.929442763328552246e-01
2.059560269117355347e-01
3.985171318054199219e-01
1.869791448116302490e-01
5.953183770179748535e-01
2.922222614288330078e-01
6.320034265518188477e-01
5.924412515014410019e-03
3.943365812301635742e-01
4.218859076499938965e-01
5.268555879592895508e-01
6.133024394512176514e-02
1.639822870492935181e-01
2.686648368835449219e-01
2.346959412097930908e-01
2.360928803682327271e-01
8.412283658981323242e-02
4.071257412433624268e-01
3.245706260204315186e-01
4.925290644168853760e-01
2.610765695571899414e-01
6.584458947181701660e-01
3.053841292858123779e-01
2.172789573669433594e-01
4.810709953308105469e-01
9.569785743951797485e-02
1.580586433410644531e-01
6.998113393783569336e-01
1.615377962589263916e-01
7.006689161062240601e-02
7.099609971046447754e-01
5.508405566215515137e-01
5.565344095230102539e-01
1.738865971565246582e-01
4.018840193748474121e-01
7.204437255859375000e-01
8.289120793342590332e-01
1.943427026271820068e-01
5.990251302719116211e-01
4.061485230922698975e-01
5.987259745597839355e-01
4.780942946672439575e-02
1.376272737979888916e-01
6.089329719543457031e-01
1.976362615823745728e-01
3.091843426227569580e-01
2.605986595153808594e-01
1.970601528882980347e-01
3.648499026894569397e-02
2.635398507118225098e-01
4.138248860836029053e-01
6.602819561958312988e-01
3.887874484062194824e-01
4.334299564361572266e-01
1.963258385658264160e-01
3.885975778102874756e-01
9.774101376533508301e-01
6.000944375991821289e-01
1.995317041873931885e-01
5.256744027137756348e-01
3.930292725563049316e-01
6.045195460319519043e-01
2.481266409158706665e-01
1.984682083129882812e-01
3.741496801376342773e-02
1.171343401074409485e-01
2.800350189208984375e-01
3.813772797584533691e-01
2.547047436237335205e-01
5.040997266769409180e-01
7.890745997428894043e-01
2.892134487628936768e-01
5.204941034317016602e-01
3.970152437686920166e-01
3.354929983615875244e-01
5.260826349258422852e-01
6.090553402900695801e-01
3.306362405419349670e-02
2.481421232223510742e-01
2.105112969875335693e-01
3.402301669120788574e-01
6.727576255798339844e-02
9.671770334243774414e-01
4.348275661468505859e-01
5.104815363883972168e-01
6.314340233802795410e-02
1.935467720031738281e-01
2.227783352136611938e-01
5.027301907539367676e-01
2.826104164123535156e-01
4.001101255416870117e-01
2.982376515865325928e-01
5.057699680328369141e-01
5.734546184539794922e-01
2.668507099151611328e-01
2.015645354986190796e-01
6.050141453742980957e-01
5.530592799186706543e-01
5.197251439094543457e-01
9.851416945457458496e-01
2.343860417604446411e-01
4.191094636917114258e-01
9.732545912265777588e-02
6.372144911438226700e-03
2.489631623029708862e-02
2.465629279613494873e-01
1.512681692838668823e-01
3.113198876380920410e-01
6.005987524986267090e-01
2.527649700641632080e-01
6.085163354873657227e-01
1.650799959897994995e-01
3.988079726696014404e-01
2.352228760719299316e-01
6.864960193634033203e-01
3.926643729209899902e-01
3.979994654655456543e-01
2.325931191444396973e-02
