2.010350078344345093e-01
5.265458822250366211e-01
2.040825486183166504e-01
2.981992661952972412e-01
4.421187192201614380e-02
3.549778461456298828e-01
2.974159419536590576e-01
7.767698168754577637e-01
1.731355637311935425e-01
1.602903604507446289e-01
3.466866612434387207e-01
2.862084098160266876e-02
3.105154633522033691e-01
5.040513277053833008e-01
2.776236236095428467e-01
3.133193240500986576e-04
3.795200493186712265e-03
5.431131124496459961e-01
1.166161894798278809e-01
1.282566040754318237e-01
9.603437781333923340e-02
6.037332415580749512e-01
6.279966235160827637e-02
1.291724592447280884e-01
1.197977513074874878e-01
5.949337482452392578e-01
1.394740939140319824e-01
2.486941665410995483e-01
3.909074664115905762e-01
8.451105356216430664e-01
5.575777962803840637e-03
6.001893281936645508e-01
1.551867276430130005e-01
9.260717779397964478e-02
2.074947953224182129e-01
4.004504680633544922e-01
2.014652825891971588e-02
1.178763806819915771e-02
3.111201524734497070e-01
5.887573361396789551e-01
3.665776848793029785e-01
4.881469607353210449e-01
4.016336798667907715e-01
7.328148484230041504e-01
4.826761484146118164e-01
4.674097001552581787e-01
1.867129504680633545e-01
2.700462639331817627e-01
5.299208164215087891e-01
2.826854586601257324e-01
2.096603810787200928e-01
2.402391433715820312e-01
4.144491553306579590e-01
4.653055667877197266e-01
4.217346012592315674e-01
1.717293113470077515e-01
2.087086886167526245e-01
2.156113684177398682e-01
1.969843208789825439e-01
3.365488722920417786e-03
2.146238237619400024e-01
2.610559165477752686e-01
4.871087074279785156e-01
1.885074925667140633e-05
7.224237173795700073e-02
1.689282357692718506e-01
1.948034167289733887e-01
4.969125147908926010e-03
1.930008828639984131e-02
9.384538978338241577e-02
1.989431530237197876e-01
7.305955886840820312e-01
5.321230888366699219e-01
1.753083169460296631e-01
6.014547348022460938e-01
2.958051860332489014e-01
3.872143030166625977e-01
3.786785304546356201e-01
2.682495489716529846e-02
2.455070912837982178e-01
2.956238090991973877e-01
4.371821284294128418e-01
1.722825169563293457e-01
6.018809080123901367e-01
5.529332160949707031e-01
6.954907178878784180e-01
3.957182168960571289e-01
4.093330204486846924e-01
4.279040694236755371e-01
9.928803145885467529e-02
3.135188817977905273e-01
5.810005068778991699e-01
6.505439430475234985e-02
9.901910275220870972e-02
3.197364807128906250e-01
5.942115783691406250e-01
2.050760537385940552e-01
3.002999126911163330e-01
2.514928877353668213e-01
3.909561336040496826e-01
3.594788312911987305e-01
2.066506817936897278e-02
5.812922716140747070e-01
1.039876043796539307e-01
2.433088868856430054e-01
5.102429986000061035e-01
3.248404711484909058e-02
2.698900997638702393e-01
1.185775846242904663e-01
3.941918313503265381e-01
1.034948695451021194e-02
3.440435230731964111e-01
4.046376347541809082e-01
7.095696330070495605e-01
1.842121928930282593e-01
4.969766736030578613e-02
6.097136139869689941e-01
3.265208899974822998e-01
5.676518678665161133e-01
4.305697381496429443e-01
1.713117957115173340e-01
5.470905452966690063e-02
5.537472963333129883e-01
3.968898206949234009e-03
3.878165036439895630e-02
1.384683251380920410e-01
2.103977501392364502e-01
4.024997651576995850e-01
8.824938908219337463e-03
3.260852992534637451e-01
3.021362125873565674e-01
2.056116461753845215e-01
4.482055902481079102e-01
2.615976333618164062e-02
3.989609777927398682e-01
4.998585209250450134e-02
2.182390838861465454e-01
3.971593976020812988e-01
2.777820825576782227e-01
2.647164463996887207e-01
3.047972619533538818e-01
5.709069967269897461e-01
6.069755554199218750e-01
1.209196597337722778e-01
4.618729352951049805e-01
1.580772101879119873e-01
4.047529697418212891e-01
3.917482495307922363e-01
2.066699117422103882e-01
1.614149957895278931e-01
3.930257558822631836e-01
5.942994356155395508e-01
2.773938328027725220e-02
2.364665269851684570e-01
3.594506084918975830e-01
5.741070508956909180e-01
3.395249247550964355e-01
1.947772949934005737e-01
6.055218577384948730e-01
4.383985698223114014e-02
4.120962023735046387e-01
4.414133727550506592e-01
5.110602974891662598e-01
2.859088405966758728e-02
1.226195842027664185e-01
1.549751311540603638e-01
7.896262221038341522e-03
4.817149043083190918e-01
3.348457813262939453e-01
2.500148415565490723e-01
3.212524354457855225e-01
1.334748715162277222e-01
8.069224357604980469e-01
2.082809209823608398e-01
4.835445582866668701e-01
2.281353175640106201e-01
4.579245746135711670e-01
2.011259198188781738e-01
2.539388239383697510e-01
3.741850852966308594e-01
1.490877568721771240e-02
1.606790274381637573e-01
3.870490789413452148e-01
3.865072429180145264e-01
3.668198883533477783e-01
2.578040352091193199e-03
6.030238866806030273e-01
1.175076961517333984e-01
4.964988529682159424e-01
3.950788080692291260e-01
2.014665007591247559e-01
1.815160363912582397e-01
2.337913364171981812e-01
2.435595840215682983e-01
3.868536353111267090e-01
8.826170861721038818e-02
2.870389521121978760e-01
4.602305889129638672e-01
4.930965602397918701e-01
3.314099907875061035e-01
5.957931876182556152e-01
1.161894053220748901e-01
2.364732325077056885e-01
5.749657750129699707e-01
5.909826755523681641e-01
3.687769547104835510e-02
7.099518179893493652e-02
5.400546789169311523e-01
9.178375005722045898e-01
2.167893201112747192e-01
3.945106565952301025e-01
7.004558444023132324e-01
1.901279836893081665e-01
4.882389307022094727e-02
4.490715563297271729e-01
4.101138710975646973e-01
4.113452732563018799e-01
4.540538787841796875e-01
2.064428776502609253e-01
1.418175548315048218e-02
1.107249036431312561e-01
8.383554220199584961e-01
5.985929369926452637e-01
6.021758317947387695e-01
2.559986412525177002e-01
