1.125861941390939591e-01
1.123119025985136882e-01
1.727254793875556693e-01
2.737682140751264703e-01
9.212842794982542549e-02
5.048359421381906631e-02
1.670831951101717783e-01
7.665946621386660054e-02
1.154016917302518458e-01
1.778005353655861820e-01
7.348771568103365515e-02
1.269378812665776235e-01
1.206198188684776684e-01
2.117106338288744782e-01
1.232574759701641071e-01
2.513160163093743349e-01
2.525851248532743343e-01
1.026055798380019479e-01
1.223997443400895863e-01
1.884895502870413964e-01
1.122347633792685484e-01
1.271940579291875040e-01
1.363057790529543234e-01
1.344533717492309433e-01
1.828947606543948889e-01
2.443962105701676935e-01
1.782009267457555779e-01
1.703586326638980575e-01
2.742173356844152532e-01
1.196148059289730836e-01
1.563299957538209772e-01
1.456625273523378394e-01
2.198086120649252462e-01
1.150479032061873935e-01
2.380050833951457279e-01
1.195985779428006684e-01
1.803754388725275493e-01
6.655320788683014889e-03
2.078157692855916311e-02
9.872517507980003992e-02
6.424564209663241598e-02
3.031228050942525593e-02
3.121746035318090362e-02
1.603931227572712170e-01
6.430105125373240804e-02
4.916842522090444922e-02
2.539571313752925566e-02
9.019637136799037169e-02
1.070256558877255848e-01
6.225006618978367462e-02
4.516346657671502923e-02
9.027299346477678926e-03
3.183259854424149403e-03
7.062615279098211074e-02
7.421809142879157856e-03
1.067029995676742893e-01
2.438234713600242673e-02
1.278981681153098376e-02
1.581741971458396345e-01
1.028487486509693100e-02
5.627749477031656483e-02
3.305236512439954644e-01
1.048827750750066234e-01
1.135415303929311615e-01
1.485928180289371736e-01
3.219568119181086541e-01
2.865093366608219005e-01
7.622333596562104463e-02
3.383049275569839642e-02
1.500837240863607813e-01
8.982195644952858937e-02
2.324403262704719808e-01
1.830389101553781539e-01
1.106623182291590901e-01
2.281660784344344828e-01
2.687228145964322412e-02
4.264775225106286205e-02
1.662293910880040249e-01
2.503901375897168644e-02
9.491319945617159026e-02
7.132890110432736630e-02
1.702378885402135167e-02
8.415310772565695596e-02
3.750558562325851525e-02
8.329234327254216030e-02
8.929731413617504610e-02
2.093714845600494132e-02
2.730221524944471956e-02
6.499967044585179543e-02
1.505344244514356666e-01
1.316904333582906428e-01
1.239966313794440694e-01
8.131020546156483841e-02
5.432198667740341380e-02
1.538124935572201257e-01
9.110265881492293771e-02
2.015548175151980204e-01
1.256564281632174263e-01
1.302435502715602600e-01
2.364041112765482011e-01
1.166717770048239927e-01
