1.007284325393875690e-10
8.216370940208435059e-01
2.618815517053008080e-03
5.210227333009243011e-03
1.141113443736685440e-06
7.781787514686584473e-01
3.788913786411285400e-02
2.620659070089459419e-04
6.799032448157049657e-09
8.255113363265991211e-01
8.369088172912597656e-02
1.047244947403669357e-02
4.884073277935385704e-04
3.716572609846480191e-05
6.962386965751647949e-01
1.820492791011929512e-03
2.974573817482450977e-06
1.737946648099346521e-15
6.321224570274353027e-01
1.697282074019312859e-03
3.143174353681388311e-06
1.076093312235570920e-07
6.806135177612304688e-01
2.761696651577949524e-02
4.943638850818388164e-05
1.811319627620378014e-08
1.166060137336444313e-08
1.246623027029158948e-09
8.410536646842956543e-01
1.761671910571749322e-07
2.414886693391515848e-11
6.092545390129089355e-01
4.397754371166229248e-02
9.995187429012730718e-05
5.250276879920079409e-10
6.110547780990600586e-01
6.546628475189208984e-02
1.224295143038034439e-02
2.309390110895037651e-03
5.068469397033177962e-16
4.024974131766612118e-09
8.901445269584655762e-01
8.023826405405998230e-03
4.512567750025731073e-11
9.328829050064086914e-01
1.416305601596832275e-01
7.117501460015773773e-03
5.634926196762535255e-07
8.664173483848571777e-01
3.552423045039176941e-02
5.967434030026197433e-03
1.727343806123826653e-05
3.237065584471565671e-06
1.815261570887408832e-14
2.841001749038696289e-01
5.353416781872510910e-04
2.637294755913899280e-07
4.180140495300292969e-01
2.591826778370887041e-04
7.598963236432609847e-09
1.477565357392573997e-12
4.913045167922973633e-01
4.814137518405914307e-02
3.268946427851915359e-03
7.359006558544933796e-04
1.351820264972047880e-05
3.017373397784495724e-15
2.809084653854370117e-01
2.516633539926260710e-04
2.022572971327463165e-06
2.157634490453259890e-14
7.214097422547638416e-05
1.495755164171441720e-08
3.492961128670479809e-12
3.151940836687572300e-05
4.489276761887595057e-05
2.707197355178436737e-09
2.850239792448472365e-12
2.960387632811034564e-07
7.658740308613687375e-09
3.382053077220916748e-01
3.871896842611022294e-05
2.444443980564869889e-09
4.206373476530606004e-13
8.748638629913330078e-01
6.980314992688363418e-08
5.199646616049768966e-11
9.271990060806274414e-01
1.988753117620944977e-02
1.373508595861494541e-03
2.298374420206528157e-05
1.968475044122897089e-05
3.186195840498839971e-07
2.307357639074325562e-01
8.355957106687128544e-05
1.097233193192437284e-09
3.147169590905773973e-12
8.174351453781127930e-01
8.544925600290298462e-02
5.658868013937168318e-13
9.071882963180541992e-01
3.238691017031669617e-02
3.538323217071592808e-04
1.687962139840237796e-06
1.864512910287885461e-06
2.923789821362987595e-10
5.643658638000488281e-01
1.158787054009735584e-04
2.055420900148874352e-08
1.877834989727489301e-07
6.514970064163208008e-01
2.171468950109556317e-04
1.815972816565647463e-09
5.651038289070129395e-01
5.970730632543563843e-02
1.931410515680909157e-03
1.302144373767077923e-03
1.448639750378788449e-07
4.203526732202573493e-18
6.300316452980041504e-01
3.533771634101867676e-02
1.870423438958823681e-04
4.142874411583452599e-12
2.296739965677261353e-01
2.468976425006985664e-03
3.680575446196598932e-06
6.687969733576437648e-09
3.935632854700088501e-02
5.851435475051403046e-03
2.291635064466390759e-05
1.761877229000674561e-06
1.115080361530965927e-16
4.977412223815917969e-01
2.846745587885379791e-02
2.607843372970819473e-03
2.796563203233404238e-09
1.842116266489028931e-01
2.540294546633958817e-03
4.394784411942964653e-07
6.303919608541264097e-10
8.335489630699157715e-01
4.338402068242430687e-04
3.871218439144286094e-07
1.848324063757900149e-05
1.172718769834803925e-17
8.330653905868530273e-01
8.117340039461851120e-04
2.835788531228899956e-03
6.978977091158077972e-16
8.110957145690917969e-01
5.219981539994478226e-03
9.269386529922485352e-03
9.300372971754455875e-11
8.881011605262756348e-01
8.341836929321289062e-02
2.607177806979166235e-10
1.192604395328089595e-05
1.481681869753594116e-14
7.690963745117187500e-01
1.913058571517467499e-02
6.355490768328309059e-05
9.704813619393348745e-10
7.111366987228393555e-01
2.961833029985427856e-03
1.094941326300613582e-04
1.307826595501118683e-13
9.054949283599853516e-01
3.116762265563011169e-02
2.349076339669409208e-06
5.184618234634399414e-01
6.343631148338317871e-01
1.035913005471229553e-01
3.729478339664638042e-05
7.905282263759132177e-15
4.148741364479064941e-01
1.884248340502381325e-03
3.292664132459321991e-06
1.847143096256331773e-07
6.758615970611572266e-01
1.542649418115615845e-02
5.228576810623053461e-06
2.487839968756677678e-11
7.480856776237487793e-01
4.436882906841501017e-22
6.259902147576212883e-05
9.705220094247124507e-08
1.395799765065734560e-18
7.263609091978651122e-08
1.244533986977103268e-08
2.828844269942010214e-09
4.230552170380752875e-19
9.310129200912342640e-08
1.154567286221208633e-07
4.426730724062070965e-14
2.043062659367583648e-16
3.196103498339653015e-03
9.213885210357375399e-10
8.532977700233459473e-01
4.623316840479674283e-07
2.464118153966410318e-07
7.115132212638854980e-01
3.666669502854347229e-02
1.618520764168351889e-05
6.575135547137733738e-09
4.967845976352691650e-01
6.907159835100173950e-02
2.099327556788921356e-02
1.111470279283821583e-03
1.398926717229187489e-03
3.014282226598830050e-11
9.543991088867187500e-01
1.403673086315393448e-03
1.171646957232042041e-08
9.597616195678710938e-01
9.315034747123718262e-02
9.955518180504441261e-04
5.099675490782829002e-06
9.122484326362609863e-01
8.698289096355438232e-02
8.906046859920024872e-03
7.664158329134806991e-05
7.896878123283386230e-01
6.171818698469389020e-13
2.981808781623840332e-01
1.610341714695096016e-04
4.462377546587958932e-06
4.850056814498238111e-11
4.821795664611272514e-05
1.096910651199323183e-07
2.068561016921321993e-10
3.799890180289366981e-08
5.507869786924857181e-07
2.694195214147931949e-11
4.192219318812761414e-15
7.800737768411636353e-02
5.500568889260648575e-09
4.570257067680358887e-01
4.496899418882094324e-05
1.856740891525987536e-05
6.058642032513716913e-09
7.421755790710449219e-01
3.216831601093872450e-08
6.296148324924644157e-11
9.287299513816833496e-01
1.038573868572711945e-02
6.401425343938171864e-04
2.300555352121591568e-04
4.454724118113517761e-02
7.970834872139676008e-07
5.251861214637756348e-01
5.014566704630851746e-04
1.726041318761417642e-06
4.600454133196762996e-07
9.488611817359924316e-01
6.277360022068023682e-02
5.297743355114903352e-10
8.576911687850952148e-01
5.578485876321792603e-02
1.381439901888370514e-02
1.140636668424122036e-04
1.730811744928359985e-01
1.622186466846363938e-15
2.275681644678115845e-01
9.632937872083857656e-05
1.309221602241450455e-06
1.769296653630902938e-10
7.507458925247192383e-01
9.081608732230961323e-05
1.878841943137032899e-10
6.221817135810852051e-01
7.493636757135391235e-02
5.427267402410507202e-03
2.042814594460651278e-04
3.542156815528869629e-01
7.777653986244814372e-16
4.889121055603027344e-01
5.194173753261566162e-02
2.105211933667305857e-06
1.574837482642976738e-10
4.397585391998291016e-01
1.799502992071211338e-03
5.833231625729240477e-06
4.951825260945952323e-08
2.044718340039253235e-02
8.037359220907092094e-04
7.580171086374321021e-07
2.779260575771331787e-01
1.832722688888122065e-11
5.952983498573303223e-01
4.323596367612481117e-04
7.544339168816804886e-04
8.250090104411356151e-07
6.083061695098876953e-01
2.693461719900369644e-03
8.767862709646578878e-06
2.008645916262707942e-09
9.311452507972717285e-01
4.085678956471383572e-04
2.518027258702204563e-06
6.416589021682739258e-01
2.785096442950730356e-18
7.315292358398437500e-01
2.561523020267486572e-01
2.183781907660886645e-05
2.444597225115165834e-15
8.434432148933410645e-01
2.505341544747352600e-03
7.981657981872558594e-03
6.321843604162324937e-10
9.456802010536193848e-01
9.105440229177474976e-02
3.533439374425739743e-10
8.201996088027954102e-01
1.058367060133485930e-19
7.439385652542114258e-01
1.823212578892707825e-02
2.095329364237841219e-05
1.964981779720154087e-12
7.046048641204833984e-01
6.902184337377548218e-03
8.025187526072841138e-06
2.468632069596576883e-12
9.555382728576660156e-01
1.250656694173812866e-02
1.413921942003071308e-03
1.276936084032058716e-01
4.846966266632080078e-01
4.500148352235555649e-04
8.442967555311042815e-06
6.141308989127125528e-11
6.358895461744396016e-06
3.723226654983591288e-06
9.991302923895162280e-11
1.016210308413809712e-16
8.849459831594685966e-09
3.002915249794568808e-09
8.717388469177891485e-17
5.711165520449044959e-23
1.614550203084945679e-01
1.494453317718580365e-04
7.033516168594360352e-01
6.281748010650289871e-09
1.188215700825964380e-14
6.404491066932678223e-01
2.979412907734513283e-03
1.117492409719034185e-08
1.559160613118226735e-11
3.625862896442413330e-01
8.017517626285552979e-02
1.329737153721310960e-10
3.998711362029894190e-10
8.860740810632705688e-02
1.385100930929183960e-01
8.881610035896301270e-01
3.935926652047783136e-04
5.801631952628838462e-10
8.906554579734802246e-01
1.033444539643824100e-03
3.023531576218374539e-07
1.200715260551987740e-08
8.265508413314819336e-01
1.118146181106567383e-01
2.471342124044895172e-02
6.059488441678695381e-05
2.915023942478001118e-04
3.958880305290222168e-01
9.003934264183044434e-01
2.608256647363305092e-03
3.922338510164991021e-05
9.433272480964660645e-01
3.655850142240524292e-02
6.875544838330638342e-12
1.481328839973705680e-12
8.905862569808959961e-01
9.524932503700256348e-02
1.704935812085750513e-06
2.441105425532441586e-05
1.820127665996551514e-02
8.589537143707275391e-01
8.531177043914794922e-01
2.938853390514850616e-02
8.824951364658772945e-04
1.298142371375377024e-09
5.626213237519550603e-07
2.065335458212302910e-09
2.784872213477257441e-14
1.656815402384381741e-05
7.544881697185701341e-08
4.313205587471184623e-16
1.401912451948669736e-16
1.436142474412918091e-01
7.051376700401306152e-01
1.894002556800842285e-01
1.564520038664340973e-02
1.123644597100792453e-05
3.062739784009949062e-10
8.039183616638183594e-01
1.943364306283834608e-12
1.068472008325339548e-14
8.805102705955505371e-01
4.301628470420837402e-02
1.433570105291437358e-05
4.265634245825822290e-08
4.417490959167480469e-01
6.083351969718933105e-01
3.449369966983795166e-01
6.224968004971742630e-03
1.798066841729450971e-05
3.770782575074349552e-10
7.028040885925292969e-01
4.787350539118051529e-03
3.926336862515762693e-14
7.118610739707946777e-01
9.150366485118865967e-02
2.671515196561813354e-02
2.502107963664457202e-05
4.498634021729230881e-03
8.344560861587524414e-01
5.233908295631408691e-01
5.640520248562097549e-04
2.633821277413517237e-04
5.108951928178839808e-09
7.907418608665466309e-01
1.287526101805269718e-04
3.426715161625182304e-11
8.004252910614013672e-01
7.103203237056732178e-02
6.238621164805779884e-12
6.054312962078256533e-08
1.808925271034240723e-01
4.779258966445922852e-01
7.755154371261596680e-01
2.085334854200482368e-03
9.129948921327013522e-06
2.556662881403326537e-09
1.404108852148056030e-01
5.094861844554543495e-04
2.621543648828605910e-09
2.574852553394180177e-10
3.219321661163121462e-05
1.692416762288928567e-09
1.027703922938834336e-13
1.206565126776695251e-01
7.131600975990295410e-01
6.617261767387390137e-01
9.289186447858810425e-03
5.736188086302718148e-06
2.215245320513758998e-09
2.830890715122222900e-01
9.012216469272971153e-04
1.621109504412743263e-07
6.584373237611407248e-12
9.127428531646728516e-01
1.618733480590606177e-10
5.112161643441512360e-14
5.438049435615539551e-01
6.725260019302368164e-01
7.712413072586059570e-01
9.367584437131881714e-02
1.338145557383541018e-05
8.223470793211618002e-09
4.641045033931732178e-01
3.670046338811516762e-03
2.681801225534741207e-09
4.369786216901205833e-12
9.613441228866577148e-01
2.809777483344078064e-02
2.031399527757660195e-11
1.589548401534557343e-02
8.042140007019042969e-01
9.078758955001831055e-01
1.506272107362747192e-01
1.344059273833408952e-04
4.358113159241838730e-08
7.701883316040039062e-01
6.508618127554655075e-03
3.956829885964907589e-08
1.560920771977170052e-12
9.664121270179748535e-01
4.581606015563011169e-03
3.452295957787065994e-12
7.589701414108276367e-01
1.322491616010665894e-01
5.230760434642434120e-04
9.787018306894879061e-09
8.482100113428592270e-13
1.948171477345705504e-17
1.344073363010781473e-15
7.350768439069960223e-16
7.652799569734283354e-21
7.982033124725587127e-20
9.950199263536712701e-17
2.463539350226117424e-21
1.349525058160346947e-25
9.375000596046447754e-01
7.425701022148132324e-01
1.081944853067398071e-01
9.390591731062158942e-05
2.149930677930456113e-09
3.143768578794947643e-09
1.103576785510540503e-09
3.731850765908983902e-12
2.810636636980040149e-17
5.040007647338917707e-11
2.769536509850123451e-11
1.074763876260151878e-17
6.214067172785440379e-19
1.136253820732235909e-03
9.377583861351013184e-01
7.542676925659179688e-01
6.917972932569682598e-04
1.074143918231129646e-03
7.582456873933551833e-06
5.775853878731140867e-06
1.623144285645139462e-08
1.439990027175472309e-13
3.440088391926110489e-08
1.467067023419588168e-10
1.697809515437668669e-16
3.084949208206049749e-18
9.956667423248291016e-01
8.940091133117675781e-01
6.641893982887268066e-01
4.055262077599763870e-03
5.915329529670998454e-05
3.930754610337316990e-05
7.310994533327175304e-06
7.158035275622864901e-10
1.038644430878532532e-11
3.665878978154069046e-08
6.128941798522191675e-11
1.128049891791307359e-16
1.854155457581787292e-19
8.881502151489257812e-01
8.579034805297851562e-01
8.931469321250915527e-01
2.762427029665559530e-04
8.133535739034414291e-04
2.616422079881886020e-06
2.439065422343237449e-14
6.290103854444950571e-11
1.997638030470580417e-13
2.039327111721294175e-17
1.664621077115795573e-17
1.039323521438664420e-16
5.089125504171663652e-24
9.840954542160034180e-01
8.597999215126037598e-01
8.669092059135437012e-01
8.130531758069992065e-03
2.558061896706931293e-05
9.081675784727849532e-07
1.948871508616889514e-09
1.116733656658652762e-07
2.091959409723071449e-15
1.847808306365550379e-08
1.262400540412390512e-15
6.725907469320134557e-17
7.581046124832964525e-17
1.924338750541210175e-03
9.186921715736389160e-01
6.179954409599304199e-01
4.093725583516061306e-04
9.248004062101244926e-05
9.106593097385484725e-06
7.693091902183368802e-06
1.320165938523132354e-05
1.039341807063109968e-10
5.460143484015134163e-07
7.530703172164976422e-09
1.712357994521030921e-15
1.122368802936583977e-18
9.590169787406921387e-01
8.684007525444030762e-01
5.843582749366760254e-01
1.801094156689941883e-03
2.366776243434287608e-05
6.360324277920881286e-06
7.643657227163203061e-06
1.958995744644198567e-05
1.236123869929883767e-09
1.236766951736223072e-14
3.913771251529141182e-10
2.773534112348464135e-17
1.414658177637539406e-20
9.927403330802917480e-01
9.124947786331176758e-01
8.219789266586303711e-01
2.588095609098672867e-03
5.835583579028025270e-05
1.206949964398518205e-04
1.693602627028667484e-07
3.963627079883735860e-07
1.283631689830144751e-08
6.777858656270563387e-12
1.435094304724771064e-06
9.381363170500654595e-16
4.896949034380902950e-19
8.258141875267028809e-01
9.106951355934143066e-01
6.364222168922424316e-01
7.755262311547994614e-03
3.322411794215440750e-05
8.409053407376632094e-06
8.156144758686423302e-06
1.156202197307720780e-04
3.778118928821072586e-10
8.525086886423949295e-12
3.183553417329676449e-05
5.188602153793908656e-05
2.665600631113677194e-22
1.966513460502028465e-03
9.502204656600952148e-01
4.039509892463684082e-01
7.233842625282704830e-04
2.332151780137792230e-05
2.723686748140607961e-06
8.665984751132782549e-06
1.785929634934291244e-04
4.771788653101793898e-08
5.583909636758255246e-12
1.876471651485189795e-05
7.541467766714049503e-06
1.098525025285124190e-12
1.674182130955159664e-03
1.943851799524054513e-07
6.153486309334822626e-16
8.035060763359069824e-01
1.021591784013424140e-14
5.529366135597229004e-01
9.632454812526702881e-02
1.331601291894912720e-03
1.523573160966407158e-07
9.672109484672546387e-01
1.543998252600431442e-02
4.068490117788314819e-03
1.216125383507460356e-05
6.500814557075500488e-01
5.922794342041015625e-02
8.058485946094151586e-06
6.262255907058715820e-01
4.075108306356156618e-10
7.099173069000244141e-01
2.530439989641308784e-03
2.262406512132386638e-10
1.104049918154714760e-08
5.073022842407226562e-01
6.597211956977844238e-02
5.995413943082894548e-08
7.532675681432010606e-06
8.610997200012207031e-01
6.288015246391296387e-01
6.288900971412658691e-02
2.956396043300628662e-01
7.470225114047934767e-07
1.557995119583210908e-07
5.881761449612069055e-20
9.339327678185502246e-15
1.986612373746043781e-20
1.152747042234594637e-22
8.106182594912139668e-20
8.257024407983954144e-19
4.702696007280481313e-19
6.628644466400146484e-01
3.458699584007263184e-02
1.874726294772699475e-04
9.289432168006896973e-01
1.469103949602867942e-07
1.040440303357037521e-12
7.382599115371704102e-01
2.351489142293772261e-11
8.258807346163475442e-16
8.034174442291259766e-01
4.166937619447708130e-02
1.642020978033542633e-02
4.008594260085374117e-06
3.670911118388175964e-02
4.651026392821222544e-04
4.288624316783895551e-11
9.303228855133056641e-01
3.906150403132357951e-11
9.368243953636665568e-18
9.063615202903747559e-01
3.734502568840980530e-02
1.215418432565229523e-09
6.479542851448059082e-01
6.048378348350524902e-02
8.981724968180060387e-04
8.473810739815235138e-04
1.882154196500778198e-01
3.673760220408439636e-03
5.319022555738683877e-09
6.788914203643798828e-01
7.504601107211072986e-11
2.388377932833307485e-18
5.222051739692687988e-01
2.834527380764484406e-02
3.372199741669135165e-11
2.908942699432373047e-01
8.901217579841613770e-02
6.586386589333415031e-04
3.505329601466655731e-03
1.244607716798782349e-01
1.220346675836481154e-04
3.945583009618003345e-12
3.234900236129760742e-01
6.486407244654657234e-11
2.041256229258665844e-14
5.903851389884948730e-01
1.988225383684039116e-03
6.443987010662510784e-10
1.505907486383517568e-12
1.911376416683197021e-02
6.050469819456338882e-04
1.971782876353245229e-05
4.865639209747314453e-01
7.403349876403808594e-02
2.357510853201461032e-09
5.727914571762084961e-01
1.311479458365738537e-08
9.899897470810187228e-15
7.374182939529418945e-01
2.374170534312725067e-02
1.572669283689265285e-08
8.239240539831271803e-11
8.346556425094604492e-01
1.560694471436363528e-07
5.688012549853738165e-08
5.229333043098449707e-01
3.118983842432498932e-02
2.888825179070408922e-07
6.154217123985290527e-01
2.229878504067528411e-09
2.644305753200836004e-18
1.660013943910598755e-01
3.459327854216098785e-03
1.505810920399142105e-09
1.033498508995478460e-09
7.385111451148986816e-01
5.488845705986022949e-02
2.956004191423389216e-11
5.629590749740600586e-01
1.023404020816087723e-02
5.683230774877756630e-09
7.101172804832458496e-01
2.329616277663149049e-09
1.151588143302116314e-16
7.475696802139282227e-01
2.044369932264089584e-03
2.053825998160618838e-09
4.167648269441453449e-17
8.123054504394531250e-01
5.434181541204452515e-02
5.018672630252574152e-11
7.062565088272094727e-01
2.164933979511260986e-01
6.324132555164396763e-04
2.455444931983947754e-01
2.293586840096395463e-05
7.577950358390808105e-01
4.441856965422630310e-02
5.106892785988748074e-04
4.851186167798005044e-05
7.471312880516052246e-01
1.046442538499832153e-01
2.627717331051826477e-02
1.368666416965425014e-03
9.692033529281616211e-01
8.273363709449768066e-01
9.481847286224365234e-03
3.802042305469512939e-01
1.849681953899562359e-03
1.644449854065754835e-11
9.670643521531019360e-06
5.512595935286412896e-10
1.890248513269909836e-10
2.142679932148894295e-06
2.261885092593729496e-04
1.726283226162195206e-03
1.265023229279904626e-06
8.741953372955322266e-01
3.585081696510314941e-01
2.229318488389253616e-03
5.126954913139343262e-01
4.722015000879764557e-03
5.347297820192716683e-15
8.517827987670898438e-01
1.615610563021618873e-05
1.403651506137748584e-08
7.155615687370300293e-01
5.690176412463188171e-02
2.363299019634723663e-03
2.376475549681345001e-06
6.701505780220031738e-01
4.625235125422477722e-02
8.167774581124831457e-07
8.435376286506652832e-01
1.528281485661864281e-03
9.978274699969048520e-16
7.974424958229064941e-01
9.926292300224304199e-02
4.372788155876383698e-12
7.830228209495544434e-01
3.915059566497802734e-02
1.517168013378977776e-03
8.614679245511069894e-05
5.261501669883728027e-01
9.901008009910583496e-02
1.061067523551173508e-04
6.337822079658508301e-01
2.345920511288568377e-04
3.651513295834137030e-14
7.829004526138305664e-01
1.228454988449811935e-03
1.297444578085560352e-05
6.089821457862854004e-01
1.012936532497406006e-01
3.341180831193923950e-02
5.036182701587677002e-04
7.733914852142333984e-01
1.576080918312072754e-01
3.353225793034653179e-06
7.473621368408203125e-01
3.803648869507014751e-04
1.865113966048603800e-12
9.377367496490478516e-01
7.613958418369293213e-02
1.567400177009403706e-04
1.085443955162190832e-06
3.916058689355850220e-02
3.888973500579595566e-03
4.566457209875807166e-05
2.503475546836853027e-01
1.867092847824096680e-01
1.389700400977744721e-06
8.047748208045959473e-01
3.545768558979034424e-02
2.872904136808074327e-10
9.659981727600097656e-01
1.089154630899429321e-01
2.383626764640212059e-03
2.069440796503840829e-07
9.018384218215942383e-01
1.791506190784275532e-03
2.881225009332410991e-05
7.364119291305541992e-01
4.686314165592193604e-01
1.777647063136100769e-03
9.063721895217895508e-01
2.261436171829700470e-02
2.425045624379618125e-12
9.425373673439025879e-01
2.477683499455451965e-02
2.898781588100973750e-07
6.833826660113118123e-08
8.680572509765625000e-01
9.420089423656463623e-02
6.471336178037745412e-07
8.123157620429992676e-01
7.909112572669982910e-01
7.162395119667053223e-02
5.399265885353088379e-01
2.370743779465556145e-03
4.010360044048866257e-09
8.894819617271423340e-01
2.154092537239193916e-03
6.175078937076250440e-08
1.213019526266270279e-18
7.467905282974243164e-01
5.725433677434921265e-02
1.941956817574919114e-09
1.740647363476455212e-03
9.504036307334899902e-01
8.175250291824340820e-01
9.167834520339965820e-01
4.987377673387527466e-03
3.600753247737884521e-01
3.660937363747507334e-05
2.133645284629892558e-05
6.734405394448472748e-11
1.038589471136219800e-04
2.404999861482792767e-07
2.129840493423143521e-13
4.257757341141754637e-12
5.107482671737670898e-01
9.504220485687255859e-01
7.391712069511413574e-01
6.370004415512084961e-01
1.016852213069796562e-03
1.437904313206672668e-03
5.890067219734191895e-01
7.458332618170970818e-09
3.066268159518381609e-12
8.432528376579284668e-01
4.445987567305564880e-02
1.946788653731346130e-02
1.154373894678428769e-04
2.935188114643096924e-01
9.017899036407470703e-01
5.131753087043762207e-01
8.047065734863281250e-01
1.862389501184225082e-03
1.736791431903839111e-02
5.327994227409362793e-01
8.789784274995326996e-03
4.932977753924205899e-05
7.565610408782958984e-01
1.078088581562042236e-01
2.521756477653980255e-02
6.531727558467537165e-05
8.436640491709113121e-04
9.814916849136352539e-01
7.990529537200927734e-01
8.393095731735229492e-01
1.137958955951035023e-03
2.691562287509441376e-02
8.131306767463684082e-01
2.047118172049522400e-02
7.381882216606072689e-09
8.288385272026062012e-01
8.180284500122070312e-02
7.453563171111454722e-07
1.928417244926095009e-03
1.412536832503974438e-03
8.619637489318847656e-01
7.594679594039916992e-01
5.491210222244262695e-01
2.052166499197483063e-02
3.165784073644317687e-05
5.754642486572265625e-01
1.970256125787273049e-04
4.941774101041573886e-09
1.162761944020762606e-12
1.382690668106079102e-02
3.769140457734465599e-04
5.253148628980852664e-05
1.092043220996856689e-01
9.405314326286315918e-01
7.602059245109558105e-01
7.661461234092712402e-01
1.955799758434295654e-03
1.821641344577074051e-03
8.469331860542297363e-01
1.170232775621116161e-03
5.827972563565708697e-05
1.229483359566074796e-06
8.228065371513366699e-01
4.498598718782886863e-05
5.895634603803046048e-05
3.362489938735961914e-01
8.970280289649963379e-01
8.072832822799682617e-01
8.019003272056579590e-01
1.229313090443611145e-01
5.630190571537241340e-05
7.586659193038940430e-01
1.276416005566716194e-03
3.461350672750995727e-08
2.313919195140456964e-11
8.898807168006896973e-01
6.980590522289276123e-02
5.122197110907222850e-10
1.084361225366592407e-03
9.905683398246765137e-01
8.409616351127624512e-01
8.222026228904724121e-01
1.470348099246621132e-03
7.775505185127258301e-01
9.729696512222290039e-01
3.755855606868863106e-03
2.190944942412897944e-04
2.538890321937548045e-12
9.429372549057006836e-01
7.442558556795120239e-02
7.183363237572848448e-08
9.803034067153930664e-01
9.431630969047546387e-01
5.181969404220581055e-01
6.548030376434326172e-01
6.028249263763427734e-01
6.702329847030341625e-05
2.359130803597508930e-06
3.350068311647191877e-08
3.438091825125333401e-11
3.755776275377563367e-14
1.547473260643528192e-07
3.661322980907932845e-12
5.445085029566476553e-13
9.977408647537231445e-01
9.453365206718444824e-01
8.202653527259826660e-01
5.594319105148315430e-01
5.001957416534423828e-01
2.564443566370755434e-04
6.052598564565414563e-07
1.321046147495508194e-04
6.802550059706313768e-13
1.116945259127533063e-05
1.992737907130504027e-06
1.716208998914225958e-06
1.436630827811313793e-05
1.816949341446161270e-03
9.484421610832214355e-01
8.160061836242675781e-01
8.825574517250061035e-01
1.063204370439052582e-02
3.103846609592437744e-01
1.871528729679994285e-05
1.269697531824931502e-04
2.843073743861168623e-04
1.986985589610412717e-04
9.550937647873070091e-06
3.736269627019339623e-10
1.148595378964306635e-13
9.489490389823913574e-01
8.886532187461853027e-01
4.193944036960601807e-01
8.428400158882141113e-01
4.351187869906425476e-02
3.819879566435702145e-05
1.262375377564239898e-07
7.880488738010171801e-06
8.054495959086693802e-11
2.597531022739685280e-13
1.379777359034051187e-07
1.094414055907710903e-11
1.013640194458438615e-13
1.219777856022119522e-03
9.456539154052734375e-01
8.248108625411987305e-01
8.842640519142150879e-01
3.254723250865936279e-01
1.575299247633665800e-04
7.423180250043515116e-06
2.032288466580212116e-04
2.788486108684651299e-09
1.999253887441376776e-11
2.371042210143059492e-04
1.858952082693576813e-02
3.872496670120212370e-13
1.381898997351527214e-03
9.633509516716003418e-01
8.434520959854125977e-01
9.194088578224182129e-01
4.194888174533843994e-01
1.655192900216206908e-04
1.496560726081952453e-04
4.811003745999187231e-04
5.143535963725298643e-05
2.588247394186282690e-10
4.666866443585604429e-04
2.482762502040714025e-04
2.409134651770727942e-07
9.923720359802246094e-01
9.132040739059448242e-01
3.336014151573181152e-01
3.041444420814514160e-01
1.600734293460845947e-01
1.424695015884935856e-03
3.679934579281507467e-08
8.358581066131591797e-01
1.842293461881694405e-12
7.510409951210021973e-01
4.839047417044639587e-02
1.622132840566337109e-03
1.153383800556184724e-05
5.358250737190246582e-01
9.204300642013549805e-01
4.709075689315795898e-01
4.381274282932281494e-01
1.115369261242449284e-03
4.301400855183601379e-03
2.215774230762690422e-07
1.751479506492614746e-01
8.143486440737035537e-10
7.336864471435546875e-01
5.434138700366020203e-02
2.164471152354963124e-05
1.750571653246879578e-03
4.344685673713684082e-01
9.310926198959350586e-01
3.556784391403198242e-01
4.946116209030151367e-01
7.935833418741822243e-04
1.076058205217123032e-02
7.153053957154043019e-06
4.607973396778106689e-01
1.578131936241788935e-08
5.042877226912878541e-10
6.960331575101008639e-06
2.089442568831145763e-05
1.582475306349806488e-07
5.203993320465087891e-01
9.355218410491943359e-01
2.465530484914779663e-01
7.241474390029907227e-01
1.401327401399612427e-01
5.416833329945802689e-03
4.505647666519507766e-06
5.046802759170532227e-01
8.238534832116783946e-08
2.680674779376168715e-11
8.385298252105712891e-01
1.810849914463119603e-09
4.045408539404826698e-12
7.658118009567260742e-01
9.424105286598205566e-01
7.965637445449829102e-01
6.679412722587585449e-01
1.503051142208278179e-03
8.027020958252251148e-04
1.445905809305259027e-06
8.656355142593383789e-01
1.759031675874211942e-07
4.028196613076184818e-12
8.517329692840576172e-01
2.879132702946662903e-02
1.928305959353338039e-09
1.022168342024087906e-02
9.421910047531127930e-01
7.094918489456176758e-01
6.858229041099548340e-01
3.018573820590972900e-01
1.782301114872097969e-04
1.913624328153673559e-05
7.124859690666198730e-01
1.882680145115500636e-08
2.857108877284998683e-14
8.225172758102416992e-01
3.533398360013961792e-02
4.380492357736187614e-10
5.578635931015014648e-01
4.650176167488098145e-01
3.006286025047302246e-01
6.403551101684570312e-01
4.656242672353982925e-04
1.902945587062276900e-05
1.411782246663051410e-09
4.899378418922424316e-01
1.035949811339378357e-01
6.538671851158142090e-01
9.867313504219055176e-02
1.937658153474330902e-02
6.412509828805923462e-04
9.533865451812744141e-01
8.687131404876708984e-01
5.327342152595520020e-01
4.502437412738800049e-01
5.981198325753211975e-02
4.764713812619447708e-04
3.813376636685461563e-08
8.311522006988525391e-01
4.079757723957300186e-03
2.837894415991248920e-12
4.607727006077766418e-02
1.127036055549979210e-03
5.758964562119217589e-06
2.779862582683563232e-01
9.347379207611083984e-01
6.364621520042419434e-01
7.220166921615600586e-01
1.401100158691406250e-01
1.640544459223747253e-02
4.092619008133624448e-07
8.737006187438964844e-01
1.830984605476260185e-03
9.922940989781636745e-06
8.650633692741394043e-01
7.340461127824937648e-09
5.367308020254313305e-08
9.051200151443481445e-01
8.061264157295227051e-01
2.695816755294799805e-01
6.850646734237670898e-01
4.215887561440467834e-02
1.240796700585633516e-04
3.814119509115698747e-08
8.885131478309631348e-01
4.796561785042285919e-03
1.763039152128807914e-15
9.169069528579711914e-01
4.694924876093864441e-02
4.294262902627792033e-14
9.846428036689758301e-01
9.059023261070251465e-01
8.092826604843139648e-01
6.645842194557189941e-01
4.198359251022338867e-01
8.494552457705140114e-04
3.234726318623870611e-05
7.278013825416564941e-01
2.239590510725975037e-03
1.821357474562912415e-11
7.734057307243347168e-01
1.360627124086022377e-03
9.722297363623511046e-06
5.711342673748731613e-03
9.159854054450988770e-01
6.938457489013671875e-01
6.794494986534118652e-01
1.536525189876556396e-01
7.628372259205207229e-05
4.426950681590824388e-07
4.667384922504425049e-01
1.087816344806924462e-04
3.632911926843007677e-08
4.609968513250350952e-03
1.207310731388133718e-07
4.924085806123912334e-05
2.904198691248893738e-02
9.439188838005065918e-01
7.517079114913940430e-01
7.423977851867675781e-01
9.671352803707122803e-03
2.187021309509873390e-04
3.116251434676087229e-07
6.890915632247924805e-01
9.750276221893727779e-04
5.474699582563857803e-10
8.207467794418334961e-01
2.293040202161478192e-09
1.946365046023856848e-06
8.743247017264366150e-04
9.947090148925781250e-01
8.408843278884887695e-01
7.187033891677856445e-01
1.590819330886006355e-03
5.205410718917846680e-01
9.622446668799966574e-06
9.612323641777038574e-01
9.576643817126750946e-03
1.628199970582500100e-04
9.404712915420532227e-01
9.831491112709045410e-02
3.598712510211043991e-06
9.882020354270935059e-01
9.047026038169860840e-01
2.569273412227630615e-01
7.270231246948242188e-01
7.574289571493864059e-03
6.161234341561794281e-05
3.753340394041515538e-08
2.458332329988479614e-01
7.363257464021444321e-04
4.191658263152930886e-06
9.880058993161355829e-10
1.062035366317104490e-07
3.405349890961417714e-10
9.906600117683410645e-01
9.120820760726928711e-01
1.885294616222381592e-01
7.443376779556274414e-01
3.715885570272803307e-03
1.844762846303638071e-05
1.273774756782586337e-07
6.746814250946044922e-01
1.060580927878618240e-02
2.860623515843485620e-09
2.755996602807342377e-12
2.964850328862667084e-02
1.086577551025202926e-12
2.928168512880802155e-02
9.277613759040832520e-01
7.211446166038513184e-01
7.694997787475585938e-01
1.629059016704559326e-01
6.949729140615090728e-05
8.958078069554176182e-06
6.989105939865112305e-01
1.376734115183353424e-03
9.483780161190225044e-08
1.840735680200267232e-13
1.024678931571543217e-04
3.045028762471702066e-08
9.699574112892150879e-01
9.074711799621582031e-01
8.836796879768371582e-01
8.857065439224243164e-01
3.248698776587843895e-04
3.849728964269161224e-04
2.117859366990160197e-06
6.747944355010986328e-01
7.508032768964767456e-02
1.725894427373475537e-09
1.031730256784157973e-11
8.259716629981994629e-01
5.338059508308568013e-11
5.690859630703926086e-02
8.586531877517700195e-01
8.448114991188049316e-01
8.281351327896118164e-01
6.380605697631835938e-01
9.308486914960667491e-05
4.777126014232635498e-05
5.778297781944274902e-01
1.832495676353573799e-03
6.924847184563986957e-08
7.201597716603724830e-13
9.170386791229248047e-01
1.599498631321694120e-07
9.396958947181701660e-01
8.669409751892089844e-01
6.515401005744934082e-01
8.656626939773559570e-01
6.205678358674049377e-02
7.587837171740829945e-05
4.559441549645271152e-06
5.449005365371704102e-01
2.975590527057647705e-03
2.939579468730357803e-09
1.425265748521489795e-13
9.688338041305541992e-01
5.967126041650772095e-02
