7.515520555898547173e-04
2.075979411602020264e-01
5.941278859972953796e-02
2.224759571254253387e-02
2.249556273454800248e-04
2.264033555984497070e-01
5.685788765549659729e-02
2.835645107552409172e-03
1.887024939060211182e-02
4.785260558128356934e-01
3.005214408040046692e-02
5.642040632665157318e-03
1.796702109277248383e-02
2.089721709489822388e-01
2.005044519901275635e-01
5.097749084234237671e-02
1.676626503467559814e-02
8.450530469417572021e-03
3.011821806430816650e-01
6.220808718353509903e-04
1.911576191560016014e-06
1.184202879667282104e-01
1.936892271041870117e-01
4.175479337573051453e-02
3.765744715929031372e-02
4.076901823282241821e-04
3.198175108991563320e-04
6.387228518724441528e-02
3.313482105731964111e-01
1.283364370465278625e-03
2.416890673339366913e-02
5.889620184898376465e-01
3.965138271450996399e-02
6.154467537999153137e-02
6.094382843002676964e-04
1.791945248842239380e-01
2.006183266639709473e-01
9.186272509396076202e-03
4.315145313739776611e-03
4.236824810504913330e-03
9.637488052248954773e-03
8.210580945014953613e-01
2.138115651905536652e-02
6.444823462516069412e-03
8.507456779479980469e-01
1.247198060154914856e-01
3.585670143365859985e-02
4.285920038819313049e-02
2.955045998096466064e-01
2.030385099351406097e-02
5.284786969423294067e-02
1.233256305567920208e-03
5.837934557348489761e-03
3.847237094305455685e-04
2.447703033685684204e-01
1.960323005914688110e-01
1.904650591313838959e-03
3.921643197536468506e-01
6.623312830924987793e-02
2.269904827699065208e-03
2.865189453586935997e-04
2.977484762668609619e-01
1.423555016517639160e-01
3.614079952239990234e-02
2.125302999047562480e-04
4.552409052848815918e-03
3.416161751374602318e-03
7.951067090034484863e-01
7.096592336893081665e-02
9.129510261118412018e-03
6.985467672348022461e-02
2.340642269700765610e-03
3.240018337965011597e-02
1.429051719605922699e-02
1.289652776904404163e-03
3.496175259351730347e-02
2.846369147300720215e-02
6.508268590721399960e-09
4.492666106671094894e-03
1.285605411976575851e-02
5.302358269691467285e-01
1.500744745135307312e-02
1.024294644594192505e-02
1.093889004550874233e-03
3.233249783515930176e-01
1.330708432942628860e-02
1.963565871119499207e-02
4.595628976821899414e-01
1.295863185077905655e-02
2.872537076473236084e-01
1.801215603336459026e-07
1.750886999070644379e-02
6.071600597351789474e-03
6.512955427169799805e-01
1.653777062892913818e-01
4.867377690970897675e-03
5.718913394957780838e-03
3.541700839996337891e-01
5.776266753673553467e-02
1.143719346146099269e-04
8.950754404067993164e-01
4.696224257349967957e-02
3.929150989279150963e-04
9.493730962276458740e-03
2.905358560383319855e-02
1.115921512246131897e-02
3.773885965347290039e-01
1.218944601714611053e-02
1.602416336536407471e-01
6.848718971014022827e-03
8.728844672441482544e-02
1.770946681499481201e-01
2.152857929468154907e-02
3.627624511718750000e-01
3.751821350306272507e-03
1.192026119679212570e-02
7.631368353031575680e-04
8.317630272358655930e-04
4.980909288860857487e-04
4.803219437599182129e-01
2.187259262427687645e-03
1.854159310460090637e-02
3.047236759812221862e-06
7.253013849258422852e-01
6.762749701738357544e-02
6.639186292886734009e-02
7.951393723487854004e-03
2.095532836392521858e-04
9.321586787700653076e-02
7.459784299135208130e-02
1.390140783041715622e-02
1.577167958021163940e-02
1.872242987155914307e-01
5.075468868017196655e-02
8.974928059615194798e-04
1.689954288303852081e-02
3.894847035408020020e-01
4.402396082878112793e-02
6.680499017238616943e-02
1.672296434662712272e-06
6.342338919639587402e-01
4.627175629138946533e-03
4.622358176220586756e-07
9.269583388231694698e-04
5.033362284302711487e-02
5.151893496513366699e-01
2.476604096591472626e-02
2.537630789447575808e-04
8.881804533302783966e-03
5.895208716392517090e-01
3.061674942728132010e-05
4.556497558951377869e-03
1.250358857214450836e-02
4.129119813442230225e-01
1.206770911812782288e-01
7.532330928370356560e-04
6.191780790686607361e-03
1.956819184124469757e-02
2.037382274866104126e-01
1.974990591406822205e-02
1.697569526731967926e-02
4.483716096729040146e-03
2.332897037267684937e-01
6.738649308681488037e-02
1.583252288401126862e-02
6.829348392784595490e-03
3.748134076595306396e-01
1.177828460931777954e-01
1.044444553554058075e-02
2.198567688465118408e-01
7.699282169342041016e-01
4.156894981861114502e-02
5.820804741233587265e-03
2.165395853808149695e-04
4.430535435676574707e-01
7.816636934876441956e-03
1.541206836700439453e-01
7.741903420537710190e-03
1.990398764610290527e-01
6.875474750995635986e-02
7.468845808489277260e-08
1.015804894268512726e-02
1.936906427145004272e-01
2.131999935954809189e-03
2.076491713523864746e-01
3.791056573390960693e-03
1.000591146294027567e-05
3.672962076961994171e-03
9.495683014392852783e-03
9.232587672158842906e-07
3.376012668013572693e-03
1.487972212999011390e-06
7.217387668788433075e-03
2.101686969399452209e-02
6.155743176350370049e-05
3.470509126782417297e-02
8.527150377631187439e-03
2.525729835033416748e-01
3.492020815610885620e-02
1.823583079385571182e-05
3.796841204166412354e-01
8.393423631787300110e-03
6.619622465223073959e-03
1.694120001047849655e-03
1.772344261407852173e-01
1.501108258962631226e-01
9.297335147857666016e-02
6.676244735717773438e-02
3.430229723453521729e-01
6.498879753053188324e-03
5.688303709030151367e-01
2.802080661058425903e-02
6.866827607154846191e-04
3.267380893230438232e-01
5.630341172218322754e-02
1.558529620524495840e-04
2.212952531408518553e-04
3.820428550243377686e-01
1.638913750648498535e-01
4.029398411512374878e-02
2.699806464079301804e-05
2.013199627399444580e-01
3.390545607544481754e-04
4.760347604751586914e-01
3.837472200393676758e-02
1.948124030604958534e-03
3.277100156992673874e-03
8.419589698314666748e-02
1.050969306379556656e-02
4.393918812274932861e-02
1.867339829914271832e-03
1.882201416947282269e-07
1.245738530997186899e-05
6.412331759929656982e-02
4.696063324809074402e-02
7.432048674672842026e-03
5.699273943901062012e-01
2.085408121347427368e-01
9.595921263098716736e-03
3.714695367307285778e-06
5.499321222305297852e-01
4.901532665826380253e-04
1.740727457217872143e-03
3.624395728111267090e-01
8.567320555448532104e-02
5.066259205341339111e-02
2.670829184353351593e-02
5.258128643035888672e-01
3.914167173206806183e-03
5.959972143173217773e-01
2.465956844389438629e-02
1.526392698287963867e-01
9.439676068723201752e-03
1.883720010519027710e-01
5.008212104439735413e-02
3.827398642897605896e-02
3.231085538864135742e-01
3.062645959062137990e-08
3.065595589578151703e-02
1.546611427329480648e-03
2.130282521247863770e-01
4.649432958103716373e-04
3.858372569084167480e-01
1.092341728508472443e-02
7.601966615766286850e-03
1.283067627809941769e-03
3.252473771572113037e-01
5.408287420868873596e-02
1.447135861963033676e-02
3.512968476115929661e-07
1.754021942615509033e-01
5.924389115534722805e-04
1.657813088968396187e-03
4.115576744079589844e-01
4.389515146613121033e-02
1.877822428941726685e-01
1.532897353172302246e-02
5.057328566908836365e-02
2.278711879625916481e-03
5.840437412261962891e-01
2.860956452786922455e-02
6.973127601668238640e-04
1.611818931996822357e-02
4.645511880517005920e-02
3.400611132383346558e-02
3.105442225933074951e-02
4.305308163166046143e-01
2.703531645238399506e-03
5.943961143493652344e-01
1.209704857319593430e-02
2.300793858012184501e-04
9.550620801746845245e-03
3.865820765495300293e-01
1.268520951271057129e-02
1.247346866875886917e-03
9.952388703823089600e-03
8.455083370208740234e-01
1.368322409689426422e-03
1.022873912006616592e-02
6.661153584718704224e-02
7.892840949352830648e-05
3.727687001228332520e-01
1.204823981970548630e-02
8.170249057002365589e-04
9.502698667347431183e-03
3.980227708816528320e-01
4.277556389570236206e-02
2.055854070931673050e-03
1.964335097000002861e-03
3.909177482128143311e-01
2.868794277310371399e-02
3.554101858753710985e-04
2.772213518619537354e-01
1.022828277200460434e-03
4.599327147006988525e-01
7.181941717863082886e-02
3.867268562316894531e-03
2.092895098030567169e-03
2.020068615674972534e-01
8.156769722700119019e-02
4.358661174774169922e-02
1.855512149631977081e-02
1.896311342716217041e-01
1.924425177276134491e-02
3.785077854990959167e-02
4.340885281562805176e-01
3.027178049087524414e-01
2.111330069601535797e-02
4.194980021566152573e-03
8.186502382159233093e-04
5.941963536315597594e-05
3.053082898259162903e-02
3.809425514191389084e-03
6.722276157233864069e-05
1.687610521912574768e-03
4.493656568229198456e-03
4.711270332336425781e-03
4.709543660283088684e-03
5.499061346054077148e-01
6.974102556705474854e-02
7.987838387489318848e-01
1.628048717975616455e-03
1.159207243472337723e-02
4.572530388832092285e-01
6.973742693662643433e-02
8.629336953163146973e-03
1.258369535207748413e-03
5.733365416526794434e-01
6.474491953849792480e-02
1.094849109649658203e-01
6.583947688341140747e-03
6.087643504142761230e-01
9.179508313536643982e-03
8.559182286262512207e-01
1.843204498291015625e-01
1.438418868929147720e-03
5.868651270866394043e-01
8.346966467797756195e-03
2.676311851246282458e-06
5.014182170270942152e-05
2.500233240425586700e-04
2.117397785186767578e-01
2.181284315884113312e-02
2.299637562828138471e-04
1.266109850257635117e-02
2.042186856269836426e-01
3.836711347103118896e-01
1.349596232175827026e-01
4.716400522738695145e-03
1.907419646158814430e-03
1.746421493589878082e-02
4.351236857473850250e-03
3.927192836999893188e-02
3.242033123970031738e-01
2.053927183151245117e-01
1.725305989384651184e-02
2.473059669137001038e-02
8.390925824642181396e-02
1.310708373785018921e-01
5.010571479797363281e-01
8.892424404621124268e-02
6.709534209221601486e-04
1.995377009734511375e-03
2.011419832706451416e-02
2.615303359925746918e-02
1.152526494115591049e-02
4.937898833304643631e-03
3.663822263479232788e-02
2.002903725951910019e-03
1.781257537913916167e-06
1.718564629554748535e-01
6.341506377793848515e-04
5.166480541229248047e-01
2.325239926576614380e-01
2.211503917351365089e-03
2.749489247798919678e-02
7.398822903633117676e-01
1.079898356692865491e-04
4.324570298194885254e-03
3.186297714710235596e-01
3.034272044897079468e-02
2.000184357166290283e-02
8.319967985153198242e-02
3.527800738811492920e-01
7.096549496054649353e-03
6.461458206176757812e-01
8.552385121583938599e-02
1.524067251011729240e-03
5.465889262268319726e-05
3.770336806774139404e-01
4.830270633101463318e-02
1.081379596143960953e-03
1.154439896345138550e-01
1.995244249701499939e-02
3.333507105708122253e-03
1.196984783746302128e-03
5.598291754722595215e-01
6.332177668809890747e-03
1.921671181917190552e-01
4.555854201316833496e-02
8.965804427862167358e-02
3.263030201196670532e-03
3.845142126083374023e-01
1.499361097812652588e-01
3.319364623166620731e-04
2.622005641460418701e-01
4.064412787556648254e-02
4.738016054034233093e-02
9.392923675477504730e-03
2.258979231119155884e-01
1.999164223670959473e-01
3.573805093765258789e-01
2.593115158379077911e-02
1.498515368439257145e-03
5.388862919062376022e-03
4.777020215988159180e-01
6.120806932449340820e-02
3.894696384668350220e-02
4.311262746341526508e-04
6.476008147001266479e-02
2.267274339828873053e-06
1.669390499591827393e-02
4.177617430686950684e-01
2.377901226282119751e-01
1.952047646045684814e-01
3.348174691200256348e-01
1.832777112722396851e-01
8.210612460970878601e-03
5.065332055091857910e-01
3.283578529953956604e-02
2.679614350199699402e-02
1.768664219525817316e-06
3.016656637191772461e-01
1.832659181673079729e-04
5.490463692694902420e-03
1.131986528635025024e-01
3.457247614860534668e-01
5.393736362457275391e-01
1.510977465659379959e-02
3.245861444156616926e-04
9.044768288731575012e-03
5.881097316741943359e-01
2.022592537105083466e-02
5.686740390956401825e-03
3.204272128641605377e-03
1.722789555788040161e-01
4.471245408058166504e-02
2.312707664264834762e-11
2.410211712121963501e-01
3.988627791404724121e-01
5.983473062515258789e-01
6.024277210235595703e-02
2.042634878307580948e-03
1.514531578868627548e-02
8.050646185874938965e-01
7.412213832139968872e-02
2.112434245645999908e-02
1.543821301311254501e-03
7.612106204032897949e-01
2.303521893918514252e-02
5.434360727667808533e-02
3.942704200744628906e-01
2.052462697029113770e-01
1.963760703802108765e-01
1.822496560635045171e-04
1.618200476514175534e-04
9.129907994065433741e-05
8.400829392485320568e-05
7.608245359733700752e-04
7.155712955864146352e-05
3.025084879482164979e-05
4.821968905162066221e-04
4.423543810844421387e-03
1.085811085488330718e-08
4.057857096195220947e-01
2.735067009925842285e-01
3.489407300949096680e-01
4.523929208517074585e-02
1.070692669600248337e-03
1.308549777604639530e-03
3.790953382849693298e-02
9.190855962515342981e-06
3.896253416314721107e-03
7.670735358260571957e-04
3.141696378588676453e-02
8.969086593424435705e-07
1.437930297106504440e-02
5.971302092075347900e-02
1.061451509594917297e-01
1.999913156032562256e-01
7.902899524196982384e-04
1.621435955166816711e-02
2.465645593474619091e-06
1.330155413597822189e-02
2.237449662061408162e-04
5.877380026504397392e-04
2.402281155809760094e-03
6.181508675217628479e-02
1.955110020935535431e-02
1.393179036676883698e-02
4.042149186134338379e-01
9.941576281562447548e-04
2.394080907106399536e-02
2.286533452570438385e-02
2.080795541405677795e-02
5.531950853765010834e-03
2.111464738845825195e-02
5.571464043896412477e-06
5.500251427292823792e-04
3.711469162226421759e-06
9.032822214066982269e-03
3.402351921977242455e-06
1.417248137295246124e-02
1.713053733110427856e-01
6.007422134280204773e-02
3.393085300922393799e-01
9.784541092813014984e-03
6.304189446382224560e-05
8.218498805945273489e-06
3.739648309419862926e-05
8.813953027129173279e-03
7.952447980642318726e-03
1.429286466958501478e-08
5.865587736479938030e-04
7.899699732661247253e-03
2.682483987882733345e-03
2.158245146274566650e-01
1.862366497516632080e-02
2.713018329814076424e-03
1.154852379113435745e-02
5.365370307117700577e-04
1.216158503666520119e-03
6.261298403842374682e-05
1.125473156571388245e-02
5.753911409556167200e-06
4.140845034271478653e-03
1.125714392401278019e-03
7.423209171975031495e-05
7.234689313918352127e-03
4.786051064729690552e-02
3.298976719379425049e-01
2.116892188787460327e-01
5.677898298017680645e-04
8.640905842185020447e-03
1.097866450436413288e-03
9.466301708016544580e-05
1.965790987014770508e-03
1.283418154343962669e-03
4.900426138192415237e-04
3.791641211137175560e-03
4.383828581921989098e-06
2.794995438307523727e-03
1.391132473945617676e-01
2.482000552117824554e-02
3.538413643836975098e-01
4.829562734812498093e-03
2.973437767650466412e-05
1.312305917963385582e-03
1.594713074155151844e-03
1.958490116521716118e-03
9.981289505958557129e-03
3.453195859037805349e-06
5.449809048485576568e-09
5.901341326534748077e-03
4.711692221462726593e-03
3.904305100440979004e-01
9.171646088361740112e-03
1.905471533536911011e-01
8.766808896325528622e-04
4.807610809803009033e-02
7.246777415275573730e-03
2.912198193371295929e-03
5.724271759390830994e-03
1.299778930842876434e-02
1.330471131950616837e-04
1.844143727794289589e-03
6.440990255214273930e-04
1.549374219030141830e-02
1.576844253577291965e-03
2.014838904142379761e-01
3.664299845695495605e-01
2.623341046273708344e-02
3.235569223761558533e-03
7.182890549302101135e-03
9.583181235939264297e-05
2.086428925395011902e-02
1.440007908968254924e-04
3.137454157695174217e-03
1.033160556107759476e-02
1.449183747172355652e-02
3.785609048456706205e-10
2.011373490095138550e-01
2.381715225055813789e-03
8.157745469361543655e-05
8.966898173093795776e-02
1.301389187574386597e-03
3.811027854681015015e-03
3.525987733155488968e-03
9.588452056050300598e-03
7.360297604463994503e-04
1.030601188540458679e-02
6.821841935789052513e-08
3.725859895348548889e-02
5.412054248154163361e-03
2.093892842531204224e-01
2.074019163846969604e-01
3.318444942124187946e-04
6.104153394699096680e-01
2.597018377855420113e-03
5.563575029373168945e-01
1.351442281156778336e-02
1.090895384550094604e-03
3.332991851493716240e-03
1.768218576908111572e-01
6.507860124111175537e-02
3.925002366304397583e-02
5.793485417962074280e-02
2.510558962821960449e-01
1.912865601480007172e-02
4.623270630836486816e-01
4.055503904819488525e-01
1.217332435771822929e-03
1.994256377220153809e-01
2.901429543271660805e-03
1.435378659516572952e-02
1.635693572461605072e-02
1.542219072580337524e-01
1.108305454254150391e-01
4.536389023996889591e-04
2.834393642842769623e-02
6.332810521125793457e-01
2.032418698072433472e-01
2.088679373264312744e-01
3.301087319850921631e-01
1.020716619677841663e-03
1.284289057366549969e-03
4.841842746827751398e-05
2.809596946462988853e-03
2.422158104309346527e-05
3.629051503750702068e-09
1.960240297194104642e-05
2.563444123637736993e-09
4.803944611921906471e-04
3.949629068374633789e-01
2.568485736846923828e-01
1.448964029550552368e-01
1.971252262592315674e-01
6.877594627439975739e-03
3.283388679847121239e-03
2.702879309654235840e-01
3.814853727817535400e-02
7.662615389563143253e-04
1.908985823392868042e-01
1.347956508398056030e-01
2.407084703445434570e-01
8.154448121786117554e-03
6.137422323226928711e-01
1.733719557523727417e-01
2.641299962997436523e-01
2.000678479671478271e-01
3.901670861523598433e-04
6.094974814914166927e-04
1.901251673698425293e-01
1.955308616161346436e-01
2.164665795862674713e-02
1.980900466442108154e-01
1.250178813934326172e-01
1.593313515186309814e-01
9.989274985855445266e-05
7.960168644785881042e-03
4.807040989398956299e-01
2.872172743082046509e-02
7.368723154067993164e-01
4.417367279529571533e-03
1.243005972355604172e-03
1.888247336268022991e-09
4.166838712990283966e-03
1.677082851529121399e-02
1.580360382795333862e-01
1.368761528283357620e-02
2.112189307808876038e-02
1.869007349014282227e-01
2.131336182355880737e-01
4.768045037053525448e-04
5.038738250732421875e-03
2.908496856689453125e-01
1.518650151410838589e-05
1.869868574431166053e-04
7.575945854187011719e-01
6.957042962312698364e-02
4.530698806047439575e-02
8.589232340455055237e-03
7.470932602882385254e-02
2.896435791626572609e-03
2.974278293550014496e-02
4.329294562339782715e-01
2.078157663345336914e-01
1.263916492462158203e-02
5.736106038093566895e-01
1.783737097866833210e-03
2.155054244212806225e-04
1.708484888076782227e-01
4.898796975612640381e-02
3.743440378457307816e-03
2.804547315463423729e-03
2.047361433506011963e-01
3.564601764082908630e-03
1.127748168073594570e-03
3.897728025913238525e-01
3.796603381633758545e-01
3.961192071437835693e-01
3.957712948322296143e-01
2.453834284096956253e-03
2.055264849332161248e-05
3.629279434680938721e-01
7.460313290357589722e-02
8.172133564949035645e-02
5.098074208945035934e-03
1.542772501707077026e-01
6.169381365180015564e-02
9.650783613324165344e-04
1.806319952011108398e-01
2.008341699838638306e-01
4.138051735935732722e-06
4.901516735553741455e-01
2.939970465376973152e-03
1.463762309867888689e-04
3.986602425575256348e-01
1.498291548341512680e-02
5.061087198555469513e-03
1.756962575018405914e-02
4.938856363296508789e-01
3.414885699748992920e-02
2.334398403763771057e-02
3.687771260738372803e-01
1.930380165576934814e-01
2.326478362083435059e-01
6.332867145538330078e-01
1.439258828759193420e-02
1.329644173383712769e-01
7.007516175508499146e-02
1.662220060825347900e-02
6.897539133206009865e-04
4.141035676002502441e-01
3.702754676342010498e-01
8.606558293104171753e-02
1.112629007548093796e-02
2.583569586277008057e-01
2.163978070020675659e-01
1.267759315669536591e-02
1.237551718950271606e-01
2.306459248065948486e-01
6.501947529613971710e-03
1.850363612174987793e-02
6.998383905738592148e-04
3.839775308733806014e-05
1.350377872586250305e-02
2.740393579006195068e-01
6.268587708473205566e-02
6.413292605429887772e-03
1.510398369282484055e-02
2.315417164936661720e-03
5.925671212025918067e-05
5.399993658065795898e-01
1.648017019033432007e-01
1.114195794798433781e-03
3.289101421833038330e-01
3.673865925520658493e-03
4.920422215946018696e-04
8.691275715827941895e-01
5.569311231374740601e-02
6.022868910804390907e-05
3.710914403200149536e-02
8.644016832113265991e-02
1.152806077152490616e-02
8.206966449506580830e-04
8.090715408325195312e-01
8.582066744565963745e-03
4.041077103465795517e-03
1.230306774377822876e-01
2.943646162748336792e-02
6.034578010439872742e-02
4.807730317115783691e-01
3.040439262986183167e-02
4.697383701568469405e-06
3.837613761425018311e-02
4.195885658264160156e-01
6.038808822631835938e-01
2.140497118234634399e-01
7.046003639698028564e-02
5.392437428236007690e-02
2.288817049702629447e-04
2.387670427560806274e-01
1.668356359004974365e-01
2.187597379088401794e-02
3.519538044929504395e-01
1.388637274503707886e-01
6.198677048087120056e-02
3.259486518800258636e-03
4.306160211563110352e-01
3.738338351249694824e-01
3.941737413406372070e-01
6.525527834892272949e-01
6.241579726338386536e-02
9.558300487697124481e-03
2.176054567098617554e-01
3.736800700426101685e-02
9.772833436727523804e-03
5.799650898552499712e-05
6.001349538564682007e-02
1.884613011498004198e-04
3.792608156800270081e-02
5.553570389747619629e-02
3.165037631988525391e-01
1.757197023835033178e-04
5.208244919776916504e-01
2.183647081255912781e-02
5.824523046612739563e-02
5.381616353988647461e-01
9.401006996631622314e-02
4.491472645895555615e-05
1.874682639027014375e-04
3.489539623260498047e-01
2.041378915309906006e-01
3.339477116242051125e-03
2.174483388662338257e-01
8.586761541664600372e-04
4.347258945927023888e-04
1.971454620361328125e-01
7.139853388071060181e-02
2.170676551759243011e-02
2.905976176261901855e-01
2.988787367939949036e-02
5.660167895257472992e-03
1.338666956871747971e-02
1.976428329944610596e-01
2.705541253089904785e-01
7.521112274844199419e-05
2.287240922451019287e-01
7.956879138946533203e-01
8.369408547878265381e-02
5.107570886611938477e-01
5.450059100985527039e-02
1.106374897062778473e-02
3.978718519210815430e-01
7.681329548358917236e-02
3.170954436063766479e-02
9.458856657147407532e-03
3.669783174991607666e-01
7.587157934904098511e-02
5.744946375489234924e-02
4.276072084903717041e-01
2.118265032768249512e-01
3.662343323230743408e-01
2.002481818199157715e-01
2.883255854249000549e-02
5.922042205929756165e-02
6.893542408943176270e-02
2.530478499829769135e-02
3.406620817258954048e-03
7.971396553330123425e-04
3.701914101839065552e-05
1.578752198838628829e-05
2.076153643429279327e-02
1.921543106436729431e-02
1.853491812944412231e-01
6.060276627540588379e-01
5.797688364982604980e-01
7.878994196653366089e-02
9.930802509188652039e-03
2.678433358669281006e-01
3.291726810857653618e-03
3.575821220874786377e-02
3.958965539932250977e-01
1.013955567032098770e-03
7.583436090499162674e-03
3.186177089810371399e-02
1.756135076284408569e-01
8.585657924413681030e-02
1.952508091926574707e-01
3.916348889470100403e-02
2.089705467224121094e-01
4.602564149536192417e-04
1.802991777658462524e-01
1.894905464723706245e-03
8.515606168657541275e-04
2.055567055940628052e-01
2.119869435546206660e-08
9.430332481861114502e-02
3.638397157192230225e-02
1.556831598281860352e-01
2.141790837049484253e-01
1.955219805240631104e-01
3.806594014167785645e-01
3.839383274316787720e-02
9.082192555069923401e-04
5.238677263259887695e-01
1.464447081089019775e-01
1.231002807617187500e-02
3.251874744892120361e-01
3.158997595310211182e-01
9.715271182358264923e-03
2.578976750373840332e-02
3.299847841262817383e-01
8.973349467851221561e-04
3.993600308895111084e-01
7.450485229492187500e-01
2.570860832929611206e-02
3.708339110016822815e-02
3.783265352249145508e-01
3.029337525367736816e-02
4.753190150950103998e-04
3.595347948248672765e-07
1.549266427755355835e-01
4.777383059263229370e-02
6.060021041776053607e-05
2.172000557184219360e-01
1.049144472926855087e-02
5.726665258407592773e-01
3.209620118141174316e-01
1.721644252538681030e-01
2.645980566740036011e-04
3.861782252788543701e-01
1.801163330674171448e-02
1.088615134358406067e-02
3.940499387681484222e-03
3.122248053550720215e-01
7.523984531871974468e-04
3.254407783970236778e-03
7.354331761598587036e-02
5.347703695297241211e-01
3.938271403312683105e-01
1.308909952640533447e-01
1.842454522848129272e-01
2.566127479076385498e-02
2.896267771720886230e-01
1.177346333861351013e-01
2.511897496879100800e-02
1.352253276854753494e-02
6.861528158187866211e-01
1.498822257417486981e-05
3.835825016722083092e-03
4.439005255699157715e-02
1.571470648050308228e-01
2.001723051071166992e-01
7.272515296936035156e-01
1.612555119208991528e-03
6.976874917745590210e-02
3.142054006457328796e-02
1.253635287284851074e-01
7.629455067217350006e-03
4.833298589801415801e-06
6.180506348609924316e-01
1.930274367332458496e-01
1.120268460363149643e-02
4.322883486747741699e-01
2.449138835072517395e-02
1.064149104058742523e-02
3.293175101280212402e-01
6.383442133665084839e-02
1.645728647708892822e-01
6.313740741461515427e-03
5.882410798221826553e-03
1.976191379071678966e-05
2.143559107992132340e-08
9.414355736225843430e-04
6.771146785467863083e-03
4.587516305036842823e-04
2.191869914531707764e-01
2.022068351507186890e-01
2.004073262214660645e-01
5.793590545654296875e-01
4.334987606853246689e-03
1.962058618664741516e-02
1.069170609116554260e-02
2.314921095967292786e-02
1.178602688014507294e-02
1.612305524758994579e-03
6.975246127694845200e-03
2.419838914647698402e-03
4.981903359293937683e-03
1.355269104242324829e-01
1.640417575836181641e-01
1.999925523996353149e-01
5.871018171310424805e-01
9.907374531030654907e-02
1.028422382660210133e-03
3.110207384452223778e-03
2.443744055926799774e-02
1.061024703085422516e-02
1.895633526146411896e-02
8.554669469594955444e-02
9.689697995781898499e-03
1.553586497902870178e-02
2.900345325469970703e-01
2.730351686477661133e-01
2.173660844564437866e-01
6.880341172218322754e-01
2.739771269261837006e-02
4.208628088235855103e-02
5.356534384191036224e-04
7.324842736124992371e-03
2.103764936327934265e-02
4.488466307520866394e-03
5.968930199742317200e-02
8.235077839344739914e-04
1.986901275813579559e-02
3.565569519996643066e-01
3.149122232571244240e-03
3.664273917675018311e-01
1.992020905017852783e-01
3.896077349781990051e-02
3.237200900912284851e-03
6.854795850813388824e-03
6.214996334165334702e-03
1.227293745614588261e-03
9.379434399306774139e-03
7.005730178207159042e-03
6.773665547370910645e-02
2.613025571918115020e-06
2.848613262176513672e-01
8.812402933835983276e-02
6.568729132413864136e-02
6.434924006462097168e-01
4.892732203006744385e-02
1.230520009994506836e-02
2.194278500974178314e-02
5.741126462817192078e-02
4.672873501476715319e-07
1.021686010062694550e-02
2.526389434933662415e-03
8.986081811599433422e-04
1.800237456336617470e-03
1.583054289221763611e-02
2.582111656665802002e-01
5.760532021522521973e-01
3.949954211711883545e-01
4.704300314188003540e-02
4.074743483215570450e-04
2.516401082175434567e-06
3.002106249332427979e-01
2.865654532797634602e-04
1.994573026895523071e-01
1.325721442699432373e-01
5.071951076388359070e-02
6.095175445079803467e-02
2.857541143894195557e-01
2.046470642089843750e-01
4.050425589084625244e-01
5.427178740501403809e-01
1.796550005674362183e-01
7.063234806992113590e-04
2.938471967354416847e-03
1.618846207857131958e-01
1.201310660690069199e-02
6.153879165649414062e-01
4.109797999262809753e-02
1.893110387027263641e-02
7.095815148204565048e-03
6.698715686798095703e-02
1.357668638229370117e-01
2.190009057521820068e-01
5.663003921508789062e-01
3.548165410757064819e-02
2.251190878450870514e-02
3.639366768766194582e-04
7.606328129768371582e-01
6.111206952482461929e-03
6.963816471397876740e-03
3.545105864759534597e-04
2.141857752576470375e-03
2.830675111908931285e-05
2.027435898780822754e-01
4.023516178131103516e-01
2.049403786659240723e-01
7.527539134025573730e-01
1.617801487445831299e-01
2.200061082839965820e-02
8.340521901845932007e-02
1.918255388736724854e-01
2.375415351707488298e-04
1.766887307167053223e-01
2.151971310377120972e-01
3.368104225955903530e-04
1.273576985113322735e-03
1.923007369041442871e-01
2.506351172924041748e-01
1.999785602092742920e-01
5.488835573196411133e-01
4.157300293445587158e-02
7.556619821116328239e-04
3.546823514625430107e-03
2.768833041191101074e-01
2.247735159471631050e-03
4.896883037872612476e-04
1.907336413860321045e-01
1.039789393544197083e-01
8.732726564630866051e-04
3.970877528190612793e-01
2.310993969440460205e-01
1.953174024820327759e-01
7.449119687080383301e-01
3.984083607792854309e-02
1.183230243623256683e-02
5.765727255493402481e-03
1.949995458126068115e-01
2.270147949457168579e-02
1.072674151510000229e-02
3.534264564514160156e-01
3.840309754014015198e-02
7.607278227806091309e-02
3.217657208442687988e-01
1.288646162720397115e-04
1.520743127912282944e-02
7.520930767059326172e-01
2.982958219945430756e-02
1.588352322578430176e-01
5.531930364668369293e-03
3.834980726242065430e-01
3.330718353390693665e-02
5.660126805305480957e-01
7.836692780256271362e-02
3.790638595819473267e-02
5.056445300579071045e-02
2.518876194953918457e-01
1.682620793581008911e-01
1.179310493171215057e-03
2.019912153482437134e-01
1.044378429651260376e-01
2.796364016830921173e-02
1.362580657005310059e-01
4.842847585678100586e-01
7.802050560712814331e-02
1.454711906490047113e-07
4.410833418369293213e-01
7.664489746093750000e-02
3.021366894245147705e-02
2.058701217174530029e-01
7.388254255056381226e-02
7.275860756635665894e-02
3.758866190910339355e-01
1.091552898287773132e-01
5.038292612880468369e-03
2.550572715699672699e-02
7.197234034538269043e-01
8.155798166990280151e-02
1.287232153117656708e-04
3.773333430290222168e-01
5.564840648730751127e-06
2.433822737657465041e-05
4.608559608459472656e-02
2.430517412722110748e-02
1.395395956933498383e-03
7.194476127624511719e-01
9.341080673038959503e-03
2.364580985158681870e-03
3.897983406204730272e-04
7.569788694381713867e-01
2.506158128380775452e-02
1.052247262123273686e-05
3.664207160472869873e-01
7.446941733360290527e-02
1.551480295347573701e-06
2.090946286916732788e-01
7.084388053044676781e-04
1.426638513803482056e-01
3.990156054496765137e-01
3.299349546432495117e-02
1.222128421068191528e-01
1.626731944270431995e-03
2.280075401067733765e-01
2.736472524702548981e-02
8.220511372201144695e-04
3.527244925498962402e-01
1.099019572138786316e-01
1.343480031937360764e-02
3.712257444858551025e-01
1.057978998869657516e-02
2.616361528635025024e-02
7.807497978210449219e-01
1.538379639387130737e-01
3.895607544109225273e-03
9.175380691885948181e-03
2.303620278835296631e-01
3.362066149711608887e-01
1.148453354835510254e-02
6.294349441304802895e-04
5.191571265459060669e-02
1.463779062032699585e-02
3.929816186428070068e-02
3.260743618011474609e-02
9.876037016510963440e-03
4.505078196525573730e-01
1.499762386083602905e-02
6.812386959791183472e-02
4.221386462450027466e-02
6.991081237792968750e-01
8.612716943025588989e-02
2.656757133081555367e-04
5.504544973373413086e-01
1.283838500967249274e-04
1.867984980344772339e-02
1.683766245841979980e-01
3.837913870811462402e-01
1.452034339308738708e-03
5.849319696426391602e-01
4.009556397795677185e-02
2.905143797397613525e-02
1.697918632999062538e-03
1.892332881689071655e-01
9.819768369197845459e-02
9.269880503416061401e-02
3.165674805641174316e-01
1.838243603706359863e-01
3.619134193286299706e-03
2.496903836727142334e-01
2.015273272991180420e-01
6.330813630484044552e-05
1.967013031244277954e-01
1.094702407717704773e-01
8.616045117378234863e-03
6.179674994200468063e-03
5.154073238372802734e-01
4.476253092288970947e-01
2.411556852166540921e-05
4.786599427461624146e-03
3.377888424438424408e-05
2.462660148739814758e-02
5.653987452387809753e-02
2.106480151414871216e-01
2.000394016504287720e-01
4.568843841552734375e-01
6.339310109615325928e-02
1.438450664281845093e-01
1.287256777286529541e-01
1.494934856891632080e-01
6.970413774251937866e-02
6.438878178596496582e-02
1.349090225994586945e-02
9.277164936065673828e-02
1.228719297796487808e-02
4.103435575962066650e-01
1.987800002098083496e-01
3.994846940040588379e-01
2.243880182504653931e-01
4.159246012568473816e-02
2.376506381551735103e-05
5.417732609203085303e-05
1.998901665210723877e-01
2.897351980209350586e-01
3.450319916009902954e-02
5.115114254294894636e-05
1.166713386774063110e-01
1.170554081909358501e-03
4.400432407855987549e-01
1.008104383945465088e-01
1.279866136610507965e-02
5.364369750022888184e-01
1.484791785478591919e-01
2.652299217879772186e-02
1.121944654732942581e-02
3.848670125007629395e-01
3.985624015331268311e-02
2.253416925668716431e-02
2.017396269366145134e-03
3.526549935340881348e-01
3.583985962904989719e-04
5.325933694839477539e-01
1.647831052541732788e-01
2.298935949802398682e-01
4.851609766483306885e-01
1.059624552726745605e-02
1.605116762220859528e-02
1.457464531995356083e-03
3.757074475288391113e-01
3.663397859781980515e-03
4.315802827477455139e-02
6.453919340856373310e-04
1.722556352615356445e-01
1.559242955408990383e-03
1.318780183792114258e-01
2.598239667713642120e-02
1.356800496578216553e-01
2.727364301681518555e-01
3.869677335023880005e-02
8.713488467037677765e-03
4.411382542457431555e-05
5.354890823364257812e-01
5.458475276827812195e-02
3.961523994803428650e-03
2.452828735113143921e-02
3.020847216248512268e-03
9.897531941533088684e-03
