5.308657884597778320e-03
3.951330184936523438e-01
8.041228353977203369e-02
7.304351031780242920e-02
9.379820548929274082e-04
5.354073047637939453e-01
6.566677242517471313e-02
2.286175489425659180e-01
7.537652272731065750e-03
4.136212468147277832e-01
1.963278055191040039e-01
2.830891869962215424e-02
3.329372033476829529e-03
4.796380922198295593e-02
5.493136644363403320e-01
9.682283550500869751e-02
5.521360319107770920e-03
3.428073972463607788e-02
2.621976435184478760e-01
1.904322504997253418e-01
1.251750886440277100e-01
1.352127734571695328e-02
7.327288389205932617e-01
2.784031443297863007e-02
3.569284826517105103e-02
1.957156200660392642e-06
7.218442857265472412e-03
1.742150285281240940e-03
4.297372698783874512e-01
5.145648866891860962e-02
1.528769135475158691e-01
1.996093094348907471e-01
4.825058951973915100e-02
6.115199066698551178e-03
5.217139050364494324e-02
5.007004737854003906e-01
1.691026389598846436e-01
9.656627476215362549e-02
9.949858300387859344e-03
1.182735741167562082e-05
1.004375219345092773e-01
5.932689905166625977e-01
2.505892515182495117e-01
3.271950036287307739e-02
3.977392911911010742e-01
2.448225580155849457e-02
5.810621008276939392e-02
8.249357342720031738e-02
1.984857320785522461e-01
1.464748084545135498e-01
6.288047879934310913e-02
1.183873973786830902e-02
5.863886699080467224e-02
3.074960317462682724e-03
7.468023300170898438e-01
2.407130002975463867e-01
1.480572018772363663e-02
5.940825939178466797e-01
4.174288734793663025e-02
4.810247570276260376e-02
2.166168531402945518e-03
3.602475821971893311e-01
2.582805752754211426e-01
1.585887512192130089e-04
8.048915863037109375e-02
2.237555012106895447e-02
3.483701869845390320e-02
5.522082448005676270e-01
1.710351407527923584e-01
2.534410059452056885e-01
2.961649745702743530e-02
2.674080990254878998e-02
4.620748572051525116e-03
2.624571882188320160e-02
3.728153184056282043e-02
7.060056924819946289e-02
1.834350638091564178e-02
6.809348178649088368e-07
4.319497849792242050e-03
2.859514765441417694e-02
3.250821530818939209e-01
3.929772414267063141e-03
2.010069936513900757e-01
3.105228301137685776e-03
3.848679661750793457e-01
5.911790952086448669e-02
1.782108657062053680e-02
5.384432077407836914e-01
2.410218119621276855e-02
1.351168862129270565e-06
5.504950881004333496e-02
1.578908227384090424e-02
6.982380989938974380e-03
5.967826843261718750e-01
2.159672826528549194e-01
2.236756384372711182e-01
5.140199209563434124e-04
3.995031416416168213e-01
3.071548342704772949e-01
2.002605050802230835e-02
5.743381381034851074e-01
2.276688218116760254e-01
2.657482586801052094e-02
3.866603947244584560e-04
7.643163553439080715e-04
5.831531016156077385e-04
5.596057772636413574e-01
7.250211387872695923e-02
7.864054292440414429e-03
6.914503406733274460e-03
2.006442993879318237e-01
1.035239347402239218e-05
7.844799757003784180e-02
1.981482356786727905e-01
4.473277949728071690e-04
1.170374825596809387e-01
8.256179280579090118e-03
2.826203126460313797e-03
1.587014272809028625e-02
4.330742657184600830e-01
4.023227691650390625e-01
3.073693369515240192e-04
7.224408537149429321e-02
4.618076235055923462e-02
3.926316276192665100e-02
9.029043465852737427e-02
4.566037432596203871e-07
3.639549249783158302e-04
5.370254511944949627e-04
3.755858913064002991e-02
2.455329056829214096e-03
5.351698026061058044e-02
8.850055336952209473e-01
2.214420586824417114e-02
3.814758500084280968e-03
1.069273333996534348e-02
1.961964368820190430e-01
4.924701154232025146e-02
5.509593337774276733e-02
4.041947796940803528e-02
2.975891344249248505e-02
8.294312283396720886e-05
8.043936453759670258e-03
8.266116678714752197e-02
9.141165763139724731e-03
5.490754246711730957e-01
9.318692237138748169e-02
8.710009045898914337e-03
6.272307364270091057e-04
7.882820367813110352e-01
2.518840432167053223e-01
3.425754979252815247e-02
3.616444533690810204e-03
2.041656523942947388e-01
1.999907791614532471e-01
5.102409981191158295e-03
3.989369049668312073e-02
2.460386604070663452e-03
6.638727188110351562e-01
7.668253034353256226e-02
1.772859096527099609e-01
4.642523708753287792e-04
5.743518471717834473e-01
4.112300276756286621e-02
1.502384059131145477e-02
4.709162190556526184e-02
3.944233357906341553e-01
5.045511573553085327e-02
8.902858197689056396e-02
3.937501609325408936e-01
3.650386584922671318e-03
1.477985829114913940e-01
4.586931318044662476e-03
4.614017531275749207e-02
1.318908184766769409e-01
1.351017854176461697e-03
4.463223367929458618e-02
3.692320760251277534e-08
2.391638159751892090e-01
3.271116018295288086e-01
1.467771232128143311e-01
4.734610021114349365e-02
2.756253480911254883e-01
1.534871011972427368e-02
6.528095901012420654e-02
5.961308488622307777e-04
2.248436911031603813e-03
5.848648652317933738e-05
2.909979048126842827e-05
1.446635369211435318e-02
5.689746700227260590e-03
7.067741360515356064e-03
2.049589902162551880e-02
1.081423461437225342e-02
2.477007801644504070e-04
2.605673670768737793e-01
4.183239117264747620e-02
1.996330767869949341e-01
5.197132937610149384e-03
2.048751153051853180e-02
4.464045166969299316e-01
1.782535016536712646e-01
1.933266903506591916e-04
6.056517362594604492e-02
4.303667537897126749e-06
2.764449715614318848e-01
1.017828360199928284e-01
2.406335063278675079e-02
4.344513714313507080e-01
3.942698531318455935e-04
6.504715085029602051e-01
2.142427675426006317e-02
2.491604071110486984e-03
3.463970497250556946e-02
2.106245160102844238e-01
4.223095253109931946e-02
3.691195044666528702e-03
5.934532880783081055e-01
1.100329905748367310e-01
9.968121536076068878e-03
9.243257343769073486e-02
4.699313044548034668e-01
6.186667084693908691e-02
2.009684443473815918e-01
8.502559363842010498e-02
5.098979547619819641e-02
2.303264290094375610e-02
5.645582824945449829e-02
1.577912829816341400e-02
1.213219389319419861e-02
2.629787428304553032e-03
6.676434422843158245e-04
1.047995851877203677e-06
3.140297252684831619e-03
2.253802865743637085e-01
5.273569002747535706e-02
5.804691910743713379e-01
2.446931414306163788e-02
6.662432849407196045e-02
3.841629251837730408e-02
7.292914986610412598e-01
3.330270759761333466e-03
6.868189573287963867e-02
1.803301125764846802e-01
9.401118755340576172e-02
2.700458571780472994e-04
4.573667049407958984e-02
2.214998751878738403e-01
1.801037229597568512e-02
4.950109124183654785e-01
2.000098824501037598e-01
9.522411040961742401e-03
3.212739899754524231e-02
5.044004321098327637e-01
4.518107324838638306e-02
8.036906365305185318e-05
7.496244907379150391e-01
1.629745215177536011e-01
5.797167867422103882e-02
2.622839212417602539e-01
2.486636191606521606e-01
8.646486699581146240e-02
1.803713887929916382e-01
9.092179685831069946e-02
8.072683215141296387e-02
1.206686161458492279e-02
2.555335462093353271e-01
4.871781542897224426e-02
8.727716654539108276e-02
1.540660765022039413e-02
6.960836052894592285e-02
3.573841229081153870e-02
3.366726636886596680e-02
2.652793228626251221e-01
6.733620166778564453e-02
7.855985760688781738e-01
3.060794435441493988e-02
2.064922899007797241e-01
1.296763308346271515e-02
9.649362564086914062e-01
5.181660130620002747e-02
1.199332327814772725e-04
5.896995216608047485e-02
2.268416881561279297e-01
1.117701083421707153e-01
8.460100740194320679e-02
2.412292659282684326e-01
4.924426786601543427e-03
6.490683555603027344e-01
5.519364774227142334e-02
2.069962918758392334e-01
7.741306722164154053e-02
5.881370306015014648e-01
1.982273161411285400e-02
1.137445960193872452e-02
3.699558973312377930e-02
2.546229064464569092e-01
2.930793212726712227e-03
2.157167273253435269e-06
3.083914890885353088e-02
4.203775897622108459e-03
3.857184648513793945e-01
1.997346878051757812e-01
1.326206419616937637e-02
1.003366112709045410e-01
3.963723480701446533e-01
9.441550076007843018e-02
2.175875194370746613e-02
6.752579659223556519e-02
1.591463088989257812e-01
5.040663108229637146e-02
2.534484956413507462e-04
3.797465860843658447e-01
1.011104090139269829e-03
2.029492706060409546e-01
2.498920634388923645e-02
4.160934686660766602e-02
3.931590914726257324e-02
5.550726056098937988e-01
4.814062640070915222e-02
1.808468834497034550e-03
2.754688728600740433e-03
3.238533139228820801e-01
4.939863085746765137e-02
7.509817183017730713e-02
3.056052327156066895e-01
3.513742610812187195e-02
2.388933789916336536e-04
9.465676732361316681e-03
7.028269767761230469e-02
1.705009490251541138e-04
2.623686566948890686e-02
1.870395615696907043e-02
8.866515755653381348e-02
5.632765125483274460e-03
4.580660164356231689e-02
2.997594652697443962e-03
4.149528592824935913e-02
1.941215246915817261e-01
3.751042187213897705e-01
6.153995394706726074e-01
2.864960581064224243e-02
2.747651189565658569e-03
3.774657249450683594e-01
5.805066972970962524e-02
5.172792077064514160e-02
9.751177579164505005e-02
3.992829322814941406e-01
2.577196955680847168e-01
1.089385827071964741e-03
1.510839536786079407e-02
2.311029285192489624e-01
2.674485556781291962e-03
4.979249536991119385e-01
3.261065483093261719e-02
6.828905952716013417e-06
1.367364660836756229e-03
8.252123743295669556e-02
2.793004736304283142e-02
4.372524097561836243e-02
3.271620571613311768e-01
1.541770100593566895e-01
5.130437389016151428e-02
5.482129752635955811e-02
2.714251279830932617e-01
1.895109117031097412e-01
5.630725622177124023e-01
4.651930928230285645e-02
4.404621198773384094e-02
4.039457142353057861e-01
6.197686865925788879e-02
3.888703882694244385e-02
2.875122986733913422e-02
1.923758983612060547e-01
1.602779328823089600e-01
6.965153664350509644e-02
5.100666359066963196e-02
1.272709965705871582e-01
2.989210002124309540e-02
5.479117631912231445e-01
2.456746250391006470e-02
7.458107545971870422e-03
1.752889156341552734e-02
1.309699006378650665e-02
5.479454621672630310e-02
1.373982988297939301e-02
7.179735228419303894e-03
1.827630214393138885e-02
7.685841619968414307e-02
3.743750602006912231e-02
1.827084645628929138e-02
2.742610275745391846e-01
2.389123141765594482e-01
5.811739340424537659e-02
1.693736016750335693e-02
2.005496025958564132e-05
3.361172378063201904e-01
2.626224607229232788e-02
4.175591096282005310e-02
3.815827071666717529e-01
7.632323354482650757e-02
6.780228018760681152e-02
3.797416761517524719e-02
4.004692137241363525e-01
4.203184843063354492e-01
8.026255369186401367e-01
4.430202767252922058e-03
5.647549405694007874e-03
1.340453978627920151e-03
9.002280831336975098e-01
8.134313672780990601e-02
2.097808010876178741e-02
7.610050439834594727e-01
1.033179908990859985e-01
2.016119286417961121e-02
1.169646009802818298e-01
1.603118032217025757e-01
4.040618240833282471e-01
6.443957686424255371e-01
1.334475129842758179e-01
6.068584043532609940e-03
4.363207262940704823e-04
5.584400892257690430e-02
6.399962119758129120e-03
3.192412853240966797e-02
6.242990493774414062e-01
5.009431391954421997e-02
3.009191481396555901e-03
1.910898648202419281e-02
1.896812394261360168e-02
2.012918442487716675e-01
2.012841999530792236e-01
3.184618800878524780e-02
2.366743050515651703e-02
1.116955187171697617e-02
5.438212752342224121e-01
1.070761010050773621e-01
1.188714709132909775e-02
1.189613481983542442e-03
7.493347674608230591e-02
4.814399406313896179e-02
1.240124031901359558e-01
4.086009263992309570e-01
3.724708855152130127e-01
2.496134340763092041e-01
1.925458200275897980e-02
4.476050380617380142e-03
1.675655803410336375e-04
9.674968719482421875e-01
2.185894101858139038e-01
4.246220737695693970e-02
1.262719706573989242e-07
3.413700461387634277e-01
1.000551534957594413e-07
1.347113773226737976e-02
2.614170312881469727e-01
2.016585022211074829e-01
4.900460839271545410e-01
1.449467837810516357e-01
1.068317368626594543e-01
2.009937912225723267e-02
3.194778263568878174e-01
1.164007186889648438e-01
1.997616291046142578e-01
9.914627298712730408e-03
4.661995470523834229e-01
1.157208904623985291e-01
2.473006910364006217e-09
4.965475201606750488e-01
4.477843642234802246e-03
4.073867201805114746e-01
3.560505509376525879e-01
1.007802709937095642e-01
2.974054962396621704e-02
4.824402034282684326e-01
1.159325428307056427e-02
1.264707148075103760e-01
1.094628125429153442e-03
5.370672941207885742e-01
3.396963933482766151e-03
7.515212893486022949e-02
5.259497165679931641e-01
5.498005449771881104e-02
2.005503475666046143e-01
2.002789842663332820e-04
5.860249046236276627e-03
3.509481612127274275e-04
3.712240431923419237e-04
6.456468254327774048e-04
2.747004327829927206e-04
6.384121952578425407e-04
4.154739485784375574e-08
1.458357321098446846e-03
6.572360871359705925e-04
8.132327347993850708e-02
2.029508650302886963e-01
1.683965325355529785e-03
2.555315848439931870e-03
2.759098820388317108e-02
7.380791939795017242e-04
2.301737479865550995e-02
3.242305666208267212e-02
2.193043241277337074e-03
1.334167271852493286e-02
7.897683978080749512e-02
1.554054021835327148e-02
1.938929967582225800e-02
8.035923242568969727e-01
3.277900516986846924e-01
3.996662497520446777e-01
4.698658827692270279e-03
1.759681254043243825e-05
3.645863907877355814e-04
2.103137038648128510e-02
1.110319886356592178e-02
5.016080103814601898e-05
1.495615858584642410e-02
4.458514600992202759e-02
7.670324295759201050e-03
5.697300657629966736e-03
2.110426574945449829e-01
4.252736866474151611e-01
1.090277805924415588e-01
2.299103327095508575e-02
6.807596888393163681e-03
9.920204989612102509e-03
6.692359596490859985e-02
7.239745464175939560e-03
2.331923227757215500e-03
4.543017596006393433e-03
2.255175411701202393e-01
1.620125770568847656e-02
3.097699023783206940e-02
1.117612943053245544e-01
7.181107997894287109e-02
1.027015876024961472e-02
1.502312347292900085e-02
9.696675464510917664e-03
6.958864832995459437e-05
8.389679351239465177e-06
2.142141014337539673e-01
1.736285594233777374e-05
1.605377065061475150e-06
6.615995080210268497e-04
7.977293535077478737e-06
4.569868557155132294e-03
6.913305073976516724e-02
5.421791672706604004e-01
3.445851849392056465e-03
7.263783365488052368e-02
1.509763300418853760e-02
3.478476719465106726e-05
1.433729310519993305e-03
1.523984991536053712e-07
1.045702211558818817e-02
1.645773276686668396e-02
1.357962191104888916e-01
1.312268436276520234e-12
3.466897830367088318e-02
1.964150965213775635e-01
2.346708923578262329e-01
4.491090774536132812e-02
2.488845400512218475e-02
7.155274972319602966e-03
1.473315954208374023e-01
6.286804098635911942e-03
3.858952596783638000e-02
1.542355166748166084e-04
3.471897769280474222e-11
2.590543954283930361e-05
2.289257281518075615e-05
3.771876799874007702e-04
3.728600218892097473e-02
2.024675756692886353e-01
2.074489593505859375e-01
3.551331162452697754e-02
4.754751548171043396e-02
1.190432757139205933e-01
1.115071121603250504e-03
4.364325478672981262e-02
2.418597287032753229e-04
9.588980115950107574e-03
1.400798112154006958e-01
1.324864011257886887e-02
1.009156314069059590e-08
5.633645653724670410e-01
6.558857113122940063e-02
2.224293500185012817e-01
2.356267347931861877e-02
1.274532526731491089e-01
1.239647902548313141e-02
7.059677504003047943e-03
1.771089500834932551e-06
3.446449991315603256e-04
1.651093625696375966e-04
2.918106503784656525e-03
1.059129368513822556e-02
1.580784373800270259e-05
2.200891971588134766e-01
5.490313768386840820e-01
4.219186305999755859e-01
6.560696661472320557e-02
1.331231649965047836e-02
2.350335195660591125e-02
5.978734116069972515e-04
1.197735145688056946e-01
3.881080829160055146e-06
6.657692138105630875e-04
1.600506156682968140e-02
2.076855748891830444e-01
1.602971460670232773e-03
3.280232474207878113e-02
1.912471204996109009e-01
2.068907320499420166e-01
6.906766910105943680e-03
2.745694294571876526e-02
1.240872188645880669e-05
4.151219967752695084e-03
3.638884891188354231e-06
1.460740529000759125e-02
1.354899141006171703e-03
3.418165724724531174e-04
2.517534792423248291e-02
4.322592914104461670e-02
1.231677308678627014e-01
5.797752737998962402e-01
6.229276303201913834e-03
3.613718748092651367e-01
6.114009302109479904e-04
3.801945447921752930e-01
2.018273472785949707e-01
6.376015394926071167e-02
1.785234780982136726e-03
4.325145781040191650e-01
1.032737642526626587e-01
2.449021860957145691e-02
4.388069361448287964e-02
2.137257531285285950e-02
4.160136878490447998e-01
3.420589258894324303e-03
2.038109302520751953e-01
3.104900941252708435e-02
5.427734851837158203e-01
6.418490409851074219e-02
8.810786902904510498e-02
2.418499812483787537e-02
3.965780436992645264e-01
2.505101561546325684e-01
9.501093626022338867e-02
3.555856645107269287e-02
7.417059689760208130e-02
2.024253457784652710e-01
5.739547777920961380e-03
5.901209115982055664e-01
1.860979478806257248e-03
1.561945886351168156e-03
2.968313083329121582e-06
1.204621396027505398e-03
1.454276614822447300e-03
4.179834377282531932e-06
8.926872396841645241e-05
5.633035470964387059e-06
2.050702023552730680e-04
8.333704471588134766e-01
4.268826842308044434e-01
4.292468074709177017e-03
7.922498583793640137e-01
4.362300038337707520e-03
2.489613741636276245e-02
3.837000429630279541e-01
2.683671377599239349e-02
1.758817024528980255e-02
2.015759497880935669e-01
1.927950084209442139e-01
1.534769535064697266e-01
5.880153924226760864e-02
2.048743069171905518e-01
2.191567420959472656e-01
4.529240727424621582e-02
3.987299501895904541e-01
4.620525287464261055e-04
3.432657103985548019e-04
4.628168046474456787e-01
6.328367441892623901e-02
9.328267723321914673e-02
1.839573830366134644e-01
2.019355297088623047e-01
2.251183390617370605e-01
1.111190766096115112e-02
2.103033512830734253e-01
4.049357771873474121e-02
3.481354564428329468e-03
4.041608870029449463e-01
5.180456209927797318e-04
8.361522108316421509e-03
4.597445726394653320e-01
1.908377408981323242e-01
3.333726152777671814e-02
5.849666595458984375e-01
2.957165800034999847e-02
2.729095220565795898e-01
6.416731979697942734e-03
2.314610183238983154e-01
1.396830752491950989e-02
2.161793261766433716e-01
3.831636011600494385e-01
4.416136362124234438e-04
4.075765218658489175e-07
4.008622765541076660e-01
2.724889293313026428e-02
1.420264225453138351e-02
3.279459103941917419e-02
3.698206692934036255e-02
7.233056426048278809e-02
1.252456903457641602e-01
2.110687494277954102e-01
4.268796443939208984e-01
1.522282836958765984e-03
3.916631042957305908e-01
2.732060384005308151e-03
1.241671666502952576e-01
5.967004299163818359e-01
4.241622611880302429e-02
2.511928614694625139e-04
7.928748428821563721e-02
3.866604268550872803e-01
1.299367431784048676e-04
2.650707960128784180e-03
2.237934768199920654e-01
3.752620220184326172e-01
1.964759379625320435e-01
4.647698700428009033e-01
1.101100724190473557e-02
3.894938854500651360e-04
2.157423496246337891e-01
2.117778174579143524e-02
7.127096178010106087e-04
5.898047820664942265e-04
1.975584328174591064e-01
4.503529891371726990e-02
1.481949730077758431e-04
4.043823108077049255e-03
1.898116618394851685e-01
7.523037493228912354e-02
6.849994659423828125e-01
1.890251189470291138e-01
5.093641113489866257e-03
3.779454827308654785e-01
1.707517951726913452e-01
9.274478256702423096e-02
3.846339508891105652e-02
3.554415702819824219e-01
1.547244489192962646e-01
9.690330363810062408e-03
1.221897527575492859e-01
2.284204820170998573e-04
2.012540698051452637e-01
3.672881722450256348e-01
4.668601602315902710e-02
5.588883757591247559e-01
2.645480930805206299e-01
1.043142676353454590e-01
2.166758786188438535e-04
3.277263343334197998e-01
1.390031576156616211e-01
1.365244090557098389e-01
2.768066042335703969e-05
3.118910193443298340e-01
4.198569655418395996e-01
2.111305892467498779e-01
6.380401253700256348e-01
1.957369595766067505e-01
6.418030534405261278e-05
3.391119465231895447e-02
4.945052569382824004e-05
6.856725667603313923e-04
3.472124785184860229e-02
9.135387837886810303e-03
1.845858804881572723e-02
3.263419121503829956e-02
3.314429149031639099e-02
3.964663669466972351e-02
1.896284818649291992e-01
6.069642901420593262e-01
3.845596686005592346e-02
1.185469329357147217e-02
5.877304077148437500e-01
7.111698389053344727e-02
7.646873593330383301e-02
1.955934613943099976e-01
2.303935885429382324e-01
9.626485407352447510e-02
5.509406491910340264e-06
5.284967422485351562e-01
4.781776666641235352e-01
4.143041670322418213e-01
7.589656114578247070e-01
1.233934015035629272e-01
8.236369490623474121e-02
5.525660514831542969e-01
1.655269972980022430e-02
1.727531314827501774e-03
4.870207309722900391e-01
8.757466822862625122e-02
2.832728387147653848e-05
5.132382735610008240e-02
4.116622209548950195e-01
4.788069427013397217e-02
1.747428476810455322e-01
9.061113595962524414e-01
2.294814027845859528e-02
1.101523448596708477e-04
3.012786805629730225e-02
2.824217379093170166e-01
3.406774625182151794e-02
3.731265366077423096e-01
3.401729166507720947e-01
1.167770996689796448e-01
1.689916290342807770e-02
2.061938494443893433e-01
5.485440138727426529e-03
1.347146811895072460e-03
5.941802263259887695e-01
2.127442657947540283e-01
2.276339728268794715e-05
3.956455588340759277e-01
9.652067720890045166e-02
1.350939571857452393e-01
2.769797109067440033e-02
2.258222103118896484e-01
3.273816080763936043e-03
2.823439240455627441e-02
2.234270274639129639e-01
3.738913238048553467e-01
2.311179786920547485e-02
2.041099518537521362e-01
1.631465256214141846e-01
5.331125576049089432e-03
7.334325462579727173e-02
6.736922077834606171e-03
2.749424055218696594e-02
1.332292519509792328e-02
3.937898278236389160e-01
2.742821816354990005e-03
1.281452178955078125e-02
2.234698534011840820e-01
3.409562408924102783e-01
4.017757773399353027e-01
7.477251887321472168e-01
1.281045377254486084e-01
4.341710882727056742e-04
3.189862072467803955e-01
9.724432602524757385e-03
1.769503578543663025e-02
7.468583062291145325e-03
1.741613745689392090e-01
4.010029137134552002e-02
2.774769673123955727e-04
3.787292400375008583e-03
1.871766708791255951e-02
2.246722287964075804e-04
9.781675338745117188e-01
4.404322430491447449e-02
2.331022871658205986e-03
2.098254859447479248e-01
6.563423573970794678e-02
1.594086140394210815e-01
1.292727142572402954e-02
1.983404606580734253e-01
2.652758359909057617e-01
3.190784528851509094e-02
2.982981801033020020e-01
1.030819548759609461e-04
3.974647521972656250e-01
4.007552862167358398e-01
2.465196847915649414e-01
1.754589357005897909e-05
4.694620892405509949e-02
2.098534256219863892e-02
5.501799285411834717e-02
2.881714701652526855e-02
1.343507505953311920e-02
5.736337043344974518e-03
1.118354313075542450e-02
2.200722992420196533e-01
1.143922284245491028e-01
2.213283255696296692e-02
6.454418301582336426e-01
1.423238217830657959e-01
1.296332338824868202e-03
2.594717741012573242e-01
1.030675880610942841e-02
5.473427101969718933e-02
5.756837129592895508e-01
4.057613760232925415e-02
1.028119400143623352e-01
1.334228016958149965e-07
3.838103413581848145e-01
9.354551322758197784e-03
4.470759449759498239e-06
2.746803760528564453e-01
2.586102113127708435e-02
8.444338291883468628e-02
1.914434283971786499e-01
2.143996953964233398e-01
7.596442103385925293e-02
5.456560254096984863e-01
3.120950460433959961e-01
6.838746368885040283e-03
2.656741766259074211e-03
3.974113985896110535e-02
2.170915529131889343e-02
6.139962375164031982e-02
2.961849868297576904e-01
1.120747029781341553e-01
3.457905491814017296e-03
6.058378219604492188e-01
6.493102014064788818e-02
8.371435850858688354e-02
1.708950963802635670e-03
4.615491032600402832e-01
8.002068847417831421e-03
1.171696279197931290e-02
8.695840835571289062e-02
2.133382260799407959e-01
5.684320349246263504e-03
4.538157880306243896e-01
8.292592316865921021e-02
2.100222511216998100e-03
2.034031450748443604e-01
3.437632918357849121e-01
1.157818883657455444e-01
1.695944461971521378e-03
1.000598892569541931e-01
4.505328461527824402e-02
5.862577268089808058e-08
2.788838148117065430e-01
2.044958434998989105e-02
2.047225460410118103e-02
6.091544628143310547e-01
3.870803862810134888e-02
1.105043962597846985e-01
5.078297853469848633e-01
4.835853725671768188e-02
1.945013552904129028e-02
1.652063988149166107e-02
1.846432089805603027e-01
1.682653464376926422e-02
2.226356882601976395e-03
5.273263156414031982e-02
2.118126302957534790e-01
2.872286830097436905e-03
7.216749191284179688e-01
7.905105128884315491e-03
6.934301555156707764e-02
1.886567473411560059e-01
2.782989144325256348e-01
1.687605690676718950e-04
1.264365710085257888e-05
5.074795262771658599e-05
3.593800067901611328e-01
1.132182194851338863e-03
1.993314474821090698e-01
3.666104674339294434e-01
2.029051184654235840e-01
2.000734210014343262e-01
1.912385784089565277e-02
1.032669283449649811e-02
3.322458267211914062e-01
1.736061647534370422e-02
5.128236953169107437e-03
1.224825624376535416e-02
5.386183261871337891e-01
3.091978132724761963e-01
8.861342817544937134e-02
9.361132979393005371e-02
2.191250622272491455e-01
4.594134911894798279e-02
5.691272020339965820e-01
7.027662545442581177e-02
8.036975562572479248e-02
9.691310115158557892e-03
3.893502289429306984e-04
9.874304756522178650e-03
6.532124243676662445e-04
1.065808246494270861e-04
7.122884970158338547e-03
9.327633888460695744e-04
4.345523715019226074e-01
5.764094591140747070e-01
5.612257122993469238e-01
1.980970203876495361e-01
1.352853048592805862e-02
9.585213847458362579e-03
7.128138095140457153e-03
2.379170618951320648e-02
2.407880313694477081e-02
6.601723842322826385e-03
1.454107612371444702e-01
1.289991905650822446e-05
3.373896004632115364e-03
3.253268301486968994e-01
1.636032015085220337e-01
4.874115884304046631e-01
5.255286693572998047e-01
1.176923513412475586e-01
2.664885250851511955e-03
4.391078371554613113e-03
4.827439785003662109e-02
2.739825276876217686e-06
2.873163396088784793e-07
1.040299981832504272e-01
6.716798088746145368e-05
3.870145231485366821e-02
4.121527671813964844e-01
6.094296695664525032e-04
2.022358123213052750e-03
6.859989166259765625e-01
4.253239333629608154e-01
8.968508918769657612e-04
3.941068425774574280e-02
1.237196475267410278e-01
1.475207909606979229e-06
9.822184074437245727e-05
2.278570830821990967e-02
2.876483798027038574e-01
9.917375791701488197e-07
1.335278749465942383e-01
2.005669772624969482e-01
2.611166536808013916e-01
4.479127526283264160e-01
5.794109776616096497e-02
3.572211042046546936e-02
1.492585579399019480e-04
8.917243778705596924e-02
1.973806135356426239e-02
1.777101866900920868e-02
5.136589519679546356e-03
6.607257574796676636e-02
6.807565805502235889e-04
2.451440244913101196e-01
4.330979585647583008e-01
1.086290925741195679e-03
5.954395532608032227e-01
1.797076687216758728e-02
2.326301336288452148e-01
4.600416496396064758e-02
6.241871975362300873e-03
1.967998687177896500e-03
7.021632045507431030e-02
3.867074102163314819e-02
4.601377295330166817e-04
2.128131687641143799e-02
5.877536535263061523e-01
3.930974304676055908e-01
2.889493247494101524e-03
2.019088715314865112e-01
1.308521926403045654e-01
1.361794769763946533e-03
1.304175406694412231e-01
1.975567042827606201e-01
5.842042341828346252e-02
4.041632115840911865e-01
5.339618399739265442e-02
7.286766916513442993e-02
2.132782246917486191e-03
2.939891219139099121e-01
2.373720854520797729e-01
1.691450597718358040e-03
9.906922578811645508e-01
7.281424850225448608e-02
5.817237496376037598e-02
1.061425078660249710e-02
5.261482000350952148e-01
5.627999082207679749e-02
2.185649573802947998e-01
1.069580167531967163e-01
7.230276241898536682e-03
9.528897702693939209e-02
2.909567058086395264e-01
4.029270410537719727e-01
2.036350816488265991e-01
3.985526859760284424e-01
3.847247362136840820e-02
3.352693840861320496e-02
1.017842878354713321e-04
1.992668807506561279e-01
4.717825446277856827e-03
3.196848090738058090e-03
1.657746266573667526e-03
4.998990448257245589e-07
8.239841554313898087e-05
2.270807623863220215e-01
1.033311486244201660e-01
2.076118737459182739e-01
6.487953066825866699e-01
7.556109130382537842e-02
2.026303205639123917e-03
3.247393527999520302e-03
1.713683456182479858e-01
1.896958929137326777e-05
7.883979938924312592e-03
4.342785477638244629e-01
6.544418632984161377e-03
3.169912099838256836e-02
1.327172517776489258e-01
4.035575985908508301e-01
3.355644345283508301e-01
3.864770829677581787e-01
2.264172881841659546e-01
2.149258404970169067e-01
8.591380901634693146e-03
7.575072050094604492e-01
2.824025973677635193e-02
1.408728305250406265e-02
3.689396679401397705e-01
2.855738997459411621e-02
1.162871485576033592e-04
2.635439112782478333e-02
5.258588586002588272e-03
2.000818848609924316e-01
5.895102620124816895e-01
1.967498809099197388e-01
1.311470696236938238e-04
7.052148430375382304e-05
1.640935838222503662e-01
5.717863095924258232e-04
1.973487436771392822e-02
3.700859248638153076e-01
9.245935082435607910e-02
9.472276270389556885e-02
1.698941737413406372e-01
8.910185657441616058e-03
2.411651890724897385e-03
5.929733514785766602e-01
3.146618604660034180e-01
2.075076997280120850e-01
5.085638840682804585e-04
3.971143364906311035e-01
4.870399087667465210e-02
3.368209004402160645e-01
2.086621243506669998e-04
7.433476299047470093e-02
2.141015231609344482e-02
3.422171175479888916e-01
9.957281872630119324e-03
7.986661046743392944e-02
5.764080286026000977e-01
1.345052123069763184e-01
1.089703990146517754e-03
2.467943727970123291e-02
3.710018992424011230e-01
1.865854114294052124e-01
3.461853042244911194e-02
6.176777929067611694e-02
1.095297336578369141e-01
3.329799743369221687e-03
4.528581202030181885e-01
3.530637919902801514e-01
2.317280471324920654e-01
3.874797821044921875e-01
2.276846393942832947e-02
3.578510659281164408e-04
7.552897091954946518e-03
5.643348693847656250e-01
4.899755120277404785e-02
1.962431124411523342e-04
3.951631486415863037e-01
1.879882222111106671e-10
9.913438407238572836e-05
9.308995306491851807e-02
8.440006524324417114e-03
3.517545014619827271e-02
3.686271309852600098e-01
3.816476464271545410e-02
1.296127215027809143e-03
1.021153992041945457e-03
1.969946175813674927e-01
9.752194397151470184e-03
4.812791943550109863e-03
6.804283857345581055e-01
9.771491932042408735e-06
3.873869445669697598e-06
2.260576784610748291e-01
2.020407766103744507e-01
7.995471358299255371e-03
6.276936531066894531e-01
6.311540305614471436e-02
5.598959047347307205e-03
1.349865458905696869e-03
3.590063154697418213e-01
4.400724917650222778e-02
7.408260554075241089e-02
5.086035728454589844e-01
1.359062343835830688e-01
2.123299799859523773e-02
2.609774470329284668e-01
1.952181458473205566e-01
1.954296976327896118e-02
6.906358152627944946e-02
6.396741420030593872e-02
1.972671002149581909e-01
2.550990507006645203e-02
7.878888845443725586e-01
7.447642832994461060e-02
3.774344921112060547e-02
1.692606210708618164e-01
2.196118608117103577e-02
2.571563709352631122e-05
2.885174155235290527e-01
6.065609455108642578e-01
1.519813854247331619e-02
7.448071241378784180e-01
1.359676420688629150e-01
3.807491521001793444e-05
1.815411960706114769e-04
2.092652916908264160e-01
2.019993215799331665e-02
3.753208369016647339e-02
3.650358617305755615e-01
2.711813710629940033e-02
1.989513635635375977e-01
5.664727687835693359e-01
2.955194711685180664e-01
2.109146416187286377e-01
1.354680061340332031e-01
6.983806844800710678e-03
2.106859385967254639e-01
9.387372301716823131e-06
4.977891445159912109e-01
1.761898994445800781e-01
7.450641714967787266e-05
5.724258720874786377e-03
1.740036904811859131e-01
5.266593024134635925e-02
6.115849614143371582e-01
6.513286828994750977e-01
2.038429081439971924e-01
7.594854831695556641e-01
1.892433166503906250e-01
5.154152750037610531e-04
1.503748912364244461e-02
4.847907423973083496e-01
2.518877983093261719e-01
2.684441395103931427e-02
4.527901858091354370e-02
1.883514076471328735e-01
9.551177499815821648e-04
2.189307212829589844e-01
4.672482609748840332e-03
2.245909124612808228e-01
7.053712755441665649e-02
3.775930032134056091e-02
2.155463397502899170e-01
1.590378955006599426e-02
1.679007411003112793e-01
8.445098251104354858e-02
2.250813320279121399e-02
4.043781664222478867e-04
2.061111479997634888e-01
5.187909479786867450e-08
3.449634313583374023e-01
2.181521952152252197e-01
4.239552021026611328e-01
4.829026460647583008e-01
7.697007805109024048e-02
2.323337830603122711e-02
2.099386620102450252e-04
3.775862157344818115e-01
1.078728586435317993e-01
1.992462901398539543e-03
1.433543457096675411e-05
2.445876225829124451e-02
4.808731377124786377e-02
2.899250388145446777e-01
1.465665847063064575e-01
2.170671820640563965e-01
3.050747513771057129e-01
1.512008905410766602e-01
2.274727914482355118e-03
4.281890392303466797e-02
2.008961290121078491e-01
4.897803813219070435e-02
7.062008604407310486e-03
5.313754547387361526e-03
2.916114032268524170e-01
4.252732032909989357e-04
2.840479910373687744e-01
5.348355323076248169e-02
3.089302778244018555e-01
5.895115733146667480e-01
3.619743883609771729e-02
2.740412019193172455e-03
3.613583976402878761e-03
3.833807706832885742e-01
2.002995163202285767e-01
2.178293466567993164e-02
5.895784124732017517e-04
3.917114138603210449e-01
6.475121714174747467e-03
2.672740221023559570e-01
3.171908259391784668e-01
1.982183605432510376e-01
3.940364122390747070e-01
1.093610152602195740e-01
9.530739858746528625e-03
3.315370902419090271e-02
7.703717947006225586e-01
1.706342399120330811e-01
8.795462548732757568e-03
1.502844411879777908e-02
1.864576041698455811e-01
1.977580934762954712e-01
