9.964885711669921875e-01
9.718714356422424316e-01
4.321786016225814819e-02
9.768666625022888184e-01
3.550152182579040527e-01
9.651191830635070801e-01
1.996098458766937256e-01
9.758315086364746094e-01
4.463442787528038025e-02
9.639858007431030273e-01
6.311973929405212402e-02
9.803932309150695801e-01
5.729844793677330017e-02
2.609859704971313477e-01
2.277002856135368347e-02
3.660579323768615723e-01
4.285373166203498840e-02
9.983976483345031738e-01
1.879340261220932007e-01
3.194190934300422668e-02
2.906058914959430695e-02
9.917362928390502930e-01
1.591709628701210022e-02
1.734941906761378050e-04
7.436813320964574814e-04
9.888232946395874023e-01
3.624665364623069763e-02
6.872683297842741013e-04
1.606852310942485929e-05
9.863428473472595215e-01
5.689335521310567856e-03
9.859054088592529297e-01
2.662159688770771027e-02
5.397459608502686024e-04
3.187745511531829834e-01
9.823198318481445312e-01
4.366314783692359924e-02
3.789071924984455109e-03
1.495242122473428026e-05
9.829043745994567871e-01
4.850438237190246582e-02
9.114947170019149780e-04
5.502177373273298144e-05
9.950497746467590332e-01
9.002670645713806152e-01
9.865574240684509277e-01
2.991820126771926880e-02
6.982798576354980469e-01
2.272502332925796509e-02
9.802632927894592285e-01
3.136574104428291321e-02
3.948415629565715790e-03
1.220404636114835739e-03
9.814931750297546387e-01
5.217786133289337158e-02
1.742661232128739357e-03
1.710675423964858055e-04
9.996520280838012695e-01
9.512661695480346680e-01
1.649837009608745575e-02
1.753133833408355713e-01
2.670004665851593018e-01
1.222245246171951294e-01
1.027058064937591553e-02
6.057596951723098755e-02
9.346358180046081543e-01
1.290623098611831665e-01
1.298981485888361931e-03
7.401564717292785645e-02
9.804630875587463379e-01
9.959272742271423340e-01
9.840023517608642578e-01
9.956392049789428711e-01
1.764404773712158203e-02
6.257523316890001297e-03
1.258549988269805908e-01
8.976154327392578125e-01
2.379284705966711044e-03
3.894595801830291748e-02
9.423503279685974121e-01
8.218070864677429199e-01
1.998898187594022602e-05
1.173195429146289825e-03
5.889086127281188965e-01
9.899277091026306152e-01
9.665592908859252930e-01
5.263124704360961914e-01
7.143838331103324890e-03
9.876461029052734375e-01
2.386314049363136292e-02
3.602091595530509949e-02
9.874637722969055176e-01
2.473948337137699127e-02
1.435077865608036518e-04
5.308505024004261941e-06
9.851466417312622070e-01
3.539831936359405518e-02
4.315432743169367313e-04
4.887323302682489157e-05
9.866228699684143066e-01
9.337098002433776855e-01
2.779043093323707581e-02
9.817774295806884766e-01
2.972005009651184082e-01
8.663036227226257324e-01
9.793382287025451660e-01
3.851228952407836914e-02
3.102607727050781250e-01
7.574412040412425995e-03
9.835458993911743164e-01
5.090898275375366211e-02
1.809067325666546822e-03
6.560300244018435478e-05
9.951307773590087891e-01
9.456471800804138184e-01
2.012412622570991516e-02
9.840332865715026855e-01
3.225103020668029785e-01
5.076385736465454102e-01
9.226029515266418457e-01
4.899679124355316162e-01
9.490199685096740723e-01
4.358659982681274414e-01
5.113373626954853535e-04
6.438128650188446045e-02
9.929591417312622070e-01
9.663969874382019043e-01
9.811523556709289551e-01
9.736350774765014648e-01
1.809038408100605011e-02
4.836997948586940765e-03
2.841690182685852051e-01
9.424869418144226074e-01
5.890015363693237305e-01
1.636282075196504593e-03
9.653444290161132812e-01
8.950451612472534180e-01
2.281217603012919426e-04
2.271583536639809608e-03
5.087617039680480957e-01
9.984801411628723145e-01
9.672920107841491699e-01
8.739527463912963867e-01
9.274952858686447144e-02
9.842162132263183594e-01
2.483984455466270447e-02
9.832413792610168457e-01
3.834207653999328613e-01
9.869890213012695312e-01
2.578414231538772583e-02
9.962217807769775391e-01
9.854022264480590820e-01
3.988633677363395691e-02
3.710217715706676245e-04
8.404274471104145050e-03
9.963626861572265625e-01
9.722505807876586914e-01
1.189160048961639404e-01
9.854809045791625977e-01
4.253488034009933472e-02
7.794046998023986816e-01
5.546869710087776184e-02
9.818147420883178711e-01
3.466622903943061829e-02
1.100054942071437836e-02
9.837440848350524902e-01
5.148341506719589233e-02
2.017393708229064941e-03
3.084596028202213347e-05
9.954647421836853027e-01
9.697875380516052246e-01
2.412951365113258362e-02
9.614086747169494629e-01
7.170953154563903809e-01
8.162131309509277344e-01
5.236487984657287598e-01
9.751026630401611328e-01
9.854882359504699707e-01
9.618255496025085449e-01
2.762323915958404541e-01
5.401404947042465210e-02
3.430326282978057861e-01
1.697201877832412720e-01
9.934059977531433105e-01
9.856303930282592773e-01
4.886498302221298218e-02
9.779241867363452911e-03
6.468263268470764160e-01
5.340443849563598633e-01
1.158364415168762207e-01
3.029437502846121788e-03
1.108052358031272888e-01
9.393724799156188965e-01
1.633400321006774902e-01
8.506518602371215820e-01
9.784003496170043945e-01
9.888323545455932617e-01
9.966807961463928223e-01
9.684280157089233398e-01
1.180433556437492371e-01
9.783767461776733398e-01
1.632292717695236206e-01
9.589349031448364258e-01
1.719148606061935425e-01
9.749544858932495117e-01
4.118968546390533447e-02
9.585441946983337402e-01
1.211462691426277161e-01
9.763574600219726562e-01
6.678844988346099854e-02
9.361149370670318604e-02
9.968187212944030762e-01
9.769125580787658691e-01
8.031860589981079102e-01
9.823927283287048340e-01
4.706170558929443359e-01
8.761379122734069824e-01
1.463715136051177979e-01
9.789784550666809082e-01
5.636530742049217224e-02
1.671480387449264526e-01
9.851245209574699402e-03
9.817694425582885742e-01
6.110686063766479492e-02
2.737452974542975426e-03
