8.202193333552434407e-01
4.497775520810067262e-01
5.126486657044062589e-01
5.076627874757553283e-01
6.323197342573900759e-01
4.639813732848359629e-01
3.289315984942592364e-01
3.187433087590271774e-01
6.714574923882117297e-01
6.812249853347356332e-01
4.971458944850243311e-01
4.904521954460785982e-01
7.640032080503610379e-01
6.614877867440764891e-01
4.144247854665781272e-01
5.839679344700505759e-01
6.510772185328488337e-01
6.712356630999308793e-01
6.143959686876490078e-01
6.225385264708445110e-01
8.316575667032828356e-01
8.836366580082819500e-01
6.962758784110729682e-01
7.323678233302556295e-01
8.391951260228569520e-01
7.140210864062492835e-01
4.742200992556648287e-01
2.906864942737439339e-01
9.426281498028681316e-01
8.616847625145545031e-01
6.849941847764197123e-01
6.503819912098921519e-01
8.782158150122716389e-01
8.430263124979459066e-01
8.312550851931939100e-01
9.066237669724684922e-01
9.218586316475501086e-01
6.016258857655583103e-01
4.341415457266311062e-01
7.542479720253211228e-01
8.894679225408114176e-01
6.303564211997915168e-01
5.697016140016225583e-01
8.316620490871943217e-01
8.308598926434149767e-01
6.410900854077331568e-01
8.378511185829455865e-01
8.498471860702221381e-01
8.481680682072272326e-01
7.373989498457655944e-01
7.049098877775507033e-01
7.700914435375195710e-01
7.842176148596291529e-01
8.292937393371875299e-01
7.295582204913864111e-01
5.478221049997955561e-01
7.152726157353475056e-01
8.274310758480658556e-01
5.553657255010105986e-01
6.941434396430850029e-01
7.240530557554358815e-01
8.508604547152152087e-01
7.842737338863886576e-01
8.222446418725527506e-01
7.820521994278981648e-01
8.153988696061648112e-01
7.257854457084949029e-01
9.033132837368891277e-01
5.108454734346685733e-01
7.741008335377072003e-01
9.061105205462529621e-01
8.373458935664250813e-01
9.381246154124920356e-01
9.251417746910681750e-01
9.008629092803368543e-01
7.314622602438108911e-01
6.488120376060788619e-01
8.926528829794663222e-01
8.487753260594147475e-01
7.444926084807286237e-01
8.899650298632107992e-01
8.159334235466443319e-01
8.884596526622772217e-01
7.746934715592382892e-01
7.358761397548593264e-01
8.021185352252080403e-01
9.221789561785184164e-01
8.687389905636127008e-01
6.976039413935862799e-01
7.179228882106882814e-01
8.210830923456412522e-01
8.165881828619883098e-01
9.159532831265375652e-01
8.655113211044898058e-01
8.535213470458984375e-01
8.872077740155733805e-01
8.918527685678921957e-01
9.241473949872530680e-01
8.676754373770493300e-01
9.254606549556438910e-01
9.150737753281226183e-01
