9.810957908630371094e-01
9.946967959403991699e-01
6.812562942504882812e-01
9.060989022254943848e-01
9.936468005180358887e-01
9.873689413070678711e-01
9.935218095779418945e-01
9.956501126289367676e-01
9.317008256912231445e-01
9.786350727081298828e-01
9.980470538139343262e-01
9.220137000083923340e-01
9.280338287353515625e-01
1.574829366290941834e-04
9.999721050262451172e-01
9.833422899246215820e-01
2.491700276732444763e-02
9.573520161211490631e-03
9.908865690231323242e-01
9.983285069465637207e-01
7.334960699081420898e-01
1.689460314810276031e-02
6.897903680801391602e-01
9.993103742599487305e-01
9.413872957229614258e-01
1.070109978318214417e-01
4.400311782956123352e-02
2.372909188270568848e-01
9.646164774894714355e-01
8.937183022499084473e-02
4.271357953548431396e-01
9.951865077018737793e-01
2.729476429522037506e-02
1.743055582046508789e-01
8.990507125854492188e-01
9.931018352508544922e-01
9.999358654022216797e-01
9.999933242797851562e-01
9.995908141136169434e-01
4.956838674843311310e-04
6.740683317184448242e-02
9.843576550483703613e-01
1.793977804481983185e-02
2.673236727714538574e-01
9.744470715522766113e-01
1.425162423402070999e-02
5.372283980250358582e-02
9.720498919486999512e-01
9.739077091217041016e-01
9.998355507850646973e-01
9.999978542327880859e-01
9.999592900276184082e-01
3.613075986504554749e-02
2.514645457267761230e-04
9.999587535858154297e-01
5.320519804954528809e-01
9.378688335418701172e-01
9.991359114646911621e-01
9.919978976249694824e-01
9.870880246162414551e-01
3.840816020965576172e-01
9.971444010734558105e-01
9.989597201347351074e-01
9.970951676368713379e-01
6.823286414146423340e-01
5.472109913825988770e-01
2.335940599441528320e-01
9.960964322090148926e-01
9.962970018386840820e-01
9.587605595588684082e-01
3.653571605682373047e-01
9.025896191596984863e-01
9.111365079879760742e-01
8.301748037338256836e-01
2.802755450829863548e-03
6.571035087108612061e-02
8.880013823509216309e-01
9.784038066864013672e-01
6.495949625968933105e-01
6.334607005119323730e-01
9.545463323593139648e-01
1.208471599966287613e-02
7.064476609230041504e-01
6.183034777641296387e-01
7.153211832046508789e-01
2.460430711507797241e-01
4.778819382190704346e-01
9.591308832168579102e-01
9.565449357032775879e-01
1.997065544128417969e-01
1.106109470129013062e-01
2.231240272521972656e-02
3.539843261241912842e-01
9.417618513107299805e-01
9.838772937655448914e-03
1.927079982124269009e-03
1.796282711438834667e-03
8.401113152503967285e-01
1.167543902993202209e-01
1.177675556391477585e-03
8.722779154777526855e-01
9.686303734779357910e-01
9.963661432266235352e-01
9.957810640335083008e-01
4.483886957168579102e-01
8.604011535644531250e-01
9.981314539909362793e-01
2.812533676624298096e-01
9.054102301597595215e-01
7.950623035430908203e-01
9.926180243492126465e-01
9.834274649620056152e-01
9.846271276473999023e-01
9.910650849342346191e-01
2.507746815681457520e-01
9.962631464004516602e-01
9.996165037155151367e-01
7.649787068367004395e-01
9.069987535476684570e-01
9.888034462928771973e-01
1.500957608222961426e-01
8.224257230758666992e-01
8.690768480300903320e-01
9.678555727005004883e-01
9.990172982215881348e-01
9.968633651733398438e-01
9.230288267135620117e-01
6.972038745880126953e-02
7.774270772933959961e-01
7.697820067405700684e-01
6.710528731346130371e-01
7.972819209098815918e-01
8.963368535041809082e-01
9.447171688079833984e-01
5.977653861045837402e-01
3.549959957599639893e-01
7.502766251564025879e-01
8.730363249778747559e-01
9.823760986328125000e-01
9.684914946556091309e-01
4.924596548080444336e-01
7.270254194736480713e-02
1.071496382355690002e-01
2.347275465726852417e-01
7.390796542167663574e-01
9.025791287422180176e-01
2.526946365833282471e-02
4.299891591072082520e-01
3.762535452842712402e-01
9.528809785842895508e-01
8.275083899497985840e-01
9.276537299156188965e-01
9.648669362068176270e-01
8.860734105110168457e-01
9.793538451194763184e-01
8.248583972454071045e-02
6.550452709197998047e-01
6.977103948593139648e-01
9.976776242256164551e-01
3.296846151351928711e-01
9.362526535987854004e-01
9.580744504928588867e-01
9.870771169662475586e-01
9.779790043830871582e-01
9.870142340660095215e-01
8.791899681091308594e-01
9.871934652328491211e-01
9.988982677459716797e-01
9.706536531448364258e-01
9.968320131301879883e-01
9.809886813163757324e-01
9.999858736991882324e-01
4.251737892627716064e-02
1.087088603526353836e-02
9.840186834335327148e-01
9.991849064826965332e-01
9.853280186653137207e-01
3.665847703814506531e-02
7.155746221542358398e-01
9.901810288429260254e-01
9.139792323112487793e-01
9.710280895233154297e-01
9.999909996986389160e-01
4.319853708148002625e-02
9.791327714920043945e-01
8.743155598640441895e-01
1.792601123452186584e-02
4.475063681602478027e-01
9.647004008293151855e-01
9.945740103721618652e-01
3.510692417621612549e-01
5.511081814765930176e-01
6.213547587394714355e-01
9.934785962104797363e-01
9.913663268089294434e-01
4.069206304848194122e-03
1.079947054386138916e-01
9.741643071174621582e-01
9.511299431324005127e-02
6.410262733697891235e-02
9.837139248847961426e-01
5.128707289695739746e-01
8.793735504150390625e-01
8.941382169723510742e-01
9.844430088996887207e-01
9.908212423324584961e-01
9.971581697463989258e-01
9.962283968925476074e-01
3.380613327026367188e-01
2.599443122744560242e-02
9.949017763137817383e-01
3.624471127986907959e-01
7.044437527656555176e-02
9.929969906806945801e-01
9.805619120597839355e-01
9.801967144012451172e-01
5.930030345916748047e-01
9.900535941123962402e-01
9.997280836105346680e-01
9.972038865089416504e-01
9.994002580642700195e-01
9.992014169692993164e-01
2.013495713472366333e-01
9.949994683265686035e-01
9.999608397483825684e-01
9.967734813690185547e-01
8.402926474809646606e-02
9.987235665321350098e-01
9.852774143218994141e-01
8.220602273941040039e-01
7.907621860504150391e-01
9.959340095520019531e-01
9.934830665588378906e-01
9.769480824470520020e-01
7.740722894668579102e-01
7.982145547866821289e-01
9.742262959480285645e-01
7.945261597633361816e-01
9.920307993888854980e-01
9.884185791015625000e-01
8.734104037284851074e-01
8.048373460769653320e-01
8.622486591339111328e-01
9.540953040122985840e-01
9.687818884849548340e-01
7.423307746648788452e-02
1.229451522231101990e-01
3.197292983531951904e-01
8.088414072990417480e-01
9.783217906951904297e-01
1.287445127964019775e-01
6.004310846328735352e-01
8.925892114639282227e-01
9.305249452590942383e-01
9.794415831565856934e-01
4.335689246654510498e-01
9.162268042564392090e-01
9.968797564506530762e-01
9.993381500244140625e-01
9.974567294120788574e-01
8.206310868263244629e-01
6.141091585159301758e-01
9.943522214889526367e-01
9.816681742668151855e-01
9.889518618583679199e-01
9.178166985511779785e-01
9.921363592147827148e-01
9.911724925041198730e-01
9.923337101936340332e-01
9.883360266685485840e-01
9.995782375335693359e-01
9.990767836570739746e-01
9.980476498603820801e-01
7.951778769493103027e-01
9.436345100402832031e-01
9.909039735794067383e-01
9.887983202934265137e-01
9.954067468643188477e-01
9.941413402557373047e-01
9.788366556167602539e-01
9.997009038925170898e-01
9.943131804466247559e-01
9.565833806991577148e-01
9.962569475173950195e-01
9.559946656227111816e-01
9.431026577949523926e-01
4.479858577251434326e-01
9.858420491218566895e-01
9.675251841545104980e-01
8.785303831100463867e-01
9.625241160392761230e-01
9.971527457237243652e-01
9.188607335090637207e-01
9.890205860137939453e-01
9.936196208000183105e-01
7.618973851203918457e-01
7.583804726600646973e-01
5.534995198249816895e-01
3.308145105838775635e-01
2.021246254444122314e-01
9.878603816032409668e-01
9.697735309600830078e-01
8.937790393829345703e-01
9.731706380844116211e-01
9.942886829376220703e-01
9.340949654579162598e-01
9.941592216491699219e-01
9.893534779548645020e-01
8.291330933570861816e-01
9.262983202934265137e-01
9.919803142547607422e-01
1.982910484075546265e-01
8.667892813682556152e-01
5.705092102289199829e-02
9.924709796905517578e-01
9.915062785148620605e-01
9.927541017532348633e-01
9.563494324684143066e-01
9.901388883590698242e-01
9.884569644927978516e-01
9.944453239440917969e-01
9.846667647361755371e-01
9.884204268455505371e-01
9.986384510993957520e-01
9.897850751876831055e-01
9.999586343765258789e-01
9.994903206825256348e-01
8.900949954986572266e-01
9.999978542327880859e-01
6.900863051414489746e-01
3.549000993371009827e-02
8.592532873153686523e-01
9.907296299934387207e-01
9.972425699234008789e-01
2.912239432334899902e-01
7.345458865165710449e-01
9.810481667518615723e-01
9.956572651863098145e-01
9.922246336936950684e-01
9.872970581054687500e-01
2.474941872060298920e-02
9.938366413116455078e-01
1.238807663321495056e-02
4.193930421024560928e-03
6.294157356023788452e-04
9.977729320526123047e-01
8.998705148696899414e-01
3.086994886398315430e-01
3.707703948020935059e-02
9.727256298065185547e-01
9.912059903144836426e-01
9.898805618286132812e-01
9.781683683395385742e-01
5.029259249567985535e-03
4.646410420536994934e-02
2.620250234031118453e-05
5.995582416653633118e-02
5.414272546768188477e-01
1.060282159596681595e-02
2.651959890499711037e-03
6.861940026283264160e-01
9.914744496345520020e-01
3.723314702510833740e-01
5.140943918377161026e-03
9.965798258781433105e-01
9.924901723861694336e-01
9.982478022575378418e-01
9.990766644477844238e-01
9.721186161041259766e-01
9.984592199325561523e-01
9.989578127861022949e-01
9.993939995765686035e-01
9.752659201622009277e-01
9.971575736999511719e-01
9.974045157432556152e-01
9.523992538452148438e-01
9.951948523521423340e-01
9.993851780891418457e-01
9.977469444274902344e-01
9.989383220672607422e-01
9.967584609985351562e-01
9.999637603759765625e-01
9.954172372817993164e-01
9.954130649566650391e-01
9.925841093063354492e-01
9.986682534217834473e-01
4.059069454669952393e-01
8.980384469032287598e-01
9.849942326545715332e-01
9.688436388969421387e-01
9.980496168136596680e-01
9.957553148269653320e-01
1.847643591463565826e-02
7.306931018829345703e-01
9.999712705612182617e-01
2.515716850757598877e-01
9.883236885070800781e-01
9.925875067710876465e-01
9.847534298896789551e-01
9.754261970520019531e-01
7.408343954011797905e-04
9.873921871185302734e-01
9.958834648132324219e-01
9.956797361373901367e-01
9.894905090332031250e-01
4.284295439720153809e-02
5.821985602378845215e-01
9.997372627258300781e-01
7.910797595977783203e-01
9.677017331123352051e-01
9.985565543174743652e-01
6.114175319671630859e-01
9.884647130966186523e-01
9.986006617546081543e-01
9.752614498138427734e-01
4.451419413089752197e-01
9.971298575401306152e-01
9.939385652542114258e-01
9.905666112899780273e-01
9.983872771263122559e-01
9.946203827857971191e-01
8.817176520824432373e-02
9.977695941925048828e-01
9.990629553794860840e-01
9.594327807426452637e-01
9.975853562355041504e-01
9.981961846351623535e-01
9.738571643829345703e-01
9.945322275161743164e-01
9.955503940582275391e-01
9.911902546882629395e-01
9.193657636642456055e-01
9.992688894271850586e-01
9.970418810844421387e-01
9.620646834373474121e-01
9.970596432685852051e-01
9.991152882575988770e-01
9.573775529861450195e-01
9.883516430854797363e-01
9.195164442062377930e-01
7.737292647361755371e-01
9.812991023063659668e-01
9.946917891502380371e-01
9.886010289192199707e-01
9.695572853088378906e-01
9.989277124404907227e-01
9.981346726417541504e-01
9.515091180801391602e-01
9.941211342811584473e-01
9.990455508232116699e-01
8.452152609825134277e-01
9.978786110877990723e-01
3.912279009819030762e-01
9.602952003479003906e-01
9.715547561645507812e-01
9.972495436668395996e-01
9.938270449638366699e-01
9.274438619613647461e-01
9.987445473670959473e-01
9.990388154983520508e-01
9.331691265106201172e-01
9.885955452919006348e-01
9.988898634910583496e-01
9.776283502578735352e-01
9.979282617568969727e-01
9.845182895660400391e-01
9.988012909889221191e-01
9.965162277221679688e-01
9.976756572723388672e-01
9.952680468559265137e-01
9.650450944900512695e-01
9.969674944877624512e-01
9.997555017471313477e-01
7.860833406448364258e-01
9.950732588768005371e-01
9.721274971961975098e-01
9.827062487602233887e-01
9.917860627174377441e-01
9.955708980560302734e-01
9.970659613609313965e-01
9.879999160766601562e-01
9.993110895156860352e-01
9.997889995574951172e-01
9.962167739868164062e-01
9.782017469406127930e-01
9.993025660514831543e-01
1.180456456495448947e-04
3.688670694828033447e-03
9.965814352035522461e-01
9.921810030937194824e-01
1.841922676248941571e-05
7.593299378640949726e-04
9.937361478805541992e-01
9.995430111885070801e-01
9.993286728858947754e-01
9.909458756446838379e-01
9.797049164772033691e-01
1.093024294823408127e-02
9.921372532844543457e-01
6.054194644093513489e-03
7.856916636228561401e-03
4.307948052883148193e-03
9.931667447090148926e-01
5.265884995460510254e-01
9.341219663619995117e-01
6.333414912223815918e-01
2.412777021527290344e-02
9.994803667068481445e-01
9.967926740646362305e-01
9.882875084877014160e-01
7.758123278617858887e-01
9.955306053161621094e-01
1.413989067077636719e-01
9.844890832901000977e-01
9.975839853286743164e-01
3.390493094921112061e-01
6.906517148017883301e-01
7.129310965538024902e-01
9.911901950836181641e-01
9.704156517982482910e-01
9.997575879096984863e-01
9.952572584152221680e-01
9.882618784904479980e-01
9.601112604141235352e-01
9.969108104705810547e-01
9.361223578453063965e-01
9.988372921943664551e-01
9.941561818122863770e-01
9.862135648727416992e-01
7.194980382919311523e-01
9.633248448371887207e-01
9.889506697654724121e-01
9.912722110748291016e-01
9.995613098144531250e-01
9.960897564888000488e-01
9.924052953720092773e-01
1.165420562028884888e-02
8.365535140037536621e-01
9.996519684791564941e-01
3.125535670278623002e-07
9.964190125465393066e-01
9.906514883041381836e-01
3.790522168856114149e-04
5.926844314672052860e-04
9.953648447990417480e-01
9.970586299896240234e-01
9.997079372406005859e-01
9.935947656631469727e-01
9.818307161331176758e-01
1.093391552567481995e-01
9.971846938133239746e-01
9.997138381004333496e-01
2.861286699771881104e-01
8.501850962638854980e-01
9.992240667343139648e-01
4.988199174404144287e-01
9.488731026649475098e-01
8.916767835617065430e-01
5.174491405487060547e-01
9.995154738426208496e-01
9.922661781311035156e-01
9.834599494934082031e-01
9.942497014999389648e-01
9.973236322402954102e-01
9.978289604187011719e-01
1.266987919807434082e-01
9.783370494842529297e-01
9.951918721199035645e-01
6.418062448501586914e-01
9.809824824333190918e-01
9.959828257560729980e-01
9.925075769424438477e-01
9.995214343070983887e-01
9.933306574821472168e-01
9.769579172134399414e-01
9.968649148941040039e-01
9.985624551773071289e-01
9.820268154144287109e-01
4.393116235733032227e-01
9.988865852355957031e-01
9.883590936660766602e-01
9.783663153648376465e-01
8.945910334587097168e-01
9.965268969535827637e-01
9.935761690139770508e-01
9.993202686309814453e-01
9.944900870323181152e-01
9.812050461769104004e-01
9.902254939079284668e-01
9.949864149093627930e-01
9.982624053955078125e-01
8.924335241317749023e-02
8.986578583717346191e-01
9.956883192062377930e-01
9.890251159667968750e-01
6.359331018757075071e-05
4.935276210308074951e-01
9.962504506111145020e-01
9.997724890708923340e-01
9.931854605674743652e-01
9.661716818809509277e-01
9.421343207359313965e-01
9.952298402786254883e-01
9.571000933647155762e-01
4.272586703300476074e-01
9.945225715637207031e-01
9.915669560432434082e-01
9.964031577110290527e-01
9.856060147285461426e-01
9.870604872703552246e-01
9.967962503433227539e-01
9.997337460517883301e-01
9.934921860694885254e-01
9.860419034957885742e-01
9.585157632827758789e-01
9.950625300407409668e-01
9.881129860877990723e-01
4.403989017009735107e-01
9.935152530670166016e-01
9.767698049545288086e-01
9.833918809890747070e-01
7.708066701889038086e-01
9.941288232803344727e-01
9.872330427169799805e-01
9.326632618904113770e-01
9.269101619720458984e-01
9.274694919586181641e-01
9.983069896697998047e-01
9.289131164550781250e-01
9.984163045883178711e-01
1.746979206800460815e-01
9.053727388381958008e-01
9.731774926185607910e-01
9.977987408638000488e-01
9.985257983207702637e-01
9.959303736686706543e-01
9.560244679450988770e-01
9.894142746925354004e-01
9.760721921920776367e-01
9.435161948204040527e-01
8.563771843910217285e-01
9.109268188476562500e-01
8.653151988983154297e-01
1.503693684935569763e-02
9.945074915885925293e-01
6.846622228622436523e-01
9.062859416007995605e-01
2.873267829418182373e-01
9.954352378845214844e-01
9.632506966590881348e-01
9.930705428123474121e-01
9.902258515357971191e-01
9.783261418342590332e-01
8.210316300392150879e-01
9.775623679161071777e-01
9.867358803749084473e-01
1.385156996548175812e-02
9.932687878608703613e-01
9.829424619674682617e-01
4.824092902708798647e-04
5.832719616591930389e-03
9.925991892814636230e-01
9.944175481796264648e-01
9.828958511352539062e-01
9.858617186546325684e-01
9.637149572372436523e-01
9.941167831420898438e-01
1.288461312651634216e-02
9.793100953102111816e-01
9.898634552955627441e-01
8.240326046943664551e-01
9.883827567100524902e-01
9.964550733566284180e-01
9.964221119880676270e-01
5.378809571266174316e-01
9.010366797447204590e-01
9.216046929359436035e-01
9.385018348693847656e-01
9.484928250312805176e-01
9.964580535888671875e-01
1.044377163052558899e-01
9.607226252555847168e-01
9.966928362846374512e-01
8.424333296716213226e-03
9.567945599555969238e-01
9.956618547439575195e-01
9.975873231887817383e-01
9.973150491714477539e-01
9.972345829010009766e-01
9.681597948074340820e-01
9.686341881752014160e-01
9.605634212493896484e-01
9.981229901313781738e-01
6.471545100212097168e-01
9.724447727203369141e-01
9.981455206871032715e-01
8.635833859443664551e-01
8.236745595932006836e-01
9.972573518753051758e-01
9.951682686805725098e-01
9.239345192909240723e-01
9.942952990531921387e-01
7.971970438957214355e-01
8.723961710929870605e-01
9.214038252830505371e-01
9.967527389526367188e-01
7.446762323379516602e-01
9.271466732025146484e-01
9.968081712722778320e-01
9.983828067779541016e-01
9.782682657241821289e-01
8.628410696983337402e-01
3.976909816265106201e-02
9.920778870582580566e-01
9.936650395393371582e-01
6.931930035352706909e-02
1.455141901969909668e-01
7.221612334251403809e-01
9.832216501235961914e-01
6.933829281479120255e-03
4.615299105644226074e-01
9.848302602767944336e-01
8.760141134262084961e-01
9.876026511192321777e-01
9.373924732208251953e-01
9.734727740287780762e-01
2.972383201122283936e-01
9.498941302299499512e-01
6.478660106658935547e-01
9.088968634605407715e-01
9.265533685684204102e-01
9.903326034545898438e-01
5.138977766036987305e-01
9.373160004615783691e-01
9.932603240013122559e-01
7.107965946197509766e-01
9.526367783546447754e-01
7.492554783821105957e-01
9.927265048027038574e-01
9.950067400932312012e-01
7.981818318367004395e-01
9.782201051712036133e-01
9.784609675407409668e-01
9.570118784904479980e-01
9.965969920158386230e-01
9.184370636940002441e-01
9.801198840141296387e-01
9.969784021377563477e-01
8.933081030845642090e-01
5.799248814582824707e-01
9.872461557388305664e-01
9.964337944984436035e-01
9.885566830635070801e-01
7.769415974617004395e-01
9.795411825180053711e-01
9.577812552452087402e-01
9.251626133918762207e-01
5.558702349662780762e-01
1.662607304751873016e-02
8.207505941390991211e-01
9.942488074302673340e-01
3.433573544025421143e-01
2.043051645159721375e-03
9.557767510414123535e-01
9.420363903045654297e-01
8.518017530441284180e-01
3.271917114034295082e-03
9.916388988494873047e-01
9.835227727890014648e-01
9.639236330986022949e-01
9.456022977828979492e-01
9.783971309661865234e-01
9.740094542503356934e-01
9.969283342361450195e-01
7.761302590370178223e-02
9.806140661239624023e-01
3.682220578193664551e-01
9.161266684532165527e-01
9.585942029953002930e-01
4.560414329171180725e-02
9.818003177642822266e-01
9.623965024948120117e-01
9.494805335998535156e-01
9.945789575576782227e-01
8.639690876007080078e-01
9.578573703765869141e-01
9.926729798316955566e-01
2.486376557499170303e-03
9.726561903953552246e-01
9.952315092086791992e-01
9.951291680335998535e-01
2.535703182220458984e-01
2.702077627182006836e-01
9.747164249420166016e-01
9.620127677917480469e-01
9.331498146057128906e-01
9.963175058364868164e-01
7.411915659904479980e-01
9.396690130233764648e-01
9.918792843818664551e-01
2.281757295131683350e-01
9.317528605461120605e-01
9.928988218307495117e-01
9.999737143516540527e-01
9.998804926872253418e-01
9.999461770057678223e-01
9.849238395690917969e-01
9.694175124168395996e-01
9.501019120216369629e-01
9.984906911849975586e-01
8.716670870780944824e-01
9.479582905769348145e-01
9.973320960998535156e-01
7.142248749732971191e-01
1.409831196069717407e-01
9.965001940727233887e-01
9.997888803482055664e-01
9.985239505767822266e-01
8.215634226799011230e-01
9.574058055877685547e-01
9.535588026046752930e-01
9.193294644355773926e-01
9.988715648651123047e-01
6.552103757858276367e-01
9.200524687767028809e-01
9.972892999649047852e-01
9.999641180038452148e-01
9.918341636657714844e-01
8.912664651870727539e-01
9.664926528930664062e-01
9.981561303138732910e-01
9.998229146003723145e-01
9.171697497367858887e-01
9.452286362648010254e-01
9.248167276382446289e-01
9.964314103126525879e-01
7.096300125122070312e-01
7.601460218429565430e-01
9.913378357887268066e-01
9.706541299819946289e-01
9.764809012413024902e-01
4.788083732128143311e-01
9.721069931983947754e-01
9.755456447601318359e-01
9.728776812553405762e-01
9.668737649917602539e-01
9.673187732696533203e-01
9.461675882339477539e-01
9.957353472709655762e-01
7.080183029174804688e-01
9.481036663055419922e-01
9.928697943687438965e-01
8.661670684814453125e-01
8.357883691787719727e-01
5.979817509651184082e-01
9.932972192764282227e-01
9.998291730880737305e-01
9.420745968818664551e-01
9.861841201782226562e-01
9.623960256576538086e-01
9.473401904106140137e-01
9.968643188476562500e-01
2.297078073024749756e-01
9.626535773277282715e-01
9.942482709884643555e-01
9.190719127655029297e-01
4.693808257579803467e-01
9.772421121597290039e-01
9.934784173965454102e-01
9.674379229545593262e-01
5.661380887031555176e-01
9.964200258255004883e-01
9.923942685127258301e-01
9.835178256034851074e-01
9.947440028190612793e-01
9.978439807891845703e-01
9.974697232246398926e-01
9.980188012123107910e-01
9.980158805847167969e-01
9.665874242782592773e-01
4.778940081596374512e-01
9.508205652236938477e-01
9.884144067764282227e-01
9.914011359214782715e-01
9.933258295059204102e-01
9.855890274047851562e-01
9.761815071105957031e-01
5.897923186421394348e-02
1.665005534887313843e-01
8.977109789848327637e-01
8.677802681922912598e-01
6.464001536369323730e-01
3.960668575018644333e-03
4.419486820697784424e-01
1.150659983977675438e-03
9.809738993644714355e-01
1.373560428619384766e-01
9.925932288169860840e-01
9.769882559776306152e-01
9.627900123596191406e-01
9.810970425605773926e-01
9.869275689125061035e-01
9.971839785575866699e-01
9.930860996246337891e-01
9.103865027427673340e-01
2.193930413341149688e-05
9.902217388153076172e-01
9.981022477149963379e-01
9.365181326866149902e-01
1.276669185608625412e-02
9.934000372886657715e-01
9.834370017051696777e-01
9.417330026626586914e-01
9.858846068382263184e-01
9.989050030708312988e-01
9.882410764694213867e-01
9.954255819320678711e-01
9.992482066154479980e-01
8.495637178421020508e-01
9.975134134292602539e-01
9.989078640937805176e-01
9.477580189704895020e-01
9.953219890594482422e-01
9.880385994911193848e-01
9.676470756530761719e-01
9.467513561248779297e-01
9.426681399345397949e-01
9.986922740936279297e-01
9.968436360359191895e-01
7.201594710350036621e-01
9.993194341659545898e-01
9.368011951446533203e-01
8.849716782569885254e-01
9.947524070739746094e-01
9.771555662155151367e-01
9.941164851188659668e-01
9.870474934577941895e-01
9.710693359375000000e-01
9.514065384864807129e-01
9.963928461074829102e-01
9.954254031181335449e-01
9.965303540229797363e-01
9.978637695312500000e-01
9.815531969070434570e-01
9.977245926856994629e-01
9.741539359092712402e-01
9.800957441329956055e-01
9.867499470710754395e-01
9.965041279792785645e-01
9.917456507682800293e-01
9.789908528327941895e-01
9.642420411109924316e-01
9.487088918685913086e-01
9.933516383171081543e-01
9.950616955757141113e-01
9.835451245307922363e-01
9.978989958763122559e-01
9.927505850791931152e-01
9.934536814689636230e-01
9.934198856353759766e-01
9.976514577865600586e-01
9.879584312438964844e-01
9.925673007965087891e-01
9.808752536773681641e-01
9.586816430091857910e-01
6.112467050552368164e-01
9.941892623901367188e-01
9.956408143043518066e-01
9.985456466674804688e-01
9.985198974609375000e-01
9.782229661941528320e-01
9.657539129257202148e-01
9.975525140762329102e-01
9.981405735015869141e-01
9.728142023086547852e-01
9.931409358978271484e-01
9.870080351829528809e-01
9.775009751319885254e-01
4.976341128349304199e-01
8.998908400535583496e-01
9.859094619750976562e-01
9.810346961021423340e-01
9.862776398658752441e-01
9.920327663421630859e-01
2.405505510978400707e-04
1.390861999243497849e-02
9.416193366050720215e-01
9.947671294212341309e-01
9.939552545547485352e-01
9.856030941009521484e-01
9.731028079986572266e-01
9.668712615966796875e-01
9.024965763092041016e-01
9.751979112625122070e-01
9.982465505599975586e-01
9.349574446678161621e-01
9.993108510971069336e-01
2.008881717920303345e-01
6.767036318778991699e-01
3.829871118068695068e-01
1.339659839868545532e-01
9.961112737655639648e-01
9.889351725578308105e-01
9.685742855072021484e-01
9.855251312255859375e-01
9.982713460922241211e-01
9.927390813827514648e-01
9.021186828613281250e-01
9.990538954734802246e-01
9.812200665473937988e-01
6.875312328338623047e-01
9.936941862106323242e-01
9.923772811889648438e-01
9.893265962600708008e-01
9.940217137336730957e-01
9.853303432464599609e-01
8.749274611473083496e-01
9.978476762771606445e-01
9.986342191696166992e-01
9.907051324844360352e-01
8.838188052177429199e-01
9.991960525512695312e-01
9.845681190490722656e-01
9.863735437393188477e-01
6.441903114318847656e-01
9.977656006813049316e-01
9.876765608787536621e-01
9.960691332817077637e-01
9.873142242431640625e-01
8.176562786102294922e-01
9.939323663711547852e-01
9.955545663833618164e-01
9.798593521118164062e-01
6.931728124618530273e-01
9.967027902603149414e-01
9.840703010559082031e-01
9.901531934738159180e-01
1.559760719537734985e-01
7.669421285390853882e-02
9.632043242454528809e-01
9.964559674263000488e-01
9.898630976676940918e-01
9.580152034759521484e-01
9.941805601119995117e-01
9.989516735076904297e-01
9.883769750595092773e-01
7.895154953002929688e-01
9.992327690124511719e-01
9.639882445335388184e-01
9.839771389961242676e-01
8.404533863067626953e-01
9.978344440460205078e-01
9.917724728584289551e-01
9.909229874610900879e-01
9.781033396720886230e-01
9.701475501060485840e-01
9.941309094429016113e-01
9.250490665435791016e-01
8.972229361534118652e-01
9.986683726310729980e-01
9.674659967422485352e-01
9.989345073699951172e-01
9.842575788497924805e-01
9.520601034164428711e-01
9.719831943511962891e-01
7.907789945602416992e-01
9.915070533752441406e-01
9.809008240699768066e-01
9.710887670516967773e-01
9.751145839691162109e-01
4.946096837520599365e-01
9.428827166557312012e-01
9.979873895645141602e-01
9.932726621627807617e-01
9.885265231132507324e-01
9.916700720787048340e-01
9.898772239685058594e-01
9.945586919784545898e-01
9.599805474281311035e-01
9.863891005516052246e-01
9.770904183387756348e-01
9.658359885215759277e-01
9.951140880584716797e-01
8.243848681449890137e-01
9.772011041641235352e-01
9.960676431655883789e-01
9.943615794181823730e-01
9.806070923805236816e-01
9.961375594139099121e-01
3.590179549064487219e-04
5.816788673400878906e-01
9.964501857757568359e-01
9.684799313545227051e-01
9.732927680015563965e-01
9.618656635284423828e-01
9.883328080177307129e-01
2.578536868095397949e-01
9.835417270660400391e-01
9.847888946533203125e-01
9.734104275703430176e-01
9.108362793922424316e-01
9.446880221366882324e-01
9.670482873916625977e-01
5.171940848231315613e-02
9.697097539901733398e-01
9.864261746406555176e-01
9.821722507476806641e-01
9.710698127746582031e-01
9.855921268463134766e-01
5.200503468513488770e-01
9.760061502456665039e-01
8.812358379364013672e-01
9.560323953628540039e-01
9.598658680915832520e-01
9.957519769668579102e-01
9.745491743087768555e-01
9.257787466049194336e-01
9.931645393371582031e-01
9.937058687210083008e-01
9.855637550354003906e-01
9.768162965774536133e-01
9.803881645202636719e-01
7.981328368186950684e-01
9.849988818168640137e-01
9.744767546653747559e-01
9.859442114830017090e-01
9.856191873550415039e-01
9.974423646926879883e-01
9.896152615547180176e-01
9.749451875686645508e-01
9.882758259773254395e-01
9.914731383323669434e-01
9.767361879348754883e-01
9.658405780792236328e-01
9.976112842559814453e-01
9.485971927642822266e-01
9.803435802459716797e-01
9.966750741004943848e-01
9.935182929039001465e-01
7.958802580833435059e-01
9.915743470191955566e-01
9.999356865882873535e-01
9.987676143646240234e-01
8.611823320388793945e-01
9.747212529182434082e-01
9.735852479934692383e-01
9.562971591949462891e-01
9.959735274314880371e-01
2.515346109867095947e-01
8.894668221473693848e-01
9.821003079414367676e-01
9.628838896751403809e-01
9.997798800468444824e-01
9.838397502899169922e-01
5.416214838624000549e-02
7.765233516693115234e-01
9.995490312576293945e-01
9.826607108116149902e-01
9.699063897132873535e-01
9.558931589126586914e-01
9.954135417938232422e-01
8.845496177673339844e-01
7.679415941238403320e-01
9.934793114662170410e-01
9.708718657493591309e-01
9.513657093048095703e-01
9.694918394088745117e-01
9.697651863098144531e-01
7.683822786930250004e-07
2.709136242629028857e-05
9.884490966796875000e-01
9.749160408973693848e-01
9.678345322608947754e-01
9.954686760902404785e-01
9.173211455345153809e-01
4.484342634677886963e-01
9.973908662796020508e-01
9.886527061462402344e-01
9.472643136978149414e-01
9.969447255134582520e-01
9.900010824203491211e-01
9.997845292091369629e-01
4.748163223266601562e-01
9.901469349861145020e-01
9.797487258911132812e-01
9.721860289573669434e-01
9.955554604530334473e-01
1.100405529141426086e-01
6.124179959297180176e-01
9.981067776679992676e-01
9.935932755470275879e-01
9.110724925994873047e-01
9.981513619422912598e-01
9.953575730323791504e-01
9.988754391670227051e-01
9.835839271545410156e-01
9.893589615821838379e-01
9.750046730041503906e-01
9.604607224464416504e-01
9.985597133636474609e-01
9.826862812042236328e-01
9.950454235076904297e-01
9.880778193473815918e-01
9.977692961692810059e-01
9.991334080696105957e-01
9.949390888214111328e-01
9.989192485809326172e-01
9.994317889213562012e-01
9.951788187026977539e-01
9.872531294822692871e-01
9.775826334953308105e-01
9.652163386344909668e-01
9.977296590805053711e-01
9.355235695838928223e-01
9.854686260223388672e-01
9.952178001403808594e-01
9.941840171813964844e-01
9.717206954956054688e-01
9.912047982215881348e-01
9.819730520248413086e-01
9.688596129417419434e-01
5.062672495841979980e-01
9.945107102394104004e-01
9.852460622787475586e-01
9.213967323303222656e-01
9.977517724037170410e-01
9.794320464134216309e-01
9.711323976516723633e-01
5.478566884994506836e-01
9.975605010986328125e-01
9.604677557945251465e-01
8.479261398315429688e-01
9.965939521789550781e-01
9.996690750122070312e-01
9.588488340377807617e-01
9.755926728248596191e-01
9.712916612625122070e-01
9.653790593147277832e-01
9.959359169006347656e-01
9.743418693542480469e-01
9.820986986160278320e-01
9.890118837356567383e-01
9.895519614219665527e-01
9.990444183349609375e-01
9.776678681373596191e-01
9.420286417007446289e-01
8.833398222923278809e-01
9.371132254600524902e-01
9.810642600059509277e-01
9.774671196937561035e-01
9.312328696250915527e-01
9.957270622253417969e-01
9.506434798240661621e-01
9.860854148864746094e-01
9.905391931533813477e-01
9.877633452415466309e-01
9.996877312660217285e-01
9.877250790596008301e-01
9.912270307540893555e-01
9.903228282928466797e-01
9.641956686973571777e-01
9.912644028663635254e-01
9.806142449378967285e-01
9.676727652549743652e-01
9.985492825508117676e-01
9.887387156486511230e-01
9.919237494468688965e-01
9.766622185707092285e-01
9.970725178718566895e-01
9.996778368949890137e-01
9.907036423683166504e-01
9.853150248527526855e-01
9.990733861923217773e-01
9.964129328727722168e-01
9.835825562477111816e-01
9.775807857513427734e-01
9.674408435821533203e-01
9.941439628601074219e-01
9.668917655944824219e-01
9.683806896209716797e-01
9.885322451591491699e-01
9.843535423278808594e-01
9.859117865562438965e-01
9.750468730926513672e-01
9.452623724937438965e-01
9.644703865051269531e-01
9.235752224922180176e-01
9.895358085632324219e-01
9.799926280975341797e-01
9.717459678649902344e-01
9.962352514266967773e-01
9.662117362022399902e-01
9.835337996482849121e-01
9.897792339324951172e-01
9.905292987823486328e-01
9.864047169685363770e-01
9.928421378135681152e-01
9.891971349716186523e-01
9.752219915390014648e-01
9.790137410163879395e-01
9.928179383277893066e-01
9.826934337615966797e-01
9.617229104042053223e-01
9.965509176254272461e-01
9.559310078620910645e-01
9.792312979698181152e-01
7.166011929512023926e-01
9.927136898040771484e-01
9.647582769393920898e-01
9.856925606727600098e-01
9.951907992362976074e-01
9.898149967193603516e-01
9.988417625427246094e-01
