4.010364711284637451e-01
6.232440471649169922e-01
3.450317680835723877e-01
7.014719396829605103e-02
1.535120308399200439e-01
2.172527909278869629e-01
2.642937898635864258e-01
6.016123294830322266e-01
3.832592964172363281e-01
2.832227647304534912e-01
1.730942726135253906e-01
4.963182210922241211e-01
9.180950373411178589e-02
1.144046988338232040e-02
2.461589574813842773e-01
7.138511538505554199e-01
4.439437761902809143e-02
1.067073494195938110e-01
2.230293750762939453e-01
1.475833822041749954e-02
5.725577473640441895e-01
3.864171802997589111e-01
2.094777375459671021e-01
2.067574709653854370e-01
4.998548626899719238e-01
1.768728792667388916e-01
4.797273501753807068e-02
1.674787700176239014e-01
6.269111633300781250e-01
2.820917172357439995e-03
2.921343035995960236e-02
2.192203104496002197e-01
2.884424328804016113e-01
2.678775489330291748e-01
3.020425140857696533e-02
3.714593648910522461e-01
2.521799802780151367e-01
4.008302092552185059e-01
2.594328224658966064e-01
2.359388768672943115e-02
7.115187495946884155e-02
9.990969300270080566e-01
3.381419479846954346e-01
2.098350375890731812e-01
3.144816458225250244e-01
2.658243477344512939e-01
1.950483471155166626e-01
2.412640899419784546e-01
2.134452015161514282e-01
2.151887267827987671e-01
7.318590879440307617e-01
1.820519119501113892e-01
8.613080717623233795e-03
9.059171192348003387e-03
2.270401269197463989e-01
2.593109607696533203e-01
1.870254278182983398e-01
4.108153879642486572e-01
3.686699867248535156e-01
1.777975410223007202e-01
3.535000085830688477e-01
2.070844620466232300e-01
5.989476442337036133e-01
8.169610053300857544e-02
3.358842432498931885e-01
9.986008517444133759e-04
2.107138782739639282e-01
2.283946722745895386e-01
3.404093384742736816e-01
1.956264078617095947e-01
1.281932890415191650e-01
1.480757445096969604e-01
2.118298560380935669e-01
2.722757160663604736e-01
3.986513242125511169e-03
2.297664061188697815e-03
2.211618721485137939e-01
2.622954547405242920e-01
1.639846153557300568e-02
2.029693424701690674e-01
8.009697794914245605e-01
4.648621678352355957e-01
1.055299025028944016e-02
2.108203619718551636e-02
2.363754063844680786e-01
9.113501757383346558e-03
1.886719651520252228e-02
1.192044839262962341e-01
4.225181043148040771e-01
4.290598928928375244e-01
5.179308354854583740e-02
1.402442064136266708e-02
3.697559004649519920e-04
6.631736755371093750e-01
3.687022328376770020e-01
2.394408732652664185e-01
7.153578102588653564e-02
4.855021536350250244e-01
2.474585473537445068e-01
1.948985010385513306e-01
2.074133753776550293e-01
2.309036105871200562e-01
3.885610401630401611e-01
3.197468519210815430e-01
4.152055457234382629e-02
4.740537703037261963e-02
9.846549034118652344e-01
4.067998528480529785e-01
2.387345433235168457e-01
2.659417875111103058e-02
3.713493943214416504e-01
6.531375646591186523e-01
3.295269981026649475e-02
6.401500105857849121e-01
1.778397336602210999e-02
3.989481329917907715e-01
1.308339536190032959e-01
2.780192531645298004e-03
1.777484416961669922e-01
6.131437420845031738e-01
7.121507823467254639e-02
1.021788222715258598e-03
3.360948860645294189e-01
3.417129218578338623e-01
6.475969552993774414e-01
2.790635824203491211e-01
2.003709226846694946e-01
1.534508727490901947e-02
6.600325554609298706e-02
2.516127526760101318e-01
1.305958330631256104e-01
4.833889752626419067e-02
3.016899824142456055e-01
7.362009584903717041e-02
2.983136773109436035e-01
2.731666862964630127e-01
4.437386095523834229e-01
2.982290685176849365e-01
1.933747231960296631e-01
3.299887776374816895e-01
1.539383679628372192e-01
2.230490297079086304e-01
3.432590663433074951e-01
1.081098690629005432e-01
1.827425658702850342e-01
6.440252661705017090e-01
3.911761939525604248e-01
5.201340466737747192e-02
5.505682155489921570e-02
2.175519764423370361e-01
3.244593441486358643e-01
4.986426606774330139e-02
1.992540210485458374e-01
1.022576261311769485e-02
2.144898176193237305e-01
2.253642082214355469e-01
1.510681002400815487e-03
2.960870228707790375e-02
2.906612157821655273e-01
3.506717085838317871e-01
1.807513535022735596e-01
1.372386068105697632e-01
7.955714464187622070e-01
2.602891921997070312e-01
2.031590640544891357e-01
5.825142934918403625e-02
2.270914316177368164e-01
6.430170536041259766e-01
6.450565159320831299e-02
8.444421887397766113e-01
7.907646894454956055e-01
2.488002181053161621e-01
4.158875346183776855e-01
1.928305067121982574e-02
3.737545609474182129e-01
4.169309437274932861e-01
4.007491767406463623e-01
6.641857624053955078e-01
2.042072713375091553e-01
8.000925779342651367e-01
6.413610577583312988e-01
6.074698567390441895e-01
9.952194690704345703e-01
1.553694158792495728e-02
9.999989271163940430e-01
4.520536214113235474e-02
4.425171762704849243e-02
7.038591895252466202e-03
3.644240498542785645e-01
3.361531198024749756e-01
2.559985220432281494e-01
3.064776584506034851e-02
2.900074236094951630e-02
4.209393262863159180e-01
2.429388910531997681e-01
9.314775466918945312e-01
2.283278554677963257e-01
2.170286774635314941e-01
2.929128333926200867e-02
2.423767000436782837e-01
4.163891077041625977e-01
5.070654302835464478e-02
6.839221715927124023e-02
1.152855753898620605e-01
3.937272820621728897e-03
3.352314606308937073e-02
1.408803761005401611e-01
5.527336522936820984e-02
5.709370970726013184e-01
2.891378700733184814e-01
6.022516489028930664e-01
2.109234333038330078e-01
1.127263829112052917e-01
6.616082787513732910e-02
6.477490663528442383e-01
1.972176432609558105e-01
1.832953542470932007e-01
4.013391435146331787e-01
6.079150438308715820e-01
2.150111794471740723e-01
1.838392391800880432e-02
4.069366753101348877e-01
3.404233604669570923e-02
5.703721046447753906e-01
2.821847498416900635e-01
3.742864727973937988e-01
7.759755849838256836e-02
1.267107725143432617e-01
2.122670412063598633e-01
4.139918684959411621e-01
1.802562624216079712e-01
4.567765165120363235e-03
1.520007103681564331e-02
4.198876321315765381e-01
9.852380752563476562e-01
1.746028102934360504e-02
5.230059027671813965e-01
5.488782525062561035e-01
2.344773858785629272e-01
1.885962300002574921e-02
3.988309204578399658e-01
1.020121015608310699e-02
2.014395445585250854e-01
5.743798799812793732e-03
9.941914677619934082e-02
4.929600656032562256e-01
4.109770655632019043e-01
3.711076080799102783e-02
2.254695147275924683e-01
1.289976090192794800e-01
2.162158787250518799e-01
2.151350975036621094e-01
1.611754745244979858e-01
2.579018473625183105e-01
5.789224505424499512e-01
7.579210400581359863e-02
1.728811264038085938e-01
4.171199500560760498e-01
1.835391670465469360e-02
3.142207264900207520e-01
6.095220446586608887e-01
5.479855928570032120e-03
5.394899845123291016e-01
3.232192248106002808e-02
4.347985684871673584e-01
3.292930871248245239e-02
4.026645720005035400e-01
7.321004867553710938e-01
2.429615259170532227e-01
2.490318864583969116e-01
5.955682992935180664e-01
4.436191916465759277e-01
5.832630991935729980e-01
5.953801274299621582e-01
2.040525674819946289e-01
5.586638450622558594e-01
1.800344735383987427e-01
2.188315242528915405e-01
2.147917449474334717e-01
3.167151808738708496e-01
2.042916715145111084e-01
2.106182873249053955e-01
3.700358569622039795e-01
2.043654173612594604e-01
3.694380521774291992e-01
4.396705031394958496e-01
3.183824121952056885e-01
2.218041941523551941e-02
2.776300311088562012e-01
3.962100744247436523e-01
2.466482520103454590e-01
2.383031249046325684e-01
2.948313206434249878e-02
1.324691772460937500e-01
3.538990020751953125e-01
8.775651454925537109e-02
2.037877738475799561e-01
1.683105081319808960e-01
2.491149604320526123e-01
6.322704553604125977e-01
2.070374339818954468e-01
3.972739577293395996e-01
4.395571947097778320e-01
4.509123414754867554e-02
6.172131001949310303e-02
6.172306537628173828e-01
1.992034316062927246e-01
2.150428742170333862e-01
5.973953604698181152e-01
2.030347138643264771e-01
2.222512066364288330e-01
4.332482814788818359e-01
9.898150563240051270e-01
2.320165038108825684e-01
3.390500247478485107e-01
6.327796578407287598e-01
1.523534655570983887e-01
1.443434208631515503e-01
1.917663663625717163e-01
8.161653578281402588e-02
1.058638766407966614e-01
1.987366192042827606e-02
5.134687423706054688e-01
7.247471809387207031e-02
6.218238733708858490e-03
8.017657995223999023e-01
2.057865858078002930e-01
2.688809633255004883e-01
2.133924365043640137e-01
4.020476341247558594e-01
7.388727366924285889e-02
2.805713415145874023e-01
5.612226724624633789e-01
3.214654922485351562e-01
1.309971231967210770e-02
5.925393849611282349e-02
2.083349227905273438e-01
6.275446414947509766e-01
2.886390127241611481e-02
5.386778116226196289e-01
3.744251132011413574e-01
6.609758734703063965e-02
2.637765929102897644e-02
3.980741202831268311e-01
5.954734683036804199e-01
3.444887399673461914e-01
5.853257179260253906e-01
2.044170945882797241e-01
2.034767270088195801e-01
7.047092914581298828e-02
6.367887854576110840e-01
6.005120277404785156e-01
1.883214414119720459e-01
3.477036654949188232e-01
1.652460247278213501e-01
2.186459898948669434e-01
8.965294808149337769e-03
5.526294112205505371e-01
3.637301623821258545e-01
4.910877719521522522e-02
6.850526481866836548e-02
5.241460204124450684e-01
5.335124731063842773e-01
2.361080497503280640e-01
6.162040233612060547e-01
4.796834196895360947e-03
5.994814038276672363e-01
4.469752311706542969e-01
5.593451857566833496e-01
2.036101222038269043e-01
1.970173716545104980e-01
5.327041149139404297e-01
1.377832293510437012e-01
2.169398516416549683e-01
6.025614738464355469e-01
7.874243855476379395e-01
8.783859610557556152e-01
5.883145332336425781e-01
3.475128412246704102e-01
4.056227803230285645e-01
7.586831599473953247e-02
3.499901592731475830e-01
7.264241576194763184e-01
1.364233493804931641e-01
2.173728644847869873e-01
4.387964010238647461e-01
6.445774808526039124e-03
2.344653755426406860e-01
9.330689162015914917e-02
3.456959426403045654e-01
7.946075797080993652e-01
5.549644231796264648e-01
7.871721982955932617e-01
4.711357355117797852e-01
2.968256175518035889e-01
5.266769230365753174e-02
3.922321200370788574e-01
4.405511021614074707e-01
3.624191582202911377e-01
3.248060643672943115e-01
3.162867948412895203e-02
3.656077980995178223e-01
6.191861033439636230e-01
4.141963720321655273e-01
4.808671027421951294e-02
2.271885871887207031e-01
4.073358774185180664e-01
2.420293688774108887e-01
2.190964519977569580e-01
4.021990299224853516e-01
3.571791648864746094e-01
1.550919860601425171e-01
3.535455167293548584e-01
1.973575204610824585e-01
4.060621559619903564e-01
7.387082278728485107e-02
7.938457131385803223e-01
9.804166555404663086e-01
7.261093258857727051e-01
4.630687832832336426e-01
7.008702754974365234e-01
1.110808807425200939e-03
3.854793012142181396e-01
3.050876408815383911e-02
6.405141353607177734e-01
1.921121329069137573e-01
2.296037226915359497e-01
7.525694966316223145e-01
1.443965435028076172e-01
6.282659769058227539e-01
3.845285773277282715e-01
2.846211493015289307e-01
2.671032547950744629e-01
2.503723204135894775e-01
3.743012249469757080e-02
5.424925088882446289e-01
2.139597833156585693e-01
6.770215034484863281e-01
4.258046150207519531e-01
2.531377673149108887e-01
4.508527517318725586e-01
7.612358331680297852e-01
7.056410908699035645e-01
2.400631904602050781e-01
4.085219204425811768e-01
3.630087673664093018e-01
2.366474717855453491e-01
4.786526858806610107e-01
7.154476642608642578e-01
1.459350809454917908e-02
5.243724584579467773e-01
4.579412341117858887e-01
5.214478820562362671e-03
3.652203977108001709e-01
5.557820200920104980e-01
9.137876629829406738e-01
5.642724633216857910e-01
8.309569954872131348e-01
2.533315718173980713e-01
7.627667188644409180e-01
4.017101228237152100e-01
5.947597622871398926e-01
5.364543795585632324e-01
2.264912128448486328e-01
3.781365752220153809e-01
4.009133577346801758e-01
2.021849602460861206e-01
6.917070150375366211e-01
7.888275384902954102e-01
4.009976387023925781e-01
3.791185319423675537e-01
2.110641300678253174e-01
5.121939256787300110e-02
3.069037497043609619e-01
1.346316747367382050e-02
3.961962834000587463e-02
2.663595378398895264e-01
5.235053896903991699e-01
2.200446724891662598e-01
4.787817597389221191e-01
1.267820894718170166e-01
8.108760714530944824e-01
2.066822648048400879e-01
1.557988021522760391e-02
3.983859121799468994e-01
1.534033566713333130e-01
4.276666790246963501e-03
1.068591885268688202e-02
2.020055204629898071e-01
6.006089448928833008e-01
2.281795605085790157e-04
1.961918920278549194e-02
2.490086853504180908e-02
4.709198474884033203e-01
4.047127366065979004e-01
2.090584188699722290e-01
4.860346913337707520e-01
2.149392515420913696e-01
2.744820713996887207e-01
1.988642616197466850e-03
4.089601039886474609e-01
1.852833032608032227e-01
5.627265572547912598e-01
8.663907647132873535e-03
2.164554297924041748e-01
2.680597603321075439e-01
2.644408941268920898e-01
4.050101935863494873e-01
5.934192538261413574e-01
6.431105080991983414e-03
1.434753686189651489e-01
1.751106977462768555e-02
1.418932825326919556e-01
5.370096117258071899e-02
4.048829972743988037e-01
2.083930075168609619e-01
1.895326524972915649e-01
2.261195331811904907e-01
1.935615837574005127e-01
2.162790149450302124e-01
7.002826929092407227e-01
4.478585124015808105e-01
5.859113931655883789e-01
2.241514325141906738e-01
4.229601621627807617e-01
3.263438642024993896e-01
6.376752853393554688e-01
4.372904598712921143e-01
4.342389702796936035e-01
5.049684084951877594e-03
1.691091507673263550e-01
6.214992403984069824e-01
4.100895226001739502e-01
7.990775108337402344e-01
4.511940293014049530e-03
4.359254837036132812e-01
6.649642437696456909e-02
4.255576729774475098e-01
6.316935271024703979e-02
1.725152879953384399e-02
5.904580466449260712e-03
4.239333868026733398e-01
7.447968237102031708e-03
2.937678247690200806e-02
4.223445653915405273e-01
1.970820426940917969e-01
6.029816865921020508e-01
7.765593528747558594e-01
9.433250874280929565e-03
3.109250068664550781e-01
4.064839184284210205e-01
9.133759140968322754e-02
8.622250705957412720e-02
5.819097161293029785e-02
2.164907604455947876e-01
2.918359450995922089e-02
1.649180799722671509e-01
8.042333275079727173e-02
9.461680799722671509e-02
3.068012595176696777e-01
5.430733561515808105e-01
4.093484878540039062e-01
4.844731390476226807e-01
2.035355865955352783e-01
8.543290942907333374e-02
5.694066931027919054e-05
2.293752729892730713e-01
7.308250665664672852e-01
1.806516945362091064e-02
2.853651344776153564e-02
2.813144922256469727e-01
3.105386495590209961e-01
8.117508888244628906e-01
2.010723203420639038e-01
1.776765659451484680e-02
6.198300123214721680e-01
4.035479128360748291e-01
3.008949756622314453e-01
4.141060344409197569e-04
6.449094414710998535e-02
4.216413199901580811e-01
4.009877741336822510e-01
1.985538192093372345e-02
2.291615158319473267e-01
4.334889650344848633e-01
8.133885860443115234e-01
2.652418315410614014e-01
2.044901400804519653e-01
2.232777774333953857e-01
5.587366819381713867e-01
2.299584597349166870e-01
6.388107780367136002e-03
1.892799139022827148e-01
5.940742492675781250e-01
5.238898992538452148e-01
5.970899015665054321e-03
2.463721483945846558e-01
2.052546143531799316e-01
6.208031773567199707e-01
4.515667855739593506e-01
2.335317581892013550e-01
5.440728068351745605e-01
4.648323655128479004e-01
4.364279806613922119e-01
1.241019647568464279e-02
3.896068334579467773e-01
2.648104131221771240e-01
6.837854981422424316e-01
3.019955158233642578e-01
7.838562130928039551e-03
4.022965729236602783e-01
6.274741291999816895e-01
4.518596827983856201e-01
5.491808429360389709e-02
5.183982849121093750e-01
5.707849264144897461e-01
1.437849849462509155e-01
3.164216130971908569e-02
1.477491669356822968e-02
7.939002513885498047e-01
4.171610772609710693e-01
1.782894581556320190e-01
5.268879979848861694e-02
2.200787663459777832e-01
4.431219398975372314e-01
3.116310536861419678e-01
4.369091987609863281e-01
6.068113446235656738e-01
2.678569853305816650e-01
4.004037380218505859e-01
2.479877136647701263e-02
4.936034977436065674e-01
2.899394035339355469e-01
3.638187944889068604e-01
4.200255870819091797e-01
4.107988178730010986e-01
4.297670125961303711e-01
3.943926990032196045e-01
6.036463379859924316e-01
1.242075338959693909e-01
2.967533171176910400e-01
5.930446982383728027e-01
2.223140895366668701e-01
2.786100208759307861e-01
4.704839587211608887e-01
3.766899108886718750e-01
3.000088334083557129e-01
4.442299604415893555e-01
5.638481378555297852e-01
4.685527682304382324e-01
5.992529988288879395e-01
6.023769378662109375e-01
9.318106807768344879e-03
3.607078194618225098e-01
3.986941277980804443e-01
2.007425576448440552e-01
3.128758165985345840e-03
1.936685144901275635e-01
2.187848389148712158e-01
3.344449214637279510e-03
1.168135087937116623e-02
7.014367729425430298e-02
2.198208272457122803e-01
3.968414664268493652e-01
6.063543558120727539e-01
1.364234685897827148e-01
3.804145455360412598e-01
6.195512413978576660e-01
3.209331631660461426e-01
7.745641469955444336e-01
2.462760955095291138e-01
2.852727174758911133e-01
2.615326941013336182e-01
3.221735954284667969e-01
5.160059928894042969e-01
2.187790572643280029e-01
7.926496863365173340e-01
8.068347349762916565e-03
1.046871989965438843e-01
4.227705895900726318e-01
2.579358220100402832e-01
7.043069601058959961e-01
2.908655703067779541e-01
1.094802469015121460e-01
3.834401816129684448e-02
1.581619977951049805e-01
2.395499944686889648e-01
1.481263637542724609e-01
6.413519382476806641e-02
6.034407615661621094e-01
6.064559221267700195e-01
2.015649974346160889e-01
6.597963571548461914e-01
4.486258029937744141e-01
2.423656359314918518e-02
4.152115583419799805e-01
1.429642140865325928e-01
1.093368083238601685e-01
6.374800577759742737e-03
2.226400673389434814e-01
6.817837804555892944e-02
8.168561011552810669e-02
3.208364844322204590e-01
9.929862022399902344e-01
2.069206386804580688e-01
4.151554107666015625e-01
4.496424924582242966e-03
8.438235521316528320e-02
4.316328465938568115e-01
5.457341670989990234e-01
7.700403779745101929e-02
3.332226872444152832e-01
2.025837451219558716e-01
4.636297225952148438e-01
3.741795122623443604e-01
3.695781230926513672e-01
3.316741585731506348e-01
1.966543346643447876e-01
6.329450011253356934e-01
2.517077140510082245e-02
3.255900144577026367e-01
1.439711544662714005e-02
1.987337023019790649e-01
5.600957572460174561e-02
3.666233718395233154e-01
1.977555453777313232e-02
6.933960318565368652e-01
8.649754524230957031e-01
5.971203446388244629e-01
4.004771113395690918e-01
6.369949132204055786e-02
3.970616757869720459e-01
1.273614019155502319e-01
8.242000825703144073e-03
5.322935059666633606e-03
5.853641033172607422e-01
5.097312331199645996e-01
7.724971175193786621e-01
3.545695543289184570e-01
1.991011649370193481e-01
4.725802540779113770e-01
2.053481489419937134e-01
1.344139277935028076e-01
2.639375925064086914e-01
4.068490862846374512e-01
2.072189897298812866e-01
2.547832578420639038e-02
7.025966048240661621e-01
6.575272884219884872e-03
2.210067808628082275e-01
8.249023556709289551e-01
3.910121042281389236e-03
5.709632635116577148e-01
2.420830726623535156e-01
5.967607498168945312e-01
8.683295547962188721e-02
3.071925311814993620e-05
4.525406360626220703e-01
2.830626070499420166e-01
3.982739448547363281e-01
4.255741238594055176e-01
2.913167178630828857e-01
7.415010035037994385e-02
2.058002948760986328e-01
4.717846810817718506e-01
4.042190909385681152e-01
4.929164350032806396e-01
5.803064107894897461e-01
1.621688902378082275e-02
7.478879690170288086e-01
4.102270007133483887e-01
6.206913590431213379e-01
3.810934126377105713e-01
5.205980315804481506e-02
1.179196685552597046e-01
2.600952386856079102e-01
6.882879137992858887e-02
2.317345440387725830e-01
1.398809533566236496e-02
8.902740478515625000e-02
2.895216047763824463e-01
5.898069143295288086e-01
2.855080924928188324e-02
2.081858180463314056e-02
2.365204244852066040e-01
5.297876000404357910e-01
2.734377682209014893e-01
1.435064151883125305e-02
3.258428275585174561e-01
3.922801911830902100e-01
2.919158339500427246e-01
4.805611073970794678e-01
1.245283260941505432e-01
4.039338529109954834e-01
3.881952762603759766e-01
2.570667676627635956e-02
5.152922272682189941e-01
6.077534556388854980e-01
3.998156189918518066e-01
2.800830304622650146e-01
4.075120687484741211e-01
2.408577352762222290e-01
2.779038548469543457e-01
4.201111495494842529e-01
3.057976663112640381e-01
3.719164133071899414e-01
9.636940956115722656e-01
2.309189587831497192e-01
6.482001626864075661e-04
5.721592307090759277e-01
7.964338064193725586e-01
1.535628736019134521e-01
2.470043599605560303e-01
2.746429443359375000e-01
3.694872260093688965e-01
1.985337734222412109e-01
4.998952522873878479e-02
3.786680698394775391e-01
2.327333539724349976e-01
7.139902114868164062e-01
5.910011529922485352e-01
5.424447730183601379e-02
6.821943521499633789e-01
2.175555527210235596e-01
5.933061242103576660e-01
2.206782996654510498e-01
3.886461257934570312e-01
2.055036872625350952e-01
2.967438995838165283e-01
2.092332243919372559e-01
4.241656363010406494e-01
8.175234794616699219e-01
2.680788040161132812e-01
8.968461304903030396e-03
7.157000154256820679e-02
5.578490495681762695e-01
3.279852569103240967e-01
5.849467590451240540e-02
4.966930747032165527e-01
3.942267894744873047e-01
4.359746873378753662e-01
4.291791617870330811e-01
3.203676342964172363e-01
1.506525278091430664e-02
5.537908673286437988e-01
6.780032515525817871e-01
5.869525074958801270e-01
3.067823052406311035e-01
8.073505759239196777e-01
2.032920867204666138e-01
6.008652225136756897e-02
2.054921537637710571e-01
5.215337276458740234e-01
3.031267225742340088e-01
3.364878296852111816e-01
2.418066859245300293e-01
5.769527554512023926e-01
1.603182405233383179e-01
5.695609450340270996e-01
1.835118681192398071e-01
1.534345895051956177e-01
7.597784399986267090e-01
3.729788362979888916e-01
4.006994068622589111e-01
3.672596812248229980e-01
3.348879516124725342e-01
4.175429940223693848e-01
2.169799208641052246e-01
3.972982764244079590e-01
2.225675806403160095e-02
2.032403051853179932e-01
7.912831306457519531e-01
6.126026511192321777e-01
1.994485259056091309e-01
5.417855978012084961e-01
6.174737811088562012e-01
1.149187907576560974e-01
2.975903749465942383e-01
4.349368214607238770e-01
1.905824840068817139e-01
2.073778398334980011e-02
1.317028552293777466e-01
2.645925283432006836e-01
5.364294052124023438e-01
4.076410830020904541e-01
3.952050805091857910e-01
1.923088133335113525e-01
5.312849879264831543e-01
6.029376983642578125e-01
3.893539905548095703e-01
2.936254721134901047e-03
7.241144776344299316e-01
1.207444295287132263e-01
2.033737897872924805e-01
2.969905138015747070e-01
1.636347174644470215e-01
7.002693414688110352e-01
4.152258634567260742e-01
6.175736188888549805e-01
2.786331623792648315e-02
2.113414108753204346e-01
5.843515396118164062e-01
6.082156896591186523e-01
4.170053601264953613e-01
4.621958136558532715e-01
4.714886471629142761e-02
2.513059675693511963e-01
3.490837812423706055e-01
4.743837416172027588e-01
9.851196408271789551e-02
5.173970460891723633e-01
4.714832007884979248e-01
2.974006533622741699e-01
3.997774124145507812e-01
1.289303228259086609e-02
4.326320886611938477e-01
6.161983609199523926e-01
1.203500777482986450e-01
3.160070180892944336e-01
3.100445866584777832e-01
4.672283530235290527e-01
6.040254235267639160e-01
4.986117184162139893e-01
7.841162085533142090e-01
4.614091292023658752e-02
1.088838558644056320e-02
2.268240302801132202e-01
4.071189165115356445e-01
5.383024215698242188e-01
2.897956669330596924e-01
4.086407721042633057e-01
3.832126557826995850e-01
2.490673772990703583e-02
2.925595641136169434e-01
2.234276235103607178e-01
4.308235943317413330e-01
7.895503044128417969e-01
6.048142313957214355e-01
1.556696295738220215e-01
7.729700207710266113e-01
1.086470559239387512e-01
3.615705072879791260e-01
7.241286039352416992e-01
5.900882482528686523e-01
4.058618247509002686e-01
7.448726892471313477e-01
1.424711942672729492e-02
4.207605123519897461e-01
9.468716382980346680e-01
6.029742956161499023e-01
4.122096896171569824e-01
1.477242074906826019e-02
2.247550338506698608e-01
3.509138524532318115e-01
9.209674596786499023e-02
5.157389044761657715e-01
5.611867308616638184e-01
6.456280946731567383e-01
2.828193902969360352e-01
1.619108319282531738e-01
3.904867768287658691e-01
4.073904454708099365e-02
4.572789072990417480e-01
5.378337502479553223e-01
4.370078910142183304e-03
5.909596681594848633e-01
1.294495910406112671e-01
4.620956182479858398e-01
1.747737824916839600e-02
2.180814594030380249e-01
4.046934247016906738e-01
4.022711217403411865e-01
1.283062100410461426e-01
6.322596669197082520e-01
4.392573833465576172e-01
6.153964996337890625e-01
1.811360418796539307e-01
2.150966972112655640e-01
4.153245389461517334e-01
5.742470622062683105e-01
6.567748785018920898e-01
3.578045219182968140e-02
2.317957952618598938e-02
6.415267586708068848e-01
5.659020505845546722e-03
7.098156213760375977e-02
2.595397233963012695e-01
1.381078213453292847e-01
7.860157489776611328e-01
1.270799711346626282e-02
2.334384433925151825e-02
5.900497436523437500e-01
2.144227027893066406e-01
7.905174493789672852e-01
2.239112108945846558e-01
2.992904186248779297e-02
4.405932426452636719e-01
1.213817223906517029e-01
1.918171942234039307e-01
4.242805764079093933e-02
2.971877753734588623e-01
3.394106402993202209e-02
1.935298144817352295e-01
1.104570738971233368e-02
5.486904382705688477e-01
4.377784132957458496e-01
7.844359278678894043e-01
1.212531626224517822e-01
6.042219996452331543e-01
3.860304057598114014e-01
1.236137673258781433e-01
2.180193550884723663e-02
3.677556514739990234e-01
6.893013417720794678e-02
7.476254105567932129e-01
4.912436604499816895e-01
1.275099068880081177e-01
4.971250891685485840e-01
2.122509032487869263e-01
4.563459157943725586e-01
5.274413824081420898e-01
4.353464841842651367e-01
6.741110682487487793e-01
4.499600827693939209e-01
7.221982628107070923e-02
4.720196723937988281e-01
6.070410013198852539e-01
7.709488868713378906e-01
2.590153217315673828e-01
1.002777665853500366e-01
4.274786114692687988e-01
2.132791578769683838e-01
4.128241837024688721e-01
3.982700705528259277e-01
8.193004131317138672e-02
2.140710949897766113e-01
5.219890475273132324e-01
2.770368475466966629e-03
9.631268680095672607e-02
4.392879605293273926e-01
6.626493930816650391e-01
3.998253345489501953e-01
2.640557885169982910e-01
7.615300416946411133e-01
2.122668176889419556e-01
2.029564082622528076e-01
3.877643644809722900e-01
2.276426702737808228e-01
6.056925058364868164e-01
3.484028875827789307e-01
1.269587278366088867e-01
7.674928288906812668e-03
4.695992469787597656e-01
8.962827920913696289e-01
3.873695731163024902e-01
1.864861580543220043e-03
6.328473687171936035e-01
2.157344371080398560e-01
2.541774511337280273e-02
2.085414081811904907e-01
2.995053073391318321e-03
2.881322205066680908e-01
4.135442674160003662e-01
4.721890985965728760e-01
4.038512706756591797e-01
2.916202843189239502e-01
9.722749590873718262e-01
5.193001627922058105e-01
4.694138169288635254e-01
7.486448884010314941e-01
4.795015156269073486e-01
2.919036448001861572e-01
3.701752424240112305e-01
3.537077605724334717e-01
1.986621171236038208e-01
5.434845760464668274e-02
3.705395460128784180e-01
9.824150055646896362e-02
9.484109468758106232e-03
5.990034937858581543e-01
2.986542582511901855e-01
4.253676161170005798e-02
7.989241480827331543e-01
4.103404879570007324e-01
3.825653493404388428e-01
2.333058267831802368e-01
2.018668949604034424e-01
5.223480463027954102e-01
1.993289738893508911e-01
5.130118224769830704e-03
3.378520309925079346e-01
3.996804356575012207e-01
7.968977689743041992e-01
2.295182794332504272e-01
2.232832908630371094e-01
5.708985030651092529e-02
2.137734293937683105e-01
2.081016004085540771e-01
4.009135365486145020e-01
2.059086859226226807e-01
5.938335061073303223e-01
7.861809134483337402e-01
1.740960031747817993e-01
7.757723331451416016e-02
5.431908369064331055e-01
6.092184185981750488e-01
5.737885236740112305e-01
1.843382716178894043e-01
2.144957482814788818e-01
2.041103839874267578e-01
5.904986858367919922e-01
6.187808513641357422e-02
2.006421983242034912e-01
3.987672924995422363e-01
2.650818526744842529e-01
9.790800511837005615e-03
3.419110774993896484e-01
3.947264552116394043e-01
5.291703343391418457e-01
3.909428119659423828e-01
1.329983957111835480e-02
4.241259098052978516e-01
2.898453474044799805e-01
3.217635210603475571e-03
3.003032803535461426e-01
4.177964329719543457e-01
2.258453667163848877e-01
7.761488556861877441e-01
3.942150771617889404e-01
5.940935611724853516e-01
3.803477585315704346e-01
7.042254209518432617e-01
7.665232419967651367e-01
1.957953721284866333e-01
5.899561643600463867e-01
3.763874992728233337e-02
4.382509887218475342e-01
3.788999747484922409e-04
2.108066715300083160e-02
2.013425827026367188e-01
2.558593451976776123e-01
6.710634380578994751e-02
3.943056762218475342e-01
3.628853261470794678e-01
3.409658968448638916e-01
4.187881350517272949e-01
2.403684854507446289e-01
6.024397611618041992e-01
2.137610018253326416e-01
6.668712496757507324e-01
2.229183465242385864e-01
3.586115539073944092e-01
7.712886333465576172e-01
6.457645297050476074e-01
5.142104625701904297e-01
1.358641833066940308e-01
2.893491089344024658e-01
4.275217652320861816e-01
3.973914384841918945e-01
4.857255890965461731e-02
2.854518294334411621e-01
3.558838665485382080e-01
5.273655652999877930e-01
3.954017162322998047e-01
1.021401360630989075e-01
5.419250726699829102e-01
2.014380693435668945e-01
3.519280813634395599e-03
1.064762473106384277e-01
2.051587402820587158e-01
3.661028444766998291e-01
7.798019051551818848e-01
9.267887473106384277e-02
4.030828475952148438e-01
2.733024954795837402e-01
3.546094298362731934e-01
1.176282763481140137e-01
4.272437393665313721e-01
1.257932744920253754e-02
6.246170029044151306e-02
3.500184714794158936e-01
6.024967432022094727e-01
1.960614025592803955e-01
6.015433073043823242e-01
5.962988361716270447e-04
2.009422332048416138e-01
4.200930893421173096e-01
6.048071384429931641e-01
5.931134223937988281e-01
1.778664439916610718e-01
5.984318256378173828e-01
6.014028787612915039e-01
5.979717373847961426e-01
2.032639682292938232e-01
7.099357843399047852e-01
1.583062410354614258e-01
1.050301641225814819e-01
6.471692919731140137e-01
1.151030976325273514e-02
1.917851418256759644e-01
3.819233775138854980e-01
4.531208872795104980e-01
4.493544101715087891e-01
4.826108813285827637e-01
9.357330799102783203e-01
1.616524904966354370e-01
3.640183061361312866e-02
2.016968652606010437e-02
5.866972208023071289e-01
4.626972675323486328e-01
6.468650102615356445e-01
9.742125868797302246e-02
6.493550539016723633e-01
2.341355234384536743e-01
3.600555062294006348e-01
1.008778344839811325e-02
2.024290263652801514e-01
5.994697213172912598e-01
4.988814890384674072e-01
2.005913555622100830e-01
6.814496219158172607e-02
3.214167803525924683e-02
2.127418965101242065e-01
5.787338018417358398e-01
3.708323538303375244e-01
5.154944062232971191e-01
3.448937088251113892e-02
5.041439086198806763e-02
1.966348588466644287e-01
3.974618017673492432e-01
3.922268450260162354e-01
3.010517060756683350e-01
9.497269243001937866e-02
5.803546905517578125e-01
5.905845165252685547e-01
3.939847648143768311e-01
5.337030291557312012e-01
2.364732921123504639e-01
2.061844766139984131e-01
2.762057781219482422e-01
3.529047966003417969e-01
1.877698898315429688e-01
2.692802846431732178e-01
6.209071278572082520e-01
6.418832540512084961e-01
5.682731866836547852e-01
3.817944824695587158e-01
9.998817443847656250e-01
6.517921686172485352e-01
1.728840768337249756e-01
1.160136088728904724e-01
6.030532717704772949e-01
2.798228561878204346e-01
2.205509692430496216e-01
4.530124068260192871e-01
2.641833722591400146e-01
2.999514937400817871e-01
4.197016954421997070e-01
2.566816508769989014e-01
2.191221807152032852e-03
4.222090244293212891e-01
4.770835041999816895e-01
6.199913024902343750e-01
2.986635267734527588e-01
4.027356803417205811e-01
3.997751474380493164e-01
9.015575051307678223e-03
2.397387921810150146e-01
4.253610074520111084e-01
6.010326743125915527e-01
5.530189871788024902e-01
1.820210963487625122e-01
3.326407670974731445e-01
2.352455556392669678e-01
4.412969350814819336e-01
3.970965147018432617e-01
3.265400975942611694e-02
4.195443689823150635e-01
5.868097543716430664e-01
6.043013334274291992e-01
5.869016051292419434e-01
3.467924594879150391e-01
3.928093314170837402e-01
3.754622042179107666e-01
5.516604185104370117e-01
9.228078648447990417e-03
2.261033356189727783e-01
2.115830332040786743e-01
5.409166812896728516e-01
2.030480504035949707e-01
4.947735369205474854e-01
3.917323052883148193e-01
1.252693682909011841e-01
1.389371454715728760e-01
2.075990885496139526e-01
5.371712446212768555e-01
4.227806627750396729e-01
5.967655181884765625e-01
2.144225686788558960e-01
5.557405948638916016e-01
6.247847676277160645e-01
2.200330346822738647e-01
2.720519602298736572e-01
7.292764186859130859e-01
2.215078175067901611e-01
4.435544013977050781e-01
2.393334656953811646e-01
3.218465447425842285e-01
2.258654981851577759e-01
6.050258874893188477e-01
2.978749275207519531e-01
2.001846432685852051e-01
2.533768862485885620e-02
