9.949225187301635742e-01
9.999718070030212402e-01
6.823264956474304199e-01
9.065992832183837891e-01
9.981703162193298340e-01
9.908949732780456543e-01
9.938715696334838867e-01
9.962740540504455566e-01
9.536488652229309082e-01
9.798412322998046875e-01
9.991868734359741211e-01
9.539866447448730469e-01
9.519413113594055176e-01
4.239284025970846415e-04
1.000000000000000000e+00
9.981919527053833008e-01
6.123297661542892456e-02
2.528966404497623444e-02
9.909822344779968262e-01
9.984959363937377930e-01
9.662148356437683105e-01
4.673092439770698547e-02
7.927228808403015137e-01
9.997903108596801758e-01
9.994645118713378906e-01
3.198336660861968994e-01
1.304530203342437744e-01
2.593389451503753662e-01
9.987480044364929199e-01
2.205629199743270874e-01
4.734421074390411377e-01
9.999945163726806641e-01
3.189231827855110168e-02
3.283878862857818604e-01
9.866953492164611816e-01
9.943035244941711426e-01
9.999743103981018066e-01
9.999974370002746582e-01
9.999406933784484863e-01
1.228874083608388901e-03
7.243950664997100830e-02
9.997554421424865723e-01
1.846356689929962158e-02
3.046066462993621826e-01
9.816591143608093262e-01
1.817077770829200745e-02
1.289374977350234985e-01
9.754581451416015625e-01
9.767356514930725098e-01
9.999052286148071289e-01
9.999990463256835938e-01
9.999736547470092773e-01
3.666209429502487183e-02
1.290006795898079872e-03
9.999998807907104492e-01
5.329979658126831055e-01
9.408142566680908203e-01
9.991424679756164551e-01
9.920728206634521484e-01
9.876258373260498047e-01
7.209567427635192871e-01
9.978289604187011719e-01
9.993072152137756348e-01
9.985424280166625977e-01
9.591447114944458008e-01
5.923491120338439941e-01
5.241406559944152832e-01
9.999848008155822754e-01
9.999976158142089844e-01
9.629513621330261230e-01
6.978137493133544922e-01
9.758856892585754395e-01
9.484649300575256348e-01
9.331887960433959961e-01
9.676411747932434082e-03
1.658442616462707520e-01
9.799085855484008789e-01
9.949008226394653320e-01
7.144579887390136719e-01
7.443128824234008789e-01
9.979339838027954102e-01
1.235754974186420441e-02
8.393995761871337891e-01
7.814130783081054688e-01
8.723483681678771973e-01
3.717325031757354736e-01
6.972662210464477539e-01
9.679484367370605469e-01
9.643496274948120117e-01
4.500375092029571533e-01
2.759480476379394531e-01
2.865904383361339569e-02
5.724387168884277344e-01
9.966083168983459473e-01
3.351525589823722839e-02
3.839027602225542068e-03
6.124731153249740601e-03
9.317991137504577637e-01
1.175365895032882690e-01
6.360224913805723190e-03
9.125223159790039062e-01
9.873819351196289062e-01
9.971657991409301758e-01
9.964572787284851074e-01
4.661222100257873535e-01
9.505768418312072754e-01
9.999964237213134766e-01
2.818776369094848633e-01
9.082028269767761230e-01
9.442924261093139648e-01
9.934890866279602051e-01
9.834702610969543457e-01
9.846774339675903320e-01
9.927447438240051270e-01
3.491834998130798340e-01
9.994168281555175781e-01
9.999322891235351562e-01
7.698187828063964844e-01
9.446528553962707520e-01
9.998747110366821289e-01
1.503816097974777222e-01
8.237257599830627441e-01
9.463018178939819336e-01
9.841109514236450195e-01
9.993827342987060547e-01
9.969834089279174805e-01
9.417396187782287598e-01
1.699409484863281250e-01
8.107118010520935059e-01
8.583109378814697266e-01
6.726622581481933594e-01
8.996992111206054688e-01
9.892538785934448242e-01
9.460496306419372559e-01
6.033931374549865723e-01
4.649951457977294922e-01
9.302948713302612305e-01
8.898056745529174805e-01
9.901122450828552246e-01
9.716618061065673828e-01
7.549479007720947266e-01
8.822094649076461792e-02
1.115722134709358215e-01
2.394086867570877075e-01
9.004852175712585449e-01
9.905090928077697754e-01
2.591402269899845123e-02
4.348795115947723389e-01
4.773844182491302490e-01
9.781288504600524902e-01
8.348448276519775391e-01
9.336048364639282227e-01
9.682105183601379395e-01
9.348426461219787598e-01
9.900701642036437988e-01
8.516593277454376221e-02
6.720049381256103516e-01
8.645943403244018555e-01
9.999944567680358887e-01
3.303938806056976318e-01
9.383120536804199219e-01
9.945285916328430176e-01
9.900253415107727051e-01
9.783770442008972168e-01
9.887501597404479980e-01
9.586697816848754883e-01
9.908252358436584473e-01
9.993898868560791016e-01
9.914179444313049316e-01
9.971432089805603027e-01
9.812072515487670898e-01
9.999889731407165527e-01
1.015293374657630920e-01
2.242860756814479828e-02
9.845278859138488770e-01
9.993497729301452637e-01
9.945935010910034180e-01
9.276739507913589478e-02
9.327400922775268555e-01
9.958248138427734375e-01
9.948547482490539551e-01
9.987657666206359863e-01
9.999998211860656738e-01
1.116828769445419312e-01
9.998812675476074219e-01
9.934298992156982422e-01
4.624348506331443787e-02
5.263222455978393555e-01
9.962383508682250977e-01
9.972075223922729492e-01
6.887282133102416992e-01
8.576875329017639160e-01
9.019443988800048828e-01
9.991805553436279297e-01
9.998382329940795898e-01
4.081400576978921890e-03
2.357580959796905518e-01
9.757058024406433105e-01
1.637464314699172974e-01
1.575116515159606934e-01
9.846594929695129395e-01
5.163877010345458984e-01
9.070859551429748535e-01
9.626883268356323242e-01
9.861559271812438965e-01
9.914552569389343262e-01
9.972980022430419922e-01
9.976947307586669922e-01
3.503134846687316895e-01
4.306676611304283142e-02
9.955359101295471191e-01
3.627704679965972900e-01
1.080092936754226685e-01
9.931212067604064941e-01
9.806829094886779785e-01
9.809456467628479004e-01
8.924711346626281738e-01
9.911257028579711914e-01
9.998031854629516602e-01
9.987196326255798340e-01
9.999397993087768555e-01
9.992172122001647949e-01
4.581676721572875977e-01
9.954129457473754883e-01
1.000000000000000000e+00
9.984322190284729004e-01
2.063988447189331055e-01
9.988823533058166504e-01
9.888052940368652344e-01
9.796897768974304199e-01
9.464228749275207520e-01
9.992112517356872559e-01
9.971828460693359375e-01
9.928383231163024902e-01
7.763903141021728516e-01
8.432530760765075684e-01
9.770544767379760742e-01
8.002975583076477051e-01
9.941624999046325684e-01
9.911556243896484375e-01
9.003617763519287109e-01
9.196032881736755371e-01
9.486772418022155762e-01
9.664075374603271484e-01
9.766556024551391602e-01
1.906493306159973145e-01
3.037949204444885254e-01
3.242555856704711914e-01
8.509963154792785645e-01
9.805359840393066406e-01
1.422793418169021606e-01
6.180759668350219727e-01
9.774666428565979004e-01
9.412973523139953613e-01
9.807268977165222168e-01
7.229204773902893066e-01
9.363569021224975586e-01
9.990120530128479004e-01
9.996431469917297363e-01
9.985328316688537598e-01
8.227713108062744141e-01
9.561075568199157715e-01
9.951256513595581055e-01
9.817333221435546875e-01
9.897636771202087402e-01
9.592567682266235352e-01
9.926415681838989258e-01
9.913536906242370605e-01
9.925345778465270996e-01
9.910144209861755371e-01
9.998377561569213867e-01
9.997614622116088867e-01
9.999743700027465820e-01
7.963662147521972656e-01
9.754055738449096680e-01
9.920247793197631836e-01
9.888974428176879883e-01
9.956216812133789062e-01
9.960458278656005859e-01
9.836770296096801758e-01
9.998388290405273438e-01
9.957143068313598633e-01
9.656518101692199707e-01
9.993534684181213379e-01
9.755590558052062988e-01
9.543095231056213379e-01
4.498699009418487549e-01
9.972468614578247070e-01
9.741771817207336426e-01
8.797449469566345215e-01
9.644423127174377441e-01
9.993013739585876465e-01
9.427426457405090332e-01
9.943320155143737793e-01
9.974019527435302734e-01
8.355040550231933594e-01
8.444442152976989746e-01
6.766273975372314453e-01
3.549303114414215088e-01
2.050208151340484619e-01
9.914950728416442871e-01
9.753344058990478516e-01
8.962817192077636719e-01
9.745674729347229004e-01
9.958400130271911621e-01
9.520002007484436035e-01
9.963449835777282715e-01
9.951150417327880859e-01
8.681648969650268555e-01
9.567945003509521484e-01
9.977514147758483887e-01
2.203854173421859741e-01
8.686329722404479980e-01
1.476259082555770874e-01
9.937622547149658203e-01
9.915677905082702637e-01
9.939516186714172363e-01
9.923751950263977051e-01
9.912676811218261719e-01
9.887968301773071289e-01
9.954377412796020508e-01
9.938569068908691406e-01
9.923062324523925781e-01
9.996033906936645508e-01
9.961352944374084473e-01
1.000000000000000000e+00
9.995219707489013672e-01
8.901528716087341309e-01
9.999988079071044922e-01
9.477578401565551758e-01
3.996294736862182617e-02
8.601434826850891113e-01
9.908994436264038086e-01
9.978119730949401855e-01
3.086800277233123779e-01
7.603850960731506348e-01
9.840855598449707031e-01
9.998360872268676758e-01
9.926943778991699219e-01
9.896203875541687012e-01
2.477906644344329834e-02
9.945342540740966797e-01
3.215342760086059570e-02
8.685612119734287262e-03
9.864835999906063080e-03
9.980224370956420898e-01
9.877048730850219727e-01
5.745693445205688477e-01
6.139271333813667297e-02
9.751959443092346191e-01
9.986304640769958496e-01
9.908660054206848145e-01
9.823129773139953613e-01
9.138121269643306732e-03
4.703773558139801025e-02
6.345711153699085116e-05
8.032373338937759399e-02
6.325955390930175781e-01
2.108688838779926300e-02
5.592629779130220413e-03
9.057088494300842285e-01
9.924528598785400391e-01
4.926601648330688477e-01
1.082457881420850754e-02
9.968342781066894531e-01
9.925944209098815918e-01
9.982695579528808594e-01
9.991136789321899414e-01
9.730284810066223145e-01
9.984682798385620117e-01
9.990261793136596680e-01
9.995833039283752441e-01
9.799308776855468750e-01
9.976567029953002930e-01
9.983291625976562500e-01
9.947815537452697754e-01
9.997131824493408203e-01
9.994037747383117676e-01
9.977726340293884277e-01
9.989424943923950195e-01
9.967622160911560059e-01
9.999657273292541504e-01
9.959203004837036133e-01
9.954501986503601074e-01
9.932119250297546387e-01
9.994007349014282227e-01
4.378226995468139648e-01
9.105710983276367188e-01
9.893088340759277344e-01
9.993454217910766602e-01
9.981555938720703125e-01
9.958463311195373535e-01
2.198527939617633820e-02
7.311961650848388672e-01
9.999864697456359863e-01
5.245193839073181152e-01
9.887585043907165527e-01
9.928244352340698242e-01
9.938704371452331543e-01
9.760745167732238770e-01
2.282415749505162239e-03
9.894988536834716797e-01
9.997316002845764160e-01
9.960018992424011230e-01
9.901705980300903320e-01
4.585308209061622620e-02
6.053972840309143066e-01
9.998568892478942871e-01
9.871143698692321777e-01
9.680860042572021484e-01
9.990900158882141113e-01
9.291225075721740723e-01
9.906756877899169922e-01
9.991168975830078125e-01
9.973021149635314941e-01
8.277140259742736816e-01
9.973390102386474609e-01
9.940363168716430664e-01
9.906714558601379395e-01
9.984140992164611816e-01
9.947984814643859863e-01
9.223391115665435791e-02
9.977858662605285645e-01
9.990999698638916016e-01
9.666691422462463379e-01
9.979869127273559570e-01
9.988744258880615234e-01
9.996511340141296387e-01
9.981335401535034180e-01
9.959431886672973633e-01
9.915098547935485840e-01
9.199553728103637695e-01
9.992924928665161133e-01
9.977803826332092285e-01
9.624443054199218750e-01
9.970613121986389160e-01
9.992012381553649902e-01
9.862292408943176270e-01
9.911889433860778809e-01
9.984598159790039062e-01
9.759553074836730957e-01
9.998635649681091309e-01
9.951393604278564453e-01
9.891567230224609375e-01
9.700158834457397461e-01
9.989553093910217285e-01
9.988026618957519531e-01
9.520672559738159180e-01
9.943445324897766113e-01
9.990839362144470215e-01
9.695079922676086426e-01
9.991365075111389160e-01
4.080997407436370850e-01
9.936103224754333496e-01
9.985479116439819336e-01
9.974305033683776855e-01
9.939951896667480469e-01
9.283323287963867188e-01
9.987721443176269531e-01
9.992322325706481934e-01
9.895675182342529297e-01
9.889652132987976074e-01
9.990381002426147461e-01
9.930088520050048828e-01
9.999236464500427246e-01
9.929208755493164062e-01
9.995172619819641113e-01
9.999166727066040039e-01
9.978780746459960938e-01
9.953547716140747070e-01
9.653404951095581055e-01
9.969914555549621582e-01
9.997794032096862793e-01
8.191632628440856934e-01
9.951609373092651367e-01
9.751065373420715332e-01
9.862501025199890137e-01
9.950221776962280273e-01
9.962991476058959961e-01
9.974871277809143066e-01
9.937797784805297852e-01
9.999995827674865723e-01
9.999998211860656738e-01
9.964796900749206543e-01
9.782497286796569824e-01
9.993218779563903809e-01
5.503360298462212086e-04
6.387338507920503616e-03
9.966180324554443359e-01
9.931527972221374512e-01
2.302449283888563514e-04
7.330168038606643677e-03
9.964150786399841309e-01
9.999999403953552246e-01
9.999995231628417969e-01
9.932214021682739258e-01
9.858065247535705566e-01
1.106436457484960556e-02
9.934896230697631836e-01
1.020050887018442154e-02
1.596775464713573456e-02
9.451841935515403748e-03
9.976653456687927246e-01
5.460111498832702637e-01
9.491633176803588867e-01
6.490831971168518066e-01
4.880116879940032959e-02
9.999997615814208984e-01
9.973391890525817871e-01
9.895058274269104004e-01
7.767764329910278320e-01
9.958648085594177246e-01
1.571337431669235229e-01
9.846098423004150391e-01
9.978442788124084473e-01
4.307586550712585449e-01
7.078015208244323730e-01
7.552073597908020020e-01
9.923724532127380371e-01
9.787141084671020508e-01
1.000000000000000000e+00
9.960085153579711914e-01
9.884777665138244629e-01
9.603310823440551758e-01
9.972662329673767090e-01
9.368914365768432617e-01
9.988508224487304688e-01
9.952046871185302734e-01
9.882093071937561035e-01
7.482168078422546387e-01
9.690096974372863770e-01
9.975996613502502441e-01
9.994412660598754883e-01
9.999997615814208984e-01
9.966309666633605957e-01
9.926040172576904297e-01
1.179245021194219589e-02
8.371019959449768066e-01
9.996880292892456055e-01
7.799379091011360288e-06
9.968278408050537109e-01
9.919049143791198730e-01
3.601085860282182693e-03
4.508062731474637985e-03
9.963332414627075195e-01
9.994063973426818848e-01
9.999999403953552246e-01
9.941828250885009766e-01
9.821476936340332031e-01
1.284231692552566528e-01
9.973435401916503906e-01
9.998829960823059082e-01
3.054130077362060547e-01
8.599542975425720215e-01
9.998864531517028809e-01
5.885424613952636719e-01
9.899711012840270996e-01
9.420611262321472168e-01
9.096773862838745117e-01
9.999997019767761230e-01
9.938243031501770020e-01
9.846398234367370605e-01
9.944574832916259766e-01
9.976782202720642090e-01
9.983929395675659180e-01
1.347459703683853149e-01
9.788393378257751465e-01
9.962309002876281738e-01
6.623414158821105957e-01
9.851195216178894043e-01
9.985151886940002441e-01
9.978830218315124512e-01
9.999997615814208984e-01
9.944645762443542480e-01
9.777429103851318359e-01
9.969319701194763184e-01
9.987322688102722168e-01
9.824460744857788086e-01
4.430921077728271484e-01
9.989569187164306641e-01
9.921008944511413574e-01
9.828424453735351562e-01
9.958621263504028320e-01
9.994504451751708984e-01
9.999931454658508301e-01
9.999996423721313477e-01
9.949461221694946289e-01
9.815437793731689453e-01
9.916494488716125488e-01
9.953888058662414551e-01
9.988857507705688477e-01
9.151300787925720215e-02
9.878247976303100586e-01
9.971043467521667480e-01
9.924106001853942871e-01
2.983136801049113274e-04
7.690746784210205078e-01
9.999760389328002930e-01
1.000000000000000000e+00
9.938791990280151367e-01
9.665353894233703613e-01
9.425154924392700195e-01
9.958222508430480957e-01
9.575091004371643066e-01
4.950157701969146729e-01
9.948531985282897949e-01
9.928501844406127930e-01
9.994901418685913086e-01
9.983931183815002441e-01
9.908915758132934570e-01
9.998874068260192871e-01
9.999998807907104492e-01
9.945293664932250977e-01
9.864783287048339844e-01
9.596652984619140625e-01
9.953014254570007324e-01
9.898173213005065918e-01
4.703724682331085205e-01
9.939501285552978516e-01
9.858255386352539062e-01
9.915332198143005371e-01
7.967718839645385742e-01
9.952672123908996582e-01
9.966974258422851562e-01
9.336282610893249512e-01
9.290085434913635254e-01
9.307808876037597656e-01
9.983163475990295410e-01
9.304885864257812500e-01
9.984300136566162109e-01
1.752818375825881958e-01
9.056045413017272949e-01
9.834133386611938477e-01
9.980351924896240234e-01
9.985437393188476562e-01
9.960159659385681152e-01
9.570173025131225586e-01
9.896521568298339844e-01
9.778603315353393555e-01
9.489927291870117188e-01
8.566105365753173828e-01
9.130390882492065430e-01
8.670555353164672852e-01
3.209706395864486694e-02
9.968991875648498535e-01
7.108092308044433594e-01
9.168006777763366699e-01
3.319820165634155273e-01
9.968025088310241699e-01
9.703717827796936035e-01
9.934082627296447754e-01
9.914951324462890625e-01
9.846307635307312012e-01
8.219397664070129395e-01
9.784067273139953613e-01
9.911155700683593750e-01
1.545473095029592514e-02
9.935241937637329102e-01
9.867103695869445801e-01
3.022952005267143250e-03
3.119748830795288086e-02
9.932714104652404785e-01
9.963738918304443359e-01
9.833206534385681152e-01
9.864348173141479492e-01
9.679092168807983398e-01
9.941421747207641602e-01
1.314663514494895935e-02
9.817875027656555176e-01
9.902737736701965332e-01
8.257105946540832520e-01
9.895129203796386719e-01
9.965327978134155273e-01
9.965094923973083496e-01
8.072187304496765137e-01
9.591311812400817871e-01
9.229655265808105469e-01
9.403496980667114258e-01
9.502338171005249023e-01
9.964748024940490723e-01
1.047262325882911682e-01
9.610748887062072754e-01
9.967257380485534668e-01
8.676804602146148682e-03
9.585360884666442871e-01
9.957870841026306152e-01
9.976145029067993164e-01
9.973381161689758301e-01
9.973043203353881836e-01
9.686838984489440918e-01
9.696007370948791504e-01
9.629648923873901367e-01
9.981324076652526855e-01
6.584597229957580566e-01
9.758725166320800781e-01
9.981628060340881348e-01
8.639226555824279785e-01
9.580992460250854492e-01
9.973821043968200684e-01
9.952117204666137695e-01
9.919128417968750000e-01
9.979412555694580078e-01
7.997786998748779297e-01
8.939688205718994141e-01
9.277433753013610840e-01
9.967948198318481445e-01
7.810107469558715820e-01
9.350790381431579590e-01
9.968770742416381836e-01
9.984112977981567383e-01
9.792947173118591309e-01
9.880634546279907227e-01
1.002187281847000122e-01
9.931142926216125488e-01
9.941226243972778320e-01
6.997270882129669189e-02
2.328254282474517822e-01
7.316748499870300293e-01
9.839692711830139160e-01
1.801236346364021301e-02
5.640676617622375488e-01
9.856458306312561035e-01
8.798491954803466797e-01
9.902310967445373535e-01
9.784426093101501465e-01
9.758038520812988281e-01
3.876430988311767578e-01
9.877422451972961426e-01
6.508401036262512207e-01
9.243065118789672852e-01
9.300646781921386719e-01
9.904767274856567383e-01
6.698113083839416504e-01
9.423522949218750000e-01
9.933682084083557129e-01
7.202754020690917969e-01
9.619777798652648926e-01
9.485497474670410156e-01
9.931174516677856445e-01
9.952362179756164551e-01
9.076874852180480957e-01
9.786878228187561035e-01
9.795036911964416504e-01
9.616770148277282715e-01
9.966130852699279785e-01
9.190211296081542969e-01
9.827045202255249023e-01
9.970148205757141113e-01
8.943941593170166016e-01
8.245623707771301270e-01
9.951307177543640137e-01
9.965958595275878906e-01
9.887492060661315918e-01
9.587362408638000488e-01
9.817097187042236328e-01
9.650437235832214355e-01
9.418066740036010742e-01
5.593083500862121582e-01
1.688415743410587311e-02
8.235168457031250000e-01
9.969689249992370605e-01
5.383523702621459961e-01
4.041333682835102081e-03
9.823717474937438965e-01
9.525809884071350098e-01
8.806402087211608887e-01
5.921931006014347076e-03
9.922366142272949219e-01
9.855805039405822754e-01
9.754918217658996582e-01
9.464997649192810059e-01
9.802598357200622559e-01
9.800456762313842773e-01
9.975264668464660645e-01
1.649687737226486206e-01
9.904722571372985840e-01
3.931481540203094482e-01
9.332787990570068359e-01
9.634688496589660645e-01
9.783876687288284302e-02
9.832083582878112793e-01
9.668421745300292969e-01
9.617398977279663086e-01
9.946397542953491211e-01
8.678960800170898438e-01
9.670069813728332520e-01
9.929268360137939453e-01
6.720760371536016464e-03
9.790806174278259277e-01
9.953799247741699219e-01
9.953111410140991211e-01
4.230294525623321533e-01
5.639230012893676758e-01
9.761823415756225586e-01
9.653327465057373047e-01
9.437596201896667480e-01
9.963887333869934082e-01
7.527902722358703613e-01
9.474377632141113281e-01
9.919286370277404785e-01
2.306523025035858154e-01
9.425111413002014160e-01
9.941618442535400391e-01
9.999842047691345215e-01
9.999722242355346680e-01
9.999798536300659180e-01
9.856985807418823242e-01
9.733391404151916504e-01
9.605231881141662598e-01
9.985192418098449707e-01
8.762535452842712402e-01
9.595229029655456543e-01
9.973407387733459473e-01
7.158519029617309570e-01
1.487067788839340210e-01
9.967611432075500488e-01
9.998201131820678711e-01
9.999577999114990234e-01
9.743916988372802734e-01
9.587950110435485840e-01
9.577339887619018555e-01
9.354003667831420898e-01
9.988920688629150391e-01
6.572447419166564941e-01
9.293161630630493164e-01
9.972936511039733887e-01
9.999932050704956055e-01
9.919375777244567871e-01
9.580888152122497559e-01
9.940578937530517578e-01
9.985573887825012207e-01
9.998785257339477539e-01
9.193560481071472168e-01
9.490730762481689453e-01
9.368218779563903809e-01
9.965355396270751953e-01
7.119401693344116211e-01
8.304664492607116699e-01
9.914826750755310059e-01
9.749924540519714355e-01
9.805406332015991211e-01
8.139280080795288086e-01
9.737678766250610352e-01
9.794235229492187500e-01
9.863471984863281250e-01
9.680242538452148438e-01
9.700222611427307129e-01
9.545741677284240723e-01
9.958514571189880371e-01
7.090105414390563965e-01
9.539427161216735840e-01
9.928930997848510742e-01
8.803696632385253906e-01
8.609531521797180176e-01
8.488720655441284180e-01
9.962689280509948730e-01
9.998621940612792969e-01
9.844940900802612305e-01
9.870044589042663574e-01
9.677515625953674316e-01
9.591149091720581055e-01
9.969078302383422852e-01
2.338099777698516846e-01
9.705432057380676270e-01
9.942747354507446289e-01
9.708438515663146973e-01
7.791793346405029297e-01
9.893594384193420410e-01
9.971826076507568359e-01
9.718254804611206055e-01
8.428186178207397461e-01
9.967227578163146973e-01
9.927002787590026855e-01
9.849196076393127441e-01
9.947800040245056152e-01
9.978631138801574707e-01
9.978540539741516113e-01
9.980644583702087402e-01
9.984695911407470703e-01
9.691964983940124512e-01
4.994834661483764648e-01
9.568794369697570801e-01
9.900365471839904785e-01
9.940166473388671875e-01
9.938991069793701172e-01
9.871362447738647461e-01
9.779638648033142090e-01
6.441144645214080811e-02
1.668884307146072388e-01
9.020023345947265625e-01
8.701738119125366211e-01
6.576452255249023438e-01
8.687797002494335175e-03
4.490392208099365234e-01
3.408732824027538300e-03
9.822474122047424316e-01
1.417398601770401001e-01
9.929189085960388184e-01
9.786324501037597656e-01
9.658690094947814941e-01
9.813643097877502441e-01
9.876760840415954590e-01
9.980491399765014648e-01
9.931261539459228516e-01
9.177431464195251465e-01
1.727288909023627639e-04
9.924425482749938965e-01
9.985921382904052734e-01
9.533572196960449219e-01
3.012712672352790833e-02
9.938537478446960449e-01
9.846354126930236816e-01
9.456547498703002930e-01
9.862286448478698730e-01
9.989634156227111816e-01
9.919544458389282227e-01
9.954765439033508301e-01
9.993131160736083984e-01
8.727785944938659668e-01
9.979220628738403320e-01
9.990629553794860840e-01
9.994285106658935547e-01
9.993587732315063477e-01
9.890922904014587402e-01
9.719651937484741211e-01
9.524196386337280273e-01
9.433143734931945801e-01
9.987636804580688477e-01
9.981751441955566406e-01
7.204669713973999023e-01
9.997755885124206543e-01
9.713339209556579590e-01
9.238588809967041016e-01
9.965526461601257324e-01
9.984594583511352539e-01
9.994949102401733398e-01
9.880293011665344238e-01
9.735478162765502930e-01
9.567168951034545898e-01
9.964623451232910156e-01
9.955713748931884766e-01
9.978319406509399414e-01
9.979056715965270996e-01
9.883623719215393066e-01
9.994514584541320801e-01
9.791847467422485352e-01
9.812436103820800781e-01
9.917879700660705566e-01
9.989424347877502441e-01
9.923564195632934570e-01
9.808877110481262207e-01
9.668478965759277344e-01
9.498174190521240234e-01
9.934937953948974609e-01
9.971195459365844727e-01
9.839588403701782227e-01
9.981655478477478027e-01
9.979841709136962891e-01
9.979057312011718750e-01
9.965119361877441406e-01
9.984050393104553223e-01
9.953472018241882324e-01
9.932500123977661133e-01
9.830294847488403320e-01
9.615226984024047852e-01
6.143475770950317383e-01
9.944400191307067871e-01
9.968558549880981445e-01
9.985486268997192383e-01
9.986621141433715820e-01
9.859226942062377930e-01
9.769513607025146484e-01
9.979572892189025879e-01
9.983595609664916992e-01
9.957774877548217773e-01
9.938045740127563477e-01
9.876449704170227051e-01
9.779307246208190918e-01
5.040811896324157715e-01
9.003621935844421387e-01
9.864305853843688965e-01
9.817627668380737305e-01
9.887970089912414551e-01
9.939920902252197266e-01
1.370006590150296688e-03
4.202571138739585876e-02
9.536691904067993164e-01
9.998214244842529297e-01
9.942838549613952637e-01
9.859825968742370605e-01
9.734222292900085449e-01
9.678756594657897949e-01
9.101442098617553711e-01
9.758518338203430176e-01
9.998100996017456055e-01
9.911256432533264160e-01
9.998610019683837891e-01
2.414106726646423340e-01
9.241989850997924805e-01
7.581488490104675293e-01
3.945952057838439941e-01
9.963689446449279785e-01
9.897035956382751465e-01
9.708606004714965820e-01
9.858844280242919922e-01
9.983035326004028320e-01
9.947525262832641602e-01
9.153104424476623535e-01
9.991218447685241699e-01
9.876144528388977051e-01
7.222667932510375977e-01
9.946905374526977539e-01
9.982990026473999023e-01
9.967988133430480957e-01
9.944234490394592285e-01
9.859281778335571289e-01
8.759052157402038574e-01
9.979611635208129883e-01
9.987161755561828613e-01
9.928799867630004883e-01
8.849979043006896973e-01
9.993287920951843262e-01
9.884890913963317871e-01
9.898816943168640137e-01
9.308926463127136230e-01
9.996296167373657227e-01
9.996594190597534180e-01
9.962694644927978516e-01
9.876924157142639160e-01
8.185386657714843750e-01
9.944446086883544922e-01
9.957967400550842285e-01
9.854722619056701660e-01
6.957666873931884766e-01
9.980195760726928711e-01
9.933896660804748535e-01
9.989209175109863281e-01
3.573357462882995605e-01
1.730397343635559082e-01
9.978495836257934570e-01
9.967113137245178223e-01
9.904614686965942383e-01
9.583712220191955566e-01
9.944090247154235840e-01
9.989843368530273438e-01
9.907514452934265137e-01
8.061329722404479980e-01
9.993034005165100098e-01
9.737632870674133301e-01
9.962386488914489746e-01
8.775290250778198242e-01
9.984022974967956543e-01
9.978173375129699707e-01
9.913175106048583984e-01
9.785028696060180664e-01
9.705128669738769531e-01
9.942395091056823730e-01
9.299815893173217773e-01
8.981186747550964355e-01
9.990978240966796875e-01
9.718198180198669434e-01
9.992704987525939941e-01
9.871569275856018066e-01
9.824861884117126465e-01
9.733242392539978027e-01
9.473261833190917969e-01
9.919986724853515625e-01
9.815139770507812500e-01
9.725726246833801270e-01
9.755278229713439941e-01
4.955283105373382568e-01
9.467108845710754395e-01
9.987359642982482910e-01
9.936316013336181641e-01
9.909069538116455078e-01
9.922119975090026855e-01
9.904897212982177734e-01
9.964420199394226074e-01
9.711881279945373535e-01
9.872878193855285645e-01
9.776029586791992188e-01
9.671656489372253418e-01
9.951819777488708496e-01
8.416645526885986328e-01
9.787803292274475098e-01
9.976850152015686035e-01
9.945860505104064941e-01
9.829208254814147949e-01
9.987633228302001953e-01
1.048788079060614109e-03
7.454615235328674316e-01
9.990493059158325195e-01
9.693893194198608398e-01
9.735161066055297852e-01
9.625374674797058105e-01
9.890846014022827148e-01
2.704838216304779053e-01
9.884085059165954590e-01
9.958498477935791016e-01
9.756534099578857422e-01
9.366807341575622559e-01
9.981781840324401855e-01
9.724044799804687500e-01
2.071203738451004028e-01
9.927065968513488770e-01
9.868021011352539062e-01
9.823241829872131348e-01
9.713618159294128418e-01
9.863737821578979492e-01
5.349121689796447754e-01
9.793274402618408203e-01
8.825369477272033691e-01
9.627875685691833496e-01
9.669197797775268555e-01
9.997927546501159668e-01
9.802355170249938965e-01
9.789295792579650879e-01
9.997197389602661133e-01
9.940277338027954102e-01
9.859232306480407715e-01
9.771248102188110352e-01
9.809913635253906250e-01
7.995432615280151367e-01
9.859867095947265625e-01
9.760457277297973633e-01
9.880281090736389160e-01
9.903154373168945312e-01
9.990949034690856934e-01
9.907467365264892578e-01
9.770213961601257324e-01
9.934460520744323730e-01
9.918479919433593750e-01
9.773920774459838867e-01
9.680113792419433594e-01
9.976692199707031250e-01
9.512913823127746582e-01
9.824321269989013672e-01
9.982521533966064453e-01
9.935623407363891602e-01
7.976010441780090332e-01
9.923263788223266602e-01
9.999795556068420410e-01
9.999222755432128906e-01
9.921631813049316406e-01
9.754184484481811523e-01
9.738190770149230957e-01
9.570624828338623047e-01
9.960844516754150391e-01
2.767878472805023193e-01
9.112479090690612793e-01
9.898431301116943359e-01
9.656179547309875488e-01
9.998784065246582031e-01
9.928737282752990723e-01
1.178531050682067871e-01
9.815489053726196289e-01
9.997636079788208008e-01
9.834746718406677246e-01
9.703097939491271973e-01
9.571470618247985840e-01
9.954984784126281738e-01
8.948469161987304688e-01
7.760358452796936035e-01
9.981753230094909668e-01
9.721472859382629395e-01
9.745177030563354492e-01
9.958891868591308594e-01
9.709113240242004395e-01
1.060655085893813521e-05
1.774277625372633338e-04
9.889839291572570801e-01
9.753178954124450684e-01
9.685636758804321289e-01
9.955492019653320312e-01
9.201708436012268066e-01
4.506374001502990723e-01
9.987646937370300293e-01
9.887326359748840332e-01
9.604080319404602051e-01
9.989064931869506836e-01
9.967336654663085938e-01
9.998947381973266602e-01
7.112428545951843262e-01
9.908266067504882812e-01
9.804452061653137207e-01
9.729845523834228516e-01
9.956371188163757324e-01
1.255605816841125488e-01
6.135071516036987305e-01
9.991395473480224609e-01
9.936438202857971191e-01
9.202817678451538086e-01
9.992991089820861816e-01
9.976401925086975098e-01
9.997004270553588867e-01
9.951823949813842773e-01
9.899405837059020996e-01
9.762298464775085449e-01
9.633270502090454102e-01
9.986062049865722656e-01
9.832141995429992676e-01
9.962635636329650879e-01
9.927924275398254395e-01
9.977777600288391113e-01
9.998021125793457031e-01
9.970738291740417480e-01
9.994611144065856934e-01
9.999896287918090820e-01
9.988520741462707520e-01
9.878036379814147949e-01
9.780460000038146973e-01
9.678328633308410645e-01
9.978348016738891602e-01
9.363048076629638672e-01
9.885571599006652832e-01
9.972860217094421387e-01
9.943695664405822754e-01
9.819311499595642090e-01
9.966353178024291992e-01
9.837435483932495117e-01
9.891122579574584961e-01
8.564993143081665039e-01
9.947143793106079102e-01
9.856627583503723145e-01
9.257510900497436523e-01
9.979087710380554199e-01
9.798764586448669434e-01
9.763135910034179688e-01
5.784686803817749023e-01
9.975782036781311035e-01
9.628641605377197266e-01
8.942348957061767578e-01
9.971649646759033203e-01
9.999076128005981445e-01
9.997630715370178223e-01
9.765200614929199219e-01
9.715703725814819336e-01
9.663814306259155273e-01
9.961259961128234863e-01
9.745326042175292969e-01
9.839861989021301270e-01
9.964026808738708496e-01
9.901266694068908691e-01
9.992343187332153320e-01
9.883833527565002441e-01
9.959180951118469238e-01
9.387935996055603027e-01
9.944655895233154297e-01
9.816992282867431641e-01
9.777311682701110840e-01
9.317892789840698242e-01
9.960114955902099609e-01
9.509599208831787109e-01
9.879119396209716797e-01
9.923387169837951660e-01
9.883176684379577637e-01
9.998147487640380859e-01
9.943032264709472656e-01
9.998039007186889648e-01
9.989275932312011719e-01
9.984893798828125000e-01
9.918119311332702637e-01
9.814158082008361816e-01
9.689647555351257324e-01
9.986102581024169922e-01
9.890956282615661621e-01
9.935435056686401367e-01
9.804720878601074219e-01
9.970951676368713379e-01
9.999499320983886719e-01
9.955474734306335449e-01
9.979184865951538086e-01
9.995858669281005859e-01
9.997294545173645020e-01
9.842405915260314941e-01
9.778978228569030762e-01
9.682192206382751465e-01
9.944534897804260254e-01
9.672382473945617676e-01
9.726068377494812012e-01
9.981696605682373047e-01
9.852124452590942383e-01
9.913609027862548828e-01
9.870520234107971191e-01
9.978757500648498535e-01
9.685949683189392090e-01
9.934360980987548828e-01
9.899795055389404297e-01
9.805183410644531250e-01
9.725614190101623535e-01
9.964780807495117188e-01
9.666154384613037109e-01
9.863379597663879395e-01
9.923884868621826172e-01
9.911075830459594727e-01
9.906267523765563965e-01
9.981410503387451172e-01
9.988490939140319824e-01
9.788520336151123047e-01
9.942001104354858398e-01
9.931256771087646484e-01
9.830569624900817871e-01
9.622457027435302734e-01
9.968059659004211426e-01
9.565500020980834961e-01
9.831338524818420410e-01
7.456216812133789062e-01
9.929091334342956543e-01
9.695912599563598633e-01
9.954698085784912109e-01
9.998112320899963379e-01
9.922723770141601562e-01
9.994379878044128418e-01
