9.226274306957538140e-01
5.374367004394746683e-01
5.805734575081330506e-01
5.516241326146812396e-01
7.030472892785417649e-01
6.088908359121817382e-01
4.806572068482637405e-01
4.338024197808968418e-01
7.700125483366159207e-01
7.462370507419109344e-01
6.067504152082480173e-01
6.001668437742270212e-01
8.503356988613421930e-01
7.152373964110245730e-01
6.063938516980180715e-01
6.388835865431107264e-01
6.990865007616006155e-01
7.912909325498801438e-01
7.306260437919542827e-01
7.314029914828447110e-01
9.138576457133660291e-01
9.513011437195998399e-01
7.782980960149031846e-01
8.159149850790317071e-01
8.964436541383082879e-01
7.857690920623449093e-01
5.289254760148021095e-01
3.299702670600919152e-01
9.818704540912921441e-01
9.324202262438260336e-01
7.476605398181933593e-01
7.424064903305127583e-01
9.137471851248007981e-01
9.268185542179987468e-01
9.055559933185577393e-01
9.690559735664954211e-01
9.681306022864121230e-01
6.830902499248693305e-01
5.314775348032036995e-01
8.029166998771520847e-01
9.546874257234426731e-01
6.733812712064076722e-01
7.205958234576078647e-01
8.895429332668964850e-01
9.189704152253957981e-01
7.697282140876408052e-01
9.269017439622145860e-01
9.169896038678976291e-01
8.979232402948232883e-01
7.875431361966408472e-01
7.448088923343815226e-01
8.419764044766242517e-01
8.302489910274744034e-01
9.121568111272958523e-01
8.275075372881613989e-01
6.220043627366137473e-01
8.210348395200876004e-01
9.016988827632024250e-01
6.172998189890327447e-01
7.709794907042613055e-01
7.656058796162071856e-01
8.948164353003869032e-01
8.547895928988089587e-01
9.232789965776296848e-01
8.646700978279113770e-01
8.834763948733990180e-01
8.073000747423905166e-01
9.449771573910346056e-01
5.446442223530119087e-01
8.150658709696821935e-01
9.583825056369488227e-01
9.262171892019418484e-01
9.783192460353558051e-01
9.779708752265343641e-01
9.458664013789250813e-01
7.813803438117387090e-01
7.381934363108414443e-01
9.507974523764389785e-01
9.248100748428931261e-01
8.020966606071362470e-01
9.519459421818072808e-01
9.284009062326871176e-01
9.377001890769371961e-01
8.503912556636630260e-01
8.177048704372003041e-01
9.102515073922964328e-01
9.648891549844008653e-01
9.393994808197021484e-01
8.042933539702341594e-01
7.870565277446355257e-01
8.820773867460397488e-01
8.772603663114401096e-01
9.821551808944115614e-01
9.235221101687505207e-01
9.173371470891512613e-01
9.508028809840862738e-01
9.665708771118750597e-01
9.810540309319129015e-01
9.499799838432898547e-01
9.757631879586440293e-01
9.560692035234891195e-01
