9.840295314788818359e-01
9.814867973327636719e-01
9.757167696952819824e-01
9.932426214218139648e-01
9.949390292167663574e-01
9.931430220603942871e-01
9.933568239212036133e-01
9.935805201530456543e-01
9.897868633270263672e-01
9.869917631149291992e-01
9.979994297027587891e-01
9.904177188873291016e-01
9.952074289321899414e-01
9.936453104019165039e-01
9.994508028030395508e-01
8.935392498970031738e-01
9.935906529426574707e-01
9.965462088584899902e-01
9.933080077171325684e-01
9.955061674118041992e-01
9.927562475204467773e-01
9.952366948127746582e-01
9.868234395980834961e-01
9.857583642005920410e-01
9.932307004928588867e-01
9.939747452735900879e-01
9.979569315910339355e-01
9.966856837272644043e-01
9.906547665596008301e-01
9.363377094268798828e-01
9.665800333023071289e-01
9.939575195312500000e-01
9.740864038467407227e-01
9.901391267776489258e-01
9.935250282287597656e-01
9.942970275878906250e-01
9.930812716484069824e-01
9.935458302497863770e-01
9.984356760978698730e-01
9.907376170158386230e-01
9.973049759864807129e-01
9.978870153427124023e-01
9.993239641189575195e-01
9.858547449111938477e-01
9.867277145385742188e-01
9.952856302261352539e-01
9.887271523475646973e-01
9.912975430488586426e-01
9.845548868179321289e-01
9.903990030288696289e-01
9.883562326431274414e-01
9.862419366836547852e-01
9.936401844024658203e-01
9.842130541801452637e-01
9.955163002014160156e-01
9.903246760368347168e-01
9.944037199020385742e-01
9.994643926620483398e-01
9.891184568405151367e-01
9.842829704284667969e-01
9.184055328369140625e-01
9.981081485748291016e-01
9.989929199218750000e-01
8.263899683952331543e-01
9.934085011482238770e-01
9.953861236572265625e-01
9.998757839202880859e-01
9.843680858612060547e-01
9.919221997261047363e-01
9.957556724548339844e-01
9.997773766517639160e-01
8.914810419082641602e-01
9.862436056137084961e-01
9.862481355667114258e-01
9.948453903198242188e-01
9.883723258972167969e-01
9.910316467285156250e-01
9.931436777114868164e-01
9.435564279556274414e-01
9.896313548088073730e-01
9.931937456130981445e-01
9.958157539367675781e-01
9.916243553161621094e-01
9.738644957542419434e-01
9.999292492866516113e-01
9.782794713973999023e-01
9.722919464111328125e-01
9.756104946136474609e-01
9.308888316154479980e-01
9.905350804328918457e-01
9.590206146240234375e-01
9.898583292961120605e-01
9.972587227821350098e-01
9.659515619277954102e-01
9.944875836372375488e-01
9.944273233413696289e-01
9.954805970191955566e-01
9.952424764633178711e-01
9.716159701347351074e-01
9.723134636878967285e-01
9.766729474067687988e-01
9.741941690444946289e-01
9.950881600379943848e-01
9.909943342208862305e-01
9.879555702209472656e-01
9.910751581192016602e-01
9.878625869750976562e-01
9.930171966552734375e-01
9.794922471046447754e-01
9.831426143646240234e-01
9.941419363021850586e-01
9.946078062057495117e-01
9.902656674385070801e-01
9.857776165008544922e-01
9.765034317970275879e-01
9.735848903656005859e-01
9.762074947357177734e-01
9.922716617584228516e-01
9.954295158386230469e-01
9.982180595397949219e-01
9.915480613708496094e-01
9.923462271690368652e-01
9.996792674064636230e-01
9.757103919982910156e-01
9.905576109886169434e-01
9.938400387763977051e-01
9.998480081558227539e-01
9.354183077812194824e-01
9.448895454406738281e-01
9.650139808654785156e-01
9.898347854614257812e-01
9.813746809959411621e-01
9.922771453857421875e-01
9.989619255065917969e-01
9.934915900230407715e-01
9.869574904441833496e-01
9.994668960571289062e-01
9.937624931335449219e-01
9.806936979293823242e-01
9.784004092216491699e-01
9.895144104957580566e-01
9.661288261413574219e-01
9.657853841781616211e-01
9.624491333961486816e-01
9.414176940917968750e-01
9.941861629486083984e-01
9.947741031646728516e-01
9.995577335357666016e-01
9.917123913764953613e-01
9.912047386169433594e-01
9.992206096649169922e-01
9.908108711242675781e-01
9.970514774322509766e-01
9.951787590980529785e-01
9.949585199356079102e-01
9.548870921134948730e-01
9.595860242843627930e-01
9.582390785217285156e-01
9.891997575759887695e-01
9.911434650421142578e-01
9.922107458114624023e-01
9.980303645133972168e-01
9.934260845184326172e-01
9.860007166862487793e-01
9.728527665138244629e-01
9.831412434577941895e-01
9.995392560958862305e-01
9.985864162445068359e-01
9.926910400390625000e-01
9.790171384811401367e-01
9.789125323295593262e-01
9.760620594024658203e-01
9.931654930114746094e-01
9.879279732704162598e-01
9.824903011322021484e-01
9.887099862098693848e-01
9.831610321998596191e-01
9.824631214141845703e-01
9.851377010345458984e-01
9.974117875099182129e-01
9.934967756271362305e-01
9.864486455917358398e-01
9.925289750099182129e-01
9.537048339843750000e-01
9.717367291450500488e-01
9.736336469650268555e-01
9.942625164985656738e-01
9.845829606056213379e-01
9.769768714904785156e-01
9.876704812049865723e-01
9.830183386802673340e-01
9.859818816184997559e-01
9.817667603492736816e-01
9.912569522857666016e-01
9.530011415481567383e-01
9.862735271453857422e-01
9.924719929695129395e-01
9.813697934150695801e-01
9.788265228271484375e-01
9.775127172470092773e-01
9.953769445419311523e-01
9.898330569267272949e-01
9.640491008758544922e-01
9.772808551788330078e-01
9.888223409652709961e-01
9.760404229164123535e-01
9.828403592109680176e-01
9.884417057037353516e-01
9.813269376754760742e-01
9.991832375526428223e-01
9.911431074142456055e-01
9.847457408905029297e-01
9.815062880516052246e-01
9.764467477798461914e-01
9.940059185028076172e-01
9.930660128593444824e-01
9.887006282806396484e-01
9.895462393760681152e-01
9.927082061767578125e-01
9.882669448852539062e-01
9.858238697052001953e-01
9.943017959594726562e-01
9.867478609085083008e-01
9.941225647926330566e-01
9.794844388961791992e-01
