9.938734769821166992e-01
9.907552003860473633e-01
9.998958110809326172e-01
9.978291392326354980e-01
1.248955354094505310e-01
5.331863183528184891e-03
1.017835363745689392e-02
9.936634898185729980e-01
2.487465292215347290e-01
2.405134910077322274e-05
2.276083687320351601e-04
9.964437484741210938e-01
7.504097223281860352e-01
1.236937237081292551e-06
5.767746642959536985e-06
2.796784492886672524e-08
1.905116597811229440e-08
9.999994635581970215e-01
1.376632018946111202e-03
1.242285361513495445e-03
5.498079117387533188e-04
9.995102882385253906e-01
9.539360180497169495e-04
4.375580829218961298e-05
1.232817992568016052e-01
9.987199902534484863e-01
1.162379398010671139e-03
1.388002942803723272e-06
1.900171786546707153e-01
1.060524862259626389e-02
7.351593467319617048e-08
9.965948462486267090e-01
3.722406225278973579e-03
7.396791875362396240e-02
5.811711773276329041e-03
9.967845082283020020e-01
3.666594391688704491e-03
1.848533898591995239e-01
1.128776222467422485e-01
9.949442744255065918e-01
4.784408491104841232e-03
8.769712410867214203e-03
9.998133182525634766e-01
2.378125861287117004e-02
9.989103674888610840e-01
9.976097941398620605e-01
1.028143316507339478e-01
1.638778671622276306e-02
1.002487074583768845e-02
9.929297566413879395e-01
1.803975552320480347e-01
1.354181295027956367e-04
2.240362518932670355e-04
9.963797330856323242e-01
1.738979965448379517e-01
3.354202955961227417e-03
1.225505002366844565e-06
9.999973177909851074e-01
1.975597627460956573e-02
9.962150454521179199e-01
2.213194407522678375e-02
1.066985279321670532e-01
4.629746079444885254e-01
4.062434309162199497e-04
2.015962451696395874e-02
5.391464947024360299e-05
5.350905656814575195e-02
4.296441911719739437e-04
2.979782968759536743e-02
2.210653292422648519e-05
6.853539380244910717e-04
2.261050511151552200e-03
2.798417117446660995e-04
7.450554966926574707e-01
9.992325305938720703e-01
4.946675524115562439e-02
6.518889963626861572e-02
9.985839724540710449e-01
4.956418997608125210e-04
3.411552309989929199e-01
9.984030127525329590e-01
9.978203177452087402e-01
2.570974640548229218e-03
4.335402250289916992e-01
9.961738586425781250e-01
2.576853036880493164e-01
2.065282315015792847e-04
2.161655277013778687e-01
9.984130263328552246e-01
7.874717004597187042e-03
2.911161258816719055e-02
9.983373284339904785e-01
1.296896673738956451e-02
2.249177778139710426e-03
2.174622938036918640e-02
9.963841438293457031e-01
9.197830222547054291e-03
5.035498761571943760e-04
8.754017353057861328e-01
3.983576595783233643e-02
9.878023266792297363e-01
9.933610558509826660e-01
9.938777685165405273e-01
8.993471972644329071e-03
7.410827558487653732e-03
9.911115765571594238e-01
1.524902582168579102e-01
1.745373592711985111e-04
1.123871425079414621e-05
9.948048591613769531e-01
6.677735596895217896e-02
4.483892396092414856e-02
5.459251610773208085e-07
9.924522638320922852e-01
9.639450907707214355e-01
9.999426603317260742e-01
9.974597692489624023e-01
4.376779794692993164e-01
6.432025227695703506e-03
1.374098807573318481e-01
9.346283227205276489e-02
3.603023651521652937e-05
9.483436122536659241e-03
1.228708424605429173e-03
6.653382629156112671e-02
2.688477252377197146e-06
2.142627345165237784e-04
2.026666142046451569e-02
2.248480021953582764e-01
8.942909836769104004e-01
9.977807402610778809e-01
3.382364055141806602e-03
8.702260851860046387e-01
8.862982988357543945e-01
9.977424144744873047e-01
5.985384341329336166e-03
3.188780322670936584e-02
9.965091943740844727e-01
2.610227675177156925e-04
4.599914252758026123e-01
1.255314704030752182e-02
8.085951209068298340e-02
5.045925732702016830e-03
9.742574095726013184e-01
9.982827901840209961e-01
8.263543248176574707e-03
7.133135795593261719e-01
7.210382223129272461e-01
9.985703825950622559e-01
1.270318925380706787e-01
4.628800973296165466e-02
9.970075488090515137e-01
1.275653578341007233e-02
1.468242771807126701e-05
1.201086640357971191e-01
2.502401359379291534e-02
8.966010808944702148e-01
9.981967210769653320e-01
9.958952069282531738e-01
5.814526695758104324e-03
2.917196042835712433e-02
7.727301120758056641e-01
9.948596358299255371e-01
2.929738536477088928e-02
9.786869287490844727e-01
9.967386722564697266e-01
9.351466782391071320e-03
4.460355341434478760e-01
2.672263653948903084e-04
1.202020496129989624e-01
9.952028393745422363e-01
9.999965429306030273e-01
9.984160065650939941e-01
4.660177603363990784e-02
5.764000583440065384e-03
1.569239422678947449e-02
9.948517084121704102e-01
6.529433131217956543e-01
8.713086572242900729e-05
9.974376007448881865e-05
1.758248358964920044e-02
7.201213389635086060e-03
7.878525138949044049e-07
3.179250657558441162e-02
5.871357321739196777e-01
2.669277489185333252e-01
9.973408579826354980e-01
7.902816683053970337e-02
5.380097031593322754e-01
5.829146504402160645e-01
9.931937456130981445e-01
2.838372439146041870e-02
2.769140899181365967e-01
3.617867082357406616e-02
9.926713705062866211e-01
9.311710484325885773e-03
8.093977812677621841e-04
9.852561950683593750e-01
9.959592819213867188e-01
9.999444484710693359e-01
9.980090856552124023e-01
1.284117102622985840e-01
3.476762911304831505e-03
2.886414155364036560e-02
9.938250184059143066e-01
3.248699009418487549e-01
5.042601333116181195e-05
9.953013068297877908e-05
9.965695142745971680e-01
3.458587527275085449e-01
1.108037622543633915e-06
9.971243143081665039e-01
9.960124492645263672e-01
9.999905824661254883e-01
9.976717233657836914e-01
1.487400233745574951e-01
4.418979398906230927e-03
3.628213703632354736e-02
9.943671822547912598e-01
4.879064261913299561e-01
5.336668255040422082e-05
1.444192166673019528e-04
9.965110421180725098e-01
7.994397282600402832e-01
9.490225464105606079e-02
