1.850075437315564955e+02
1.795326747788872979e+02
1.727923328429693299e+02
1.622641927200660632e+02
1.416760734698269459e+02
1.170257641525007841e+02
9.526358746117912801e+01
8.501539532323367609e+01
8.099331933222711655e+01
7.919572990145533709e+01
7.781350368149578856e+01
7.699391815857961774e+01
7.580262937257066369e+01
7.475131296375766965e+01
7.370434713624418066e+01
7.236113320216536238e+01
7.010065842764451816e+01
6.643079730076715350e+01
6.060937093002721809e+01
5.265274751791730523e+01
4.253628895459696935e+01
3.415819505900144293e+01
2.856446167717222195e+01
2.531676448727957762e+01
2.309015953977359459e+01
2.117229792646831044e+01
2.007417435059323907e+01
1.946677915392792713e+01
1.879500650101399373e+01
1.900821536875882956e+01
1.785783735828008645e+01
1.927862463416022365e+01
1.847159737641195676e+01
1.945672430744853187e+01
1.864237440184115258e+01
1.752479233373978929e+01
1.688433178384802957e+01
1.694256222986150462e+01
1.766663143694022509e+01
1.644484070707367351e+01
1.598665353992782912e+01
1.702275258873178387e+01
1.701779023264052881e+01
1.646680291062111934e+01
1.554567981097025076e+01
1.544339412156332436e+01
1.542971159051630892e+01
1.539610479665934761e+01
1.597172531504420512e+01
1.599461070518800554e+01
1.476611817312550556e+01
1.451653005150401476e+01
1.456414802264071184e+01
1.431093708024964073e+01
1.410551953408148584e+01
1.521317999148013733e+01
1.489313799918409131e+01
1.378369565080135928e+01
1.426868631524357589e+01
1.398040038800227158e+01
1.348129903540429986e+01
1.327807994466802555e+01
1.359351491144989232e+01
1.321602063670925453e+01
1.336943438129701534e+01
1.291125443675018758e+01
1.323800980010144102e+01
1.356813310922552773e+01
1.266656555514773608e+01
1.252800986290794683e+01
1.228256828658913946e+01
1.232665435346764227e+01
1.214158207108657805e+01
1.211086658946373973e+01
1.259710418124002373e+01
1.215141034451903046e+01
1.224248940768937999e+01
1.197249818906041163e+01
1.134847856776463004e+01
1.149532349654768915e+01
1.135314820894609511e+01
1.245439627366505420e+01
1.119674011475428266e+01
1.108997615616083365e+01
1.094968168177156898e+01
1.032714127128004478e+01
1.009653200901361814e+01
1.027516255888308550e+01
1.001622304733874635e+01
1.013975728075957861e+01
1.002864768749952873e+01
9.591143244647081900e+00
9.492548967437352658e+00
9.040954831322386198e+00
9.118104754683349356e+00
1.028982549180657280e+01
1.082240367200150821e+01
1.185396438319467549e+01
9.810026157719500262e+00
9.016356959680559058e+00
8.481226602902614431e+00
8.286036611607460856e+00
8.246178742888821134e+00
8.124343885140467236e+00
8.123324918759124103e+00
8.012243663510833613e+00
8.008134682447529684e+00
7.918302902265156540e+00
7.896463669417033593e+00
7.835151952374308948e+00
7.822850039113700582e+00
7.825901995728798966e+00
7.759577991872925296e+00
7.806976396164640342e+00
7.798744783103904510e+00
7.831482950645056285e+00
7.673386604276538847e+00
7.677866375147544886e+00
7.526830759768364132e+00
7.530129704436347993e+00
7.576091352211631325e+00
7.524410700567455201e+00
7.582037186889988511e+00
7.628451712343041535e+00
7.453553597620919291e+00
7.449243229570299718e+00
7.343400122982569833e+00
7.382735194877483309e+00
7.337501211747621710e+00
7.378941808345553355e+00
7.281607178031640260e+00
7.282573670360176443e+00
7.218207434361721297e+00
7.257217864845171285e+00
7.332503867407990761e+00
7.434494381026655496e+00
7.665807203428369299e+00
8.333086773522847324e+00
9.438686028042582166e+00
1.123816589993779758e+01
1.065674389211893036e+01
1.127775480401591679e+01
9.659539872182795861e+00
7.929930683626895238e+00
8.475926919628387068e+00
7.666013568828526914e+00
7.196553870889891513e+00
7.140290703739810674e+00
7.092625071239956114e+00
7.071692459154860444e+00
7.062331078097400905e+00
7.035767790009356482e+00
7.011834289963212896e+00
7.001000331885899541e+00
6.987303579275504717e+00
6.970041440473255356e+00
6.929565713393214033e+00
6.896750138452586221e+00
6.884994283644442881e+00
6.881131580454325380e+00
6.839341272183498077e+00
6.853302731411514692e+00
6.814536723284635222e+00
6.782852789677860983e+00
6.750769318463250457e+00
6.714743481418667947e+00
6.701433783927643439e+00
6.675779738560089882e+00
6.664226221344006440e+00
6.613543132418937098e+00
6.565902923334323127e+00
6.503346542958365895e+00
6.492325883272497045e+00
6.437712184248828962e+00
6.407620321799288199e+00
6.416398392432251185e+00
6.322311156908005714e+00
6.335613562566743795e+00
6.271684403311087230e+00
6.193194378102726105e+00
6.197695664439914154e+00
6.120564067724427737e+00
6.097391029004393559e+00
6.074955055822181649e+00
5.998135723330688229e+00
5.920777852117874218e+00
6.424578523175227929e+00
7.089070046109554823e+00
8.765336181662297221e+00
7.885448676644347010e+00
8.110444201368261830e+00
9.836839554816673825e+00
8.382034322413113969e+00
7.151568805357174874e+00
6.095282063401560535e+00
6.551526593556229905e+00
1.553092513228493843e+01
1.107560535058829032e+01
6.123645734615399405e+00
5.710329668082716026e+00
5.591381377364200489e+00
5.495595389783841433e+00
5.450990275710131172e+00
5.448531907178437272e+00
5.416407538985208880e+00
5.384407610976166048e+00
5.381322081977987004e+00
5.357139843724388228e+00
5.344806507498674364e+00
5.315917452856996128e+00
5.318323275373518122e+00
5.294681132472521590e+00
5.275958990373010415e+00
5.238592043321387060e+00
5.250627246093034550e+00
5.217052753658521169e+00
5.196886590384030669e+00
5.208642452068181328e+00
5.216865034940906476e+00
5.155259799806197307e+00
5.212373490324329950e+00
5.147126083710668709e+00
5.106734525818325210e+00
5.140995748148969646e+00
5.088292378170933716e+00
5.089832650621405996e+00
5.181732760992082021e+00
5.095374278697261339e+00
5.021872339353398829e+00
5.009080345672276557e+00
5.006484564921967362e+00
4.996215231649292932e+00
4.961868704601508639e+00
4.957725510384679346e+00
4.945152864599831055e+00
4.963475886840518214e+00
4.927570871882582360e+00
4.917989904708141680e+00
4.951801180581955286e+00
4.913490078048726950e+00
4.901633264525401046e+00
4.924511382678889326e+00
4.855187371487375003e+00
4.806045696422438951e+00
4.850552284208481169e+00
4.824572539917545200e+00
4.833921756208525267e+00
4.770942994118004599e+00
4.778485247025907157e+00
4.764609789877743751e+00
4.741658243912766579e+00
4.915453957324504408e+00
6.495120463824133772e+00
1.710244772569469518e+01
1.720976304248508626e+01
5.408587626406273330e+00
5.115222172570696557e+00
5.059553516337101264e+00
4.957105454470223549e+00
4.866893590162303163e+00
4.806254055098477806e+00
4.747703220680551617e+00
4.738313053692843724e+00
4.724687895317560837e+00
4.728043460156015954e+00
4.707737054226086570e+00
4.683290451584511516e+00
4.678314284995456873e+00
4.669914683309889014e+00
4.653814460601552128e+00
4.652195008043127800e+00
4.615951209923613519e+00
4.627678085867012570e+00
4.604322572251438928e+00
4.599106605298539208e+00
4.583465304739985591e+00
4.573617592999520198e+00
4.575248091239719983e+00
4.569513367430960038e+00
4.529503155446209739e+00
4.528528070587188203e+00
4.529904753682544083e+00
4.510789625847803741e+00
4.511111912438624749e+00
4.507614657315818008e+00
4.479961223595256392e+00
4.483916278593730098e+00
4.473033117346162157e+00
4.465355447113705800e+00
4.441827829303508501e+00
4.442926847238910959e+00
4.462300782913592556e+00
4.417799200908040902e+00
4.426119332640124249e+00
4.444734799942878567e+00
4.420056171909459763e+00
4.387834196435287382e+00
4.401653117819881444e+00
4.392624404328071996e+00
4.541378447222132131e+00
4.439785536121783949e+00
4.431163651171369011e+00
4.363344255184347098e+00
4.379534850107935640e+00
4.326320498813134741e+00
4.309880849484040155e+00
4.304818670259410673e+00
4.294018168726151607e+00
4.308713606656795037e+00
4.330995647634321877e+00
4.281492560029948713e+00
4.268595526486308245e+00
4.272114075059266547e+00
4.429392652426170862e+00
4.307661956171903839e+00
4.273517802296242785e+00
4.349603669593622435e+00
4.333136983441531420e+00
4.224337596730197042e+00
4.259713313170166771e+00
4.178266398052153718e+00
4.255447045731500566e+00
4.463372027480787096e+00
4.413429683350710953e+00
4.341283729276400827e+00
4.164557019574760766e+00
4.242065167566923201e+00
4.197614018444483008e+00
4.175253771454120688e+00
4.291611371156577093e+00
4.272547526083985581e+00
4.254589190009926192e+00
4.121513706171205271e+00
4.086559205064546063e+00
4.181688009683108831e+00
4.291187018048998603e+00
5.344225710150274367e+00
1.268926388334955924e+01
1.090784148610427451e+01
1.505675286512264321e+01
7.255724144745784088e+00
5.485800469187270600e+00
4.658701479837088932e+00
4.171751360221096938e+00
4.108805044645333915e+00
4.085506273421211532e+00
4.062653616651587640e+00
4.049166424273113130e+00
4.035846435620337402e+00
4.024276854385232305e+00
4.027273465427265720e+00
4.038710257205013754e+00
3.989777030085386311e+00
3.971325378578754339e+00
3.968460700834035126e+00
3.977112380381385037e+00
3.953244482445438912e+00
3.953185104444290054e+00
3.921451636349632786e+00
3.925019248688627727e+00
3.936204995388322914e+00
3.912881285634097317e+00
3.905835353931684129e+00
3.880410464053068331e+00
3.898520540697416159e+00
3.866633399900362811e+00
3.849338049276068041e+00
3.839508540335228481e+00
3.839723345675142063e+00
3.814302381443104739e+00
3.805225110359685914e+00
3.797153890986410651e+00
3.793948293086236934e+00
3.764914105666753219e+00
3.765287681545112175e+00
3.765864339169050279e+00
3.747542482314906831e+00
3.737875055003169855e+00
3.733207737609697485e+00
3.757919202024189165e+00
3.717441349888795710e+00
3.723631731632647934e+00
3.689224987261400024e+00
3.708034470162965501e+00
3.675840571147648284e+00
3.718037856527542040e+00
3.677390622964256117e+00
3.678774460829558279e+00
3.634685584106859046e+00
3.605688499858055618e+00
3.605422933966235810e+00
3.585634687442350810e+00
3.575740769616305492e+00
3.570994239937093084e+00
3.581561765939153652e+00
3.560801295192914218e+00
3.544082488364042938e+00
3.504564037534257270e+00
3.505053084806536212e+00
3.500965824977896546e+00
3.512397262510390306e+00
3.521598171967522894e+00
3.520055597894329757e+00
3.536545602676733235e+00
3.536008263340085112e+00
3.524095516719270904e+00
3.542656373010927950e+00
3.551244339526567817e+00
3.434054503416370974e+00
3.461191589759320841e+00
3.397782022450954287e+00
3.352700387177210750e+00
3.447740946705550869e+00
3.266164694144549685e+00
3.325326112199562090e+00
3.332150509722782594e+00
3.301407660238473429e+00
3.334514669272314880e+00
3.300435781251286560e+00
3.274521633259519060e+00
3.264520293337702217e+00
3.217396395785075747e+00
3.253699120308402915e+00
3.194802628594166638e+00
3.175554214749539028e+00
3.188449239546741865e+00
3.322765158686513676e+00
3.138875738367926438e+00
3.181585694365383965e+00
3.179362282046727550e+00
3.764455654947639118e+00
4.633054860552775267e+00
1.610056379080159417e+01
2.892651263553869967e+01
2.400370995150944253e+01
4.967999936387712978e+00
3.821942143535417724e+00
3.307165047179225326e+00
3.198511668197753011e+00
3.102054799665518114e+00
3.025785835347875263e+00
2.992642680696044888e+00
2.965378008436386104e+00
2.977007440905913516e+00
2.968448394955891079e+00
2.922644871209937101e+00
2.894173076261890465e+00
2.862027260647439952e+00
2.859912236116394890e+00
2.841198410341803537e+00
2.879341090405691084e+00
2.788819814072200920e+00
2.776517290241349745e+00
2.770320786765358978e+00
2.756677419643554394e+00
2.732321322576990674e+00
2.719969450399548627e+00
2.702124563472710683e+00
2.666029391637329216e+00
2.661263054906268799e+00
2.656274130187378457e+00
2.651012145841957768e+00
2.627450689735545186e+00
2.602821458722274883e+00
2.610344859338547874e+00
2.556171459821723779e+00
2.566360135894848238e+00
2.541157064106235541e+00
2.520971425555237122e+00
2.494353219097524832e+00
2.489152358896331130e+00
2.465474564068813379e+00
2.480889389075858098e+00
2.437615111567137838e+00
2.421188704956057425e+00
2.422646195703939132e+00
2.393908456122773032e+00
2.397609111698594031e+00
2.353642361149201001e+00
2.331018135345320097e+00
2.350601311201339083e+00
2.309319999876447760e+00
2.293714580341338571e+00
2.266525937699623405e+00
2.249547338567071897e+00
2.250607544022602546e+00
2.232259634660266556e+00
2.210077431254140468e+00
2.208712884695833711e+00
2.189664551860329489e+00
2.191465012637584753e+00
2.140073721981744281e+00
2.130956182126473752e+00
2.130088494675078437e+00
2.147192966309410256e+00
2.089078243354239639e+00
2.055570150492479709e+00
2.061493600780974766e+00
2.072666951057712481e+00
2.043313789945776282e+00
2.003995862791748461e+00
2.003409903148113180e+00
1.993888124193369915e+00
1.965868077400045877e+00
1.968079400215006602e+00
1.933853500411117921e+00
1.913887382400542903e+00
1.907924840166441482e+00
1.903604707970057985e+00
1.884921314210544097e+00
1.866399476551276804e+00
1.854964827071054811e+00
1.833554934871301612e+00
1.825403713065051559e+00
1.810979511329713798e+00
1.803138243674843100e+00
1.782544344136226755e+00
1.750447856332857599e+00
1.769496990402865233e+00
1.813326116049640335e+00
1.742297804044696363e+00
1.722319670243581458e+00
1.759197813655407616e+00
1.704556870376620736e+00
1.682470169778852664e+00
1.663151634010242130e+00
1.656104861580323107e+00
1.628868538115261888e+00
1.619922657151391832e+00
1.618196978897856297e+00
1.621098498656826425e+00
1.594274405915899750e+00
1.620910950609328438e+00
1.605419719726563610e+00
1.556707120082069240e+00
1.585017092027644070e+00
1.565087575023710542e+00
1.544778159720431088e+00
1.545437390542051093e+00
1.502325819403000695e+00
1.491684852249616666e+00
1.501150349717428778e+00
1.480863653678756053e+00
1.471510473693783183e+00
1.481998548721361386e+00
1.450969788188513077e+00
1.466192653248850730e+00
1.455409411649912998e+00
1.455208892114686181e+00
1.476116459111381118e+00
1.572979528699821161e+00
1.087609001431987465e+01
4.198026243752823206e+01
8.034623753952587322e+00
7.751487710092737515e+00
3.824245292055402867e+00
2.130319724381649849e+00
1.922927176784816172e+00
1.552813384653796813e+00
1.453257565810972096e+00
1.465615680819175370e+00
1.433275972354829175e+00
1.428180208357812786e+00
1.427203805810205450e+00
1.398355355965514857e+00
1.408732773805917216e+00
1.377259721541378212e+00
1.377251165341345951e+00
1.379461896143351352e+00
1.367099383707323978e+00
1.362354975142022750e+00
1.352792284733362660e+00
1.344723533709281993e+00
1.343440800190009554e+00
1.336041486472754558e+00
1.337988835695398393e+00
1.336369751717671805e+00
1.325448852577400860e+00
1.319931310345503928e+00
1.320788642491521614e+00
1.319220889230555915e+00
1.311004816605719769e+00
1.304958480825973766e+00
1.293092262469909270e+00
1.299597681914050895e+00
1.294318935135362336e+00
1.297735367686666974e+00
1.290047376670219181e+00
1.275397304454077174e+00
1.293097365590165193e+00
1.271225814155275247e+00
1.277938042553816489e+00
1.267670404408824059e+00
1.276330401229878841e+00
1.263365312217655356e+00
1.267695550821136496e+00
1.264533369548829000e+00
1.252349166548921700e+00
1.256760612503734276e+00
1.265128445678061597e+00
1.255211307682026156e+00
1.257654158096184416e+00
1.249701003163693258e+00
1.244789298204608485e+00
1.238034728005536156e+00
1.236561571928504577e+00
1.234206257715405375e+00
1.248011426443068173e+00
1.230499525580398767e+00
1.218783062472584833e+00
1.230326481963049945e+00
1.248516290873678214e+00
1.234971814365670273e+00
1.212408015311308374e+00
1.219867098636231662e+00
1.216212223294007799e+00
1.202916703861217185e+00
1.218291387525368918e+00
1.210085703126299039e+00
1.192658819865789699e+00
1.217164352166616892e+00
1.190744348696878729e+00
1.204122072921649078e+00
1.182040411533983981e+00
1.206208775171759839e+00
1.197953651036308909e+00
1.195549997062155922e+00
1.183217416959485124e+00
1.189920051170239024e+00
1.185269166901076643e+00
1.180353605643864601e+00
1.185773235665351422e+00
1.173904912091040753e+00
1.178955201269931807e+00
1.172679553870983771e+00
1.162524224621910296e+00
1.170146661808232125e+00
1.170366864570317578e+00
1.193361648624454485e+00
1.164947946179040628e+00
1.167123219433850112e+00
1.153780858817157196e+00
1.158022389779785000e+00
1.145561946937669884e+00
1.149474693765645927e+00
1.135787744448654824e+00
1.144294004547177224e+00
1.150692568249712666e+00
1.142032152419079738e+00
1.136372789568318442e+00
1.153250885337126830e+00
1.133995271837994867e+00
1.137941089090540370e+00
1.127415546018559755e+00
1.131352991291538546e+00
1.148766300154292708e+00
1.148252339243470033e+00
1.134412205619054204e+00
1.130451625756137446e+00
1.186650348088980511e+00
1.195820721900278771e+00
1.146172023800909212e+00
1.131614077239760263e+00
1.104892352821491341e+00
1.111359593699307924e+00
1.122954362690347763e+00
1.152770830039031580e+00
1.109783241147425770e+00
1.092908987827266198e+00
1.097864865819067948e+00
1.105287909050815642e+00
1.095404939008906897e+00
1.097973640857330180e+00
1.080364747849287710e+00
1.093352727228608545e+00
1.083952143836003801e+00
1.087298283625679485e+00
1.089946321058201217e+00
1.084051409353057327e+00
1.082508584991620726e+00
1.078848088926787296e+00
1.083867713131632993e+00
1.087354751651889773e+00
1.078594566254437837e+00
1.086524021643279436e+00
1.080001358535017220e+00
1.080160531302772231e+00
1.071565716580522576e+00
1.113373468444686321e+00
1.081358868609723300e+00
1.047628282661096977e+00
1.062070727838505535e+00
1.066304168223828786e+00
1.053596170673478216e+00
1.070142211671455401e+00
1.058469063658455500e+00
1.064931640962510029e+00
1.050809244329673264e+00
1.042824753542893834e+00
1.055979042755887942e+00
1.041690199778679382e+00
1.044894913376668955e+00
1.057552725975150931e+00
1.035887246639680459e+00
1.038638656090020707e+00
1.034191380562199836e+00
1.027567260523747361e+00
1.029206985242930639e+00
1.038251490332413596e+00
1.020894337089615078e+00
1.037844185487969639e+00
1.048099632277617932e+00
1.032583200897994491e+00
1.033820675254836008e+00
1.023535170959883001e+00
1.043007885282949632e+00
1.026993434068950162e+00
1.009900039000439120e+00
1.021101470804438804e+00
1.014201213450829142e+00
1.029460089286877267e+00
1.037481815135268493e+00
1.034172270682833572e+00
1.047307208762569442e+00
1.016756869516893813e+00
1.080988229977444259e+00
1.022175008169426746e+00
9.993786276359741816e-01
9.882207216949467909e-01
9.895354479202808085e-01
9.968939297134454813e-01
9.994647183965895687e-01
9.809969679615108129e-01
1.005022100712440691e+00
9.867554542979093402e-01
1.007894345469256381e+00
9.804345496013325834e-01
9.965024758787791592e-01
1.003036896724989857e+00
4.547434013007110920e+00
2.725004412964712586e+01
1.594370187077021761e+01
7.780340053755065988e+00
3.670992995588369556e+00
1.553662483215529688e+00
1.409988525543269589e+00
1.124898949926341540e+00
1.104378080399303075e+00
1.068973243578355437e+00
1.034076340855329956e+00
1.031877708866125065e+00
1.022998639406048849e+00
1.017066879666171486e+00
1.015518082406074996e+00
1.002533129628454756e+00
1.005299828111262173e+00
9.962069832603788200e-01
9.929392716264373586e-01
9.872457531962993693e-01
9.843748195432737713e-01
9.863238110612855269e-01
9.767877226070510455e-01
9.813488003418996408e-01
9.756300661900325633e-01
9.774969894169600604e-01
9.673526281290776296e-01
9.752881698278030864e-01
9.750515351834281308e-01
9.702917889349322866e-01
9.689621770931466926e-01
9.671012489700074877e-01
9.665332003498520175e-01
9.678318854487060197e-01
9.679609087391896072e-01
9.618332067552699538e-01
9.621181587208724739e-01
9.624913395557171958e-01
9.629969214933368216e-01
9.619856591294422277e-01
9.582769254398726400e-01
9.602668345054155008e-01
9.549463982126212835e-01
9.540799084720731349e-01
9.535072771802873826e-01
9.532239098455363990e-01
9.532104922963782201e-01
9.574867056623560524e-01
9.522433104752963118e-01
9.533519252643316566e-01
9.543738269072804536e-01
9.461009696307769445e-01
9.450560175564760579e-01
9.477508826020880628e-01
9.440626355688379601e-01
9.459634274979634716e-01
9.492705101212095542e-01
9.475548108526282709e-01
9.476806123253936898e-01
9.428761401476123405e-01
9.439637313257691620e-01
9.420411029847854945e-01
9.391585454406851108e-01
9.468381389959830141e-01
9.428416212550274622e-01
9.346033211763739024e-01
9.402286727623391238e-01
9.336289260829857550e-01
9.372062727848117225e-01
9.338183564493022226e-01
9.304765089592195171e-01
9.413705806127581344e-01
9.340982143939953186e-01
9.329723776939289337e-01
9.338016534323514417e-01
9.339356278398838196e-01
9.313314483857311199e-01
9.309465827414555861e-01
9.307091392347359715e-01
9.283152813284119009e-01
9.227755414321450189e-01
9.245143542383289503e-01
9.290620044509012576e-01
9.276423698404500096e-01
9.285811632882172706e-01
9.329229901401617786e-01
9.175924306667468944e-01
9.237660455797310766e-01
9.215822938729587577e-01
9.163167296501171233e-01
9.173465757870502557e-01
9.164905511917424974e-01
9.107393182413374699e-01
9.222979156568470449e-01
9.248653508694388847e-01
9.135897833587250938e-01
9.159906491941172124e-01
9.194345550367728492e-01
9.110210461631311762e-01
9.181510881800818424e-01
9.123260749380733836e-01
9.080785964582105407e-01
9.106664367162438101e-01
9.121058472684012708e-01
9.272721250478724864e-01
9.203551330178726397e-01
9.087468366345831106e-01
9.080608707914337163e-01
9.096394621687948767e-01
9.074560689804058722e-01
9.006664655028657762e-01
9.072302473240654308e-01
9.067959448716095272e-01
9.077725513375469735e-01
8.986895678851851699e-01
8.989516173100071672e-01
9.082025074216175664e-01
9.029474752184682984e-01
8.996327758034794453e-01
9.018391437536650290e-01
9.099787610980285546e-01
8.957805798623155180e-01
9.094606842516441692e-01
8.948508279631681717e-01
9.038811342737431698e-01
8.960718841298132009e-01
8.988916511844479151e-01
8.995472872673729858e-01
8.998143232236401889e-01
8.953781408398271413e-01
8.951285669531756639e-01
9.047269027827951060e-01
8.885697916022848863e-01
8.958564464718563602e-01
8.859261415240808901e-01
8.971800833515317652e-01
9.080686161147923929e-01
8.967793214845357630e-01
8.955190283184208955e-01
8.907203350204099257e-01
8.787026416364909220e-01
8.905834964060261871e-01
8.848834648630656829e-01
8.973887641747410049e-01
8.882364619852495258e-01
8.881271587866137462e-01
9.240395989746815752e-01
8.896565569876628832e-01
8.811931212862958995e-01
8.748746574367117779e-01
8.733240960468066083e-01
8.716225444635596897e-01
8.773496201732001731e-01
8.712269184328420568e-01
8.672839347796355014e-01
8.732561717526522438e-01
8.762766107668766846e-01
8.760609394228680014e-01
8.678700664485404781e-01
8.883645939284121607e-01
8.895058289456585499e-01
8.735774815120038728e-01
8.802775509580669233e-01
8.800657785059314842e-01
8.665416530462295430e-01
8.704298063691340293e-01
8.624375388764036199e-01
8.675032647173168687e-01
8.731412126262398932e-01
4.450996872794218184e+00
1.907121589350280288e+01
1.554771891860765365e+01
6.498947758049610002e+00
2.878403039297000809e+00
1.930592108853238731e+00
1.617857011128745581e+00
1.208549681439328172e+00
1.098750780996175624e+00
1.038920675316529652e+00
1.007241700113232330e+00
9.685653725684147952e-01
9.560726545332614013e-01
9.414859158375918913e-01
9.408965091452443641e-01
9.394657468136472511e-01
9.269531916170649088e-01
9.263164842613121897e-01
9.195141734886249640e-01
9.125212100160468021e-01
9.104835297635333058e-01
9.079794260513296411e-01
9.013530407214715989e-01
8.987812125641255756e-01
8.994388500958677701e-01
8.930503089275247941e-01
8.876491568765061402e-01
8.910619800910325461e-01
8.866555757251773917e-01
8.827213031787266573e-01
8.771205561541506324e-01
8.805787979614422278e-01
8.808110055253678405e-01
8.756274958235422678e-01
8.750344791952215928e-01
8.756011654407472866e-01
8.729502906932168349e-01
8.722398546068802494e-01
8.694859949927774556e-01
8.797147584453796076e-01
8.692621244135920744e-01
8.685539527135575089e-01
8.681885353403601124e-01
8.617160104075594074e-01
8.717389398147930013e-01
8.609162538424754985e-01
8.639190381802649421e-01
8.624374618673812387e-01
8.590937555577227158e-01
8.571574921496193378e-01
8.586210500565527592e-01
8.593972976205577208e-01
8.586258244207499724e-01
8.580886832297978106e-01
8.577652025571296246e-01
8.626149944437486727e-01
8.571521482386514901e-01
8.554793186777288616e-01
8.564784176653518211e-01
8.517941186855267910e-01
8.539406398030962020e-01
8.529208958460572365e-01
8.538601786018148454e-01
8.544601556746613813e-01
8.492670778816944210e-01
8.525101857147205919e-01
8.528158577753629510e-01
8.514589608290265010e-01
8.540831325751696568e-01
8.486265513697105467e-01
8.468873352477401806e-01
8.549595341387117298e-01
8.550219675580705836e-01
8.480552531703210439e-01
8.489922488233674347e-01
8.454616944653651212e-01
8.449695588965824289e-01
8.516323323842556192e-01
8.525984453597175161e-01
8.501862684997150144e-01
8.504062803452825392e-01
8.403838730714682237e-01
8.463682461106089017e-01
8.440976887503552906e-01
8.399293650806185507e-01
8.461592859576256842e-01
8.432560048465689295e-01
8.459131607618530779e-01
8.464299055141651928e-01
8.418989559977433368e-01
8.456913063818916054e-01
8.437070383866682732e-01
