1.727039814923773520e+02
1.614204783999826702e+02
1.451974276067689118e+02
1.205695287833688809e+02
9.812551096496171965e+01
8.544040366462431280e+01
8.120648745666258606e+01
7.722662760331294862e+01
7.366062255650759028e+01
6.884384265867993236e+01
6.181545066609978534e+01
5.296373571124858870e+01
4.710759581872262203e+01
4.068918477650731802e+01
3.537474798567127721e+01
3.415574155510402932e+01
2.802935496149584793e+01
2.430152533702785078e+01
2.239506551342783425e+01
2.069868985869106837e+01
2.105332640705018932e+01
1.967838268981722649e+01
1.915435561242193074e+01
1.916229372946909137e+01
1.886742639874864835e+01
1.875284999937903052e+01
1.832682423454789244e+01
1.820240405621643731e+01
1.870228199193552499e+01
1.860206690879222080e+01
1.839799809750202186e+01
1.856653524636503860e+01
1.776876989735683310e+01
1.947616283909137636e+01
2.180937510984528060e+01
1.940599653024128202e+01
1.911846281646039714e+01
1.887415951708872086e+01
1.788393721153902405e+01
1.759210023882856078e+01
1.705605945083748409e+01
1.928946490097929356e+01
1.736339630833817793e+01
1.735804266407212637e+01
1.712097024360902964e+01
1.743081467814831598e+01
1.939111534669124381e+01
1.747766464166534206e+01
1.716363510525156855e+01
1.736403257836027336e+01
1.730355278790962004e+01
1.794762045123939131e+01
1.771003145745985563e+01
1.742515220510540530e+01
1.703016759472122743e+01
1.865715738533739199e+01
1.762847414366782317e+01
1.748401010754465545e+01
1.704609236375017645e+01
1.698695333757260784e+01
1.708066647661457793e+01
1.757986132680866831e+01
1.678588025215236712e+01
1.687037393384467876e+01
1.677949396647950309e+01
1.715489835887169789e+01
1.673931155655454717e+01
1.745891933375269289e+01
1.716836695001531865e+01
2.015354696657605160e+01
1.911681894532050663e+01
1.890529871131941420e+01
1.701365647071657605e+01
1.641736556291089144e+01
1.676613712547028712e+01
1.669651990082481419e+01
1.675666210752136820e+01
1.659550620704627732e+01
1.730420277959809638e+01
1.755181962669202989e+01
1.646026840807243730e+01
1.711714077641497056e+01
1.661373866518537312e+01
1.636570193027957387e+01
1.647231957317310957e+01
1.625535406327237453e+01
1.768598869374709892e+01
1.701940240892464118e+01
1.677023465359979326e+01
1.687420788756095291e+01
1.601250132949974159e+01
1.615909465514747723e+01
1.870524967108425329e+01
1.634253590696715008e+01
1.772753315428595755e+01
1.677300139149688363e+01
1.728325542413739413e+01
1.692875990593664071e+01
1.714821851810066278e+01
1.703114218846475225e+01
1.641546900596189928e+01
1.653449555693784490e+01
1.663673389908858624e+01
1.619508828933640388e+01
1.618768890602803623e+01
1.646137418321601587e+01
1.579526673876105747e+01
1.637706609883565534e+01
1.705107046310476449e+01
1.645556983088596326e+01
1.584600168325968639e+01
1.679412301930251417e+01
1.571863725869159722e+01
1.848700587911262261e+01
1.642158892409022286e+01
1.719457247113663101e+01
1.614198091513798161e+01
1.581936246111163769e+01
1.577139231816729570e+01
1.626896972542675002e+01
1.609434166743466221e+01
1.735813493897272863e+01
1.589372701958044409e+01
1.579283925863131799e+01
1.605733453176285508e+01
1.726350345743257009e+01
1.684508954492035926e+01
1.625618477456284694e+01
1.565991038117263656e+01
1.576323664715150663e+01
1.582256859360395040e+01
1.798008303126129093e+01
1.677055239252397811e+01
1.567859912087070562e+01
1.686260595604016288e+01
1.586529830051153489e+01
1.757346540826281966e+01
1.711332483558820172e+01
1.593800282146735370e+01
1.758861548020618670e+01
1.890705493313992136e+01
1.821657404835450578e+01
1.618235342915669861e+01
1.560491886586760835e+01
1.586897425887204882e+01
1.614021247771304246e+01
1.589405999094081423e+01
1.545829980963038608e+01
1.613189706699666814e+01
1.556143939348643812e+01
1.620018635955057107e+01
1.594603210018015638e+01
1.583264823507092878e+01
1.558915682065527264e+01
1.673712221970642844e+01
1.561489763355296034e+01
1.618646795825904405e+01
1.587054472339469768e+01
1.652969597810188063e+01
1.598282334550534145e+01
1.552998895215960218e+01
1.598258121141786958e+01
1.712477233518309916e+01
1.767307792456958282e+01
1.636940061406954783e+01
1.585014536280774600e+01
1.615573522461419742e+01
1.645097889635232491e+01
1.638967349626328840e+01
1.600459993232392364e+01
1.688315364600850899e+01
1.542748033966531729e+01
1.544769778719353326e+01
1.563223777030569295e+01
1.538781685215357165e+01
1.555870433517346818e+01
1.581149017105203747e+01
1.586859291045772657e+01
1.619610592119776626e+01
1.528374278434035816e+01
1.543796599011631621e+01
1.505370900005050316e+01
1.639554930099695440e+01
1.646661041953096216e+01
1.833581364177088702e+01
1.587663790163658106e+01
1.516810599337422261e+01
1.517186844534981560e+01
1.500032637956525150e+01
1.535594350835837041e+01
1.509256645665095142e+01
1.577221869133288656e+01
1.561060860443038223e+01
1.626882587899237365e+01
1.610567882046965948e+01
1.551886889802692693e+01
1.556591915785334024e+01
1.534056460543586198e+01
1.535423947993245974e+01
1.520909488287626843e+01
1.496551191348501142e+01
1.496196150279092763e+01
1.509627713179471087e+01
1.593810048044687733e+01
1.590106996400879780e+01
1.576274017370912439e+01
1.572859729799218442e+01
1.538782528628721025e+01
1.646792471226094179e+01
1.607810999463601576e+01
1.599518066310561792e+01
1.549019517162938619e+01
1.681129065253283983e+01
1.526444528617991558e+01
1.570230339894347971e+01
1.812719504400464032e+01
1.635267824544235538e+01
1.576096036071417039e+01
1.568642470122336441e+01
1.497247629661545076e+01
1.533449001685216828e+01
1.502371897134834100e+01
1.575283129488286171e+01
1.480942629375092601e+01
1.576754027647268686e+01
1.639797420218705071e+01
1.571388315938845537e+01
1.546973705020963585e+01
1.550408571829390780e+01
1.509515007802542108e+01
1.489165445087139084e+01
1.566525904907496169e+01
1.530498471032958108e+01
1.606120606246286187e+01
1.553155682798042747e+01
1.541513975917220058e+01
1.511921929246159380e+01
1.495900278961419261e+01
1.482658523359092939e+01
1.498840293970891402e+01
1.559321219863193697e+01
1.529541889832207247e+01
1.547725247266702198e+01
1.567842655036805510e+01
1.514022710742038313e+01
1.588610151863685438e+01
1.666184431868139271e+01
1.567070037826612783e+01
1.585088536521842606e+01
1.505785143058499820e+01
1.493968411415935371e+01
1.503301221564973389e+01
1.481036068436471353e+01
1.560416407091751090e+01
1.503859527801117757e+01
1.481695418699485955e+01
1.501899120901878781e+01
1.518834120063346482e+01
1.540434953721837097e+01
1.488046243397453239e+01
1.486761666267547000e+01
1.567561909988473801e+01
1.562709545148307555e+01
1.574426685373488866e+01
1.510409698203239870e+01
1.515350826632052872e+01
1.549123459573808681e+01
1.527594841753954213e+01
1.516362666738695530e+01
1.671510550587078825e+01
1.594763540254652945e+01
1.560293795317842225e+01
1.505465707247263296e+01
1.514659102765614307e+01
1.543775093184500591e+01
1.490195672903373136e+01
1.503204707053629896e+01
1.567152462817870706e+01
1.511118548441841014e+01
1.548985398827509741e+01
1.518278161955564087e+01
1.504822419137323131e+01
1.487645354561119504e+01
1.568952242352428428e+01
1.547075954496161820e+01
1.535002698179605396e+01
1.518484639082830689e+01
1.591073838133037910e+01
1.505063836145660083e+01
1.478879841332891942e+01
1.483917345894070650e+01
1.470862944542792050e+01
1.505953059640894409e+01
1.485745246593361379e+01
1.551242891686880476e+01
1.479659427180212106e+01
1.515330507786624636e+01
1.561145844931048643e+01
1.636722164479387587e+01
1.688573254985524841e+01
1.605861065410743294e+01
1.906110668517836615e+01
1.872555100329358169e+01
1.567529825855140757e+01
1.536432428998361921e+01
1.494813631807360821e+01
1.490404473249451556e+01
1.488868518934108920e+01
1.465754021077694880e+01
1.565779341738089592e+01
1.550490749100562837e+01
1.509680332799699087e+01
1.798881610785561946e+01
1.620128673996959634e+01
1.511330122732815084e+01
1.501865281235325789e+01
1.516905804878322250e+01
1.486305594341007996e+01
1.574339969710129061e+01
1.605678302465885920e+01
1.525439606038307794e+01
1.498525488616235180e+01
1.494508997855165333e+01
1.480101936594846279e+01
1.497030243638565672e+01
1.479238611402806747e+01
1.482845221091703181e+01
1.513396614632665127e+01
1.477119123677631407e+01
1.526579034264308277e+01
1.495758750007245297e+01
1.472178907976619300e+01
1.502381593513001690e+01
1.518261343420140896e+01
1.489927207142149612e+01
1.580163744383080449e+01
1.539975240539823709e+01
1.522767612765982825e+01
1.768752793303278992e+01
1.898702819904443828e+01
1.603095640923930887e+01
1.598036859991620418e+01
1.681686909826076004e+01
1.609918970265863436e+01
1.481319223736938895e+01
1.534817854355068789e+01
1.506985658166186148e+01
1.500211913004158681e+01
1.482905513664105612e+01
1.503567103439740471e+01
1.506925997476010970e+01
1.543615998020412050e+01
1.572122912330528344e+01
1.512486811366503048e+01
1.489449169515678406e+01
1.459888358064302949e+01
1.480822726941484646e+01
1.473075245888240303e+01
1.471269831070359224e+01
1.483700656524355210e+01
1.475110707006796851e+01
1.456184817338191273e+01
1.468420718164312611e+01
1.477298903368028959e+01
1.474576796401687417e+01
1.607058750924708690e+01
1.647569851337570412e+01
1.503738462205851079e+01
1.503527227955279422e+01
1.505317568462694489e+01
1.544630575517023274e+01
1.531935662842370860e+01
1.511185359966374264e+01
1.502746773347364595e+01
1.469742529728439351e+01
1.481484167575811739e+01
1.464454217787926993e+01
1.467206821571721242e+01
1.479406202423422734e+01
1.459843898138031548e+01
1.454282903794479509e+01
1.466787778656908969e+01
1.470735404118671497e+01
1.455248425670279211e+01
1.503195378200082999e+01
1.480530540770869230e+01
1.534951545364706860e+01
1.460481654521496964e+01
1.498782681839323949e+01
1.714176944229585686e+01
1.585300750071482945e+01
1.517327992927158142e+01
1.489949364598122727e+01
1.454176532988222448e+01
1.468075194165182396e+01
1.470355308925090299e+01
1.472783352274330504e+01
1.554128321459315920e+01
1.574817333405420605e+01
1.816622832191824699e+01
1.570363802930037345e+01
1.518242873990596387e+01
1.468152389426241555e+01
1.504817190985557929e+01
1.822294793901065901e+01
1.691757911769588674e+01
1.588450470168037398e+01
1.509100346365109502e+01
1.559032416325250026e+01
1.515628729873055747e+01
1.559133697776354666e+01
1.590056331424770519e+01
1.618310358076668010e+01
1.549008635000262757e+01
1.530794826009062604e+01
1.763671788739107882e+01
1.712695479077927985e+01
1.502162484065518733e+01
1.484643659486589584e+01
1.504901451582222727e+01
1.472417446546367614e+01
1.466820990064504748e+01
1.481062179213738617e+01
1.454050426555587627e+01
1.532163140841665872e+01
1.591375041509007282e+01
1.520938854424028897e+01
1.472707765706234717e+01
1.468050754617519260e+01
1.480619924940381793e+01
1.485801784727491359e+01
1.474313685970514598e+01
1.448903239607922089e+01
1.448643303486181821e+01
1.482914339624547395e+01
1.479993922497181380e+01
1.490118568684869693e+01
1.478778605215008568e+01
1.496057811818531036e+01
1.486937894382344894e+01
1.560245916580111114e+01
1.525598942752642451e+01
1.533424233706218764e+01
1.586521621258282266e+01
1.487743880063306889e+01
1.500538279130437402e+01
1.550424205979641634e+01
1.539196446959321563e+01
1.506575061734137044e+01
1.471974362177170903e+01
1.485757108819930217e+01
1.492669213130064421e+01
1.455487030903804069e+01
1.470658453787289055e+01
1.605413130530012467e+01
1.493016521329582780e+01
1.494460611438751130e+01
1.488586071377713438e+01
1.474144010282669193e+01
1.480302949772760712e+01
1.456923568273935565e+01
1.485651923630968518e+01
1.536533935030374742e+01
1.498449236962516196e+01
1.476260146359674152e+01
1.501233479842134066e+01
1.491300368566776413e+01
1.476810744992527624e+01
1.456742605770452847e+01
1.462005206447793704e+01
1.497734256815832588e+01
1.545266421018714631e+01
1.481983269058929409e+01
1.449440232756577984e+01
1.453686280657909791e+01
1.512623965462205966e+01
1.533070698878017346e+01
1.449236265349650843e+01
1.495465886827395252e+01
1.514021744620230336e+01
1.516438998235503277e+01
1.488874681927986821e+01
1.467619372518617027e+01
1.472084495212096655e+01
1.474382517079609478e+01
1.499762968658320617e+01
1.487217686863327870e+01
1.468993029606685319e+01
1.468896682784202312e+01
1.517702771767103442e+01
1.454665814136071766e+01
1.452241938873914862e+01
1.536987878306451805e+01
1.558680732414779868e+01
1.610069436705915535e+01
1.513824223120620971e+01
1.660499873083370659e+01
1.790454232340433549e+01
1.654580855798350214e+01
1.496572247266932365e+01
1.478944220982872970e+01
1.472462907076016414e+01
1.472886354357785876e+01
1.489944828240501273e+01
1.464416969304882699e+01
1.458540437978514248e+01
1.490630414679051796e+01
1.489594262947329106e+01
1.631870080420784319e+01
1.536752223584280230e+01
1.551557111067738859e+01
1.586201651586811678e+01
1.508946894161786112e+01
1.567462278409550436e+01
1.487000898965627549e+01
1.502565319310411951e+01
1.481967029325338103e+01
1.467230621578798377e+01
1.512841014927397509e+01
1.492020812388880735e+01
1.472424371526584608e+01
1.525455439148019465e+01
1.585782512820437695e+01
1.486605466519499075e+01
1.458505195177025371e+01
1.466331368008109770e+01
1.499701276520094062e+01
1.460755859542380186e+01
1.471625356997182621e+01
1.477184573073925478e+01
1.461147135090430993e+01
1.492403948807453773e+01
1.581569351090488951e+01
1.547740136140881795e+01
1.540608659884844656e+01
1.878787859033535668e+01
1.593836754842756775e+01
1.557990139754234704e+01
1.528403106613529872e+01
1.467068589760220831e+01
1.455807065467006467e+01
1.468881038591047172e+01
1.453280749986915410e+01
1.461352474855174322e+01
1.477937497136582046e+01
1.477005413156041413e+01
1.489904119987863318e+01
1.466888495116630153e+01
1.527986173145938054e+01
1.489928629767099366e+01
1.572784237887589676e+01
1.533684956155996737e+01
1.465670296134010187e+01
1.448900331945903908e+01
1.446135021801653053e+01
1.458049327460506106e+01
1.479429537327247246e+01
1.480533669185241408e+01
1.480685878367411235e+01
1.476878111577197572e+01
1.456521119424900768e+01
1.614041057714664618e+01
1.624138474525573628e+01
1.739654670004478021e+01
1.720583962254956845e+01
1.602821493524925955e+01
1.485773192804838949e+01
1.509172957386617142e+01
1.473971656917854567e+01
1.478757069536079527e+01
1.454051111147875375e+01
1.479733962291440363e+01
1.459962842060379629e+01
1.473486037834044815e+01
1.478492083460094975e+01
1.482038406121945329e+01
1.470454265922789361e+01
1.490017432688733834e+01
1.523675324768814754e+01
1.456703680660729638e+01
1.473273619154553060e+01
1.472891031176457055e+01
1.464879172972299060e+01
1.507054750753323979e+01
1.448038707972569838e+01
1.463453917652114988e+01
1.451122442280322922e+01
1.472866069126112087e+01
1.506121375352011071e+01
1.464318672457525849e+01
1.457623436940770034e+01
1.470021197776570787e+01
1.594951108984836807e+01
1.754603299717613751e+01
1.731314249037241737e+01
1.471570406711703605e+01
1.482105746582413985e+01
1.460566501658521510e+01
1.481188436939273778e+01
1.473571414839886451e+01
1.472772632700075590e+01
1.440113306635481116e+01
1.450908524926388665e+01
1.489439432569843724e+01
1.466378582625054072e+01
1.460735259676806130e+01
1.543428034739603127e+01
1.483616544700896611e+01
1.459665999342879594e+01
1.458531999865408046e+01
1.504077720711358168e+01
1.652090868477023378e+01
1.797692012455524946e+01
1.515016784738833167e+01
1.644181098055421941e+01
1.532190315249403056e+01
1.462545889311701330e+01
1.454659195135072380e+01
1.547230427451623846e+01
1.480918669410156063e+01
1.501810448689158228e+01
1.458113855854515961e+01
1.466848216733401955e+01
1.454541911256295705e+01
1.461312427721160212e+01
1.463294145753610564e+01
1.463362944843916580e+01
1.464029301381958703e+01
1.451495313551885680e+01
1.456685388191908714e+01
1.463096471812226085e+01
1.493262176837138711e+01
1.494262260361336381e+01
1.508471782510610559e+01
1.516967569801119531e+01
1.594606585369891683e+01
1.535008065727267912e+01
1.496007780737518900e+01
1.528473202938467423e+01
1.732136543191361966e+01
1.657195070663671999e+01
1.585582615136008755e+01
1.509050719006543240e+01
1.457311684900478177e+01
1.514213529125198043e+01
1.467461907231021812e+01
1.461092437582410142e+01
1.527612885434729684e+01
1.526428317428631587e+01
1.529812341398206321e+01
1.484582682054024261e+01
1.510616897213581034e+01
1.488368713269552401e+01
1.469010962847596602e+01
1.471230632550095763e+01
1.458247365062578638e+01
1.451541364563662384e+01
1.487767528367701253e+01
1.544955346119069262e+01
1.511984767208994107e+01
1.521210271544957848e+01
1.485157023502831564e+01
1.489073220079214366e+01
1.522177140101374526e+01
1.601720647683387710e+01
1.495941278823871201e+01
1.525134627264978882e+01
1.525942435830671151e+01
1.505387081458890108e+01
1.501242153905952748e+01
1.444739219020022958e+01
1.454129726811033763e+01
1.447552247491544719e+01
1.447152459915807832e+01
1.467139052598079729e+01
1.479334167974439040e+01
1.465923163862570888e+01
1.485013761519993025e+01
1.459118311070881191e+01
1.454307738251164395e+01
1.472099220499546846e+01
1.454892676589920519e+01
1.440299848615304690e+01
1.478803559087883812e+01
1.463897765778765425e+01
1.476379170971469534e+01
1.456721270044626593e+01
1.483868361259537139e+01
1.524237498800299662e+01
1.531192651191084941e+01
1.518201196817824439e+01
1.506991247204230788e+01
1.492306506836248481e+01
1.506401654518252897e+01
1.514509981982333819e+01
1.498516554784784560e+01
1.491202664452984550e+01
1.630638862988595150e+01
1.739228183683000140e+01
1.502605651768283224e+01
1.601110112351030779e+01
1.583147901056587514e+01
1.705664308947057606e+01
1.521475371014781253e+01
1.471246913800871425e+01
1.488236168718709607e+01
1.498493209269886428e+01
1.497831573650158177e+01
1.489962790404643478e+01
1.535049369615247805e+01
1.473532485184222729e+01
1.466392675095082687e+01
1.452778165736917870e+01
1.481079954432262902e+01
1.448023220404909317e+01
1.447228554213786467e+01
1.469503495411155392e+01
1.445699847508203639e+01
1.476365057814943427e+01
1.463058159870955777e+01
1.519667774989276232e+01
1.460561764758882575e+01
1.507438131346512478e+01
1.549611873357541825e+01
1.710425322721663832e+01
1.543084291609188163e+01
1.551952894660466953e+01
1.608886546159540032e+01
1.528668520674795062e+01
1.653113800166645930e+01
1.505798073982074925e+01
1.523155702685661517e+01
1.461278490289206466e+01
1.468859666634634742e+01
1.455889899495682549e+01
1.504198298172081039e+01
1.485090544918592137e+01
1.464768125417275613e+01
1.442682332015418822e+01
1.453718503014055230e+01
1.469098718953043736e+01
1.466606293537843086e+01
1.481686613347841330e+01
1.476105934611887882e+01
1.465587583524059667e+01
1.461271786592967636e+01
1.454050109619923248e+01
1.453616229089407774e+01
1.483724300585745404e+01
1.470177748187716738e+01
1.446220781419745016e+01
1.440139269284972556e+01
1.449306784967171779e+01
1.459325037302260242e+01
1.477527519822374913e+01
1.470222540862163285e+01
1.521404368158305864e+01
1.465688209444365953e+01
1.489781930522050324e+01
1.481765938495119528e+01
1.444517822444535682e+01
1.455068340961694773e+01
1.496363988339221507e+01
1.483072660430706868e+01
1.451775644815149313e+01
1.439664818016902359e+01
1.465358083819321600e+01
1.469227831042958954e+01
1.437839899646137987e+01
1.464456602228979065e+01
1.472879800352047752e+01
1.503999288425052860e+01
1.574589019617940799e+01
1.506817642256305056e+01
1.512636613085701320e+01
1.505439154077641284e+01
1.506064430299646162e+01
1.491966058017446173e+01
1.499917379463908595e+01
1.471163978748032797e+01
1.449532626274341851e+01
1.449895691377864182e+01
1.489106726033711503e+01
1.476088140264872628e+01
1.490825093137637580e+01
1.503484872488855828e+01
1.497548005724195264e+01
1.463182489223898486e+01
1.482367702299065471e+01
1.562829573762807556e+01
1.674989536311406368e+01
1.591190969056372673e+01
1.829785528244917003e+01
1.675628556608194231e+01
1.514983885646594253e+01
1.503029878014839404e+01
1.500985185918501053e+01
1.476677466360359858e+01
1.472863266151838424e+01
1.468058377446841334e+01
1.492278458903546223e+01
1.509948335151139531e+01
1.597224518315810471e+01
1.515878664174097068e+01
1.512352376270858301e+01
1.515010747181869455e+01
1.496561966376161124e+01
1.489132337009726825e+01
1.525221585424470128e+01
1.527321628733708359e+01
1.453691580087660284e+01
1.458633425709342646e+01
1.454675855655256100e+01
1.443930761071195512e+01
1.465586339249990644e+01
1.530619167885915921e+01
1.515089459810781669e+01
1.475272511546937793e+01
1.463285035455745131e+01
1.497974076818617206e+01
1.449413084081241365e+01
1.446120652820725994e+01
1.446265308041713560e+01
1.455995914678477376e+01
1.448382002371692501e+01
1.470278716620851966e+01
1.459413188492218261e+01
1.464514855897052215e+01
1.507279299449713861e+01
1.472102971387450410e+01
1.464625966551600378e+01
1.476137986398119928e+01
1.500191823348448494e+01
1.458766477410835627e+01
1.472095028216259038e+01
1.450065299254711171e+01
1.438841869745854751e+01
1.436744208464554085e+01
1.467458619651075580e+01
1.601824413146529125e+01
1.561552518771238240e+01
1.533477487083786706e+01
1.518819736133959353e+01
1.583574740279828497e+01
1.714043671781469769e+01
1.591699684139880944e+01
1.590738330525980970e+01
1.513626415919470602e+01
1.467803372044675214e+01
1.462986279611666873e+01
1.465293915221436727e+01
1.452980049030066390e+01
1.457670384001473884e+01
1.460452301206962034e+01
1.484269303445811339e+01
1.462884513991219748e+01
1.466954007464565279e+01
1.466137157339285935e+01
1.481585645076165214e+01
1.506866719585219627e+01
1.444487906333537275e+01
1.481532872921317256e+01
1.461679882481111648e+01
1.514342894906829962e+01
1.506569399119890207e+01
1.470571894437305183e+01
1.451549648416749427e+01
1.455535235985524878e+01
1.481529632397578133e+01
1.467998027574424746e+01
1.457055017587787837e+01
1.448487026590254345e+01
1.458506010788585705e+01
1.615033975875197569e+01
1.843117854443600478e+01
1.628727672143504535e+01
1.540913258408376052e+01
1.629757162407152649e+01
1.567138597949241330e+01
1.571421398887367182e+01
1.471748718961379687e+01
1.533834695052011021e+01
1.516019123661775403e+01
1.486165786987335835e+01
1.457182349285116629e+01
1.450740954701766405e+01
1.465768767748358492e+01
1.511234635872933119e+01
1.488722208652359313e+01
1.457995692966563261e+01
1.486799141107362665e+01
1.514525361106090529e+01
1.479574818542663550e+01
1.474123803020805745e+01
1.471301365512013604e+01
1.486131327075579023e+01
1.487618015609998068e+01
1.449788468401367325e+01
1.453762768799798621e+01
1.449818081532376368e+01
1.445458221178197356e+01
1.461153455038543214e+01
1.463014452758370609e+01
1.481409605467144353e+01
1.482476871083588854e+01
1.474981471572650626e+01
1.467243105894187849e+01
1.464876568953806668e+01
1.461777020280993078e+01
1.486463042459087625e+01
1.529337321869936694e+01
1.461531895065152220e+01
1.466735633488016788e+01
1.463594947385480438e+01
1.480480821154066540e+01
1.484412146847665248e+01
1.466161116214880700e+01
1.474281397824192297e+01
1.490618608629613995e+01
1.458617342421190344e+01
1.461580077274536471e+01
1.495208377136726163e+01
1.466854542944860285e+01
1.492320613740270652e+01
1.500349013820450672e+01
1.496950136908273521e+01
1.490060106078496993e+01
1.490995912045081084e+01
1.484426891009585958e+01
1.670273149908198462e+01
1.655869341788159232e+01
1.589162513803302623e+01
1.530949579882808465e+01
1.499960242990203518e+01
1.501966410594140555e+01
1.554583603101928091e+01
1.478755071677161936e+01
1.464668535662572779e+01
1.466953380666476470e+01
1.447642553434808477e+01
1.477016086903012138e+01
1.502927699802264172e+01
1.486807179944161206e+01
1.474336318722112615e+01
1.496714489116895308e+01
1.498271421418379568e+01
1.458285609645403191e+01
1.483831387193293416e+01
1.513329857052630167e+01
1.466059860674399218e+01
1.456115782202059528e+01
1.494424995433865355e+01
1.481261500961429078e+01
1.511023471728436718e+01
1.449478083986422305e+01
1.521583396278287559e+01
1.497983842106161134e+01
1.468308788622121597e+01
1.467306633602233923e+01
1.475055294847670595e+01
1.487963040948346283e+01
1.464418608032058344e+01
1.460016929447232314e+01
1.465291429757000330e+01
1.477931961816732453e+01
1.520716463193646817e+01
1.498129075291836898e+01
1.470531596311854017e+01
1.463342339254782587e+01
1.466311916078719868e+01
1.448606074637313057e+01
1.442486126689479420e+01
1.494681625835643857e+01
1.505591591810574492e+01
1.506034524332894264e+01
1.538480035125443735e+01
1.556809810621863299e+01
1.491882997775991271e+01
1.521924886779695996e+01
1.510758386238486572e+01
1.492992379338852516e+01
1.505033069865411299e+01
1.464279441810745119e+01
1.458747656991841879e+01
1.451383672884845666e+01
1.476440938457019492e+01
1.510050917317064467e+01
1.510711763254778894e+01
1.600214339723227752e+01
1.621945798918626025e+01
1.531296172583659576e+01
1.491409279380605923e+01
1.469454046071928133e+01
1.524961485172556230e+01
1.512600955870003006e+01
1.465583504100338885e+01
1.460397169057096711e+01
1.492872114389471072e+01
1.473852844420473573e+01
1.478794741513608457e+01
