1.780425716636847824e+02
1.727996110621723460e+02
1.649331502312328723e+02
1.528456092705950198e+02
1.356696633295156005e+02
1.159093063917476627e+02
9.933157034479081915e+01
8.764243943393231007e+01
8.173026530621572761e+01
7.949108224622905539e+01
7.815488402163609294e+01
7.793411135943605927e+01
7.702497422732412247e+01
7.689052467588335560e+01
7.677160776732489467e+01
7.671459447527304576e+01
7.640700415717438432e+01
7.652833812311291695e+01
7.650768181923777433e+01
7.628596741389483782e+01
7.625878542456776188e+01
7.621539456490427256e+01
7.619850388197228597e+01
7.605461440747603774e+01
7.597085610628127483e+01
7.586391383102163388e+01
7.578127565290779444e+01
7.582898833369836211e+01
7.577371750064193634e+01
7.553909717230126830e+01
7.546634018812328293e+01
7.531426939703524681e+01
7.526627397341653136e+01
7.497560714902355983e+01
7.486783304819837781e+01
7.475454177744686035e+01
7.442879438810049919e+01
7.400870888372882916e+01
7.358161629140377613e+01
7.314373814417049857e+01
7.230947974026203440e+01
7.106712786108255386e+01
6.814754213290288476e+01
6.228050483679398752e+01
5.251879578037187457e+01
4.054871714645996406e+01
3.082075373041443456e+01
2.384334845618577603e+01
2.059732408916461210e+01
1.894835096038296030e+01
1.781495306416181990e+01
1.733295413165178545e+01
1.749181944501251706e+01
1.770862393155657699e+01
1.669580248975053038e+01
1.727325495899403762e+01
1.643267065911932079e+01
1.692863256738637645e+01
1.591647569441220256e+01
1.613030926575611446e+01
1.663844632823033720e+01
1.564864932399395947e+01
1.554660799474854649e+01
1.580593995847693733e+01
1.513490142422970131e+01
1.549257050379012490e+01
1.490356439996385163e+01
1.569234168721502520e+01
1.723290269559402077e+01
1.484116868149803814e+01
1.481849975519853579e+01
1.486253219590505559e+01
1.471841695451794330e+01
1.439474717840246321e+01
1.475138114632941289e+01
1.658791372984287449e+01
1.531229427245230035e+01
1.457922315198038632e+01
1.426656309659001565e+01
1.440861469245942317e+01
1.449911455582814668e+01
1.436003581189554623e+01
1.402777847264012578e+01
1.411552597664082853e+01
1.406410647916046130e+01
1.432174602229529192e+01
1.390806475575157108e+01
1.406771352257104546e+01
1.360024569963035290e+01
1.364358951606037706e+01
1.391942826401465183e+01
1.396116554280549771e+01
1.327514922717133494e+01
1.340344456724440114e+01
1.407743836508211110e+01
1.485776534095014689e+01
1.394948089705168925e+01
1.422832993452466255e+01
1.326803417937832208e+01
1.300609225987054707e+01
1.295859437893636823e+01
1.334746992551496270e+01
1.350875733431763059e+01
1.264397438039777555e+01
1.266263282336960927e+01
1.243534169681994328e+01
1.229908436173483821e+01
1.231763216752848322e+01
1.240438097432377162e+01
1.212185795437917513e+01
1.210514693697654209e+01
1.213509730368561534e+01
1.246450689190635330e+01
1.286670631968797274e+01
1.263272780837452203e+01
1.193533727400545708e+01
1.210667363859663581e+01
1.173087739215049474e+01
1.157826806008391785e+01
1.173631142373162639e+01
1.150689026917455138e+01
1.131323481116642071e+01
1.113908961456016300e+01
1.116465984964250424e+01
1.134320673445160388e+01
1.107447716589379638e+01
1.110105236095050074e+01
1.164960905156923410e+01
1.122492879033451274e+01
1.103416033074240588e+01
1.324476182832191284e+01
1.226716978733186991e+01
1.214434084668893021e+01
1.131461296670083883e+01
1.114657440979225989e+01
1.082010106444271358e+01
1.120159083812604806e+01
1.101660532439224127e+01
1.254154954855111370e+01
1.057810379779534671e+01
1.040517989762810735e+01
1.025974006238412173e+01
1.057248618332649315e+01
1.036934780996484129e+01
1.027584860143102752e+01
1.009869226852208612e+01
1.120077955095286981e+01
1.129171926499593681e+01
1.028712600312720760e+01
1.029315172619709529e+01
1.006511451242517907e+01
9.868668905392507185e+00
9.656867431464679186e+00
1.022863389231611109e+01
9.845854264023888192e+00
9.841496487528985426e+00
1.036762931745398575e+01
1.005370564320640980e+01
9.686900853634233144e+00
9.626873786700382851e+00
9.553526206881354454e+00
9.413107495764478472e+00
9.191057708259751990e+00
9.191974361632253121e+00
9.192245149556720563e+00
9.201459780994161619e+00
1.090368581595882880e+01
1.165667994020091136e+01
9.527722601463523233e+00
8.774823854540278134e+00
8.911185105717146726e+00
8.797023190543843185e+00
8.850974297036747984e+00
8.610660313503705865e+00
8.655358750764758469e+00
8.621482207931865815e+00
8.532672643064620033e+00
8.598779673753210062e+00
8.802076334334691055e+00
8.347258271863523760e+00
8.269291410006683662e+00
8.107908490510805422e+00
8.144167317526409988e+00
8.186586821965500249e+00
8.114236721394537000e+00
7.917313923881818205e+00
7.875948832600795591e+00
7.831915278952408244e+00
7.983384724202489124e+00
8.444639043198595374e+00
9.016582180403599267e+00
9.304638400203401716e+00
7.901978588458081099e+00
8.117829542652321706e+00
8.079837504141698545e+00
7.366493468078152418e+00
7.642097641072211900e+00
7.188080621293243766e+00
7.064751351311111094e+00
7.260327933034392167e+00
7.943680414044058224e+00
9.213864091555285185e+00
7.552503904740978768e+00
7.120988352278857292e+00
7.104711800069412497e+00
6.709258696362889296e+00
7.159316703119145586e+00
7.607008160911453487e+00
7.676313848989797961e+00
7.511503747837491751e+00
7.655164170214220576e+00
7.265170731967765860e+00
7.115063945791428424e+00
7.134919491912290468e+00
7.132272546582941963e+00
7.547331188581051897e+00
7.423161052364531720e+00
6.386671269717550281e+00
6.353383324778752339e+00
6.210937207940060212e+00
6.219397123064856814e+00
6.066041701233359618e+00
6.045758330530361491e+00
6.013090813168389559e+00
5.967955191714969132e+00
5.942042650227290501e+00
5.863172596687792115e+00
5.868704091794313626e+00
5.864082781105475206e+00
5.808554601640020465e+00
5.810293159422480258e+00
5.748573224918288815e+00
5.729542313104372120e+00
5.704514509453264104e+00
5.673629835551389888e+00
5.658612982796666024e+00
5.648222748758916723e+00
5.606577312064933594e+00
5.593286832515696361e+00
5.597037501354128253e+00
5.879880276806085604e+00
5.861396578542610314e+00
5.654662012642040381e+00
5.811070921254372301e+00
5.567990220480629304e+00
5.477990733963968850e+00
5.396978669886527413e+00
5.358034425061418915e+00
5.368254368666464771e+00
5.295445374347013789e+00
5.327916928352107284e+00
5.369262021670704321e+00
5.234705529004850533e+00
5.187021650625803559e+00
5.164936471728287515e+00
5.131615451189276200e+00
5.467303199833514427e+00
1.966223531865436058e+01
9.659897984477396449e+00
1.199672591124434540e+01
1.014462017636159352e+01
7.569153073357779427e+00
6.264067500239758779e+00
6.130811464068568917e+00
6.305140930206709626e+00
5.841660165244036307e+00
5.421170618438748257e+00
5.153584174079315794e+00
4.995718313733931382e+00
4.919384656412506551e+00
4.862139666643827240e+00
5.005448172456214984e+00
4.785891297406829281e+00
4.501433145329917451e+00
4.258146914701637975e+00
4.228535188541525436e+00
4.174684158268547662e+00
4.061068346263835060e+00
3.969007762297735553e+00
4.073996456514322517e+00
4.000793945222175907e+00
4.017349464167620177e+00
3.849380785906816982e+00
3.747625199108841620e+00
3.810415660576700336e+00
3.701662225667240680e+00
3.926085311893842800e+00
3.808770107090379220e+00
3.698422889681018066e+00
3.706642971412435372e+00
3.555801756173582184e+00
3.546701959728443487e+00
3.491703825321030852e+00
3.426868058877841072e+00
3.619167939964432978e+00
3.860605421285191685e+00
3.957472944753783306e+00
3.743939313029511773e+00
3.329816816484549413e+00
3.334735930799422654e+00
3.311894950654516556e+00
3.229454262362378536e+00
3.182019382767816928e+00
3.122988525264884352e+00
3.066409483988115969e+00
3.012996919995225564e+00
2.987679896199551877e+00
3.019127399305551851e+00
2.955142469220737755e+00
2.982549001468163485e+00
3.139797436296839717e+00
3.230254368588794112e+00
3.785265056806343953e+00
5.063527142320213947e+00
9.452343058338101400e+00
6.679261686159657430e+00
4.543876870847742389e+00
3.723091472325557927e+00
3.089378745162241646e+00
3.102552537534796873e+00
3.305564733835842706e+00
3.021208194101234312e+00
2.730455323894028563e+00
2.704510788080244588e+00
2.661114755306431157e+00
2.605442659757210233e+00
2.616444379938178688e+00
2.653488268619025980e+00
2.533409951974385788e+00
2.561303903583046715e+00
3.546855077715429072e+00
4.368161672909832483e+00
5.503996390114258119e+00
7.095002267633276460e+00
4.587276511716351202e+00
4.576089042862093947e+00
2.871770649170644951e+00
2.654774870920323160e+00
2.408051228719108483e+00
2.249788441578471243e+00
2.224838548143805106e+00
2.184836793595553495e+00
2.382146688910063315e+00
2.218588020910885916e+00
2.587540507322330541e+00
2.429340288343888599e+00
2.895132455149291850e+00
2.064754335562599685e+00
2.205746397312327467e+00
2.141898002526192890e+00
2.403249314406070702e+00
2.252354445007318962e+00
2.093215574330804518e+00
2.048346679138728810e+00
2.000087934709455340e+00
1.854775744512613844e+00
1.826719909769360495e+00
1.751704680228868938e+00
1.935978768663437766e+00
2.416968295145255574e+00
3.622203300714835539e+00
3.401275819955185575e+00
1.892206447297530847e+00
1.713990537920164980e+00
1.759555544680893036e+00
1.687863381408635677e+00
1.705188831620000567e+00
1.710665149187616363e+00
1.676005729666428579e+00
1.704257065273827809e+00
1.648303960723103589e+00
1.685713692566986222e+00
1.704305435639082544e+00
1.639412691618002738e+00
1.662657554222948919e+00
1.581629432185775341e+00
1.610782839071242645e+00
1.723634955104472510e+00
1.653449219950118732e+00
1.903011773732646406e+00
2.017991830944333653e+00
1.911390247138615495e+00
1.787743511069237456e+00
1.620372362457374038e+00
1.587004200177261737e+00
1.614131071374419024e+00
1.617108126536771717e+00
1.575194000990069343e+00
1.610168030220080482e+00
1.586686010099538136e+00
1.631860695874195244e+00
1.776800133545106020e+00
2.368202779190852425e+00
5.122159529011986123e+00
3.757335254497343069e+00
6.612673193721411380e+00
2.968388684773594743e+00
1.926333981008076623e+00
1.617342820508525847e+00
1.513884811682430609e+00
1.492553621973292000e+00
1.490023167367110046e+00
1.474639262773496329e+00
1.464841383191912927e+00
1.473029754512219736e+00
1.518220751172327798e+00
1.482394027412829107e+00
1.502859830092029281e+00
1.483176616031585127e+00
1.434424927317189624e+00
1.439590437179725679e+00
1.446622227764714719e+00
1.460084501126573286e+00
1.487647935486921869e+00
1.453165108075683110e+00
1.452400172903941300e+00
1.434970238028290712e+00
1.445885464861368153e+00
1.464315893252188472e+00
1.444925414737082248e+00
1.418592350711725292e+00
1.430683610464012601e+00
1.443739077041652719e+00
1.427270288354168359e+00
1.417805038981066357e+00
1.432914927147010076e+00
1.429182488906030724e+00
1.437968406048202086e+00
1.439660842857841683e+00
1.436984796758753236e+00
1.437708659179082860e+00
1.429909369790112850e+00
1.437744643730280769e+00
1.445015567938384038e+00
1.451645624599041229e+00
1.475747122051990434e+00
1.653598274809024771e+00
1.525388313234941506e+00
1.440974617197593899e+00
3.804755267020368592e+00
2.073720934992766018e+01
1.179905480104335425e+01
1.134638457427174707e+01
4.851526957859715772e+00
4.354227829339640365e+00
3.423792684919442220e+00
2.162525645203709157e+00
1.711534650446418393e+00
1.606367222946596396e+00
1.611221628991069021e+00
1.425937396020827919e+00
1.434473221052519509e+00
1.427178079991455295e+00
1.414239468518906140e+00
1.406065594827697440e+00
1.408497428182101885e+00
1.414981531254818403e+00
1.409114311121766105e+00
1.424022552543607434e+00
1.401841775424782055e+00
1.405371420140574035e+00
1.402333229446281804e+00
1.406440644438674781e+00
1.407409555289217407e+00
1.391575076260255672e+00
1.409976871466335435e+00
1.398362052864808858e+00
1.397438142454575427e+00
1.401145313838117135e+00
1.399799898342519056e+00
1.412243776183356614e+00
1.414262400249833629e+00
1.389882117350828228e+00
1.388275798146355600e+00
1.398590025184159868e+00
1.389250426962445273e+00
1.391177551241446597e+00
1.398549414051831308e+00
1.388894593698853486e+00
1.394701102867025977e+00
1.397579129658282682e+00
1.371217853044407686e+00
1.390657242061013266e+00
1.388514296981560481e+00
1.401700793070085549e+00
1.448695366968917098e+00
1.385546830769703863e+00
1.366944887705238809e+00
1.363758396880643931e+00
1.364278586907090585e+00
1.370806263778814538e+00
1.355613938869237201e+00
1.375079520915693410e+00
1.367332747299138784e+00
1.375102626687021212e+00
1.370665909963645346e+00
1.372058694788910405e+00
1.349916599564886521e+00
1.370155528573963055e+00
1.353413872083075287e+00
1.352481383293718364e+00
1.354059059310566138e+00
1.358848632406079560e+00
1.351643320786973801e+00
1.357846773440030574e+00
1.357835106667795388e+00
1.358785032888323530e+00
1.336694362211858333e+00
1.347717673437494934e+00
1.353915994079648133e+00
1.379346184045044721e+00
1.368549166964947883e+00
1.331790492622712874e+00
1.321063281795909372e+00
1.342553918630807086e+00
1.345837623818846307e+00
1.427749805419563200e+00
1.334504565584893498e+00
1.351128734572222267e+00
1.343504736662418875e+00
1.375797690715046429e+00
1.309268756791095667e+00
1.316387328766853715e+00
1.321718104167172170e+00
1.322615551081980811e+00
1.311922775741766189e+00
1.313889548540845498e+00
1.306166640106062093e+00
1.320412733636379787e+00
1.335401731016367055e+00
1.313924691000505574e+00
1.314013942526105483e+00
1.330047858362172430e+00
1.344855736647190270e+00
1.409225847828111000e+00
1.444640532228811391e+00
1.413457328928541257e+00
2.175009414990131340e+00
2.989545570706292121e+00
6.306422528243979642e+00
3.043702422780280514e+01
1.858905593358413100e+01
1.029920555125401549e+01
3.562539924141566505e+00
3.468759972771425559e+00
4.284151179491158423e+00
3.003068555109950744e+00
1.698348162213056955e+00
1.545526051811509705e+00
1.270789077385706012e+00
1.260688511569003412e+00
1.239992091529620755e+00
1.248683590597863713e+00
1.235367537113808201e+00
1.241001843943109861e+00
1.252399853505721694e+00
1.260044345363559248e+00
1.263671227440045230e+00
1.252898261439759242e+00
1.258309067725644992e+00
1.260613944766180383e+00
1.260312547194416766e+00
1.254214269801838144e+00
1.261186297014938784e+00
1.266400675395061626e+00
1.273291476762494767e+00
1.270990515514608843e+00
1.275784228830070699e+00
1.271159329697434170e+00
1.280938543631361837e+00
1.263423137069213498e+00
1.259855817724729876e+00
1.268169840651364622e+00
1.264466782811405121e+00
1.267933008732825328e+00
1.261402240940532327e+00
1.271973899423812782e+00
1.261998245832848031e+00
1.261166761231589772e+00
1.261298317881045294e+00
1.262061586913046041e+00
1.279580823270339396e+00
1.259421911867497190e+00
1.270433106666780443e+00
1.267988179936696769e+00
1.263539730335293099e+00
1.254336073326953738e+00
1.255742730008711394e+00
1.255057955469760511e+00
1.275357333649975500e+00
1.254583017220903596e+00
1.263228915320621537e+00
1.246802048206382185e+00
1.248879548538860629e+00
1.255633030196798838e+00
1.258291893134475092e+00
1.244305621312230326e+00
1.253137123979610079e+00
1.259372438691957585e+00
1.242884663373638343e+00
1.240152540770350198e+00
1.257209343877792707e+00
1.242747285962809700e+00
1.261370500739758427e+00
1.242679839466245495e+00
1.271544816719585969e+00
1.240585296247422864e+00
1.254895954989302620e+00
1.227964776896044441e+00
1.231423277564948737e+00
1.244092327742657655e+00
1.233121240753621395e+00
1.251777025483306716e+00
1.254941423874447626e+00
1.236847931290418590e+00
1.232111799037920674e+00
1.231732281361064496e+00
1.245391242849802849e+00
1.227390846899882648e+00
1.231550044387250908e+00
1.217493713154698343e+00
1.248965789433108764e+00
1.227993487943589868e+00
1.217181987766292606e+00
1.219846657163071724e+00
1.225181596412667773e+00
1.220015098595445213e+00
1.224605305138632527e+00
1.220525392679184140e+00
1.209138586173182262e+00
1.213553214400542313e+00
1.213537855220067740e+00
1.214548233705497138e+00
1.212448646092266769e+00
1.231126190981967738e+00
1.362999190507736103e+00
1.290571382892969243e+00
1.180301518908342562e+00
1.189082207324460683e+00
1.205031861891441736e+00
1.223735506663067074e+00
1.225269625094199455e+00
1.321965611582223143e+00
1.234613387740102475e+01
1.249146710298723484e+01
9.540298108698113566e+00
1.430286572417096025e+01
5.441606611079396139e+00
1.770256613279201474e+00
1.247552026715055717e+00
1.218335208798919211e+00
1.209329416723102124e+00
1.207355337684376195e+00
1.178150050489438216e+00
1.182615751073498700e+00
1.190355199988366142e+00
1.169022427607114833e+00
1.197024133113990363e+00
1.188658054393766816e+00
1.178339305079060706e+00
1.185336735428035082e+00
1.183526768013837271e+00
1.191842765406980309e+00
1.177796778802746802e+00
1.166968545638198407e+00
1.161292409018122473e+00
1.168318984406883532e+00
1.170071604206540883e+00
1.176302313354284479e+00
1.165179940316235729e+00
1.172487715961477717e+00
1.166599438051804327e+00
1.167520553725302168e+00
1.174630860336034699e+00
1.161407559261746769e+00
1.160337063928523094e+00
1.161041704332149038e+00
1.163277089857598368e+00
1.163595633993227851e+00
1.157441480032167735e+00
1.178980058800760844e+00
1.162985125505312523e+00
1.164367274253905293e+00
1.166780393122252235e+00
1.185007716181084358e+00
1.145366460980926648e+00
1.158899595192664833e+00
1.170613039564065705e+00
1.162019685564769089e+00
1.158771960352615427e+00
1.161881706675097714e+00
1.146708365035755239e+00
1.149743693790551857e+00
1.155130668594512189e+00
1.165009835519651871e+00
1.152489478209142160e+00
1.140568346269824840e+00
1.152084875935938113e+00
1.160557068745140530e+00
1.157561347000566343e+00
1.161072380041253016e+00
1.159843289150535472e+00
1.148577720362638388e+00
1.143815318304220341e+00
1.147160028652385311e+00
1.148583536002007577e+00
1.149725253851894946e+00
1.147763762843419411e+00
1.153331522491743089e+00
1.141866008739100380e+00
1.132997423401232551e+00
1.146628619813390149e+00
1.135499099229687614e+00
1.135989294096734215e+00
1.133842739455425797e+00
1.144071216412413605e+00
1.130766957587729937e+00
1.145508218736768002e+00
1.133294483113510775e+00
1.133867704194690962e+00
1.133099479872026860e+00
1.144741924428356539e+00
1.148352448469844855e+00
1.156187535115162701e+00
1.126756140997187572e+00
1.124288216093003667e+00
1.116676173886287371e+00
1.123723216651919099e+00
1.113778316537482826e+00
1.133138870313052937e+00
1.115901417019455222e+00
1.135301805578765810e+00
1.118819521923657634e+00
1.119142080515572957e+00
1.122784257922427198e+00
1.112950363196853143e+00
1.115341007446173149e+00
1.110913079185743779e+00
1.147187439928870845e+00
1.171110309432475516e+00
1.555290120983522595e+00
6.703267247217286062e+00
7.590560196984637464e+00
1.164869061454987786e+01
5.782967441102374373e+00
4.862873088713183911e+00
4.306752772774149030e+00
4.074667147149443558e+00
1.425034475718464977e+00
1.135616170840572092e+00
1.135746305097086406e+00
1.137737946735978722e+00
1.084971355736704002e+00
1.089801690058067152e+00
1.088996599390796405e+00
1.089444935441957751e+00
1.080446853006898689e+00
1.090444832599578806e+00
1.098131588205995879e+00
1.091073073212939448e+00
1.098725928233503124e+00
1.119112529281457658e+00
1.078587563132799687e+00
1.083530600245305120e+00
1.100064564114273891e+00
1.102978686712461354e+00
1.094853375127769368e+00
1.092109680786154557e+00
1.094927338707751163e+00
1.085453688471881062e+00
1.091284001736465781e+00
1.091920521011604750e+00
1.081691320632754083e+00
1.079871994847843464e+00
1.090258040380498894e+00
1.082732246460289982e+00
1.083362542176178112e+00
1.092765812343344578e+00
1.075099990877055323e+00
1.087841203158544046e+00
1.075205673766470138e+00
1.092497138202062956e+00
1.089758366562759262e+00
1.076181587108965276e+00
1.078114059294816185e+00
1.078785393105712753e+00
1.087656705911069777e+00
1.075515184835239779e+00
1.070634563669304429e+00
1.074803875916268137e+00
1.073813910886676215e+00
1.077753514164200510e+00
1.073380274517853561e+00
1.072116240281280941e+00
1.066218137742174665e+00
1.072900633893016265e+00
1.074946812957804809e+00
1.118791060778858037e+00
1.093930637437011910e+00
1.082032881437350991e+00
1.072090016105369248e+00
1.072785099920312790e+00
1.064235397480777667e+00
1.058380092049151289e+00
1.059265089268737414e+00
1.067744865194936166e+00
1.061649067219229803e+00
1.066437917279890346e+00
1.063451620246260720e+00
1.056069546099615675e+00
1.052150075893834469e+00
1.050566117994310433e+00
1.059410423344459673e+00
1.056596634187513928e+00
1.054334381584587366e+00
1.047928738085124767e+00
1.060229147951111006e+00
1.044139943838084061e+00
1.054745407176685079e+00
1.037775024057449924e+00
1.062075764692500091e+00
1.045337005631222338e+00
1.058448141182742663e+00
1.049839982295486696e+00
1.049486463930233482e+00
1.045172248395945802e+00
1.031359868512748745e+00
1.051804208756098591e+00
1.033523229962278744e+00
1.036760729146703808e+00
1.087520422600070535e+00
1.049613975534569477e+00
1.045309922937832425e+00
1.279265792333313723e+00
4.387935654815777298e+00
1.450123162961876844e+01
1.423452652380576566e+01
1.544921638954526699e+01
3.482765718543845423e+00
2.707878083695208993e+00
1.308768114803592564e+00
1.174911468735800213e+00
1.140555076340066920e+00
1.133703517933355442e+00
1.114274666607650399e+00
1.113033911620110006e+00
1.104976540640939309e+00
1.103532603518050381e+00
1.100366417419874621e+00
1.092854463229028239e+00
1.098067943056167950e+00
1.088688894581733235e+00
1.089061761358760760e+00
1.079242671490499017e+00
1.081008233248317740e+00
1.084055640186133429e+00
1.081148833994572511e+00
1.071156839848282472e+00
1.075472845982761827e+00
1.071285650107486775e+00
1.061502005690334816e+00
1.060136381877418987e+00
1.058991110640931765e+00
1.057102837942497375e+00
1.058350810754291160e+00
1.046751821292176032e+00
1.050501990066331270e+00
1.049716907873886385e+00
1.048113980359673292e+00
1.038286954401394180e+00
1.046176617723173718e+00
1.048553687434366610e+00
1.041892000925275896e+00
1.040477285410793318e+00
1.042121309304445687e+00
1.034206523132038980e+00
1.046746959787637321e+00
1.037944427977617989e+00
1.035725594928553095e+00
1.030562711205419646e+00
1.036560985438296667e+00
1.029094083345091892e+00
1.038245252958566400e+00
1.030576164215548873e+00
1.026196248522302401e+00
1.032421006984705514e+00
1.023783201628637674e+00
1.033037128239254754e+00
1.025819212447345308e+00
1.021576671906566869e+00
1.025867027134137244e+00
1.022969999917648920e+00
1.019271201939548677e+00
1.024039435564398470e+00
1.016977687784910156e+00
1.022664863088851961e+00
1.015075518398668830e+00
1.022093410411159198e+00
1.009149607839725515e+00
1.012193331100760929e+00
1.012181276669571250e+00
1.016004600989308004e+00
1.014432447482508381e+00
1.011312734234857569e+00
1.007258701948009705e+00
1.015629382708036044e+00
1.015962757202282685e+00
1.009368815269610309e+00
1.008685542110381972e+00
1.005003581826039660e+00
1.007895694812540821e+00
1.001674611904562084e+00
1.002251168969931383e+00
1.006786098802285867e+00
1.007966246720059189e+00
1.004299275046753426e+00
9.947848866131181467e-01
1.006960863534686723e+00
1.003355685581237777e+00
1.005352831911247247e+00
9.955098852019773625e-01
1.004368074763431151e+00
9.903528769550519195e-01
1.005767005997785235e+00
9.935203935335777947e-01
9.973744661151329183e-01
9.991203174079401617e-01
9.946989632497860168e-01
1.000610601583358017e+00
9.861671909726993368e-01
9.928848671857111174e-01
1.002113759935844062e+00
9.953155685620516113e-01
9.870649690046320313e-01
9.956279013083104701e-01
9.954931179841736144e-01
9.905831611848470164e-01
9.880574851432811778e-01
9.818417859020712735e-01
9.790591985659545804e-01
9.870291943713709326e-01
9.818977107614046407e-01
9.921543021553673736e-01
1.030980252358733695e+00
1.027520820108247745e+00
1.004448745300871249e+00
9.897467409036722064e-01
9.728801034766405564e-01
9.764248582674610599e-01
9.781734233081863517e-01
9.800095807460309505e-01
9.902520683745678065e-01
9.983847655059662207e-01
1.071978938556125582e+00
1.493359834456921886e+00
6.012238323439390797e+00
1.360437871687624423e+01
1.132757486965305205e+01
1.037209158969263889e+01
9.047327673959330241e+00
4.814836727119962134e+00
3.803021252242916539e+00
2.390037615662973458e+00
2.161367908289369755e+00
1.370759687163808804e+00
1.097249488653207594e+00
1.067135838418204141e+00
1.034171499361488555e+00
1.023764594587646570e+00
1.028802840572683452e+00
1.007382256759365102e+00
1.002372414735751338e+00
1.002095119653549249e+00
1.000680504152791084e+00
1.005181721329421407e+00
1.003127926999877628e+00
9.919326741604208575e-01
9.967234694432989262e-01
1.000581020118465947e+00
9.897243726370164030e-01
9.907344312379848805e-01
9.945202634399492592e-01
9.921979092959475333e-01
9.863144303858633055e-01
9.905744929945313748e-01
9.856911089881691401e-01
9.875596708498903809e-01
9.908896401036344503e-01
9.848910293129080618e-01
9.863080186656446591e-01
9.900596404613821733e-01
9.787019466916803134e-01
9.851043206360913240e-01
9.774366578490514268e-01
9.811573349717832571e-01
9.776196592551172904e-01
9.857146477678242480e-01
9.866153516830848957e-01
9.832811968099861577e-01
9.870458227312411958e-01
