1.649680278935236856e+03
1.570510797581329825e+03
1.449578825853910530e+03
1.253634218899009284e+03
9.751230210067005828e+02
7.245075998546089977e+02
6.511668053660541773e+02
6.246244547530077398e+02
6.104573063831776381e+02
5.994074666071683168e+02
5.890837435638532043e+02
5.780755302985198796e+02
5.692324601546861231e+02
5.601068933312781155e+02
5.506037953766062856e+02
5.286329907309263945e+02
4.943383693560026586e+02
4.479701093938201666e+02
3.958929503287654370e+02
3.598917742149787955e+02
3.313609227866400033e+02
3.170888963361212518e+02
3.050564274266362190e+02
3.000398398848919896e+02
2.931916084080876317e+02
2.879667826270233491e+02
2.893161891793142786e+02
2.856701321467626258e+02
2.804481011614989256e+02
2.845476962689463107e+02
2.829252331075015263e+02
2.775076821638581350e+02
2.725159610742985024e+02
2.788679834232225403e+02
2.747068731078629185e+02
2.705508447987504042e+02
2.744538241497491526e+02
2.687297111750322074e+02
2.693766918645718533e+02
2.701419715512317907e+02
2.658352477872448389e+02
2.652224569076360012e+02
2.639664288549149660e+02
2.661856053752476328e+02
2.627207799586740293e+02
2.600123597355063794e+02
2.633761850895053840e+02
2.618173019542882685e+02
2.575776677965625368e+02
2.586302126641253381e+02
2.585740761182113374e+02
2.581498565617848726e+02
2.563868446336950342e+02
2.598253078071236359e+02
2.545862842925896530e+02
2.533472136141449482e+02
2.559068708157648189e+02
2.544002413292747349e+02
2.516877409765758671e+02
2.529232840008600078e+02
2.514543536097750120e+02
2.510976641975749430e+02
2.489713418114710635e+02
2.590575408401932691e+02
2.494330589880720481e+02
2.505749889927267304e+02
2.480322110383622203e+02
2.458198294084991176e+02
2.460637158363363142e+02
2.484669202883364392e+02
2.476276463716085345e+02
2.462757565959022941e+02
2.440136521781280408e+02
2.438897935435591080e+02
2.436157116447022872e+02
2.442997256079421504e+02
2.489924050967521794e+02
2.442512103761629305e+02
2.410635453866652824e+02
2.442075392916858618e+02
2.422165474355879553e+02
2.419672628046471914e+02
2.422994232537765811e+02
2.424188137125391052e+02
2.392635202799166620e+02
2.423388666653972905e+02
2.406989475736217514e+02
2.382469565588647527e+02
2.366417048172077102e+02
2.398192451159544589e+02
2.373695067909869465e+02
2.373969789072950789e+02
2.364304879300307221e+02
2.426990154743218682e+02
2.349865859520049298e+02
2.330043249578111499e+02
2.327122346788947027e+02
2.321363480502644734e+02
2.327979588598572320e+02
2.326597146927318818e+02
2.322411599699782130e+02
2.309644775560468304e+02
2.301525816098451287e+02
2.291651416440352023e+02
2.293664573907912256e+02
2.309968385801864486e+02
2.299518576160473344e+02
2.295123544327540230e+02
2.273377847399199823e+02
2.270282137890087597e+02
2.284924637033302872e+02
2.281629216574590941e+02
2.426298315318590539e+02
2.273162342940854614e+02
2.299334509781909901e+02
2.223123879665373579e+02
2.224751852252959452e+02
2.201054290766558381e+02
2.200304592220149118e+02
2.220827381447505502e+02
2.200416708462734050e+02
2.203996530088644477e+02
2.178396030266755474e+02
2.285195932990695269e+02
2.254857248930089781e+02
2.229629794193738803e+02
2.152186936010058105e+02
2.158761181982697508e+02
2.150176768907532505e+02
2.125631796043556392e+02
2.132192171946168457e+02
2.126754948218196546e+02
2.123409736343310215e+02
2.113938230353248002e+02
2.128639230487152076e+02
2.180262902483346181e+02
2.133520835414005603e+02
2.130097099458771766e+02
2.091010954631020695e+02
2.106218634644706640e+02
2.143822317032050648e+02
2.095846809849586805e+02
2.073269189494032503e+02
2.068667567070311861e+02
2.061438002109287879e+02
2.061449760454139835e+02
2.054365108411217307e+02
2.055048829429703687e+02
2.058064878706837533e+02
2.057333423018538383e+02
2.057473079020572015e+02
2.049295724228975928e+02
2.045741532575208055e+02
2.035790002143604625e+02
2.030264935474434083e+02
2.027568715358601992e+02
2.018628495644458951e+02
2.016396340125890561e+02
2.020699719008331101e+02
2.016084636887418355e+02
2.055108248607747612e+02
2.101423028214850319e+02
2.075361735841976270e+02
2.053738542782965908e+02
2.026047974804019702e+02
2.017166666783811593e+02
1.997734078597743519e+02
1.991630522853542971e+02
1.994529598806696242e+02
1.986682541125294961e+02
1.983900193133956975e+02
1.980908776396742610e+02
1.976381681954845817e+02
1.975290365734438467e+02
1.975522283861087658e+02
1.971184675450606676e+02
1.972841430084868648e+02
1.964624099197111775e+02
1.958676801059160937e+02
1.957149080928887201e+02
1.955352121232226636e+02
1.951552358101336324e+02
1.947249858048533895e+02
1.944062220927874023e+02
1.942560144971565705e+02
1.943320939631989290e+02
1.939366463159127818e+02
1.932665867287440165e+02
1.928904903712203804e+02
1.926322611373238374e+02
1.923703826371893513e+02
1.919231357499140245e+02
1.915352774118033210e+02
1.912776911158490520e+02
1.907445118330273885e+02
1.905350005601724774e+02
1.906973429260980595e+02
1.903027109906828969e+02
1.894542408640089093e+02
1.887688070936158624e+02
1.890657579434193281e+02
1.883842175965830563e+02
1.882913741175544260e+02
1.873536500001676188e+02
1.866829083648678704e+02
1.865879209143617459e+02
1.862314319145439470e+02
1.861088474640619665e+02
1.856187243504018625e+02
1.853861880653566345e+02
1.862568660595947847e+02
1.866683844869230882e+02
1.872504111103375237e+02
2.022514797243183864e+02
2.024867289919662028e+02
1.938256352596902161e+02
1.871144433354453440e+02
1.871834310819140796e+02
1.846906086688983351e+02
1.832456388246372398e+02
1.821621668549252320e+02
1.821860288386270952e+02
1.806409955285026570e+02
1.803854721200601148e+02
1.797455133684823920e+02
1.793408566166788205e+02
1.789563837431214779e+02
1.783804442252787794e+02
1.779968074078054485e+02
1.774578644098430971e+02
1.772808052786262465e+02
1.773467498713081341e+02
1.772161434238474840e+02
1.786769731028440731e+02
1.780453510122539171e+02
1.855195002939984761e+02
2.305867934274915001e+02
2.183699982940393625e+02
1.962977624252648354e+02
2.056101354164566999e+02
2.215413572355462577e+02
1.851196243698608157e+02
1.797669733385791915e+02
1.772432154166241673e+02
1.765248639334059817e+02
1.758422611878528699e+02
1.741843237552457992e+02
1.737217589168114102e+02
1.731095286544316139e+02
1.729525899780607006e+02
1.726438347514315410e+02
1.717395687443112990e+02
1.722375955336722768e+02
1.706855214585557121e+02
1.697202533174728387e+02
1.693070984272613941e+02
1.688698788916762510e+02
1.693727435317140646e+02
1.684144923474619873e+02
1.680932218681298309e+02
1.689044906423480938e+02
1.671648389224864673e+02
1.676300320515793771e+02
1.698610094535069663e+02
1.675251254017517510e+02
1.647528759097237412e+02
1.647954612281569098e+02
1.642295420054371107e+02
1.638588559128611450e+02
1.639472595383387841e+02
1.633092621985375672e+02
1.641161068731869364e+02
1.628971828173249321e+02
1.622756949922046772e+02
1.619222522804327298e+02
1.611100591937087643e+02
1.604676772783507488e+02
1.604031484251127040e+02
1.599824783725781288e+02
1.617424188106612064e+02
1.816725437829714167e+02
1.803722355358999891e+02
1.657817101050789574e+02
1.640380141010443538e+02
1.706330309638618132e+02
1.652331309952026288e+02
1.605160019599151440e+02
1.584646900478807368e+02
1.581257572940161253e+02
1.590319488729229533e+02
1.572184304113729070e+02
1.573942523575945245e+02
1.561679490453239225e+02
1.562414283699044404e+02
1.553727629499180978e+02
1.546040675374951547e+02
1.545372697523403644e+02
1.541821087059541355e+02
1.540279014451524233e+02
1.538943935732861519e+02
1.537228038097487399e+02
1.546572012678183228e+02
1.556052373723897801e+02
1.547167385444283525e+02
1.540160433561674154e+02
1.527574374891923128e+02
1.523055823273055580e+02
1.526578160097214152e+02
1.515487292098306966e+02
1.514819121703646942e+02
1.521228384906100644e+02
1.507132925596515634e+02
1.500447083328522240e+02
1.500127383220076069e+02
1.498134272885798453e+02
1.497610534774092628e+02
1.504040136824173715e+02
1.494287335811765729e+02
1.488965583376836435e+02
1.485242047454540000e+02
1.497113308296926846e+02
1.488798199444581485e+02
1.506626378098037264e+02
1.539290240846703455e+02
1.812822600692413744e+02
1.711848503952809040e+02
1.554060008530846062e+02
1.513675248565445770e+02
1.549077823081285317e+02
1.533830175409907213e+02
1.494766320588061603e+02
1.472629814885841881e+02
1.465959761642061494e+02
1.464164315014441797e+02
1.458345772408196979e+02
1.457482225086179710e+02
1.455984627246990897e+02
1.451845594109765045e+02
1.443786037681214509e+02
1.443750925345965754e+02
1.445761493971750156e+02
1.438075257267767029e+02
1.440240918896548408e+02
1.438691543024487487e+02
1.437314864762493869e+02
1.427960636919620185e+02
1.430689734336183108e+02
1.422808600310592624e+02
1.426546692464281421e+02
1.438054341271395344e+02
1.438274435631547021e+02
1.426912378286090188e+02
1.425950510343510018e+02
1.431487360205091761e+02
1.419132904194898117e+02
1.412345756821497389e+02
1.415541725077150090e+02
1.415054685226130005e+02
1.404908835692276909e+02
1.407150616845086404e+02
1.403308324618769518e+02
1.413259229791585483e+02
1.400113067760050853e+02
1.397452044492499112e+02
1.398879386617062437e+02
1.392702121271262854e+02
1.392595409143004304e+02
1.401601829624004267e+02
1.418664438862085433e+02
1.425341613131185170e+02
1.445683233881783849e+02
1.714668617159986752e+02
1.857515453672999399e+02
1.670763189402846081e+02
1.560920732909841036e+02
1.651854757727175809e+02
1.633806951176819382e+02
1.476160158613375302e+02
1.418172795323030755e+02
1.403345267926158613e+02
1.398244684463877547e+02
1.386690319033108096e+02
1.385886839469611687e+02
1.381419831230080888e+02
1.376204206005021717e+02
1.372993238475121984e+02
1.369813338789597879e+02
1.367833814291829810e+02
1.367450449714780518e+02
1.377003906365568184e+02
1.372072564628644784e+02
1.363196897165874759e+02
1.362909892396985185e+02
1.356047334370094291e+02
1.350971954891832354e+02
1.355664910825925347e+02
1.353798423967648432e+02
1.350322782752289470e+02
1.341774000228577677e+02
1.349087952498731227e+02
1.345580090709998160e+02
1.338689398660750101e+02
1.339313358685166691e+02
1.346109610329751547e+02
1.336680705018929700e+02
1.331817400935819933e+02
1.356044674853072820e+02
1.389890364966674383e+02
1.530008965943569024e+02
1.695538860514085968e+02
1.756369890508505591e+02
1.493027595306332955e+02
1.411866618065056969e+02
1.391281360914607887e+02
1.365047131058951777e+02
1.348465798230242569e+02
1.338583683768660819e+02
1.329981892063982230e+02
1.332717615459794445e+02
1.325679964655546712e+02
1.326937885762254155e+02
1.327989404187610774e+02
1.318288637553704916e+02
1.321549611491228404e+02
1.317587245448923170e+02
1.317631053258661780e+02
1.313214705425397710e+02
1.308896953857716881e+02
1.319584817492076070e+02
1.316187488419454610e+02
1.310661537446875400e+02
1.303053627966901047e+02
1.304629417382034831e+02
1.295145454404716929e+02
1.299882394077154402e+02
1.301285062880955365e+02
1.300181723415772694e+02
1.297690058515815394e+02
1.299357580983085825e+02
1.292512110501524489e+02
1.290801174725579585e+02
1.293596033595541144e+02
1.287495222884585644e+02
1.291509255522080366e+02
1.283358916800700058e+02
1.286891436034154310e+02
1.279729467853399001e+02
1.286505285780133931e+02
1.282130256817766849e+02
1.276622774433338492e+02
1.284462328441697991e+02
1.279376155021206358e+02
1.280028916564499184e+02
1.279989514368330674e+02
1.276343225040174332e+02
1.273395128171261916e+02
1.268996483475094692e+02
1.270295473503145303e+02
1.270978485870654282e+02
1.272409652890949872e+02
1.265423096185782015e+02
1.262420405142282789e+02
1.261118848599316635e+02
1.265377551314734603e+02
1.260316767576200476e+02
1.257641816737307749e+02
1.260542579933426310e+02
1.261724309821573371e+02
1.258178724490695259e+02
1.256631507800569381e+02
1.258313826798625001e+02
1.252484822366097035e+02
1.254037184524355411e+02
1.250654745277813760e+02
1.250077622121911958e+02
1.272000620616459514e+02
1.254168157912372124e+02
1.258082492616632635e+02
1.264512044731868485e+02
1.261993463037337619e+02
1.250011340643233098e+02
1.251529768909532976e+02
1.240752464834100834e+02
1.244406438916458200e+02
1.241396793102332623e+02
1.242012117359037404e+02
1.244511466603992034e+02
1.238473723616330631e+02
1.240350902191118934e+02
1.234090165732008160e+02
1.232694271617790207e+02
1.235967878812442535e+02
1.234002013544935323e+02
1.230946713463256401e+02
1.236434049313541408e+02
1.257529821634086034e+02
1.507948153977937409e+02
1.894017806697454205e+02
2.459299924385206850e+02
1.652320513133674353e+02
1.504336781528954248e+02
1.488184171726755949e+02
1.519820622644221260e+02
1.449169345274923444e+02
1.303639878076099023e+02
1.289973529608588478e+02
1.258240756042766293e+02
1.249021278238603685e+02
1.244611010047538997e+02
1.237935390356924188e+02
1.235209645917988439e+02
1.235996138825193782e+02
1.229637290051539367e+02
1.232806386160563648e+02
1.228407253086097342e+02
1.226680800734133072e+02
1.227381753207561133e+02
1.226336622623098975e+02
1.223050908749069805e+02
1.220204322798368963e+02
1.217431178938138316e+02
1.224576648884629009e+02
1.216403217925367528e+02
1.216305614211202339e+02
1.216895717002295498e+02
1.212795031192473800e+02
1.210549352046061529e+02
1.212645210807640268e+02
1.209196708921083285e+02
1.215747844646639919e+02
1.210874907267279070e+02
1.208975185152718126e+02
1.210269175210594454e+02
1.208971725280171796e+02
1.208723866617982594e+02
1.204557255304883796e+02
1.206175039220902363e+02
1.201077338299497796e+02
1.201781851995410051e+02
1.201163949775555295e+02
1.202713073069814556e+02
1.201523610884845112e+02
1.197745142141131112e+02
1.196760247729187938e+02
1.196562762124164578e+02
1.196956217026992846e+02
1.194343489925262816e+02
1.192878858679635101e+02
1.191472172918387855e+02
1.194522489033591768e+02
1.192372248511245516e+02
1.192628184660361370e+02
1.193523895443619409e+02
1.192060225133937337e+02
1.194390092748071908e+02
1.188525509328716652e+02
1.185570547232924099e+02
1.190191683327671086e+02
1.184657882678808818e+02
1.186156580988789386e+02
1.186327449387256934e+02
1.187700279190222545e+02
1.184125606924737610e+02
1.184086124577629278e+02
1.186135324241556930e+02
1.180887343601017960e+02
1.177236513317588447e+02
1.181225884665782360e+02
1.178982085474511905e+02
1.179398781726275871e+02
1.177946246391748133e+02
1.176891308310270148e+02
1.180675412393983379e+02
1.178882260392968533e+02
1.178124312557476117e+02
1.174782656537107499e+02
1.174400766535495109e+02
1.178708072787105863e+02
1.173234013229294987e+02
1.171558527276970523e+02
1.171592052748345054e+02
1.176711400915075814e+02
1.169448740592210925e+02
1.168952909325318501e+02
1.170019014637891246e+02
1.168165887391389504e+02
1.167648432997921617e+02
1.168101716660696070e+02
1.169012594651872661e+02
1.167562174803625794e+02
1.161421836070461495e+02
1.163455443355327930e+02
1.169185714270238492e+02
1.164918821617793014e+02
1.165896660125763589e+02
1.163253675105631260e+02
1.160334860795931604e+02
1.162931621652646186e+02
1.164983350577351899e+02
1.157840359778557939e+02
1.158275986749064828e+02
1.158888089519892048e+02
1.152829477398041149e+02
1.160900168912245078e+02
1.156744147905821904e+02
1.150233003842699873e+02
1.157712832426497016e+02
1.151533156475620530e+02
1.154525373400929027e+02
1.156513666299970566e+02
1.153568399645293852e+02
1.162540722439710521e+02
1.153121557124843548e+02
1.153552135844011843e+02
1.152436321168029707e+02
1.157634071696803204e+02
1.470630910489977339e+02
1.849373723077333977e+02
2.252765301412840984e+02
1.783102876021448253e+02
1.608209157210021374e+02
1.514331047279439701e+02
1.290309138246301757e+02
1.227382142663163052e+02
1.200386297450342994e+02
1.192740313113510524e+02
1.177279019703722440e+02
1.172537499004687334e+02
1.162443195866065366e+02
1.164351323221337111e+02
1.162337094636380357e+02
1.156813703969487790e+02
1.155562423693281460e+02
1.152633048269849212e+02
1.154161786996459114e+02
1.149339053220449358e+02
1.149304453051383348e+02
1.150114962603560542e+02
1.148213822838238798e+02
1.146762539812291237e+02
1.140990077699150760e+02
1.142604424011991142e+02
1.140388233625067471e+02
1.137029580191526890e+02
1.139511214108103871e+02
1.137062212931058838e+02
1.138461414933913431e+02
1.139945349700800108e+02
1.134435233727043908e+02
1.132383616407859819e+02
1.133958391077755294e+02
1.131114428663157696e+02
1.130626454245958143e+02
1.131311126368887585e+02
1.126272541852052456e+02
1.128037430443705489e+02
1.126201431152589976e+02
1.129601716063586991e+02
1.124602907598984558e+02
1.125028199787691250e+02
1.126474914157864333e+02
1.124127277022337097e+02
1.125439705854315235e+02
1.120397129878486737e+02
1.123539291912343003e+02
1.121367970753957479e+02
1.123217253380036453e+02
1.120565933677907964e+02
1.125056979443842806e+02
1.119046306821779666e+02
1.122176296706000755e+02
1.115850208172987124e+02
1.112438757907858076e+02
1.114777949108836168e+02
1.116867902164052850e+02
1.116885593662733385e+02
1.113466305253225386e+02
1.115729532395923940e+02
1.116681720947849499e+02
1.115881271182600614e+02
1.108907343728616155e+02
1.107045270516987614e+02
1.106313624034416421e+02
1.109325249388804053e+02
1.112830238289065221e+02
1.108162924045890350e+02
1.105328816125424680e+02
1.104937201070104607e+02
1.106863821146083353e+02
1.109086013275232006e+02
1.107025386001235319e+02
1.106071169158700229e+02
1.100417971941401163e+02
1.102515918486512305e+02
1.102454626002343900e+02
1.100707987790925415e+02
1.103977596199143250e+02
1.100993599548978494e+02
1.102153711240417522e+02
1.098780549907991144e+02
1.102375968845126124e+02
1.100628178748465587e+02
1.101278318135617411e+02
1.098866952256762772e+02
1.094416457227214323e+02
1.096859804180978699e+02
1.099745557600511034e+02
1.098027525002096780e+02
1.094696202574417896e+02
1.099749398863841066e+02
1.093989984161372746e+02
1.094526352245459009e+02
1.097866356562058172e+02
1.096331390626519351e+02
1.104126549153136096e+02
1.163803904455856610e+02
1.205419470864558065e+02
2.042830110163963582e+02
2.816878831328588149e+02
2.080646610385180111e+02
1.467618377436627384e+02
1.365971225831276570e+02
1.305197381022491641e+02
1.232023155818493620e+02
1.206592769886031533e+02
1.241030417974262150e+02
1.183373377911699720e+02
1.148198059034102982e+02
1.132317129858414120e+02
1.128339024673372961e+02
1.119010589748520914e+02
1.120477783666724036e+02
1.115270129993681252e+02
1.113728403956027080e+02
1.108932114327674014e+02
1.108871109705872726e+02
1.103325076073438851e+02
1.105841356564790914e+02
1.102584797674490176e+02
1.101278551538154460e+02
1.096040969062860597e+02
1.100572574966208066e+02
1.098531276815661641e+02
1.095764232556722675e+02
1.095517454432741005e+02
1.088582518593212711e+02
1.093557853065300236e+02
1.091510176056388843e+02
1.086670379007131260e+02
1.085382252869466413e+02
1.088780322663717470e+02
1.086236009723295837e+02
1.084080977957365803e+02
1.084351319172111516e+02
1.085820807791056097e+02
1.082283859889101905e+02
1.078576382077852998e+02
1.079543317273678156e+02
1.083470096737943038e+02
1.081941927639843470e+02
1.078352555845676051e+02
1.076799305506253006e+02
1.081371086628237492e+02
1.078705883939468038e+02
1.077358970783420631e+02
1.075551254365057048e+02
1.074720344450156091e+02
1.074112890658992967e+02
1.072846755601322570e+02
1.073128955614921409e+02
1.075744904093528618e+02
1.076440368535203902e+02
1.073258646759187513e+02
1.074344958813796183e+02
1.072226886632230105e+02
1.073152812396832871e+02
1.066372710126171484e+02
1.070118206662829579e+02
1.068978979677076211e+02
1.071687357617119005e+02
1.066425992806368299e+02
1.066106131057257898e+02
1.071173697241448650e+02
1.069346244152126815e+02
1.065541348368363828e+02
1.064790804201100087e+02
1.061704179849693475e+02
1.061842665315998033e+02
1.066636242535062138e+02
1.064192203971456081e+02
1.065362632829919534e+02
1.061830319376345813e+02
1.061388171735399766e+02
1.058976281226272107e+02
1.062345942613894891e+02
1.062472993043426328e+02
1.059475581759801770e+02
1.056889130719802807e+02
1.059598873985079308e+02
1.057632868700675175e+02
1.053973254162092417e+02
1.058634264802471137e+02
1.059757524585616153e+02
1.055635125729941848e+02
1.053934944115483177e+02
1.056794844956058483e+02
1.052382332119017150e+02
1.055116763799381374e+02
1.055252200731611936e+02
1.056913196206841263e+02
1.050206240238305639e+02
1.054220499804055891e+02
1.050743759686049401e+02
1.053176329534785651e+02
1.055410697781867384e+02
1.057091258906244917e+02
1.052993789989994013e+02
1.051987898571415343e+02
1.053561657587352727e+02
1.049607330534151544e+02
1.055277030557873985e+02
1.052626962175958880e+02
1.051128995463879221e+02
1.049059610734098840e+02
1.048532084407757026e+02
1.046258450319581925e+02
1.049598792968345720e+02
1.047182942887130253e+02
1.048971581309849199e+02
1.048581664137092275e+02
1.047982985216410157e+02
1.044085849410273426e+02
1.042920703102923881e+02
1.043808879954454483e+02
1.041061152488978934e+02
1.042145318435427868e+02
1.043656099906583279e+02
1.043109386783114161e+02
1.035921351707005726e+02
1.041429560284471734e+02
1.041502956094491594e+02
1.046474288882272532e+02
1.048705733132187561e+02
1.045884267299211814e+02
1.041664414028977035e+02
1.041386415580968787e+02
1.043427126121816002e+02
1.036193223900048821e+02
1.036767985883721508e+02
1.037120181105662624e+02
1.038314232851970189e+02
1.033539019091170701e+02
1.037312334612157230e+02
1.038564494522496773e+02
1.037518361304163790e+02
1.038164069111776513e+02
1.042312471971346071e+02
1.037739405613807691e+02
1.045210334643705323e+02
1.044395072835998235e+02
1.065886717575203306e+02
1.052252222444439838e+02
1.041078891468208241e+02
1.028944285454224428e+02
1.032958662944363226e+02
1.033609369197482124e+02
1.037088316146538034e+02
1.041302443664892934e+02
1.034630728808035514e+02
1.031912665052868618e+02
1.026834707019944233e+02
1.029733087851873279e+02
1.027390098802763134e+02
1.032191789222459590e+02
1.026774712964389664e+02
1.024001265759159480e+02
1.026244014135523912e+02
1.022688638777520111e+02
1.024906218052650360e+02
1.028735903133808023e+02
1.025995754796112180e+02
1.022397416045104563e+02
1.025725101920440494e+02
1.024509588841282266e+02
1.026132575803737694e+02
1.021866587916751001e+02
1.025243851690108130e+02
1.030109178999332897e+02
1.038821780905187637e+02
1.032822240262830746e+02
2.168410594367670683e+02
2.108388536801762427e+02
1.629663794925744185e+02
1.401813908454082593e+02
1.318253371720043674e+02
1.306618375783934027e+02
1.313810060929403107e+02
1.179940523375144323e+02
1.109637372459076090e+02
1.134252738609262536e+02
1.116701265574263289e+02
1.118154355569596419e+02
1.080398418143433616e+02
1.054940032023946515e+02
1.044221860827921944e+02
1.041913397215078447e+02
1.039787331681108640e+02
1.037086012968272968e+02
1.030143566503027017e+02
1.033626779986408764e+02
1.026355308418946919e+02
1.026594979933246208e+02
1.024961776347521720e+02
1.023921787626020716e+02
1.025787670244888830e+02
1.020854347932574768e+02
1.019182694432598737e+02
1.019430583630173288e+02
1.018748270745392972e+02
1.019623755860409773e+02
1.017429963662029593e+02
1.017025492963963273e+02
1.016044985246696513e+02
1.013583243030711429e+02
1.012505942106926113e+02
1.015772599024815719e+02
1.015749723909626141e+02
1.015929524935440753e+02
1.009908908948478086e+02
1.007293316746927587e+02
1.007392698870911261e+02
1.006573403433969389e+02
1.009986456349412549e+02
1.006291502088276246e+02
1.007917647427928642e+02
1.005933885537231021e+02
1.005415038721926635e+02
1.005601189794036401e+02
1.008495090368713676e+02
1.008803992636213849e+02
1.006387429937133362e+02
1.008524353154129614e+02
1.003736746380911597e+02
1.004557253686351146e+02
1.002635336498151730e+02
1.004216385542863463e+02
9.989325698988093905e+01
9.998560118868687141e+01
1.000235101034824083e+02
1.000031481860043812e+02
9.946592925534997676e+01
9.991226920931988786e+01
9.981848784960372711e+01
9.935598036687126466e+01
9.972693624663746448e+01
9.982939010510641253e+01
9.975004220722654225e+01
9.940556094883505978e+01
9.939837576897453175e+01
9.987937484671144261e+01
9.990657433842090995e+01
9.964966577522574198e+01
1.000653889011728666e+02
9.977258407834881382e+01
9.911943594474708163e+01
9.932139861847905138e+01
9.870104498100536716e+01
9.988050876804362588e+01
9.958755302346122562e+01
9.924854008557740315e+01
9.965080511854574752e+01
9.959482722202824334e+01
9.939361185697136136e+01
9.905215184326858946e+01
9.925903179040798818e+01
9.905179641826063630e+01
9.880342779907834938e+01
9.870444094294818171e+01
9.865892451016696896e+01
9.883859689081575084e+01
9.837296899549211560e+01
9.909271637940256028e+01
9.958651257563120396e+01
9.917303763850327414e+01
9.885633159464846642e+01
9.861682301292761110e+01
9.901102000791858870e+01
9.872566663375006613e+01
9.839758123374484455e+01
9.891737755612824401e+01
9.872337955648336560e+01
9.796407128141606790e+01
9.830345708561047502e+01
9.828660139379829275e+01
9.825274926214417803e+01
9.853152262969547337e+01
9.751216206137479503e+01
9.795495012372464316e+01
9.813354186499104514e+01
9.781937998389685163e+01
