8.651874932866776362e+02
8.085440027350850869e+02
7.334078604145906866e+02
6.373702102791285142e+02
5.437072730551008135e+02
4.723506003192160279e+02
4.253057874992955476e+02
4.037165557667613029e+02
3.942040820512920618e+02
3.885100297983735800e+02
3.871142409695312381e+02
3.831938037900254130e+02
3.819148280397057533e+02
3.799070845064707100e+02
3.803193373102694750e+02
3.776890692510642111e+02
3.782211440145038068e+02
3.768800784270279109e+02
3.756914939582347870e+02
3.776230160300619900e+02
3.744723534351214767e+02
3.740406151344068348e+02
3.690334977754391730e+02
3.626461319122463465e+02
3.473635294646956027e+02
3.093916557622142136e+02
2.523914963039569557e+02
1.990907223266549408e+02
1.675466570120770484e+02
1.481453328251373023e+02
1.425624565753678326e+02
1.354640636848052964e+02
1.271862578023865353e+02
1.236858750667306595e+02
1.210948499247460859e+02
1.191997730308648897e+02
1.168897733879130101e+02
1.204681364508087427e+02
1.163030452250895905e+02
1.198697298407314520e+02
1.162694808420615118e+02
1.111990570344169100e+02
1.117158926861875443e+02
1.104874988634783222e+02
1.081651626818738805e+02
1.091968401660269592e+02
1.105163159567146067e+02
1.048565089492039988e+02
1.040952748921117745e+02
1.030002846921161108e+02
1.011330885241259239e+02
1.043869127054676937e+02
1.036764944633105188e+02
1.007906408895432833e+02
9.937247484949875798e+01
9.942741244681747048e+01
9.967550555848720251e+01
9.721163666665961500e+01
9.849484857998686493e+01
9.821148230605149365e+01
9.734295199071311799e+01
9.568649002612437471e+01
1.015788507647612278e+02
1.020810047706921750e+02
9.622868141764956817e+01
9.277200460129824933e+01
9.281783443689346313e+01
9.394871868561040174e+01
9.253310484061694297e+01
9.263708329449400480e+01
9.129422429074111278e+01
9.410357679666230979e+01
9.211290513071435271e+01
9.089549744996656955e+01
8.854612408750472241e+01
8.761914709796474199e+01
8.650347778831564938e+01
8.692028890799974761e+01
8.602903463316624766e+01
8.505353386133811000e+01
8.542147763898196899e+01
8.395348014933279046e+01
8.398440162944302756e+01
8.181105111099896021e+01
8.205929926199269175e+01
8.139549502975273754e+01
8.292677984318129347e+01
8.214284357835484229e+01
8.042691413726748806e+01
8.063176489534151870e+01
8.751059898931342218e+01
8.657752014453805600e+01
8.041047192084533890e+01
7.774723697903846187e+01
7.595947876184345660e+01
7.603412016701395260e+01
7.310144668607745189e+01
7.758859429731484170e+01
7.484401757418095258e+01
7.275291668389989752e+01
7.022269310613717153e+01
6.902576928620214858e+01
6.975627349445136360e+01
6.890426721551750688e+01
7.826250249425797278e+01
7.029180683709930122e+01
7.129989300111542150e+01
6.703128555194123805e+01
6.822926844990860218e+01
6.634282259888885847e+01
6.725734632775987620e+01
6.582058763298633153e+01
6.537700597600432673e+01
6.853674306172450770e+01
6.497396625020900274e+01
6.214126050830049053e+01
6.084920105756817321e+01
6.115103992879136285e+01
6.089635125440946695e+01
5.983179801142696874e+01
5.901995160445495969e+01
5.844989727099101628e+01
5.839948009922858319e+01
5.784657979897431090e+01
5.754256368864442095e+01
5.952437861704501643e+01
5.766602525809204138e+01
5.644166999209028290e+01
5.593746551943590362e+01
5.688048031909575286e+01
6.215181529988969089e+01
6.750966139647974273e+01
7.425410213942295456e+01
7.466007835508810331e+01
6.786399842353220890e+01
6.089792992648703773e+01
5.860404859243409703e+01
5.492111373469867885e+01
5.389491508524859142e+01
5.345824780720801783e+01
5.323422371281392884e+01
5.278073591791870456e+01
5.264419035129395752e+01
5.244513273485884497e+01
5.304402172824543982e+01
5.261103197381106611e+01
5.184649180212267794e+01
5.207545004872885386e+01
5.165100323523869008e+01
5.103078070138438704e+01
5.090512758491643552e+01
5.026298525878489443e+01
4.999154462181051883e+01
4.977728630895634865e+01
4.949902014183282972e+01
4.943483468367375622e+01
4.921313666135462483e+01
4.896150216450250525e+01
4.871260729202322182e+01
4.848351881395437601e+01
4.829125850684262389e+01
4.808844660331820364e+01
4.802122961351719255e+01
4.787373596869069559e+01
4.796382219169285577e+01
4.765422187756391281e+01
4.724694547959880708e+01
4.703201036545594604e+01
4.801615709902154094e+01
5.418260847495010779e+01
5.597443543862215165e+01
5.778624820456211353e+01
5.035300819979266862e+01
4.955368566395476648e+01
4.771920683275620689e+01
4.706500425282001032e+01
4.601432331487433203e+01
4.531377126068988304e+01
4.496627419773262346e+01
4.476317252836429361e+01
4.457727767742254343e+01
4.426706703643397134e+01
4.398042263926470241e+01
4.384085905440414166e+01
4.348369786786184932e+01
4.326377165978055928e+01
4.300003496152847049e+01
4.276240652877712023e+01
4.247329634267403264e+01
4.228028129125047485e+01
4.203133340404285434e+01
4.208632076900858721e+01
4.177236563937244540e+01
4.163022519465905447e+01
4.124899061468153150e+01
4.101831984348534377e+01
4.075113536013988380e+01
4.052460798547363652e+01
4.038785267115069644e+01
4.018722669836478190e+01
3.982374251758907491e+01
3.977152911593411488e+01
3.952904420273295472e+01
3.940139413503703736e+01
3.900917734878625964e+01
4.097414272044916572e+01
4.136551225318702052e+01
4.526088692733376462e+01
4.923003906854517453e+01
4.523943774727668199e+01
5.864332527821530050e+01
4.956430544707848185e+01
6.600645925914108147e+01
6.201773010952244647e+01
5.250717031568880344e+01
4.386132162130389389e+01
4.193973649591481490e+01
4.080023640525122630e+01
3.896322036052123394e+01
3.827510809375800704e+01
3.777313565401960460e+01
3.766226705838113276e+01
3.735445952408398540e+01
3.710052558046717763e+01
3.692680575387549879e+01
3.667227102508255143e+01
3.651769278875904945e+01
3.633591348940809240e+01
3.621813408132379664e+01
3.604487606575794700e+01
3.592604532806681306e+01
3.571127218395152170e+01
3.538376784942055764e+01
3.523540319889229977e+01
3.507418141913088050e+01
3.487322777939147755e+01
3.464028693950942994e+01
3.483405688900793962e+01
3.433602218290413788e+01
3.431757905989767465e+01
3.396842741648991648e+01
3.460192963933769761e+01
3.417719875976245447e+01
3.353843736255291930e+01
3.352468920992389201e+01
3.724954290141171498e+01
4.439771301669008352e+01
4.091344384458217576e+01
4.271829885288047279e+01
3.807624559008047527e+01
3.391484304807726602e+01
3.632311956358226723e+01
3.434462185451482696e+01
3.347738635679401398e+01
3.366445619151323854e+01
3.353714804130883920e+01
3.372604346270374975e+01
3.223149929577060391e+01
3.439511531535627142e+01
3.413194674231290549e+01
3.552084323386963405e+01
3.415206627003706785e+01
3.210871192958005338e+01
3.099761814494015866e+01
3.251575971395700293e+01
3.375019292888090661e+01
3.276684395074678235e+01
3.583800749543046038e+01
3.570302886114203034e+01
3.887732656028315859e+01
3.235618864818439278e+01
2.995986006306983995e+01
3.155629385615388927e+01
3.235168447843254569e+01
3.322813852119013234e+01
3.322477430253145769e+01
3.216808721316063924e+01
3.531527805864784852e+01
3.548715424144614872e+01
3.046373131382235044e+01
3.448852075299304687e+01
3.559146242576692742e+01
3.509247069875304703e+01
3.308752318377669610e+01
3.258976336057486378e+01
3.294209210334329896e+01
3.508988036796372256e+01
3.071277327344501273e+01
3.033872234415143865e+01
3.395261308836435887e+01
3.635277527316600299e+01
4.112170104485188915e+01
5.326153949215633787e+01
4.031086824785182898e+01
3.271109261147857694e+01
3.194823473184386842e+01
2.928810116972617550e+01
2.831737671879027829e+01
2.862265837780573108e+01
2.841315166185795604e+01
2.757557578613210580e+01
2.934074681861718048e+01
3.113651797711191449e+01
2.847459571324617045e+01
2.830540635425861140e+01
2.704191689999417036e+01
2.642421721606032747e+01
2.650789805732801696e+01
2.734235645877899401e+01
2.615219430949096591e+01
2.571287002564405100e+01
2.559836324572515664e+01
2.596844207812571881e+01
2.633385365028464875e+01
2.490773658999050255e+01
2.459255561071777407e+01
2.549776545197960331e+01
2.656695876554811164e+01
2.626853237008702280e+01
2.440114934368514810e+01
2.433153425127930092e+01
2.403908838012279858e+01
2.417068604513814023e+01
2.364109134030965009e+01
2.331676363179303024e+01
2.327782130884224188e+01
2.314259431417893609e+01
2.321972862595939802e+01
2.318089936368547299e+01
2.366712137956787032e+01
2.734684097821221371e+01
3.461631326412609866e+01
3.367874102825341254e+01
2.978966193868065915e+01
3.018343849358311104e+01
2.901513617456463479e+01
2.967817295946505851e+01
2.715766450679816302e+01
2.566519426588012465e+01
2.642669366002250797e+01
2.779719835884347034e+01
3.167217282760112340e+01
3.291700124739803357e+01
3.571634262896861856e+01
2.814038279263037268e+01
2.698188228280751133e+01
2.452968769739367616e+01
2.366417353466405515e+01
2.893489231535099293e+01
2.358133502037794926e+01
2.356846957120552233e+01
2.327422535947358284e+01
2.605379011851604432e+01
2.626431493182983345e+01
2.512116254984878339e+01
2.373314117148781222e+01
2.539878425703784970e+01
2.284311828432126745e+01
2.184258957801532119e+01
2.129203684190977697e+01
2.108404204577135133e+01
2.089055329822091878e+01
2.098374359600527583e+01
2.149716418978751875e+01
2.243207898581351145e+01
2.119038982531307624e+01
2.071614470794042973e+01
2.031191634867849416e+01
2.034040991531094988e+01
2.027302564713878041e+01
2.015794935988649783e+01
2.012017844923529708e+01
2.028200664147133381e+01
2.005103684783092532e+01
1.987988058544648595e+01
1.984308483449794380e+01
1.975828560745436491e+01
1.989946802920233537e+01
1.967556826338388021e+01
1.994774294394682812e+01
2.031439504576445287e+01
2.140848171150240020e+01
2.033176286106040465e+01
2.155912571074923889e+01
2.552991856731367193e+01
2.617121980520392199e+01
2.579948899531835949e+01
2.367247113509227319e+01
2.031648324868454480e+01
2.077962447781417410e+01
2.361080587727476043e+01
3.312397129532304518e+01
3.832143170860670978e+01
3.452098052574113751e+01
3.826858183453176565e+01
2.825176303068809602e+01
2.483661759326591323e+01
2.499911151936155917e+01
2.779297547924857170e+01
2.687385020136115799e+01
2.698837204735352557e+01
2.101685441291079570e+01
2.025313976290587803e+01
1.988966454697331798e+01
1.959068132673141704e+01
1.943492603291283416e+01
1.933271069634479034e+01
1.920625059173954696e+01
1.909626198281863552e+01
1.901831046237678891e+01
1.898101826280779392e+01
1.891362517748146388e+01
1.882671874097993125e+01
1.877218472722258014e+01
1.868925245801620960e+01
1.859743574154039081e+01
1.860326630723118768e+01
1.848977442622357970e+01
1.845354128687915463e+01
1.840824257213069970e+01
1.837312399123356954e+01
1.834103700910650048e+01
1.838551007260281978e+01
1.835467811949141392e+01
1.829067851900845554e+01
1.814463499623061082e+01
1.806525645941755087e+01
1.801730026774748339e+01
1.797643907206222380e+01
1.799225617964419399e+01
1.795393337090176900e+01
1.785987243100613497e+01
1.786389658962283988e+01
1.787705605753078686e+01
1.787349490415774866e+01
1.784375779136007267e+01
1.779318837030364975e+01
1.770728667446483229e+01
1.768136163327978849e+01
1.775613675534064129e+01
1.772129879161878563e+01
1.795704261650380928e+01
1.765398845061071142e+01
1.784968541968558142e+01
1.826510795239711271e+01
1.779021897580525291e+01
1.751522076133620942e+01
1.736554071041911484e+01
1.740949211220314652e+01
1.731564477004957325e+01
1.731081185439293790e+01
1.727903097356047013e+01
1.710205449798225175e+01
1.705870302691963047e+01
1.706123077193680970e+01
1.706723723520402558e+01
1.705157635510091652e+01
1.704161804829747240e+01
1.696373489324175665e+01
1.698153476893177327e+01
1.702197832272923250e+01
1.704033776762995345e+01
1.690714855720010235e+01
1.699584812071697826e+01
1.693850349162321578e+01
1.682194620684016328e+01
1.683042121167933303e+01
1.704031101312136798e+01
1.683355420360769017e+01
1.699935043149110214e+01
2.068954053810341520e+01
2.913552071718247305e+01
4.401552075336138614e+01
3.939656508377974831e+01
7.128256989806035904e+01
4.553035438208952712e+01
3.738234448854837666e+01
3.389233555792655039e+01
3.295053779464653587e+01
2.426582256668508819e+01
2.122849144112856479e+01
1.986284467224610140e+01
2.072823993725831571e+01
2.084135200265878396e+01
2.737692330348036052e+01
1.996095634543916475e+01
2.280666189409365074e+01
2.657537493345795454e+01
2.387584887444634774e+01
2.342772192662173580e+01
2.095013860371885883e+01
2.256451181749787338e+01
2.176217630508366696e+01
1.873004545870182369e+01
1.808160704497275617e+01
1.782676627994433716e+01
1.759381117358681124e+01
1.747289158457775926e+01
1.737979836864353800e+01
1.727630539090026218e+01
1.721173018131811006e+01
1.713687983881175114e+01
1.709913705660997252e+01
1.702883663306690565e+01
1.698030213163565705e+01
1.693125891363077784e+01
1.687643262255120291e+01
1.684715631228095134e+01
1.680119164614080063e+01
1.677553195126841956e+01
1.672610024424540143e+01
1.666871679603934453e+01
1.668445992334121897e+01
1.662020721278394575e+01
1.656949425633680306e+01
1.653830391766356911e+01
1.650914901757499109e+01
1.649757529895552466e+01
1.647325077492875423e+01
1.641965322463837751e+01
1.640701139324164615e+01
1.645185568755882244e+01
1.639532210272720647e+01
1.631822534630351385e+01
1.628771569513830286e+01
1.626949114259212692e+01
1.624198368115061797e+01
1.621603290812567622e+01
1.616361370044489121e+01
1.613885841772977159e+01
1.612454020249345987e+01
1.608161153374828700e+01
1.607952998186904381e+01
1.605964892898042606e+01
1.603348226186999881e+01
1.601895536147372923e+01
1.596239665848829681e+01
1.594253655352550858e+01
1.593260918342542887e+01
1.591252562985813768e+01
1.589322906126989032e+01
1.586113779544835722e+01
1.581262846596128036e+01
1.581091721805809058e+01
1.581573056974829861e+01
1.576631968882604795e+01
1.571753538901422864e+01
1.571599381840511533e+01
1.565502913897378257e+01
1.564585678901069521e+01
1.564009935269539042e+01
1.569943669002147857e+01
1.580796722804250365e+01
1.602391588290711510e+01
1.591189809683089962e+01
1.651830065122511115e+01
2.350009955637322179e+01
2.860562384162607685e+01
2.344407442811609954e+01
3.113164193989497619e+01
2.818874973555860919e+01
2.622669233015853507e+01
2.710757945965391613e+01
1.959268797176415333e+01
2.039551976854297877e+01
1.813909727433862784e+01
1.838520809211620488e+01
2.134718277005816134e+01
1.902847422678332023e+01
2.273719003682860773e+01
2.226255558791526568e+01
1.928448983326067534e+01
2.239938193261700050e+01
2.265345010212092092e+01
2.030720833276995307e+01
1.924204485100338502e+01
2.382406178562373356e+01
1.772057154737518658e+01
1.676121040721760380e+01
1.638534931223269098e+01
1.615924679683944731e+01
1.604045238863069756e+01
1.594169384193702577e+01
1.586606683879842628e+01
1.580611414875386878e+01
1.578226365956945898e+01
1.573057394927558761e+01
1.564658401546390820e+01
1.562371018969192349e+01
1.557498105704185321e+01
1.552843332183389613e+01
1.550434403626509727e+01
1.549575637163667885e+01
1.543008292712012164e+01
1.539598718336677408e+01
1.535361897613582727e+01
1.531159739924060759e+01
1.531018244900180392e+01
1.528836221477012458e+01
1.525212676396654743e+01
1.526419413435482042e+01
1.522863288731138809e+01
1.520619381960547045e+01
1.514771967376988471e+01
1.519386331822728309e+01
1.519557341688665275e+01
1.519695504152216259e+01
1.520651446867402967e+01
1.510637444498199145e+01
1.518005175942433382e+01
1.505640948763121401e+01
1.526846837781955912e+01
1.535686781465247108e+01
1.534192772419485706e+01
1.524758017308006330e+01
1.511357220535154511e+01
1.496343520227663504e+01
1.504012326873514738e+01
1.514971743697676132e+01
1.498184410232654606e+01
1.505366003996142155e+01
1.508048784903979822e+01
1.509215864767280024e+01
1.509916473419999861e+01
1.496723024111594391e+01
1.472088206975435298e+01
1.471435351236286593e+01
1.463967515728592161e+01
1.510293851926407882e+01
1.523604410824203725e+01
1.546394963381729681e+01
1.883469699976353695e+01
1.903707443037482960e+01
2.314294052102676247e+01
3.985638733816438162e+01
4.342719110939949445e+01
4.024662312455015467e+01
3.221129188606411020e+01
2.705347375046788727e+01
2.827981242823629060e+01
2.816564952721333626e+01
2.470915133724725266e+01
1.822072272922633829e+01
1.700290696937003077e+01
1.684722127592209162e+01
1.631097015373533310e+01
1.610606953172193911e+01
1.593445667433526047e+01
1.582088552083976474e+01
1.566791801153028629e+01
1.556458841990682451e+01
1.545597277053312624e+01
1.536147671882398313e+01
1.528632672498897271e+01
1.521020739441513037e+01
1.513100221682205948e+01
1.508660547265839469e+01
1.503591105118334781e+01
1.498575158085026260e+01
1.491785798126976559e+01
1.485817992719750791e+01
1.484252826049004526e+01
1.481844967851893813e+01
1.480136980095574017e+01
1.477543224646949227e+01
1.469259487426285737e+01
1.468600125705554049e+01
1.460772125756369277e+01
1.454584894861882205e+01
1.451659922003900327e+01
1.449573998922500273e+01
1.447421800669305370e+01
1.455808154593425385e+01
1.445933332567331497e+01
1.448495982781970248e+01
1.440084581771154149e+01
1.433321909715612641e+01
1.436223299386205277e+01
1.429364177855098461e+01
1.429527441074890071e+01
1.431318363332526644e+01
1.429692665295564424e+01
1.428395246406697794e+01
1.431918692123668890e+01
1.431326354922005351e+01
1.438035071650991981e+01
1.453987668781988774e+01
1.438816452675781576e+01
1.418166775007539115e+01
1.427400346757801586e+01
1.431122192214975541e+01
1.483709659713948348e+01
1.448729445344201494e+01
1.415324348392217679e+01
1.410334225403941133e+01
1.395716927310642319e+01
1.394109617979259852e+01
1.401851779996714953e+01
1.382737270028277621e+01
1.380855022473836158e+01
1.389830356287396640e+01
1.386572911931879659e+01
1.372641355984035627e+01
1.376647222750690958e+01
1.380905078473696790e+01
1.392634568899425673e+01
1.410290126422393620e+01
1.423342199682977771e+01
1.501174878584132699e+01
1.556747487525681173e+01
1.470498250624934045e+01
1.529138109533811019e+01
1.584870106783917976e+01
1.413225243497885053e+01
1.396963765179276251e+01
1.390085964894351633e+01
1.376120372832897409e+01
1.422696283676859963e+01
1.440335435488552562e+01
1.477161973413053531e+01
1.466877453991228997e+01
1.517758854883671660e+01
1.444913959384774138e+01
1.570676627526132130e+01
2.728806763159926518e+01
2.428405517852120710e+01
3.264318714644296904e+01
2.259878914561848973e+01
2.244415859274809577e+01
1.532067520801687621e+01
1.464009899457895081e+01
1.413894809907673533e+01
1.415957454363116952e+01
1.396799168090601739e+01
1.395680084380223107e+01
1.391016082089880790e+01
1.371378540302518623e+01
1.353496192499428297e+01
1.354847208283615778e+01
1.339974963022984866e+01
1.333779619843530639e+01
1.331630287408492208e+01
1.345527125259602208e+01
1.359405712722981896e+01
1.347233992821082005e+01
1.324705513364440179e+01
1.318798238043546434e+01
1.342324853209347069e+01
1.357301341763572466e+01
1.450973630272908821e+01
1.385736269110372199e+01
1.451655572121656945e+01
1.593419713884407507e+01
1.422087513827528937e+01
1.352080198044105330e+01
1.488383315126846007e+01
1.800520046204895053e+01
2.164992853100888937e+01
2.774154939004863962e+01
5.670429252126390196e+01
7.150007804945917655e+01
6.348444469384587308e+01
3.214563690835755949e+01
2.284579167546602108e+01
1.901193687796306264e+01
1.742855604195752761e+01
1.694067907706610043e+01
1.630602687481958668e+01
1.557178716448391320e+01
1.508430769766505009e+01
1.483676270977874800e+01
1.461150502742076185e+01
1.439200222097237791e+01
1.422007526668413924e+01
1.410502027596464281e+01
1.395193382345837207e+01
1.384455733859542192e+01
1.378026731683454642e+01
1.372445567588222559e+01
1.367237648427777330e+01
1.352239419889017036e+01
1.347948475053325446e+01
1.349760242232916951e+01
1.341461291528180233e+01
1.339490228220108925e+01
1.332606341848855180e+01
1.340109420569815590e+01
1.327344674281382275e+01
1.345349135500681648e+01
1.320981428460391705e+01
1.314212411464719743e+01
1.313710266255125703e+01
1.364684226353846519e+01
1.399005657138012104e+01
1.345761198749105247e+01
1.378958512481475296e+01
1.366284512045150201e+01
1.333544073386710060e+01
1.316157826546947618e+01
1.365391501139034247e+01
1.371596915863129063e+01
1.304203450326980196e+01
1.289778434241812377e+01
1.309265317092317105e+01
1.310942704312900453e+01
1.286515284089494138e+01
1.257939635570829751e+01
1.250597942641448768e+01
1.248379280475200837e+01
1.244364557248991510e+01
1.243975942283178782e+01
1.246143424844966852e+01
1.239147392824143168e+01
1.233541784405044872e+01
1.229826557222789418e+01
1.229559851555431216e+01
1.233637974728834408e+01
1.221513149952458832e+01
1.221401408510482511e+01
1.217096277745554289e+01
1.218679904417051674e+01
1.238693899118573682e+01
1.258961818666429977e+01
1.234541279351547338e+01
1.234380106348106310e+01
1.233380523519459615e+01
1.233524734491237140e+01
1.272431735785360019e+01
1.273657731673334759e+01
1.510126495520076340e+01
1.392067577165926373e+01
1.299424451348030374e+01
1.248341127729667122e+01
1.244632408566741688e+01
1.234220910192130560e+01
1.316855288213663222e+01
1.307030886044726614e+01
1.268382558997165432e+01
1.225911273246055622e+01
1.194090776774899787e+01
1.193188040096920233e+01
1.225819491804317707e+01
1.230099723124567035e+01
1.226880720171019945e+01
1.281446905552101612e+01
1.290202917899575930e+01
1.215053313450404104e+01
1.223505489623180154e+01
1.236615058312500537e+01
1.397786242869538498e+01
1.489725813843849522e+01
1.494529586704025448e+01
1.529043592444873312e+01
1.617564904599545628e+01
2.226011760425152275e+01
1.831484683678461423e+01
2.591338712459729976e+01
5.831786883048913239e+01
3.382437867778381246e+01
1.877487505226359588e+01
2.863396778612706228e+01
2.024997214951573810e+01
1.764077627040809659e+01
1.454193577852838004e+01
1.385435280338105457e+01
1.339100299152062234e+01
1.311011703076907864e+01
1.301969097054008628e+01
1.318020633037179756e+01
1.313755822057979650e+01
1.342135278891556993e+01
1.341854564594529720e+01
1.326969206964104409e+01
1.315527649563878398e+01
1.279401746061548728e+01
1.245284342449874693e+01
1.253341439783460132e+01
1.244721246850641982e+01
1.201474748369023438e+01
1.222510665933734408e+01
1.220334313069845678e+01
1.240578889715369293e+01
1.251961441148572440e+01
1.263174253231189326e+01
1.224769438548478817e+01
1.192176998889558348e+01
1.211016373450905803e+01
1.259939355887781076e+01
1.204937343861213606e+01
1.166289967840181419e+01
1.163394077555243200e+01
1.168615394110518935e+01
1.170822747345487258e+01
1.159285000615806638e+01
1.152436847072887716e+01
1.178721341215494078e+01
1.240114198965631331e+01
1.170658658091180371e+01
1.157643748049979138e+01
1.128168245661163382e+01
1.130462929902429892e+01
1.122244249119827231e+01
1.134233363178675802e+01
1.132664509814551224e+01
1.137422848031762612e+01
1.167018177798354372e+01
1.133820760503549252e+01
1.125470740979210760e+01
1.137566241650671728e+01
1.184587228767924216e+01
1.135977209007812583e+01
1.118863153874555394e+01
1.102941875372219727e+01
1.097056686492085475e+01
1.097954498250228994e+01
1.099713535563420663e+01
1.096298419952263004e+01
1.092029294565469399e+01
1.094609186515782540e+01
1.104878016879669644e+01
1.094365783534736636e+01
1.084816791437550876e+01
1.083919534396040518e+01
1.085958124586597151e+01
1.088936118328197011e+01
1.088244402987709947e+01
1.097279092803248801e+01
1.094966432247598398e+01
1.131210917647664616e+01
1.144154764912211419e+01
1.112347986050133031e+01
1.076472873889917992e+01
1.064409094360084396e+01
1.057865118962927653e+01
1.055596985772992014e+01
1.053395358092309664e+01
1.052639407189668219e+01
1.073654526703046486e+01
1.077295959903940314e+01
1.096813250148854024e+01
1.097476986587085790e+01
1.093560416055237638e+01
1.078431200752837427e+01
1.071621871095829448e+01
1.167064863145945708e+01
1.223420240280878168e+01
1.328516271913107971e+01
1.061490331987029023e+01
1.043340360885250462e+01
1.037432654911766505e+01
1.043086038120433656e+01
1.073884666815720124e+01
1.135527444476825387e+01
1.139442539849717484e+01
1.063248136295832680e+01
1.039496469881868634e+01
1.030590879717508912e+01
1.065278209996995429e+01
1.059640132624359055e+01
1.077062658347095336e+01
1.043386464912906142e+01
1.059743901482667994e+01
1.049396684253284207e+01
1.018421346787544834e+01
1.000830436447538574e+01
9.982869461277445566e+00
1.007854340807648263e+01
1.012015992282942989e+01
1.020695560639193999e+01
1.039782759933799383e+01
1.035419645882958761e+01
1.039855241167730071e+01
9.990471942520123605e+00
9.868424407890376671e+00
1.014793467878821254e+01
1.033717757934459769e+01
1.475771497989363112e+01
8.510335514531426782e+01
7.646119092766096514e+01
3.325694607510930467e+01
2.234278910339806146e+01
1.952405256458607496e+01
1.859850631637420193e+01
3.191344034187233092e+01
1.617968253056550054e+01
1.327351721984762101e+01
1.391930940187909016e+01
1.266782498911859278e+01
1.231595594893613033e+01
1.220818326467091453e+01
1.211507478523068926e+01
1.194198285154102024e+01
1.156045006927626950e+01
1.142666319513097939e+01
1.114834211958849330e+01
1.102563780206718036e+01
1.096987093578905537e+01
1.091002431167557418e+01
1.083967482339983945e+01
1.070483388563640048e+01
