1.535466725140082417e+03
1.459392965531063965e+03
1.349195567496994045e+03
1.171720224680204410e+03
9.530021169775864109e+02
7.828175139441154897e+02
6.806720385602675378e+02
6.311094735164660960e+02
6.111818776456639171e+02
5.975149733875878155e+02
5.899477881868369877e+02
5.839637592365033925e+02
5.797546505965292454e+02
5.760024657691828907e+02
5.710209031878039241e+02
5.645799083397723734e+02
5.582349550570361316e+02
5.511582779143936932e+02
5.421508660535328090e+02
5.291581495497375727e+02
5.046484312266111374e+02
4.543423359668813646e+02
3.938265528380870819e+02
3.399064783346839249e+02
3.117382624505553395e+02
2.978416942418552935e+02
2.895530245121626649e+02
2.850976766218664125e+02
2.793185545803571586e+02
2.751531845563731622e+02
2.728637355180690065e+02
2.720935801075393101e+02
2.671332671150885290e+02
2.655810207961985725e+02
2.650655951786102378e+02
2.609222385325192590e+02
2.673287380396409390e+02
2.723143830681128748e+02
2.598962571688698517e+02
2.564240874770875962e+02
2.551859286033431999e+02
2.557007746753733954e+02
2.540024844171730365e+02
2.556905469298690150e+02
2.519751438826788217e+02
2.487547273272903112e+02
2.564783415034585232e+02
2.510291324306181195e+02
2.455614562497303268e+02
2.454211292018499080e+02
2.426462501447567774e+02
2.435425106290995245e+02
2.421617510820797179e+02
2.406350104587927490e+02
2.439255335426169040e+02
2.399287156289246923e+02
2.387979722254658554e+02
2.403681094189346368e+02
2.404018965913364809e+02
2.381892130170399469e+02
2.362668041145998359e+02
2.381609152544133394e+02
2.337072311072961384e+02
2.341019700858169017e+02
2.357604983025281626e+02
2.320301353850186388e+02
2.317552050943959330e+02
2.354726493542461867e+02
2.305493342583881713e+02
2.306634965151679353e+02
2.297612350054960189e+02
2.284235078949150193e+02
2.270959069155362613e+02
2.255331602515911982e+02
2.249304929455513502e+02
2.256883673666475261e+02
2.308662616030358095e+02
2.252772346879411316e+02
2.241268992295385942e+02
2.232724555878494357e+02
2.244867353128335026e+02
2.250436181317363662e+02
2.253305915061202427e+02
2.220060139836302824e+02
2.194901826196787624e+02
2.227692928377970247e+02
2.202473543383068773e+02
2.183070876860692806e+02
2.177788674273551806e+02
2.178317282686335261e+02
2.164997935170642904e+02
2.192361302832415504e+02
2.189580997200295940e+02
2.172700423279354709e+02
2.154751952483487685e+02
2.159045690483791020e+02
2.146889513394504547e+02
2.137234863860655310e+02
2.131623173063237573e+02
2.138696629491469707e+02
2.132406394571430610e+02
2.142650007145799123e+02
2.123191676458028212e+02
2.101443723939028132e+02
2.079730088223559221e+02
2.069687271799520261e+02
2.057596586915036596e+02
2.063045062435323871e+02
2.076957691123200789e+02
2.053064911218073689e+02
2.086501869448574098e+02
2.042675212986725910e+02
2.040376275865227171e+02
2.069720187135724814e+02
2.131007660998347149e+02
2.021564980290079916e+02
2.019155580773150973e+02
1.988042109379212832e+02
1.982327583643076423e+02
1.964857283769828200e+02
1.966634563706714403e+02
1.964679105706431699e+02
1.947546814517630196e+02
1.934747853374350086e+02
1.912809027687144692e+02
1.929938590681276764e+02
1.904783500133929408e+02
1.904405587970033480e+02
1.878396553632156269e+02
1.893777528980700424e+02
1.914973638106816622e+02
1.871964156486081663e+02
1.884391052483756539e+02
1.862904843120280418e+02
1.848600403156701191e+02
1.823429787020216963e+02
1.796468638844062298e+02
1.787812827983911745e+02
1.758831065756064334e+02
1.762745765190428529e+02
1.739957292063814407e+02
1.742793281261222376e+02
1.717555961661216202e+02
1.708089968003220633e+02
1.688223602264713179e+02
1.674841763688888534e+02
1.653127131720286513e+02
1.644594398926216741e+02
1.622404266838645412e+02
1.620428787201445573e+02
1.601778435252428210e+02
1.590894180280974695e+02
1.580533667030700542e+02
1.570668573255534284e+02
1.560916547856255363e+02
1.578605323228981661e+02
1.583816323196602411e+02
1.579805339032371592e+02
1.556920926100586939e+02
1.578691456352858324e+02
1.551475508181733005e+02
1.517679526489972375e+02
1.502265891233420518e+02
1.495100133456661524e+02
1.493745777633076557e+02
1.487665549481808966e+02
1.481575439008874469e+02
1.473576609280555090e+02
1.473101162345195121e+02
1.462713250466341321e+02
1.461560739692739901e+02
1.467072342396520526e+02
1.450339221865717434e+02
1.437540769680454957e+02
1.433547408050905005e+02
1.431519725168174375e+02
1.424526986227247960e+02
1.415742380980313726e+02
1.420070490419988687e+02
1.411429932850444402e+02
1.404938565717341987e+02
1.396224454450862424e+02
1.389571430641177869e+02
1.377920731718195384e+02
1.377563911807955321e+02
1.373143708670579599e+02
1.366790432795841639e+02
1.356807037346686684e+02
1.374668265913962557e+02
1.373642687950204220e+02
1.391840991045759779e+02
1.383721572012763090e+02
1.346185240834611818e+02
1.319809396465306577e+02
1.321345897290961489e+02
1.309839888946088138e+02
1.327335115402574672e+02
1.341833577311960539e+02
1.350121710707955458e+02
1.317601693253303097e+02
1.285714557213851776e+02
1.270483285768446393e+02
1.262439096278335029e+02
1.255783916214795255e+02
1.254070786444365240e+02
1.239792026127773141e+02
1.232873837862547362e+02
1.225274518458195132e+02
1.225257773335186187e+02
1.218179347436136624e+02
1.223929330241530522e+02
1.225380017806857751e+02
1.420954566039652605e+02
1.782014418235302458e+02
1.346127279046233411e+02
1.280946850305952580e+02
1.264365345970019234e+02
1.239939353924676197e+02
1.198395975881406912e+02
1.187707366060271994e+02
1.172363341097589426e+02
1.158162890979229616e+02
1.158967664057594504e+02
1.152921127887019708e+02
1.143461530310207053e+02
1.140527562340508041e+02
1.136298756358348356e+02
1.133263679224429410e+02
1.126838199779488434e+02
1.120570617939436318e+02
1.118881618476495134e+02
1.112764792968599039e+02
1.108185546585021797e+02
1.103192557063920844e+02
1.101418342068690492e+02
1.099042052930661271e+02
1.092987371533778855e+02
1.086836695121241405e+02
1.087529781046375206e+02
1.102871793912364922e+02
1.089908900167805683e+02
1.089535824747482735e+02
1.091280566228666373e+02
1.071852561608918961e+02
1.060286168047543640e+02
1.054591234989707260e+02
1.055108247434563822e+02
1.051080585957366225e+02
1.047447667484240981e+02
1.042290648294004285e+02
1.042411790191969914e+02
1.073915538905938121e+02
1.065420102186623978e+02
1.078127750689877757e+02
1.057213355814318447e+02
1.054607885755046368e+02
1.092340749488515428e+02
1.087529265974068835e+02
1.127235054385936621e+02
1.059255611631741516e+02
1.022329958321544723e+02
1.014092727184018230e+02
1.009580042169724550e+02
1.001451756122781376e+02
9.971827567683050120e+01
9.954355417237803749e+01
9.931293788525871946e+01
9.879053525105862832e+01
9.856757495632911059e+01
9.837941771186036988e+01
9.804890442622341595e+01
9.818366599164356501e+01
9.774855694266030071e+01
9.740562277438246497e+01
9.730998689886421005e+01
9.713005787202015995e+01
9.654747191620199942e+01
9.651185010288284616e+01
9.612437672512855613e+01
9.637461799265511786e+01
9.602156230820838800e+01
9.597690164381083378e+01
9.551198460635112042e+01
9.531604302284574715e+01
9.513006436823789613e+01
9.512552146668727460e+01
9.511208578581928919e+01
9.490000875936684110e+01
9.454337369552492021e+01
9.410276425400371636e+01
9.376883790880289382e+01
9.366893429603582888e+01
9.352482177211516046e+01
9.331327974886281140e+01
9.307911109484031442e+01
9.332171372018558486e+01
9.289750195371109953e+01
9.287131103510006369e+01
9.288005101294187682e+01
9.280846323842197876e+01
9.241772807262924516e+01
9.231646123887516353e+01
9.239214253082850803e+01
9.182522446990327580e+01
9.138169208254436171e+01
9.169627292413376551e+01
9.157811082394967173e+01
9.117441776271334675e+01
9.112294826802312286e+01
9.090434859983622573e+01
9.075224806086809792e+01
9.032734513883870875e+01
9.051775473988810461e+01
9.022432660871353960e+01
9.007597119319295587e+01
8.990142295768978897e+01
8.976894775516703362e+01
9.014154258437571343e+01
8.958724628233564147e+01
8.940257409490280338e+01
8.955601286873216793e+01
8.974961899271239929e+01
8.961182337092840555e+01
8.904279043023875317e+01
8.902034073580617246e+01
8.890535460647311083e+01
8.868449451191459332e+01
8.918897733919325788e+01
8.928304077120668580e+01
8.866364459708523782e+01
8.831726353850693556e+01
8.831946310332641303e+01
8.824987753471181406e+01
8.839422699545968953e+01
8.780732510812453029e+01
8.826603115891282414e+01
8.765954260818055843e+01
8.742817808274610059e+01
8.770898495489635138e+01
8.814227238149267407e+01
8.766067024201196034e+01
8.681508865712044098e+01
8.690629847185417134e+01
8.732354113403505380e+01
8.693323563350901395e+01
8.682423201892984821e+01
8.668140304480292002e+01
8.688257751327418532e+01
8.668809473223825535e+01
8.634709230142831871e+01
8.642809844306816558e+01
8.653535214729774339e+01
8.624914959543220050e+01
8.600536844330525810e+01
8.619104255757494570e+01
8.595528629083638350e+01
8.547910106790651241e+01
8.523312348253686821e+01
8.583368237175250215e+01
8.553408189939381145e+01
8.549491008923021695e+01
8.493032463709423041e+01
8.583223776543592010e+01
8.548831357804949960e+01
8.503968456082598948e+01
8.492848756268278976e+01
8.559631466503591923e+01
8.572475770881776214e+01
8.555796912654454900e+01
8.474209460654003578e+01
8.483936736400295331e+01
8.465934871993714239e+01
8.530260003624283627e+01
8.697006901584994409e+01
1.941915424347000680e+02
1.667303239329639837e+02
1.080531646090029199e+02
9.280171023454495582e+01
8.946348550517767251e+01
8.752528865191584373e+01
8.626166691200151604e+01
8.587478746954148789e+01
8.544133827178885099e+01
8.491864892342880466e+01
8.519392254132540643e+01
8.479670292879907834e+01
8.498085774124466241e+01
8.427373837787165201e+01
8.422298073534486207e+01
8.400543550628752598e+01
8.381141524650101360e+01
8.366898873219430754e+01
8.357276161564774952e+01
8.349989607293434801e+01
8.327387629469895103e+01
8.322435008591268968e+01
8.296891395531810076e+01
8.297469491402524966e+01
8.281946178963620753e+01
8.264863507193120995e+01
8.251017423730526446e+01
8.229264732122697978e+01
8.258416343057764664e+01
8.233627268083044726e+01
8.248602340707365954e+01
8.225942620104467551e+01
8.221027646151333101e+01
8.212304656898555777e+01
8.187896076164476256e+01
8.195953840687720060e+01
8.195851293043023134e+01
8.196693744260441861e+01
8.179479431684566748e+01
8.173690764890797311e+01
8.167238523519350224e+01
8.191209075337611978e+01
8.128032838873448895e+01
8.120685642911153934e+01
8.136949552934916596e+01
8.118025663476079501e+01
8.128066660433407264e+01
8.112905809281292591e+01
8.110621923534890243e+01
8.132765907604266431e+01
8.111440401307905290e+01
8.098761460513449606e+01
8.098052437066759524e+01
8.100366650825199599e+01
8.061312627310003620e+01
8.060237395685879846e+01
8.066037369623145992e+01
8.057910332664691566e+01
8.093359541177376570e+01
8.058312689305489585e+01
8.071074328704531808e+01
8.067494874299580943e+01
8.036732329297379351e+01
8.049465157239360735e+01
7.998747546181135704e+01
8.002981538043580656e+01
8.004825673917358131e+01
7.986631306557978860e+01
7.966744334266002170e+01
7.985194338516078005e+01
7.968272469040169881e+01
7.989776102063602536e+01
8.001499452736095463e+01
7.993513052601029756e+01
7.948192553103129399e+01
7.948752497652944271e+01
7.983187445249055259e+01
8.011125529939079115e+01
7.962927298435135981e+01
7.938882103485622110e+01
7.940376727262948009e+01
7.919684114459509772e+01
7.909268189697444029e+01
7.896458252751151008e+01
7.940264187018499342e+01
7.941844905197804394e+01
7.926764809989340677e+01
7.885919193725951004e+01
7.917887729792487050e+01
7.923671640430120533e+01
7.888828503818874083e+01
7.859104485266462348e+01
7.895469410877576877e+01
7.896213447362450211e+01
7.860355778935691262e+01
7.907076588732869027e+01
7.907529691242797298e+01
7.868183422708587216e+01
7.851940125891341893e+01
7.830969376845418140e+01
7.859805512373968384e+01
7.864295218562295986e+01
7.814718064321023405e+01
7.841821508982312139e+01
7.817078951101061079e+01
7.831839189483231678e+01
7.828675669584242769e+01
7.797610185984353848e+01
7.751363934115401833e+01
7.787809720637704913e+01
7.822033723950993078e+01
7.854934177490744673e+01
7.794916559849188786e+01
7.803992352149447242e+01
7.769164581341972564e+01
7.742427602007383314e+01
7.731286267416015789e+01
7.724957807457923309e+01
7.726941052185989633e+01
7.722293402183706235e+01
7.725189500010701238e+01
7.727433459179053443e+01
7.726324581112601209e+01
7.704923317940453842e+01
7.723893906901724904e+01
7.709721064130239654e+01
7.709344375039964348e+01
7.745454200593398753e+01
7.687779752820303258e+01
7.670838631602730118e+01
7.661724925979859790e+01
7.701777066887017043e+01
7.686444624094743006e+01
7.710796886636381942e+01
7.679674760966176450e+01
7.646410837724504006e+01
7.636654743375991927e+01
7.633953871307792838e+01
7.671589380365242050e+01
7.659297523989128820e+01
7.618442585769223285e+01
7.647889158661556053e+01
7.666716894263473137e+01
7.691046428053707018e+01
7.645442297818455302e+01
7.686242803134966550e+01
7.651167128741775514e+01
7.650385778486884192e+01
7.614619199579202302e+01
7.615742238148989429e+01
7.606293743246240524e+01
7.602079725806845545e+01
7.609385831500371467e+01
7.626837387792197376e+01
7.635664010624095965e+01
7.577035727451465164e+01
7.576588333182242252e+01
7.535893963109445792e+01
7.548774336752262570e+01
7.548277145663152510e+01
7.912833433133295102e+01
1.039335372519765599e+02
2.256135729136841519e+02
1.364612615691950452e+02
1.054158357986746068e+02
8.888877234246731973e+01
9.968048975769633557e+01
1.245480026853319089e+02
1.423865625138964788e+02
1.174941662028638234e+02
1.072480489277950397e+02
9.127931152263356296e+01
8.287408380372326633e+01
8.050762733167610463e+01
7.970739640485912503e+01
7.879840853794721056e+01
7.847734185251206895e+01
7.809718981058874476e+01
7.789543163593032205e+01
7.772260079797327137e+01
7.726870076252041031e+01
7.703496438210234487e+01
7.694848481553846398e+01
7.691073904166357522e+01
7.655062344939975105e+01
7.637623902820479316e+01
7.639602991850472335e+01
7.607156045460786231e+01
7.603021295379805622e+01
7.587208002466243784e+01
7.564932199707536142e+01
7.562011577989470368e+01
7.556164072930137365e+01
7.534593733004686555e+01
7.513360901618446519e+01
7.509197816059852926e+01
7.504866278559441639e+01
7.502313411189179249e+01
7.490217464247869827e+01
7.504186423800699401e+01
7.482587652272944467e+01
7.470039666956448343e+01
7.475303768211020383e+01
7.457723748246682760e+01
7.469580308023635951e+01
7.470656806984229092e+01
7.456770462091135698e+01
7.475745875701291254e+01
7.452451787228358171e+01
7.452514952951801774e+01
7.433156559816742970e+01
7.416926770338679376e+01
7.417822853820345586e+01
7.413618020071686487e+01
7.430547242326647961e+01
7.413339235126152005e+01
7.386412241562285885e+01
7.401058086207983422e+01
7.438282874506528231e+01
7.423503454724657047e+01
7.438345984422838342e+01
7.393462046050549930e+01
7.389539241561647032e+01
7.377021534605792397e+01
7.387115539727349756e+01
7.406068851132025088e+01
7.374439258950822307e+01
7.388591522646522947e+01
7.364587925803367341e+01
7.366174132408630726e+01
7.359215454695896597e+01
7.358322092752524668e+01
7.358718714936081540e+01
7.342408290952104721e+01
7.326270891721186729e+01
7.331880840913522945e+01
7.332668816268251533e+01
7.325133007041665678e+01
7.321001701326387945e+01
7.321000000978142452e+01
7.325765461093591568e+01
7.324915258227898107e+01
7.292082453253641461e+01
7.311030578407655867e+01
7.317246459468296393e+01
7.334607953692999160e+01
7.320027585881180698e+01
7.302176132109352125e+01
7.316732775202734729e+01
7.282530042383737623e+01
7.269197081750803591e+01
7.293724967919827407e+01
7.301287305867282384e+01
7.273795989128318240e+01
7.256177788927560357e+01
7.279797751081522961e+01
7.272676997360586881e+01
7.259832957880199444e+01
7.255930561588975536e+01
7.256631467221541243e+01
7.261758852270696707e+01
7.266313968777461696e+01
7.291888021600634318e+01
7.279408261865573593e+01
7.241446023310544433e+01
7.232766066683898032e+01
7.224346255775731152e+01
7.214837721706706475e+01
7.212747556419267880e+01
7.242028399281436180e+01
7.256092575118879040e+01
7.238169360235767158e+01
7.197639406257189876e+01
7.195341377705393882e+01
7.216950109121818002e+01
7.217884129549274519e+01
7.227222749724126061e+01
7.198711703455016675e+01
7.204986635380691951e+01
7.196384718268340919e+01
7.197495211633147960e+01
7.192257667764613416e+01
7.204011855419727794e+01
7.179032863173242163e+01
7.193518657238664105e+01
7.201312930748150620e+01
7.192381298314388971e+01
7.189812804515753442e+01
7.190944465168271904e+01
7.157695123638063706e+01
7.166328642753849465e+01
7.151675703804473017e+01
7.135801171426119538e+01
7.162065238156665714e+01
7.240675158477912987e+01
7.196256910629594472e+01
7.217486515957965310e+01
7.185802011414118340e+01
7.159925017339773490e+01
7.137019681188681375e+01
7.169317716039891764e+01
7.167435488936504839e+01
7.177480688289480781e+01
7.209736086617202488e+01
7.148371973032790549e+01
7.154200669381458511e+01
7.161494789126615501e+01
7.124882347955524153e+01
7.156463815202425849e+01
7.188457189747875020e+01
7.153662599088586660e+01
7.155086012563036491e+01
7.139055304375965250e+01
7.125653886402849935e+01
7.182425374981980326e+01
7.237924525481170690e+01
7.204261423065361214e+01
7.125925943311139577e+01
7.075860664884731932e+01
7.064890953685014097e+01
7.086042460992170788e+01
7.102402122817449026e+01
7.095614883049444188e+01
7.105442973358778147e+01
7.109885558706993436e+01
7.080354733250032950e+01
7.152753028040577021e+01
7.084307753710322686e+01
7.080061087152014920e+01
7.153933192657430595e+01
7.158923533048522359e+01
7.127379559742021797e+01
7.147666020900352635e+01
7.113098059030932063e+01
7.088839303955002435e+01
7.077850611411990656e+01
7.060306108203877784e+01
7.043566229345029228e+01
7.030377338064027981e+01
7.102937704566500088e+01
7.064763779568265534e+01
7.042190338076227363e+01
7.025008456012359659e+01
7.054858922117836073e+01
7.052731964472923210e+01
7.020376894994389261e+01
7.002301611025571049e+01
7.029583712045386790e+01
7.090002708598386505e+01
7.031395787713790924e+01
7.018401716493076492e+01
7.026641943260808887e+01
7.053304212222072067e+01
7.170301255197098556e+01
7.093357557949993009e+01
7.046200755728261811e+01
7.021236614672193355e+01
6.993049634325811326e+01
7.030619553847870407e+01
7.061933713042213867e+01
7.033144282233655531e+01
6.965915245915115861e+01
6.973908318674931195e+01
6.966658223099420866e+01
6.963175854751784755e+01
7.000078777249153461e+01
7.030509362807181617e+01
7.005108744077909932e+01
7.015915914441777090e+01
6.976520022831932977e+01
6.960260171513186833e+01
6.974380204114422099e+01
7.022741564661805569e+01
6.970970766856564182e+01
6.964317861319705116e+01
6.920062495595162488e+01
6.926567746940550307e+01
6.971278547503651168e+01
7.076400660198355297e+01
7.771375471350877717e+01
1.600949474124232665e+02
1.717819314837645663e+02
1.303360458907333452e+02
1.066205823631507172e+02
8.387489023402352473e+01
8.128602168471205403e+01
7.734814747953311098e+01
7.537754511021869064e+01
7.402087335868695561e+01
7.360101520461327596e+01
7.283173908996968748e+01
7.281047741453184585e+01
7.256146238340136279e+01
7.205421355325240995e+01
7.182816545262015495e+01
7.125862907562061821e+01
7.124925477922266737e+01
7.138280914600701976e+01
7.080758759664054480e+01
7.083748494534152940e+01
7.055013482860711349e+01
7.045208693981079762e+01
7.031292067075551699e+01
7.044365865639511526e+01
7.022585400489386132e+01
7.004663938925402533e+01
6.985516487577076816e+01
6.983616425342887624e+01
6.984970294449342987e+01
6.970999925908583350e+01
6.959537621765797155e+01
6.959307918078309285e+01
6.974848088381929756e+01
6.954564179167959992e+01
6.931427018315761757e+01
6.930816005856563322e+01
6.935097478983391284e+01
6.925823488435153763e+01
6.902050785276873057e+01
6.887111165218756526e+01
6.891301876451868225e+01
6.900978796706029073e+01
6.904742168767245403e+01
6.873863173904030077e+01
6.874887945224701014e+01
6.890226151343577499e+01
6.875983146652518485e+01
6.873570969627928662e+01
6.884900567278319272e+01
6.886848835749007947e+01
6.885425094120476786e+01
6.877392795157203409e+01
6.859853563574081647e+01
6.853727002956507874e+01
6.846406498507636229e+01
6.840773417579461579e+01
6.845880819092350578e+01
6.846840490218716013e+01
6.833778911099629738e+01
6.835846173787554392e+01
6.854392754486796946e+01
6.857527907607997975e+01
6.871241065952949612e+01
6.890050305668407304e+01
6.846538805695847429e+01
6.823125400931512274e+01
6.811063397974035638e+01
6.821111522896529777e+01
6.810791857186977438e+01
6.836581601272030184e+01
6.861543963027573056e+01
6.831253687692345977e+01
6.823439600327908749e+01
6.806381701820858154e+01
6.832936785758144538e+01
6.833753292654982658e+01
6.801074982937140589e+01
6.818749728429517631e+01
6.839765861736765373e+01
6.823170502723058917e+01
6.802739217958210816e+01
6.783087381722252474e+01
6.832206877674511247e+01
6.825586734035947245e+01
6.821804156720035905e+01
6.824028266877644455e+01
6.790792628503422179e+01
6.787936029365330626e+01
6.789347601490200645e+01
6.786098247433474739e+01
6.779535198188170853e+01
6.795644626597717775e+01
6.798676192247982897e+01
6.789640534904390279e+01
6.766943545942187654e+01
6.788731094338933758e+01
6.797129707656957009e+01
6.783376828578612106e+01
6.779642134230861927e+01
6.752189974432994291e+01
6.763058973245927064e+01
6.742768373063759668e+01
6.724823344546345538e+01
6.721688348986494077e+01
6.787772552033680995e+01
6.818970442295534440e+01
6.829164647813331612e+01
6.788015223956861632e+01
6.751320283605690520e+01
6.754796849995787511e+01
6.757691857760963217e+01
6.716069851969042759e+01
6.712762987566836159e+01
6.761172718785591940e+01
6.838952339637089040e+01
6.764824091319412958e+01
6.743219728274239344e+01
6.717196116797373406e+01
6.738885914520898268e+01
6.732559715306985026e+01
6.718573278937154214e+01
6.744039623929879212e+01
6.723571709965612797e+01
6.730827503543508783e+01
6.770060173226485745e+01
6.719623719960094377e+01
6.715687150883788092e+01
6.683396924734205413e+01
6.698005744811072759e+01
6.755311078272585235e+01
6.844682297371205948e+01
6.747702619648691780e+01
6.690067984341509089e+01
6.715460483686894122e+01
6.714568884941682825e+01
6.723572543457461848e+01
6.722051020515711173e+01
6.681403397012445566e+01
6.679126371656347771e+01
6.701521984809886590e+01
6.694213070452560999e+01
6.685383469864960659e+01
6.693007575300454448e+01
6.685301454906883123e+01
6.696119979919066623e+01
6.711753276727878870e+01
6.699552989740351450e+01
6.668992814138573522e+01
6.692892551299979687e+01
6.768394632959063983e+01
6.695728319470018164e+01
6.681147762817103342e+01
6.682757147498541883e+01
6.655428548943621081e+01
6.642945384398639419e+01
6.705503516442603029e+01
6.817794295733175147e+01
6.734467879072036567e+01
6.731405335417503011e+01
6.682180652501570250e+01
6.649886868516375671e+01
6.646927147301676086e+01
6.628446785650002937e+01
6.660445055911930012e+01
6.702033552002183114e+01
6.658214478894203125e+01
6.672738097246758571e+01
6.627601100017589886e+01
6.632164269622863628e+01
6.620844932316063591e+01
6.613424916828003575e+01
6.674711294939513095e+01
6.632446695619994159e+01
6.720917795007190421e+01
6.630167216322996637e+01
6.600518584955543133e+01
6.575679266962065128e+01
6.606329205005002336e+01
6.626684734927398779e+01
6.608245963553702040e+01
6.619590505999207153e+01
6.670232870425549265e+01
6.625827843762763791e+01
6.629424783966456403e+01
6.631779133836103313e+01
6.607474930307739669e+01
6.613735085282932857e+01
6.612321584475819236e+01
6.719998923937754398e+01
6.853839945780714515e+01
8.185909299901929614e+01
3.131013896442550504e+02
2.748846175564979148e+02
1.303792620788768204e+02
9.793725394887182745e+01
8.847769480674431009e+01
7.959393573497661123e+01
7.660888245664013141e+01
7.384951895587742854e+01
7.281785014021862423e+01
7.203958830545897740e+01
7.116925539635552411e+01
7.064692794041080504e+01
7.017470539296729726e+01
6.970975201958668777e+01
6.932593806976004203e+01
6.918087714617013262e+01
6.920303045263284503e+01
6.910085948971106973e+01
6.869017551854075521e+01
6.862195732572102713e+01
6.815968767114016202e+01
6.808439696835124266e+01
6.823765844548844939e+01
6.779259216071139349e+01
6.767526806709658160e+01
6.737969445362860199e+01
6.744471892572184402e+01
6.747451923065935375e+01
6.724806113557025355e+01
6.717624623237477977e+01
6.694276503552794111e+01
6.699778976117953277e+01
6.688052654096081540e+01
6.663079701219101025e+01
6.687362895886293757e+01
6.681786647148874181e+01
6.674052036975520252e+01
6.653579376331187234e+01
6.636224027255869373e+01
6.634909222561674369e+01
6.654522271416185220e+01
6.659372926455867514e+01
6.638430869526624178e+01
6.625825891456454997e+01
6.625458668328346334e+01
6.610800043731290998e+01
6.585670731957154089e+01
6.611896683640280514e+01
6.603705617868740774e+01
6.595590992527354501e+01
6.588537423690603134e+01
6.586901236700290951e+01
6.594175610940177990e+01
6.582589451065975084e+01
6.590109985978649831e+01
