8.196018345572520047e+02
8.063036598578910343e+02
7.929196993011282757e+02
7.771484472063020803e+02
7.566413022747728974e+02
7.286298240838805214e+02
6.722704535708180629e+02
5.883083332920796238e+02
5.114669858000706881e+02
4.557894086712040007e+02
4.149499735173303634e+02
3.792144445385783911e+02
3.557026955587789416e+02
3.413566603332292289e+02
3.330344132569152862e+02
3.294038639306090772e+02
3.255311356126330793e+02
3.233925448413938284e+02
3.206131736333481967e+02
3.189895729124546051e+02
3.172895379019901156e+02
3.157063210629858077e+02
3.136352088423445821e+02
3.117854476943612099e+02
3.104391127401031554e+02
3.083255824032239616e+02
3.063013063780963421e+02
3.044983260417357087e+02
3.027489648824557662e+02
3.016498960247263312e+02
3.002854910073801875e+02
2.980800635293126106e+02
2.965267624105326831e+02
2.941512428037822247e+02
2.917995611135847867e+02
2.886966675920411944e+02
2.858622241327539086e+02
2.822340027443133295e+02
2.763752438696101308e+02
2.706544323782436550e+02
2.616505261664278805e+02
2.494539031544700265e+02
2.358040544665418565e+02
2.189370420863851905e+02
2.067010521434713155e+02
1.934231019126018509e+02
1.888009357936680317e+02
1.781540497332462110e+02
1.703787698875530623e+02
1.680036194866988808e+02
1.616045658226357773e+02
1.578486279660719447e+02
1.546490928581915796e+02
1.508991003268747590e+02
1.488477322653634474e+02
1.468944051852740813e+02
1.456466591749194777e+02
1.441480244616104756e+02
1.423823516051415936e+02
1.417597203466575593e+02
1.415577535056363558e+02
1.407671470056702674e+02
1.379161983060876082e+02
1.374504420644698257e+02
1.364613714263432485e+02
1.363766015546625567e+02
1.363067969327212268e+02
1.367684528917416173e+02
1.340935211049209101e+02
1.331864418175255196e+02
1.339079773819958064e+02
1.336409354231884663e+02
1.316028625820226807e+02
1.318125273349362487e+02
1.297698408829514847e+02
1.306663073122508649e+02
1.288429705160201593e+02
1.282827165469185502e+02
1.279209540276734742e+02
1.278317917531844614e+02
1.277528175878169918e+02
1.261904757904842995e+02
1.259875122200507462e+02
1.264132492194563611e+02
1.281021725549828716e+02
1.264783565973224029e+02
1.241792250535962694e+02
1.237842856189575969e+02
1.237113870545252610e+02
1.226726973922737045e+02
1.234952286823348828e+02
1.225872919818181970e+02
1.232713855488532602e+02
1.224201538831251952e+02
1.221136155091471949e+02
1.249306678657780196e+02
1.240276152291051517e+02
1.228340886722278782e+02
1.209034995009492377e+02
1.248423711522520705e+02
1.223565583404725032e+02
1.237748485606653759e+02
1.256877556671290392e+02
1.221598027476176753e+02
1.221500143268516752e+02
1.246515574696021247e+02
1.186373171900975763e+02
1.178491464451947763e+02
1.178648928897449650e+02
1.172536409022390984e+02
1.180272142204707109e+02
1.169676451291346382e+02
1.169519435525680251e+02
1.173650370750313670e+02
1.179850638267166971e+02
1.179696852130796003e+02
1.158969225123259861e+02
1.157233505736917465e+02
1.152471716100398709e+02
1.145917827030780671e+02
1.153443461004991804e+02
1.146595918123505555e+02
1.142999093077711734e+02
1.135671835880146432e+02
1.134775986123654548e+02
1.130443547235468884e+02
1.128499846256426906e+02
1.128443185911284985e+02
1.129008852650732848e+02
1.120826028722114245e+02
1.119813268831029092e+02
1.132488494539706210e+02
1.119135297520012102e+02
1.123134871008241191e+02
1.117647881826080436e+02
1.108061608023136273e+02
1.143151185056065913e+02
1.246180520707394379e+02
1.143912633228302838e+02
1.136199892841185317e+02
1.124290626141832945e+02
1.105913747668879523e+02
1.115703080082886913e+02
1.108592741673763982e+02
1.098786201698764984e+02
1.093484043210589789e+02
1.093441192809798963e+02
1.090249274272075866e+02
1.086712967506246059e+02
1.090022442244677308e+02
1.084129990204232143e+02
1.084330470377072544e+02
1.102318754618266752e+02
1.094363553071194843e+02
1.085048522100680373e+02
1.109640449507190283e+02
1.088328028504695340e+02
1.084851190420262981e+02
1.074194586242271043e+02
1.069297061541358573e+02
1.065861487175021409e+02
1.064247974468911622e+02
1.072274481307691758e+02
1.090803585785693173e+02
1.099008003490979206e+02
1.083779793934966875e+02
1.093045437907097437e+02
1.074856076755380485e+02
1.068690730170104928e+02
1.061622237356240532e+02
1.053570091104865725e+02
1.051559360782632666e+02
1.046815165616685732e+02
1.048112836594877848e+02
1.045173727417280389e+02
1.046086567515310009e+02
1.054633387249430001e+02
1.041588614058266131e+02
1.037871280620492911e+02
1.036390511304534385e+02
1.032540907130236860e+02
1.032735293346354837e+02
1.032172395003114502e+02
1.030411165884911640e+02
1.030510622496983189e+02
1.027292989990396279e+02
1.030381812158950510e+02
1.024678800304654658e+02
1.020040437588848334e+02
1.024382175656686798e+02
1.027601909102218940e+02
1.020137886705692836e+02
1.014521414178380354e+02
1.013976205151120098e+02
1.013204573933096668e+02
1.008288974332308214e+02
1.007162690284414737e+02
1.003836788126162389e+02
1.006389469842952167e+02
1.003275245658484351e+02
9.992087380268230845e+01
9.979303895195994301e+01
9.964382276300227659e+01
9.946665788409144682e+01
9.931411987748521142e+01
9.917320908243959821e+01
9.906150794770813661e+01
9.894696767052103326e+01
9.955124856472092176e+01
9.951750013125771943e+01
9.844151960293098114e+01
9.845703186211822810e+01
9.805734750627631513e+01
9.827945053783732021e+01
9.773982359991543944e+01
9.748009406175530955e+01
9.756627668762533290e+01
9.739374430227771029e+01
9.692584563021426902e+01
9.664914823323664450e+01
9.614470771161498419e+01
9.623187083027616495e+01
9.592040402220213480e+01
9.571244954671797700e+01
9.559422384327135092e+01
9.523722680390085316e+01
9.534795616335846091e+01
9.513150120409029853e+01
9.502790802906685030e+01
9.497083223630967552e+01
9.460747783596126226e+01
9.454280875296858255e+01
9.428135554165584153e+01
9.396701074147293298e+01
9.377869399625387814e+01
9.351258038900748204e+01
9.339852039489305469e+01
9.309769372599036785e+01
9.312548123018859769e+01
9.279616377498243196e+01
9.265209532563969219e+01
9.248536058098727608e+01
9.199550265520130665e+01
9.229639263497328727e+01
9.199568365618100074e+01
9.174488499338453096e+01
9.188115177397796174e+01
9.135024976635584437e+01
9.105555621355662765e+01
9.087005790017033746e+01
9.101965698692234241e+01
9.052436429283446273e+01
9.058080466755791349e+01
9.014721118524620636e+01
8.994605243500014069e+01
8.977512653707515256e+01
8.965842133584953899e+01
8.955478670652433948e+01
8.924664627210378853e+01
8.915987245861606425e+01
8.918709050403593608e+01
8.885406422716434349e+01
8.851216435794702875e+01
8.849977610772285175e+01
8.847209929103169657e+01
8.823784587898596499e+01
8.791197473632898607e+01
8.796501260246193965e+01
8.770326856227698897e+01
8.804893700723981453e+01
8.797277545194299364e+01
8.782779122198007826e+01
8.719280736675808896e+01
8.702618345297356939e+01
8.680013662828417864e+01
8.649520765122886701e+01
8.620002826535286999e+01
8.595796360685828574e+01
8.572958593626735535e+01
8.579233779589556264e+01
8.553479110651758788e+01
8.530217827904472472e+01
8.523974217020003152e+01
8.504222775409930080e+01
8.472498656966622832e+01
8.485703161560671504e+01
8.489721937348784309e+01
8.437352933385366782e+01
8.424218734795253738e+01
8.384543343279719352e+01
8.371610379277738900e+01
8.323072651490612373e+01
8.350642144867258310e+01
8.336475386919025254e+01
8.309765429087384803e+01
8.260317355429704378e+01
8.238073265320804239e+01
8.209983287953123465e+01
8.208295692741901917e+01
8.196814097933219045e+01
8.161022203973313083e+01
8.167253990107390393e+01
8.124119936449449142e+01
8.117895452587967497e+01
8.110565794282013030e+01
8.068070288356061326e+01
8.061822130660770824e+01
8.060138676024330096e+01
8.042673753730281305e+01
7.983856028442644970e+01
7.987112561904410768e+01
7.959301594895528353e+01
7.943300835335381294e+01
7.922823976531950052e+01
7.893091250238379075e+01
7.872616558388224917e+01
7.845445345653104141e+01
7.824275911202835232e+01
7.789650878623945118e+01
7.778400699768508275e+01
7.751428108590744159e+01
7.720206967836915624e+01
7.696548172323416281e+01
7.705145858478496734e+01
7.798213331075655219e+01
8.393588441906810260e+01
9.127279309952417918e+01
1.012082954621362632e+02
1.017944465500426787e+02
1.180517929108298461e+02
8.748633177785822568e+01
8.045342997155424314e+01
7.845513635383197482e+01
7.749959432177020346e+01
7.673896011318971944e+01
7.624478657755241784e+01
7.567192018277867760e+01
7.554273177904472902e+01
7.495977107908834114e+01
7.481692642307399410e+01
7.476477680730495479e+01
7.412239336604706352e+01
7.430603733550933043e+01
7.361286851352987526e+01
7.363390288305792808e+01
7.347144229303160046e+01
7.333328666568569076e+01
7.331136697516475920e+01
7.288612779580248002e+01
7.314975458588655499e+01
7.279603501508958630e+01
7.248383398426807389e+01
7.191998808600746429e+01
7.172398154501803447e+01
7.147367049828210384e+01
7.230114504872086911e+01
7.141569688380333503e+01
7.103197767310138033e+01
7.103748430136189995e+01
7.086280246457721432e+01
7.056977531325813402e+01
7.065360034022306479e+01
7.024710851606410245e+01
7.020476020382909610e+01
7.072987923528094711e+01
7.065154229574000055e+01
7.168377037446312272e+01
7.014062186477434580e+01
7.067221868478131341e+01
7.082687538772457003e+01
6.923452686986763638e+01
6.949366033032583800e+01
6.864040203865454259e+01
6.824338424502171563e+01
6.860599995466947121e+01
6.818175342164717279e+01
6.778558737048440719e+01
6.752548681605648540e+01
6.749036060705078910e+01
6.747203101213649745e+01
6.744166371327315801e+01
6.744747717403944876e+01
6.714268210668663528e+01
6.709994938481315785e+01
6.699368722143896093e+01
6.683482394123250003e+01
6.684389969162711509e+01
6.658005083137356905e+01
6.703797890707143381e+01
6.639264250851427107e+01
6.645643341566133699e+01
6.700379657538040590e+01
6.675686359325804631e+01
6.615842359174845910e+01
6.612742705356654938e+01
6.630463214409277839e+01
6.561773354026118454e+01
6.569941718059877189e+01
6.545777175127295777e+01
6.520257557363287049e+01
6.529024120864038139e+01
6.587449519864983927e+01
6.513602585945821488e+01
6.557491554341429207e+01
6.516904645211822356e+01
6.482389270002910564e+01
6.498389657063208347e+01
6.421531548064091055e+01
6.421570109578620134e+01
6.402426513288904175e+01
6.388599266397726240e+01
6.395940279448902999e+01
6.389494443377552813e+01
6.393968287106574877e+01
6.361299330487425152e+01
6.347214847125916748e+01
6.345972967242477836e+01
6.372591227671414771e+01
6.379808400885049480e+01
6.442415794428237064e+01
6.581998075745599408e+01
6.403960472259909409e+01
6.602096506428054568e+01
6.512425755378332326e+01
6.566906866982134261e+01
6.481785105839583139e+01
6.399323623931593374e+01
6.403711465891694843e+01
6.271130899257539681e+01
6.263108284489093336e+01
6.243045134238249005e+01
6.225951222597245049e+01
6.212216229023596981e+01
6.231484660610238535e+01
6.198700739896101197e+01
6.168975528766682714e+01
6.193170956774204683e+01
6.213284055471257261e+01
6.176077442421488684e+01
6.144537295813952227e+01
6.121002896350384503e+01
6.122403192021321416e+01
6.141599487897976672e+01
6.137918803268245682e+01
6.151989645124900363e+01
6.104606149563426953e+01
6.088003286461172792e+01
6.068448076188393969e+01
6.066936834179424665e+01
6.077944718193217000e+01
6.081557921130005440e+01
6.029832842155325068e+01
6.038547160727569008e+01
6.027606648884174234e+01
6.009181030034500282e+01
6.006818322727745141e+01
5.996842170187963461e+01
5.989102342958392455e+01
5.996252003318742396e+01
5.967022538633253248e+01
5.979270477268595130e+01
5.974331873746649535e+01
5.963947270037503756e+01
5.954659509338252832e+01
5.950797093777205760e+01
5.949148890121109901e+01
5.961322692420730363e+01
5.945990695905315704e+01
5.934511014121708428e+01
5.909724630161774428e+01
5.903860906320235813e+01
5.898451742608200021e+01
5.914509218187233586e+01
5.908751125755642875e+01
5.916955068063370504e+01
5.883406416011857232e+01
5.905121338767897754e+01
5.878205399596232184e+01
5.874595167486378244e+01
5.847385352171608730e+01
5.951298236138528353e+01
6.478834407801286943e+01
6.137794718992905985e+01
6.011655184546703623e+01
7.364228698683487551e+01
8.524679420386371476e+01
8.929316748249638636e+01
7.145707703511277487e+01
6.895788313177382634e+01
6.968575127489509669e+01
6.703335669889949600e+01
6.127795209723489478e+01
6.006128030447070643e+01
5.807082228610789087e+01
5.645223122037263153e+01
5.532072469980334972e+01
5.523502006773182416e+01
5.454185120792659802e+01
5.432036351812709540e+01
5.398783038612486251e+01
5.392807342587106945e+01
5.376187083405699951e+01
5.360959537986343548e+01
5.380702185760470968e+01
5.376218065863331219e+01
5.329614454098756937e+01
5.337256546041938776e+01
5.309209484755584896e+01
5.331048800827564094e+01
5.325580429843169128e+01
5.324285096540769757e+01
5.321779743485360825e+01
5.287198821777304403e+01
5.270952059976170290e+01
5.272132450076131249e+01
5.271237584128571285e+01
5.259869069016270515e+01
5.256605520838003542e+01
5.249776502331650363e+01
5.251231325928431204e+01
5.225083158547002427e+01
5.239244147990007150e+01
5.217760661813615286e+01
5.215864890827880629e+01
5.216379719982176510e+01
5.219830026326408046e+01
5.223556863270922435e+01
5.219919469678231394e+01
5.196067670834761287e+01
5.195784399914170848e+01
5.185344626113018762e+01
5.177588477310148818e+01
5.171422711568109776e+01
5.163551451265047376e+01
5.190301917940194443e+01
5.175486287534326380e+01
5.166008922463691277e+01
5.146144093102792993e+01
5.155952619348684607e+01
5.144188513965611520e+01
5.128733833192200819e+01
5.125060722783958767e+01
5.138122667456171655e+01
5.122482071100574075e+01
5.135425128822288343e+01
5.108743259629013522e+01
5.125648054971627232e+01
5.106241477701131970e+01
5.096457524196672040e+01
5.094109558884888145e+01
5.114452156927432469e+01
5.120045537261452750e+01
5.091360958954606986e+01
5.077274703720336646e+01
5.097162355259131061e+01
5.075019425272013507e+01
5.079404244831302151e+01
5.066307342816367054e+01
5.067403315533736219e+01
5.069299826160485622e+01
5.068023092803514373e+01
5.036429248048936813e+01
5.071171564744506099e+01
5.056488081559643177e+01
5.056148378412681410e+01
5.042440871957533233e+01
5.025531157807564142e+01
5.018630513284261951e+01
5.021951746930636062e+01
5.021175605620709348e+01
5.010727603549974418e+01
5.004695518130499465e+01
5.004715664846860790e+01
5.001677363976641999e+01
5.000050244932522503e+01
5.000529618736760540e+01
4.999486943981762721e+01
4.984927482128814802e+01
4.973001175310515265e+01
4.973240998462534890e+01
4.993193798671431693e+01
4.974383949935362637e+01
4.984234221706365275e+01
4.959458972585957071e+01
4.956245389670301904e+01
4.970205750159047398e+01
4.971942469575827062e+01
4.971536457523747288e+01
4.948408550866588484e+01
4.947394876743916114e+01
4.946152291724171590e+01
4.928667746333475463e+01
4.945310366579613515e+01
4.931678147066133988e+01
4.916645642473903166e+01
4.926022563754955286e+01
4.930217222394432497e+01
4.930539226742988035e+01
4.919106882499161060e+01
4.909691826311132701e+01
4.920298513566876153e+01
4.912423531538063060e+01
4.906192860459142935e+01
4.911108989402251268e+01
4.928582448896405310e+01
4.910760016928655602e+01
4.908765474376806281e+01
4.891768488102266588e+01
4.896847141580375506e+01
4.887875120860506684e+01
4.868980532069024036e+01
4.874927938311920173e+01
4.867576899196895823e+01
4.869022810839770443e+01
4.855865776511174658e+01
4.860055597022778073e+01
4.875781427762989040e+01
4.857963234511663586e+01
4.863934731043425330e+01
4.841486454883346369e+01
4.850127884519105947e+01
4.833499738055903094e+01
4.844383900216269723e+01
4.843722736072261625e+01
4.826385658839001280e+01
4.851059087817290560e+01
4.845195722154506512e+01
4.825297460903184543e+01
4.815776714244779555e+01
4.802143709598752253e+01
4.819819339335902697e+01
4.794632656502361101e+01
4.806989607023871258e+01
4.799876702248212723e+01
4.834645157296570517e+01
4.828868988049623567e+01
4.807445047705147090e+01
4.792248952425335062e+01
4.780239018975078125e+01
4.789270255686952993e+01
4.787577726739184669e+01
4.807979086887180387e+01
4.795984417021072943e+01
4.809544084530462982e+01
4.778803776753729693e+01
4.767269423673861439e+01
4.757433649718714008e+01
4.754466587535959832e+01
4.762347715466436426e+01
4.757717474769508215e+01
4.749960287916497492e+01
4.756496920599397527e+01
4.746758193100853873e+01
4.768588136671501587e+01
4.767556357531334754e+01
4.744967299307784714e+01
4.743971463374743536e+01
4.740377225525819682e+01
4.741266519493105847e+01
4.748589467764454497e+01
4.734289715216061722e+01
4.721167889842585907e+01
4.730487318127018170e+01
4.724876568734020310e+01
4.715290495735832366e+01
4.710059467529313082e+01
4.706942120225443205e+01
4.706587079710830324e+01
4.698296066483619171e+01
4.694811222529650507e+01
4.711614038233443580e+01
4.718021565985772270e+01
4.701236876438722589e+01
4.696872109533678952e+01
4.692657370661608240e+01
4.686175666650211014e+01
4.687092828540597367e+01
4.689169628860862815e+01
4.688109311988410610e+01
4.680078818722570588e+01
4.696536611129859295e+01
4.704984130610898063e+01
4.716545870666267604e+01
4.730060098919065581e+01
4.700604267663277369e+01
4.723145058616633207e+01
4.683209427683417658e+01
4.665320595523672864e+01
4.651024623441583827e+01
4.653301484548593692e+01
4.661163694861800622e+01
4.646904094739828395e+01
4.666866646277603792e+01
4.659790788207534007e+01
4.626329502089677703e+01
4.662951295321546041e+01
4.636151559946999612e+01
4.612099989872938721e+01
4.617786278953610690e+01
4.621139064566437327e+01
4.614579102271977717e+01
4.606351262761924659e+01
4.619281285529934422e+01
4.632577715410781849e+01
4.590024756332368838e+01
4.638299964049136292e+01
4.600916548639707315e+01
4.606819639648900733e+01
4.592241319679960299e+01
4.594268981800642138e+01
4.609594443841184841e+01
4.627057375737069833e+01
4.601968565316249027e+01
4.593699558493219826e+01
4.605275726508935463e+01
4.610447090698451689e+01
4.579281014895052238e+01
4.583552446788219470e+01
4.570691416673998475e+01
4.579563967222949117e+01
4.576714444877434573e+01
4.574990331103037278e+01
4.569881631843983882e+01
4.560176137214985204e+01
4.572058640590604739e+01
4.554948672072323745e+01
4.565812259502014570e+01
4.568360074059281573e+01
4.577666075010335334e+01
4.557567363113417258e+01
4.551776397617538805e+01
4.571967037300534287e+01
4.603458933961027100e+01
4.576277772478081829e+01
4.564190217122867921e+01
4.533290143255866411e+01
4.560740678953631999e+01
4.543909907708263773e+01
4.531279794853408305e+01
4.529313065590498155e+01
4.530265505752237232e+01
4.516410528425675608e+01
4.522298708456426652e+01
4.523824428099147354e+01
4.528296430718621934e+01
4.537850588705864396e+01
4.515932193888521340e+01
4.512863001820075226e+01
4.503563242747869566e+01
4.496528673133363441e+01
4.510020866193498534e+01
4.525181060383378906e+01
4.492370703411012300e+01
4.504696978277853958e+01
4.491970938514242562e+01
4.490239792315419010e+01
4.490676592744885909e+01
4.493199958402895788e+01
4.490246698341202602e+01
4.476081529302872042e+01
4.464159145000487428e+01
4.478747018297570293e+01
4.473617664146524220e+01
4.466338108969156906e+01
4.472148071419110238e+01
4.463867915904570793e+01
4.455622853429103714e+01
4.455131934143380334e+01
4.467130676866391070e+01
4.476337232930524834e+01
4.474053431243027745e+01
4.466585036976301382e+01
4.446020925056538431e+01
4.457349449462858360e+01
4.461888493069677253e+01
4.452227304583591661e+01
4.442896904410044101e+01
4.435297118262582927e+01
4.439533542654879739e+01
4.442098708406817309e+01
4.442726336474741089e+01
4.434425873806641505e+01
4.408433826607835471e+01
4.404770866527853457e+01
4.407155719882155154e+01
4.421445762940300739e+01
4.440244874498416294e+01
4.430337611367136219e+01
4.414257799493096712e+01
4.427353854560008983e+01
4.415129815889626030e+01
4.404809749872988078e+01
4.416621462507025342e+01
4.416919938614564245e+01
4.402690561239026579e+01
4.390211279933503619e+01
4.381506024764829732e+01
4.373474703426261101e+01
4.372629711637119954e+01
4.378316482160459344e+01
4.371249749464726619e+01
4.372895193934206759e+01
4.390669000112529119e+01
4.384202419636978476e+01
4.358940567700274471e+01
4.362852496961624382e+01
4.356725574085189834e+01
4.376170462310026466e+01
4.353832671825237099e+01
4.346751445086692911e+01
4.347435827542479814e+01
4.342881001210066216e+01
4.330087066027953568e+01
4.336393977332903660e+01
4.336524312150871907e+01
4.342512936199224782e+01
4.365936308262221388e+01
4.363511361332557215e+01
4.359449750925045919e+01
4.351428219593619673e+01
4.353497608637727012e+01
4.384259087963057056e+01
4.393255245279749488e+01
4.339707990622771661e+01
4.345786180856065073e+01
4.336170824186211092e+01
4.320290686921600809e+01
4.319655249484798532e+01
4.303333207854456077e+01
4.320376501975315620e+01
4.309586895951700569e+01
4.311952771448211053e+01
4.320680995343528963e+01
4.325647857497165205e+01
4.302207055242389799e+01
4.321027859365754864e+01
4.284987803945003293e+01
4.291977652538621157e+01
4.296552115571023478e+01
4.292730036745633981e+01
4.286903690849614890e+01
4.327845723136724132e+01
4.310396355978369343e+01
4.289231282340627160e+01
4.281173441759685261e+01
4.286577699669884112e+01
4.285785976662682373e+01
4.304972613282639315e+01
4.309538918386039796e+01
4.298203947863969887e+01
4.263900885672238417e+01
4.254067174061898271e+01
4.263792356452599819e+01
4.262494033116149694e+01
4.267823879884883809e+01
4.258646990606701621e+01
4.261001251703284254e+01
4.279365506274076836e+01
4.264888465240280624e+01
4.271289811161199879e+01
4.306698514341493222e+01
4.290782856418614699e+01
4.255068408572530814e+01
4.240815305605393348e+01
4.247055888376237220e+01
4.264312176248319020e+01
4.237874325689362109e+01
4.235387519417378144e+01
4.218697674951300769e+01
4.226663212777108214e+01
4.243167031357043584e+01
4.238496522018974133e+01
4.268955818495255272e+01
4.247502141954105781e+01
4.257922506212948122e+01
4.251352302637059211e+01
4.272297501570378131e+01
4.230385612969712383e+01
4.218237858675760776e+01
4.218547176539600230e+01
4.196747758755835633e+01
4.202963203807301085e+01
4.201542035939164776e+01
4.211539582101697476e+01
4.200659438820692770e+01
4.197292021579144716e+01
4.189701558981828811e+01
4.185353520661733739e+01
4.201671477960944401e+01
4.205729838408916521e+01
4.181412872666403047e+01
4.187774607421865625e+01
4.204586575140835691e+01
4.190685729061418385e+01
4.193414488577610655e+01
4.173491761078551576e+01
4.169185818287369472e+01
4.168488380821582950e+01
4.187071669494909543e+01
4.193982525194774524e+01
4.175186469048809812e+01
4.182055027749483855e+01
4.199506160759059981e+01
4.175835769978400691e+01
4.166012013342817255e+01
4.163006196790620095e+01
4.172254546625639193e+01
4.167368953367004991e+01
4.152617374110904791e+01
4.152177181955607210e+01
4.155710781621454686e+01
4.154883803303018652e+01
4.142439359029523871e+01
4.151329995492870495e+01
4.151777096348332208e+01
4.169142520145673814e+01
4.166273406220742004e+01
4.156559195461471035e+01
4.159820788361160737e+01
4.145017042001980201e+01
4.136585470111661067e+01
4.135182446264774825e+01
4.143713548766568522e+01
4.150524864780386736e+01
4.141215049274276083e+01
4.128776526704622540e+01
4.152520187849098221e+01
4.141758402480868995e+01
4.120040370341726543e+01
4.136606116192381677e+01
4.140408515889341601e+01
4.136073803399473547e+01
4.138751750812121344e+01
4.139965092704293426e+01
4.127462874524044167e+01
4.132654400433258957e+01
4.141083640686350975e+01
4.124032162711218064e+01
4.136419799922249751e+01
4.137004939143680815e+01
4.129944464146582561e+01
4.123859567229876433e+01
4.122286006833554950e+01
4.124070867935519402e+01
4.119686166578392061e+01
4.093027796926466522e+01
4.409219089147985926e+01
5.069689942198816368e+01
1.148563147481902718e+02
1.960114228904619438e+02
1.131372286732558194e+02
6.561903126433713851e+01
5.470065247709722200e+01
5.065186309567555156e+01
4.691561683858921583e+01
4.556191670156980678e+01
4.397119827199051656e+01
4.335243414368807890e+01
4.262637407193371786e+01
4.253760760510882477e+01
4.216536324116130174e+01
4.185971363707361803e+01
4.160655939138063530e+01
4.147972718977656825e+01
4.130298015602472361e+01
4.119327992402538285e+01
4.105998746151011147e+01
4.101292617020885700e+01
4.088656908177839711e+01
4.070486724621795815e+01
4.060903716090735571e+01
4.040461705570898232e+01
4.034116413242396959e+01
4.026572794063626759e+01
4.016529152102320666e+01
4.011705683770779984e+01
4.012517676563202684e+01
4.001275434309640389e+01
3.989740782751810144e+01
3.987474930684747676e+01
3.979212986473216063e+01
3.970112387926829456e+01
3.959801910042434514e+01
3.961813765609670668e+01
3.952994156619476485e+01
3.957671073580524990e+01
3.953970298303807596e+01
3.944722335345054631e+01
3.929497646523969934e+01
3.914563980091140394e+01
3.913918399019578942e+01
3.894311160105699798e+01
3.885617933599710483e+01
3.878166515874836762e+01
3.867782747902498386e+01
3.869943141986719581e+01
3.854555614054814328e+01
3.874064899447344601e+01
3.850322540170971308e+01
3.817691792449541310e+01
