8.507053222656250000e+02
8.000056152343750000e+02
6.770633544921875000e+02
3.225069885253906250e+02
2.657738037109375000e+02
2.534567718505859375e+02
2.479784240722656250e+02
2.441418914794921875e+02
2.415210723876953125e+02
2.386706848144531250e+02
2.358661804199218750e+02
2.323204803466796875e+02
2.288038177490234375e+02
2.245449676513671875e+02
2.213017883300781250e+02
2.186001129150390625e+02
2.162700195312500000e+02
2.144015197753906250e+02
2.120783538818359375e+02
2.097397155761718750e+02
2.075763854980468750e+02
2.050868530273437500e+02
2.032865142822265625e+02
2.016516723632812500e+02
1.996738128662109375e+02
1.976069641113281250e+02
1.958569488525390625e+02
1.942153625488281250e+02
1.925835876464843750e+02
1.911164703369140625e+02
1.896693420410156250e+02
1.880839538574218750e+02
1.875434875488281250e+02
1.865421447753906250e+02
1.852790985107421875e+02
1.844187469482421875e+02
1.830718841552734375e+02
1.826767425537109375e+02
1.815773468017578125e+02
1.811137542724609375e+02
1.803321533203125000e+02
1.794803161621093750e+02
1.786393737792968750e+02
1.781652374267578125e+02
1.772794647216796875e+02
1.760737915039062500e+02
1.756382446289062500e+02
1.745643768310546875e+02
1.733432922363281250e+02
1.723642730712890625e+02
1.713770446777343750e+02
1.703950958251953125e+02
1.694931945800781250e+02
1.682267303466796875e+02
1.675536499023437500e+02
1.662736206054687500e+02
1.650319671630859375e+02
1.640012817382812500e+02
1.629161376953125000e+02
1.617039337158203125e+02
1.604579620361328125e+02
1.594106292724609375e+02
1.580020599365234375e+02
1.573768310546875000e+02
1.558321533203125000e+02
1.545363159179687500e+02
1.532084503173828125e+02
1.524643249511718750e+02
1.517378082275390625e+02
1.500753936767578125e+02
1.484625854492187500e+02
1.472456817626953125e+02
1.458537445068359375e+02
1.448440856933593750e+02
1.435397949218750000e+02
1.421122436523437500e+02
1.406671600341796875e+02
1.396474304199218750e+02
1.380752258300781250e+02
1.366222076416015625e+02
1.356481628417968750e+02
1.342940216064453125e+02
1.330664520263671875e+02
1.316769561767578125e+02
1.305518798828125000e+02
1.292991485595703125e+02
1.283792266845703125e+02
1.273133773803710938e+02
1.260526275634765625e+02
1.251170654296875000e+02
1.238977737426757812e+02
1.224585876464843750e+02
1.217784805297851562e+02
1.210407257080078125e+02
1.195207824707031250e+02
1.192713088989257812e+02
1.176070327758789062e+02
1.171413879394531250e+02
1.161371765136718750e+02
1.148980102539062500e+02
1.142388992309570312e+02
1.131631927490234375e+02
1.125674438476562500e+02
1.116379241943359375e+02
1.110311355590820312e+02
1.099877395629882812e+02
1.095865020751953125e+02
1.090118331909179688e+02
1.083840484619140625e+02
1.068686752319335938e+02
1.067639770507812500e+02
1.062925109863281250e+02
1.052359466552734375e+02
1.042270202636718750e+02
1.036319580078125000e+02
1.034826736450195312e+02
1.026669387817382812e+02
1.018047409057617188e+02
1.012378997802734375e+02
1.014233551025390625e+02
1.007824859619140625e+02
9.986414337158203125e+01
9.974491119384765625e+01
9.877540588378906250e+01
9.876596832275390625e+01
9.807978820800781250e+01
9.750634765625000000e+01
9.700411224365234375e+01
9.688327789306640625e+01
9.700648498535156250e+01
9.606401062011718750e+01
9.607249450683593750e+01
9.529116821289062500e+01
9.466213989257812500e+01
9.449460601806640625e+01
9.409147644042968750e+01
9.432230377197265625e+01
9.378769683837890625e+01
9.294222259521484375e+01
9.308226013183593750e+01
9.259744262695312500e+01
9.212091064453125000e+01
9.224235534667968750e+01
9.218129730224609375e+01
9.186570739746093750e+01
9.160324859619140625e+01
9.124681854248046875e+01
9.073800659179687500e+01
9.039301300048828125e+01
9.045619964599609375e+01
9.024710083007812500e+01
9.004063415527343750e+01
8.955908966064453125e+01
8.925398254394531250e+01
8.951856231689453125e+01
8.917576599121093750e+01
8.896492767333984375e+01
8.874031066894531250e+01
8.827726745605468750e+01
8.872930908203125000e+01
8.844084930419921875e+01
8.818015289306640625e+01
8.797124481201171875e+01
8.796272277832031250e+01
8.748021697998046875e+01
8.749281311035156250e+01
8.768263244628906250e+01
8.720475769042968750e+01
8.698728179931640625e+01
8.655548095703125000e+01
8.695169830322265625e+01
8.713698577880859375e+01
8.628824615478515625e+01
8.603902435302734375e+01
8.597206115722656250e+01
8.591345977783203125e+01
8.519351196289062500e+01
8.620529174804687500e+01
8.668166351318359375e+01
8.627455139160156250e+01
8.588216400146484375e+01
8.579669189453125000e+01
8.488029479980468750e+01
8.481820678710937500e+01
8.462503051757812500e+01
8.498320770263671875e+01
8.453364562988281250e+01
8.458992004394531250e+01
8.420239257812500000e+01
8.418938446044921875e+01
8.419074249267578125e+01
8.409103393554687500e+01
8.378531646728515625e+01
8.415222930908203125e+01
8.385552978515625000e+01
8.373756408691406250e+01
8.366767120361328125e+01
8.369145965576171875e+01
8.390118408203125000e+01
8.347992706298828125e+01
8.357648468017578125e+01
8.342904663085937500e+01
8.289702606201171875e+01
8.286038208007812500e+01
8.256578826904296875e+01
8.264543151855468750e+01
8.269926452636718750e+01
8.278524780273437500e+01
8.218743896484375000e+01
8.249943542480468750e+01
8.234320068359375000e+01
8.248945617675781250e+01
8.239763641357421875e+01
8.281833648681640625e+01
8.212544250488281250e+01
8.198115539550781250e+01
8.202498626708984375e+01
8.172451782226562500e+01
8.159734344482421875e+01
8.185403442382812500e+01
8.170046997070312500e+01
8.118598937988281250e+01
8.159099578857421875e+01
8.144876098632812500e+01
8.136872100830078125e+01
8.109221649169921875e+01
8.158226013183593750e+01
8.102735137939453125e+01
8.090753173828125000e+01
8.115318298339843750e+01
8.127984619140625000e+01
8.127880859375000000e+01
8.055313873291015625e+01
8.076163482666015625e+01
8.082874298095703125e+01
8.073465728759765625e+01
8.033557128906250000e+01
8.028138732910156250e+01
8.076748657226562500e+01
8.039128875732421875e+01
8.055585479736328125e+01
8.034393310546875000e+01
8.026626586914062500e+01
8.006461334228515625e+01
7.988947296142578125e+01
8.000017547607421875e+01
7.995806884765625000e+01
7.967709350585937500e+01
7.966987609863281250e+01
7.943888854980468750e+01
7.947814941406250000e+01
7.960823822021484375e+01
7.941412353515625000e+01
7.929764556884765625e+01
7.918038177490234375e+01
7.923611450195312500e+01
7.896086883544921875e+01
7.905540466308593750e+01
7.931639862060546875e+01
7.893260192871093750e+01
7.895949554443359375e+01
7.879921722412109375e+01
7.864144897460937500e+01
7.905023956298828125e+01
7.909652709960937500e+01
7.900781250000000000e+01
7.832055664062500000e+01
7.825701904296875000e+01
7.875103759765625000e+01
7.828351593017578125e+01
7.819286346435546875e+01
7.857531738281250000e+01
7.865911102294921875e+01
7.824561309814453125e+01
7.815616607666015625e+01
7.841033172607421875e+01
7.810667419433593750e+01
7.793168640136718750e+01
7.798917388916015625e+01
7.800010681152343750e+01
7.821023559570312500e+01
7.789428710937500000e+01
7.792655944824218750e+01
7.786642456054687500e+01
7.751352691650390625e+01
7.779368591308593750e+01
7.803098297119140625e+01
7.763151550292968750e+01
7.748603057861328125e+01
7.738056945800781250e+01
7.732576751708984375e+01
7.791181945800781250e+01
7.742919921875000000e+01
7.707968139648437500e+01
7.713771057128906250e+01
7.725924682617187500e+01
7.725650787353515625e+01
7.712496948242187500e+01
7.712445831298828125e+01
7.738339233398437500e+01
7.746670532226562500e+01
7.720359802246093750e+01
7.697974395751953125e+01
7.682877349853515625e+01
7.681917572021484375e+01
7.673741149902343750e+01
7.674822998046875000e+01
7.654933929443359375e+01
7.682344055175781250e+01
7.667328643798828125e+01
7.622076416015625000e+01
7.659141540527343750e+01
7.678817749023437500e+01
7.625817108154296875e+01
7.623307037353515625e+01
7.605017089843750000e+01
7.630820465087890625e+01
7.651176452636718750e+01
7.642845916748046875e+01
7.606884002685546875e+01
7.587938690185546875e+01
7.612218475341796875e+01
7.560588073730468750e+01
7.592876434326171875e+01
7.639893341064453125e+01
7.642044067382812500e+01
7.599640655517578125e+01
7.580873107910156250e+01
7.582466888427734375e+01
7.607093811035156250e+01
7.568399810791015625e+01
7.559118652343750000e+01
7.555161285400390625e+01
7.565999603271484375e+01
7.522446441650390625e+01
7.532035827636718750e+01
7.547270965576171875e+01
7.550013732910156250e+01
7.553171539306640625e+01
7.544515228271484375e+01
7.554596710205078125e+01
7.524621582031250000e+01
7.506239318847656250e+01
7.487984466552734375e+01
7.499184417724609375e+01
7.523145294189453125e+01
7.527249908447265625e+01
7.483832550048828125e+01
7.505773162841796875e+01
7.480469512939453125e+01
7.481015014648437500e+01
7.455088806152343750e+01
7.467057800292968750e+01
7.531786346435546875e+01
7.474488067626953125e+01
7.491026306152343750e+01
7.497769927978515625e+01
7.457012939453125000e+01
7.464630126953125000e+01
7.493859863281250000e+01
7.510992431640625000e+01
7.441233062744140625e+01
7.418529510498046875e+01
7.447106933593750000e+01
7.458284759521484375e+01
7.425526428222656250e+01
7.451904296875000000e+01
7.424339294433593750e+01
7.443370056152343750e+01
7.403211975097656250e+01
7.444257354736328125e+01
7.419191741943359375e+01
7.394671630859375000e+01
7.410097503662109375e+01
7.410557556152343750e+01
7.414672851562500000e+01
7.411208343505859375e+01
7.414899444580078125e+01
7.425318908691406250e+01
7.364921569824218750e+01
7.362158966064453125e+01
7.377264404296875000e+01
7.390605926513671875e+01
7.373130035400390625e+01
7.409281921386718750e+01
7.407980346679687500e+01
7.351390075683593750e+01
7.342488098144531250e+01
7.359278106689453125e+01
7.368429565429687500e+01
7.330330657958984375e+01
7.359622192382812500e+01
7.328863525390625000e+01
7.327983093261718750e+01
7.347811126708984375e+01
7.325218200683593750e+01
7.348502349853515625e+01
7.359019470214843750e+01
7.335614776611328125e+01
7.328302764892578125e+01
7.387315368652343750e+01
7.353907775878906250e+01
7.341792297363281250e+01
7.295144653320312500e+01
7.318463134765625000e+01
7.294019317626953125e+01
7.322184753417968750e+01
7.291574096679687500e+01
7.302513885498046875e+01
7.290260314941406250e+01
7.309127044677734375e+01
7.337403869628906250e+01
7.363179779052734375e+01
7.302200317382812500e+01
7.298580932617187500e+01
7.294458770751953125e+01
7.299800109863281250e+01
7.322416687011718750e+01
7.319132995605468750e+01
7.324197387695312500e+01
7.276934051513671875e+01
7.240466308593750000e+01
7.289389038085937500e+01
7.242292785644531250e+01
7.212641906738281250e+01
7.224887847900390625e+01
7.252944946289062500e+01
7.233862304687500000e+01
7.215090942382812500e+01
7.213706970214843750e+01
7.240098571777343750e+01
7.219828033447265625e+01
7.243228149414062500e+01
7.194178009033203125e+01
7.237185668945312500e+01
7.193228149414062500e+01
7.257141876220703125e+01
7.211692047119140625e+01
7.267204284667968750e+01
7.214553833007812500e+01
7.196806335449218750e+01
7.214730072021484375e+01
7.179396820068359375e+01
7.187351989746093750e+01
7.197911834716796875e+01
7.195953369140625000e+01
7.200524902343750000e+01
7.160144042968750000e+01
7.172548675537109375e+01
7.172719573974609375e+01
7.219868469238281250e+01
7.232759094238281250e+01
7.203413391113281250e+01
7.162483215332031250e+01
7.134570312500000000e+01
7.143729400634765625e+01
7.163555145263671875e+01
7.137142944335937500e+01
7.202138519287109375e+01
7.190819549560546875e+01
7.190772247314453125e+01
7.196801757812500000e+01
7.170159149169921875e+01
7.158248138427734375e+01
7.142184448242187500e+01
7.106249237060546875e+01
7.126515197753906250e+01
7.112983703613281250e+01
7.165141296386718750e+01
7.144618988037109375e+01
7.144803619384765625e+01
7.149338531494140625e+01
7.117955780029296875e+01
7.106740570068359375e+01
7.130097961425781250e+01
7.082972717285156250e+01
7.098357391357421875e+01
7.076726531982421875e+01
7.087829589843750000e+01
7.083710479736328125e+01
7.075196838378906250e+01
7.088793945312500000e+01
7.086515808105468750e+01
7.092148590087890625e+01
7.127998352050781250e+01
7.108065032958984375e+01
7.093535614013671875e+01
7.135342407226562500e+01
7.083735656738281250e+01
7.058928680419921875e+01
7.053398895263671875e+01
7.086857604980468750e+01
7.120646667480468750e+01
7.100578308105468750e+01
7.090590667724609375e+01
7.082518768310546875e+01
7.053990936279296875e+01
7.067839050292968750e+01
7.068468475341796875e+01
7.042447662353515625e+01
7.023767089843750000e+01
7.033322143554687500e+01
7.040653228759765625e+01
7.014208984375000000e+01
7.015486907958984375e+01
7.058938598632812500e+01
7.053555297851562500e+01
7.034352874755859375e+01
7.023582458496093750e+01
7.018989562988281250e+01
7.035846710205078125e+01
6.993175506591796875e+01
7.036743927001953125e+01
7.022621154785156250e+01
7.033943939208984375e+01
7.002970886230468750e+01
7.036454010009765625e+01
6.981035614013671875e+01
6.992297363281250000e+01
7.002288818359375000e+01
6.999144744873046875e+01
7.006066894531250000e+01
7.006105804443359375e+01
7.023803710937500000e+01
7.038612365722656250e+01
7.017164611816406250e+01
6.994115447998046875e+01
7.011830902099609375e+01
7.020291137695312500e+01
6.995519256591796875e+01
6.974622344970703125e+01
6.995125579833984375e+01
6.985372161865234375e+01
6.984669494628906250e+01
6.980031585693359375e+01
6.941538238525390625e+01
6.961023712158203125e+01
6.980873870849609375e+01
6.953141021728515625e+01
6.952045440673828125e+01
6.947912597656250000e+01
6.944385528564453125e+01
6.941742706298828125e+01
6.942857360839843750e+01
6.969712829589843750e+01
6.955265808105468750e+01
6.946831512451171875e+01
6.902789306640625000e+01
6.925458526611328125e+01
6.962761688232421875e+01
6.960176849365234375e+01
6.950072479248046875e+01
7.003173828125000000e+01
6.930830383300781250e+01
6.934306335449218750e+01
6.924353027343750000e+01
6.934389495849609375e+01
6.900920104980468750e+01
6.935073089599609375e+01
6.942439270019531250e+01
6.919927978515625000e+01
6.913180541992187500e+01
6.916239166259765625e+01
6.913147735595703125e+01
6.897447204589843750e+01
6.936545562744140625e+01
6.955162048339843750e+01
6.927304077148437500e+01
6.940449523925781250e+01
6.901314544677734375e+01
6.877919769287109375e+01
6.875350189208984375e+01
6.907914733886718750e+01
6.870624542236328125e+01
6.887503814697265625e+01
6.885794067382812500e+01
6.869540405273437500e+01
6.879483795166015625e+01
6.914379119873046875e+01
6.886376953125000000e+01
6.902820587158203125e+01
6.871490478515625000e+01
6.864493560791015625e+01
6.863494110107421875e+01
6.872362518310546875e+01
6.877048492431640625e+01
6.895922088623046875e+01
6.933684539794921875e+01
6.862442016601562500e+01
6.859210205078125000e+01
6.834913635253906250e+01
6.908351135253906250e+01
6.898364257812500000e+01
6.886820983886718750e+01
6.894583892822265625e+01
6.872846221923828125e+01
6.862751770019531250e+01
6.838100433349609375e+01
6.836270904541015625e+01
6.906460571289062500e+01
6.869593811035156250e+01
6.837326049804687500e+01
6.840189361572265625e+01
6.860601043701171875e+01
6.821019744873046875e+01
6.869353485107421875e+01
6.852433776855468750e+01
6.844176483154296875e+01
6.831760406494140625e+01
6.829498291015625000e+01
6.841526794433593750e+01
6.847458648681640625e+01
6.860725402832031250e+01
6.861470031738281250e+01
6.879096221923828125e+01
6.854656982421875000e+01
6.815844726562500000e+01
6.826700592041015625e+01
6.823135375976562500e+01
6.814371490478515625e+01
6.816545104980468750e+01
6.809168243408203125e+01
6.799365234375000000e+01
6.817908477783203125e+01
6.867855834960937500e+01
6.862656402587890625e+01
6.831867218017578125e+01
6.770175933837890625e+01
6.823980712890625000e+01
6.835578918457031250e+01
6.790093994140625000e+01
6.753885650634765625e+01
6.783392333984375000e+01
6.774037170410156250e+01
6.770315551757812500e+01
6.849269866943359375e+01
6.837012481689453125e+01
6.834383392333984375e+01
6.786701965332031250e+01
6.780857086181640625e+01
6.786361694335937500e+01
6.829219818115234375e+01
6.800121307373046875e+01
6.745183563232421875e+01
6.771456146240234375e+01
6.789082336425781250e+01
6.764734649658203125e+01
6.760707092285156250e+01
6.756341552734375000e+01
6.773596954345703125e+01
6.745346069335937500e+01
6.782862854003906250e+01
6.748113250732421875e+01
6.831110382080078125e+01
6.763286590576171875e+01
6.758250427246093750e+01
6.756746673583984375e+01
6.761006164550781250e+01
6.740603637695312500e+01
6.735114288330078125e+01
6.735588836669921875e+01
6.732186889648437500e+01
6.727153778076171875e+01
6.747113037109375000e+01
6.724897003173828125e+01
6.741513061523437500e+01
6.746783447265625000e+01
6.781327819824218750e+01
6.750748443603515625e+01
6.739311981201171875e+01
6.739614868164062500e+01
6.739979553222656250e+01
6.749134063720703125e+01
6.719780731201171875e+01
6.724446105957031250e+01
6.756573486328125000e+01
6.707109832763671875e+01
6.735206604003906250e+01
6.722131347656250000e+01
6.714974975585937500e+01
6.714250183105468750e+01
6.732560729980468750e+01
6.738632202148437500e+01
6.693691253662109375e+01
6.684658813476562500e+01
6.682272338867187500e+01
6.681872558593750000e+01
6.690434265136718750e+01
6.718761444091796875e+01
6.707755279541015625e+01
6.717449188232421875e+01
6.740277099609375000e+01
6.771897888183593750e+01
6.736296844482421875e+01
6.717504882812500000e+01
6.750944519042968750e+01
6.764545440673828125e+01
6.713970947265625000e+01
6.709294891357421875e+01
6.685057830810546875e+01
6.681969451904296875e+01
6.708502960205078125e+01
6.698989868164062500e+01
6.709915161132812500e+01
6.709739685058593750e+01
6.704010772705078125e+01
6.682489776611328125e+01
6.673716735839843750e+01
6.650676727294921875e+01
6.680431365966796875e+01
6.685267639160156250e+01
6.698672485351562500e+01
6.691135406494140625e+01
6.679629516601562500e+01
6.672244262695312500e+01
6.657256317138671875e+01
6.647407531738281250e+01
6.638263702392578125e+01
6.685656738281250000e+01
6.670079040527343750e+01
6.673129272460937500e+01
6.675733184814453125e+01
6.677739715576171875e+01
6.638779449462890625e+01
6.612527465820312500e+01
6.637483978271484375e+01
6.620540618896484375e+01
6.646276855468750000e+01
6.641688537597656250e+01
6.639804077148437500e+01
6.653414916992187500e+01
6.634296417236328125e+01
6.621377563476562500e+01
6.660137939453125000e+01
6.632323455810546875e+01
6.618909454345703125e+01
6.625024414062500000e+01
6.644656372070312500e+01
6.627580261230468750e+01
6.627759552001953125e+01
6.679048919677734375e+01
6.643508911132812500e+01
6.630204772949218750e+01
6.619454193115234375e+01
6.627674102783203125e+01
6.610529327392578125e+01
6.628697204589843750e+01
6.646059417724609375e+01
6.657603454589843750e+01
6.640578460693359375e+01
6.633688354492187500e+01
6.611518859863281250e+01
6.604750061035156250e+01
6.653978729248046875e+01
6.690173339843750000e+01
6.663390350341796875e+01
6.642659759521484375e+01
6.647020721435546875e+01
6.605105590820312500e+01
6.617828369140625000e+01
6.613971710205078125e+01
6.585706329345703125e+01
6.585231018066406250e+01
6.628525543212890625e+01
6.604903411865234375e+01
6.587666320800781250e+01
6.607911682128906250e+01
6.630073547363281250e+01
6.587397766113281250e+01
6.582304382324218750e+01
6.534141540527343750e+01
6.569868469238281250e+01
6.559268951416015625e+01
6.575965118408203125e+01
6.564412689208984375e+01
6.577046203613281250e+01
6.613528442382812500e+01
6.584574127197265625e+01
6.582482910156250000e+01
6.564974212646484375e+01
6.537171936035156250e+01
6.561511230468750000e+01
6.538342285156250000e+01
6.553154754638671875e+01
6.549304962158203125e+01
6.564167785644531250e+01
6.564271545410156250e+01
6.597045898437500000e+01
6.558562469482421875e+01
6.560788726806640625e+01
6.564936828613281250e+01
6.559408569335937500e+01
6.553490447998046875e+01
6.531570434570312500e+01
6.581618499755859375e+01
6.619923400878906250e+01
6.542691040039062500e+01
6.529769897460937500e+01
6.545903778076171875e+01
6.534088134765625000e+01
6.520222473144531250e+01
6.536909484863281250e+01
6.526423645019531250e+01
6.505783081054687500e+01
6.543497467041015625e+01
6.532744598388671875e+01
6.535974884033203125e+01
6.573385620117187500e+01
6.538244628906250000e+01
6.544750976562500000e+01
6.530595397949218750e+01
6.517833709716796875e+01
6.529441833496093750e+01
6.531153106689453125e+01
6.542455291748046875e+01
6.555847930908203125e+01
6.515573120117187500e+01
6.502308654785156250e+01
6.516355133056640625e+01
6.496444702148437500e+01
6.513233184814453125e+01
6.495776367187500000e+01
6.498483276367187500e+01
6.505998992919921875e+01
6.525129699707031250e+01
6.532108306884765625e+01
6.529225921630859375e+01
6.531440734863281250e+01
6.549024200439453125e+01
6.527991485595703125e+01
6.529876708984375000e+01
6.494364929199218750e+01
6.513459777832031250e+01
6.510904693603515625e+01
6.509765625000000000e+01
6.491388702392578125e+01
6.494401550292968750e+01
6.512136840820312500e+01
6.503264617919921875e+01
6.506199645996093750e+01
6.518496704101562500e+01
6.497885131835937500e+01
6.473174285888671875e+01
6.483044433593750000e+01
6.470647430419921875e+01
6.475616455078125000e+01
6.465994262695312500e+01
6.497084808349609375e+01
6.517628479003906250e+01
6.513432312011718750e+01
6.514559173583984375e+01
6.493661499023437500e+01
6.459626007080078125e+01
6.450815582275390625e+01
6.451568603515625000e+01
6.457493591308593750e+01
6.457228851318359375e+01
6.483818054199218750e+01
6.461247253417968750e+01
6.497631072998046875e+01
6.542722320556640625e+01
6.530842590332031250e+01
6.499401855468750000e+01
6.477679443359375000e+01
6.459487915039062500e+01
6.451277923583984375e+01
6.482880401611328125e+01
6.477528381347656250e+01
6.474972534179687500e+01
6.498633575439453125e+01
6.452942657470703125e+01
6.465866851806640625e+01
6.453971862792968750e+01
6.458736419677734375e+01
6.464106750488281250e+01
6.455787658691406250e+01
6.490624237060546875e+01
6.476058197021484375e+01
6.457146453857421875e+01
6.436580657958984375e+01
6.407172393798828125e+01
6.424247741699218750e+01
6.443471527099609375e+01
6.470840454101562500e+01
6.491824340820312500e+01
6.483641052246093750e+01
6.480660247802734375e+01
6.459699249267578125e+01
6.425666809082031250e+01
6.432949829101562500e+01
6.444694519042968750e+01
6.409946441650390625e+01
6.438068389892578125e+01
6.430497741699218750e+01
6.439721679687500000e+01
6.448860168457031250e+01
6.416455078125000000e+01
6.424812316894531250e+01
6.442177581787109375e+01
6.408276367187500000e+01
6.438262176513671875e+01
6.438887786865234375e+01
6.437471771240234375e+01
6.448660278320312500e+01
6.422033691406250000e+01
6.406845855712890625e+01
6.418397521972656250e+01
6.414253234863281250e+01
6.459414672851562500e+01
6.407331848144531250e+01
6.411447143554687500e+01
6.405291748046875000e+01
6.420736694335937500e+01
6.407643890380859375e+01
6.445418548583984375e+01
6.411000823974609375e+01
6.394177246093750000e+01
6.428630828857421875e+01
6.400311279296875000e+01
6.399446868896484375e+01
6.397282028198242188e+01
6.389081573486328125e+01
6.414218139648437500e+01
6.418475341796875000e+01
6.434469604492187500e+01
6.441091156005859375e+01
6.407313537597656250e+01
6.404774475097656250e+01
6.396660995483398438e+01
6.399374389648437500e+01
6.357944869995117188e+01
6.355492019653320312e+01
6.382399368286132812e+01
6.392634582519531250e+01
6.409557342529296875e+01
6.379516220092773438e+01
6.387873458862304688e+01
6.361537170410156250e+01
6.403539276123046875e+01
6.469404602050781250e+01
6.456328582763671875e+01
6.450743865966796875e+01
6.372192001342773438e+01
6.357022094726562500e+01
6.358832550048828125e+01
6.381960296630859375e+01
6.391600418090820312e+01
6.381986999511718750e+01
6.387349319458007812e+01
6.366853332519531250e+01
6.369441986083984375e+01
6.345027542114257812e+01
6.358492660522460938e+01
6.401827239990234375e+01
6.383782196044921875e+01
6.427761840820312500e+01
6.373783874511718750e+01
6.357739639282226562e+01
6.341242980957031250e+01
6.367906951904296875e+01
6.377991485595703125e+01
6.398701858520507812e+01
6.337612152099609375e+01
6.326209259033203125e+01
6.356583404541015625e+01
6.382012557983398438e+01
6.334347915649414062e+01
6.367208099365234375e+01
6.374156570434570312e+01
6.402800750732421875e+01
6.373072433471679688e+01
6.397810745239257812e+01
6.357637023925781250e+01
6.346877288818359375e+01
6.342608642578125000e+01
6.371860122680664062e+01
6.361396789550781250e+01
6.347796630859375000e+01
6.340102005004882812e+01
6.333930587768554688e+01
6.349976348876953125e+01
6.351522827148437500e+01
6.362679672241210938e+01
6.382567596435546875e+01
6.358081817626953125e+01
6.373825073242187500e+01
6.375248336791992188e+01
6.356951904296875000e+01
6.363122558593750000e+01
6.374605178833007812e+01
6.357421875000000000e+01
6.323878860473632812e+01
6.308716583251953125e+01
6.302779006958007812e+01
6.351049804687500000e+01
6.371746063232421875e+01
6.310365676879882812e+01
6.304150390625000000e+01
6.301886749267578125e+01
6.320467376708984375e+01
