4.062572021484375000e+02
3.884525146484375000e+02
3.460553283691406250e+02
2.479113769531250000e+02
2.017891082763671875e+02
1.642825775146484375e+02
1.471972961425781250e+02
1.321256713867187500e+02
1.225412445068359375e+02
1.167149200439453125e+02
1.135410003662109375e+02
1.113469772338867188e+02
1.107481460571289062e+02
1.105247879028320312e+02
1.097977905273437500e+02
1.093807449340820312e+02
1.091077651977539062e+02
1.089532165527343750e+02
1.093491058349609375e+02
1.097784347534179688e+02
1.097239990234375000e+02
1.102965164184570312e+02
1.098217849731445312e+02
1.102672576904296875e+02
1.099317703247070312e+02
1.102988204956054688e+02
1.106225509643554688e+02
1.106864166259765625e+02
1.098176651000976562e+02
1.096758193969726562e+02
1.098550567626953125e+02
1.085094757080078125e+02
1.087461853027343750e+02
1.078964004516601562e+02
1.084061279296875000e+02
1.068957901000976562e+02
1.063060607910156250e+02
1.061095046997070312e+02
1.052450180053710938e+02
1.050426483154296875e+02
1.041770324707031250e+02
1.038425674438476562e+02
1.035024948120117188e+02
1.030114135742187500e+02
1.028216171264648438e+02
1.029560394287109375e+02
1.025279541015625000e+02
1.022981567382812500e+02
1.023894348144531250e+02
1.019292449951171875e+02
1.018069839477539062e+02
1.017997894287109375e+02
1.017595748901367188e+02
1.012763900756835938e+02
1.016445770263671875e+02
1.014937286376953125e+02
1.012188110351562500e+02
1.011293258666992188e+02
1.011252365112304688e+02
1.013014450073242188e+02
1.013008804321289062e+02
1.006909103393554688e+02
1.008022918701171875e+02
1.006379623413085938e+02
1.009137878417968750e+02
1.012602539062500000e+02
1.006412963867187500e+02
1.004417266845703125e+02
1.002814865112304688e+02
1.003734054565429688e+02
9.999829101562500000e+01
9.942861175537109375e+01
9.979137420654296875e+01
9.952011871337890625e+01
9.958649444580078125e+01
9.941077423095703125e+01
9.946438598632812500e+01
9.889366912841796875e+01
9.890689849853515625e+01
9.959290313720703125e+01
9.935238647460937500e+01
9.907748413085937500e+01
9.848152923583984375e+01
9.811840820312500000e+01
9.792938995361328125e+01
9.793971252441406250e+01
9.761705780029296875e+01
9.715036773681640625e+01
9.747540283203125000e+01
9.708815002441406250e+01
9.693232727050781250e+01
9.683760833740234375e+01
9.675394439697265625e+01
9.637039184570312500e+01
9.622280883789062500e+01
9.590013122558593750e+01
9.588063049316406250e+01
9.571920776367187500e+01
9.515042877197265625e+01
9.505761718750000000e+01
9.480598449707031250e+01
9.504924774169921875e+01
9.437563323974609375e+01
9.389997100830078125e+01
9.418819427490234375e+01
9.432933044433593750e+01
9.416849517822265625e+01
9.368894195556640625e+01
9.351376342773437500e+01
9.347685241699218750e+01
9.339630889892578125e+01
9.314613342285156250e+01
9.247177124023437500e+01
9.255465698242187500e+01
9.214058685302734375e+01
9.226718139648437500e+01
9.222933197021484375e+01
9.242879486083984375e+01
9.240661621093750000e+01
9.197504425048828125e+01
9.219633483886718750e+01
9.165005493164062500e+01
9.113213348388671875e+01
9.159309387207031250e+01
9.118824768066406250e+01
9.088837432861328125e+01
9.063224792480468750e+01
9.051295471191406250e+01
9.037756347656250000e+01
9.041613006591796875e+01
9.030757141113281250e+01
9.015822601318359375e+01
9.046121978759765625e+01
8.982147979736328125e+01
8.968136596679687500e+01
8.930536651611328125e+01
8.950013732910156250e+01
8.963829040527343750e+01
8.956356048583984375e+01
8.919403076171875000e+01
8.900351715087890625e+01
8.856026458740234375e+01
8.847631072998046875e+01
8.850399780273437500e+01
8.822798156738281250e+01
8.790074157714843750e+01
8.813001251220703125e+01
8.776990509033203125e+01
8.768013000488281250e+01
8.759435272216796875e+01
8.786177825927734375e+01
8.757379150390625000e+01
8.751833343505859375e+01
8.720149230957031250e+01
8.708265686035156250e+01
8.699549102783203125e+01
8.701095581054687500e+01
8.711431121826171875e+01
8.650069427490234375e+01
8.662359619140625000e+01
8.636318206787109375e+01
8.635211181640625000e+01
8.649392700195312500e+01
8.642382812500000000e+01
8.633583068847656250e+01
8.572148895263671875e+01
8.623882293701171875e+01
8.590327453613281250e+01
8.607060241699218750e+01
8.597681427001953125e+01
8.562144470214843750e+01
8.544086456298828125e+01
8.541839599609375000e+01
8.594313049316406250e+01
8.558666229248046875e+01
8.559161376953125000e+01
8.526001739501953125e+01
8.532195281982421875e+01
8.502827453613281250e+01
8.501409912109375000e+01
8.483954620361328125e+01
8.449612426757812500e+01
8.455406951904296875e+01
8.450331878662109375e+01
8.444435882568359375e+01
8.421076965332031250e+01
8.418778228759765625e+01
8.401582336425781250e+01
8.406050109863281250e+01
8.381347656250000000e+01
8.360400390625000000e+01
8.380304718017578125e+01
8.359277343750000000e+01
8.356617736816406250e+01
8.339009094238281250e+01
8.354277038574218750e+01
8.354296112060546875e+01
8.318008422851562500e+01
8.344482421875000000e+01
8.322691345214843750e+01
8.320639038085937500e+01
8.302029418945312500e+01
8.312270355224609375e+01
8.295449829101562500e+01
8.280591583251953125e+01
8.263326263427734375e+01
8.293238830566406250e+01
8.266016387939453125e+01
8.243833923339843750e+01
8.252275848388671875e+01
8.262580871582031250e+01
8.232199859619140625e+01
8.254024505615234375e+01
8.211215972900390625e+01
8.217471313476562500e+01
8.235712432861328125e+01
8.219815063476562500e+01
8.226294708251953125e+01
8.216065979003906250e+01
8.200097656250000000e+01
8.196250915527343750e+01
8.196660614013671875e+01
8.210047149658203125e+01
8.180254364013671875e+01
8.168938446044921875e+01
8.128340148925781250e+01
8.145947265625000000e+01
8.156127929687500000e+01
8.088666534423828125e+01
8.122478485107421875e+01
8.117238616943359375e+01
8.116982269287109375e+01
8.104917144775390625e+01
8.164733886718750000e+01
8.115273284912109375e+01
8.146132659912109375e+01
8.102586364746093750e+01
8.064108276367187500e+01
8.121657562255859375e+01
8.114040374755859375e+01
8.085527801513671875e+01
8.073941802978515625e+01
8.043804931640625000e+01
8.025115966796875000e+01
8.027524566650390625e+01
8.011283874511718750e+01
7.998979949951171875e+01
8.001892089843750000e+01
7.986032104492187500e+01
7.975519561767578125e+01
7.986827087402343750e+01
7.901029205322265625e+01
7.948538970947265625e+01
7.937500000000000000e+01
7.940725708007812500e+01
7.937727355957031250e+01
7.930652618408203125e+01
7.912722015380859375e+01
7.860036468505859375e+01
7.913092041015625000e+01
7.849928283691406250e+01
7.864584350585937500e+01
7.835757446289062500e+01
7.837252807617187500e+01
7.833644104003906250e+01
7.822507476806640625e+01
7.777719879150390625e+01
7.805393218994140625e+01
7.761373901367187500e+01
7.778518676757812500e+01
7.760579681396484375e+01
7.746803283691406250e+01
7.706835937500000000e+01
7.691348266601562500e+01
7.646454620361328125e+01
7.662593841552734375e+01
7.678028869628906250e+01
7.642307281494140625e+01
7.610126495361328125e+01
7.620094299316406250e+01
7.617907714843750000e+01
7.589571380615234375e+01
7.536637878417968750e+01
7.559248352050781250e+01
7.556844329833984375e+01
7.485597991943359375e+01
7.488837432861328125e+01
7.798036193847656250e+01
7.895677947998046875e+01
7.846681976318359375e+01
7.799282073974609375e+01
7.810157012939453125e+01
7.674069213867187500e+01
7.564870452880859375e+01
7.503694152832031250e+01
7.539259338378906250e+01
7.475214385986328125e+01
7.477555084228515625e+01
7.419114685058593750e+01
7.367452239990234375e+01
