1.075425492132373620e+03
1.040626398126070853e+03
1.005086764215666335e+03
9.609606680262368172e+02
8.751030322394799441e+02
7.395459950449876487e+02
6.551913984671700746e+02
5.794174116000067443e+02
4.992046519622672349e+02
4.295688736941665411e+02
3.861383087122812867e+02
3.743286151075735688e+02
3.675290837637148798e+02
3.626952930283732712e+02
3.594639319889247417e+02
3.559305593669414520e+02
3.536539539126679301e+02
3.525011386605910957e+02
3.480632586041465402e+02
3.454365026485174894e+02
3.444691286729648709e+02
3.397196412435732782e+02
3.361092053940519691e+02
3.318197662467136979e+02
3.254590542824007571e+02
3.194546475131064653e+02
3.081714555695652962e+02
2.948140400270931423e+02
2.814971030678134412e+02
2.672009765813127160e+02
2.552026644435245544e+02
2.433383148924913257e+02
2.323621005911845714e+02
2.236307510701008141e+02
2.223935536085627973e+02
2.070946607752703130e+02
2.014663706021383405e+02
1.919337933146161959e+02
1.875064477659761906e+02
1.812062028350628680e+02
1.769119135826113052e+02
1.700061823596843169e+02
1.659948153739678673e+02
1.625836928096450720e+02
1.596888949842941656e+02
1.564134769873271580e+02
1.547850496476276021e+02
1.533566415504501492e+02
1.515775452260986640e+02
1.498550805763293283e+02
1.491713275617526051e+02
1.479962035348339668e+02
1.474475287643062984e+02
1.455361271693359413e+02
1.449825460876809302e+02
1.444730809121538186e+02
1.434870809817434747e+02
1.427137298573179578e+02
1.418752966674273921e+02
1.415332316069996068e+02
1.400148098596860109e+02
1.392308552776457873e+02
1.385857987709377994e+02
1.392174802066942902e+02
1.402235235247194396e+02
1.379491140821678528e+02
1.371238197498059890e+02
1.358752105545514723e+02
1.352055453961384046e+02
1.347528946479030765e+02
1.347183735477428854e+02
1.347727668967228283e+02
1.339484005047266919e+02
1.333819579997998517e+02
1.326232857338080748e+02
1.318824796298202955e+02
1.316569060539395650e+02
1.313537420489866463e+02
1.312039602517101002e+02
1.302597978603291722e+02
1.300062170750238693e+02
1.308956720042760935e+02
1.290004654446280483e+02
1.283265796425664576e+02
1.285687609905163526e+02
1.280963159615469067e+02
1.288185123875757654e+02
1.275068967821780461e+02
1.270008595579330404e+02
1.273460312071176759e+02
1.265456813766234063e+02
1.263958824675316350e+02
1.260455181086999801e+02
1.262849904523394571e+02
1.260162393234672891e+02
1.253437795342970276e+02
1.247084224756836193e+02
1.241185829292555809e+02
1.240552771147006297e+02
1.236999806446980301e+02
1.238836762717106694e+02
1.226424260106141446e+02
1.227738690922974456e+02
1.240585324557141575e+02
1.223390269996364168e+02
1.225489989580958081e+02
1.221527447512640947e+02
1.216144797540881655e+02
1.214403059170911092e+02
1.211877918554944245e+02
1.214921016876512567e+02
1.211819366747079130e+02
1.239339982040869472e+02
1.257373274772835430e+02
1.242274858743762707e+02
1.232036023619752996e+02
1.214834677972982604e+02
1.198305814404288867e+02
1.197299523160816079e+02
1.193668410761290488e+02
1.188886965945409884e+02
1.180571987756519547e+02
1.180434202185629147e+02
1.176512479812929541e+02
1.176161855019122413e+02
1.177807858056814894e+02
1.169130222763913025e+02
1.170800653060689456e+02
1.166163209844416997e+02
1.167942634993416959e+02
1.165477868178859353e+02
1.163700651677563656e+02
1.158814132884535866e+02
1.154972664923066077e+02
1.153231217665679651e+02
1.156376330257030531e+02
1.164976105418231782e+02
1.156107306690455516e+02
1.148147795414670327e+02
1.151245231465168217e+02
1.156853918763645197e+02
1.145659683785650031e+02
1.137800657376674280e+02
1.142564134128738260e+02
1.141336505930516978e+02
1.145286593163573343e+02
1.139809495533577319e+02
1.132714558323314122e+02
1.135429471817833473e+02
1.129128026487328498e+02
1.138004389100049139e+02
1.121938255332029257e+02
1.121032815187522829e+02
1.121268228233643640e+02
1.124512335427698417e+02
1.119569642547025978e+02
1.119083451974106538e+02
1.116300999598011003e+02
1.118276235207263198e+02
1.117324303752448031e+02
1.110906032512798447e+02
1.109161889309311846e+02
1.108403009389992349e+02
1.104678183689763955e+02
1.121509111158984524e+02
1.152328596478588452e+02
1.146463644045411456e+02
1.162853447883453555e+02
1.214607349540111727e+02
1.173812320728782197e+02
1.122260067154441003e+02
1.111102223086879803e+02
1.103235110811415325e+02
1.097688975554688113e+02
1.092239223771825891e+02
1.087843303168306193e+02
1.084645390840605614e+02
1.083534794912343386e+02
1.083295031113268578e+02
1.079693780134671215e+02
1.078877352259432882e+02
1.077648459288279810e+02
1.075122399286051404e+02
1.069063818499744229e+02
1.075262651156908760e+02
1.076424677235995659e+02
1.070382184542825144e+02
1.081438252852608457e+02
1.074114224948928040e+02
1.066031631273810945e+02
1.063837341709918292e+02
1.064838448249014391e+02
1.062227440078113432e+02
1.062621104388153981e+02
1.053952489684804732e+02
1.053194285854069676e+02
1.049758170284205789e+02
1.066063768003537007e+02
1.053145869489783308e+02
1.047094777820879017e+02
1.045109982411569263e+02
1.045152193747065894e+02
1.043215784395415540e+02
1.041406324176027738e+02
1.042033368459119629e+02
1.034508887558750985e+02
1.033214855414898921e+02
1.033542460416889526e+02
1.028267399536377980e+02
1.021710303946242675e+02
1.020734989355544258e+02
1.019303206584847885e+02
1.020111830994364936e+02
1.017260600730505757e+02
1.012580080776854174e+02
1.011710360096983550e+02
1.012621926061024169e+02
1.011835464434414007e+02
1.007984388966859797e+02
1.011766626074597752e+02
1.023978525083362001e+02
1.023986709615913355e+02
1.030567072881887043e+02
1.091627903183871808e+02
1.051871241832420765e+02
1.022534107746998870e+02
1.022242478980958822e+02
1.000081849933151261e+02
9.973277577891872170e+01
9.892122079106945876e+01
9.904975676076105628e+01
9.924885312409605831e+01
9.814427000543946633e+01
9.784172383898044245e+01
9.805004430318581399e+01
9.771009229142794084e+01
9.785842858983875203e+01
9.758312291118727444e+01
9.701820952426828626e+01
9.669159332116282712e+01
9.637550476220508244e+01
9.629153475066118517e+01
9.629685377055295703e+01
9.606518207520718988e+01
9.561594641529563887e+01
9.553237760920569599e+01
9.494559902800392592e+01
9.539066059913659501e+01
9.473639942654733659e+01
9.445936695272393990e+01
9.516398928038006488e+01
9.458155438102812695e+01
9.389285206612339607e+01
9.346237562522810549e+01
9.417028165545298179e+01
9.300402074277178599e+01
9.330942079194210237e+01
9.297600242084087085e+01
9.322211626737055212e+01
9.225140912501012735e+01
9.177908875276636991e+01
9.184653979820922132e+01
9.103856255980349488e+01
9.112374140554186397e+01
9.124611152003922143e+01
9.054655579356403905e+01
9.008491366897101216e+01
8.979603489584917497e+01
8.973635544918010964e+01
8.908246102074576811e+01
8.932657146610176824e+01
8.861155421656280851e+01
8.894409736563903834e+01
8.875262089753618966e+01
8.845115720553008032e+01
8.884592367326212070e+01
8.819755041849606414e+01
8.762032717039954832e+01
8.749442866581370026e+01
8.763135226956038082e+01
8.825978376565785766e+01
8.728094400482478932e+01
8.676684578365859579e+01
8.655804262699342644e+01
8.619957292274216343e+01
8.580387296968694955e+01
8.569026737768908220e+01
8.570275063481298616e+01
8.536920549448160500e+01
8.439217456658565197e+01
8.482847169755041250e+01
8.458803199314294829e+01
8.412321489717780310e+01
8.432436794188299700e+01
8.456942161678904313e+01
8.404846124483529479e+01
8.367154564487410084e+01
8.373323394149107912e+01
8.286489646742130333e+01
8.288794207504794542e+01
