1.044214318042795639e+03
9.766962982079712674e+02
7.935611740078311414e+02
5.575217860715929419e+02
4.585779752437956631e+02
4.186127598197199404e+02
4.016825492437928915e+02
3.933821905590593815e+02
3.857229914460331202e+02
3.800769581310451031e+02
3.735853683501482010e+02
3.679459417071193457e+02
3.623418584847822785e+02
3.544870245093479753e+02
3.472665164628997445e+02
3.395697932410985231e+02
3.327343218596652150e+02
3.251000110981985927e+02
3.173338845791295171e+02
3.080119391065090895e+02
2.953990530027076602e+02
2.795716845891438425e+02
2.657445771843194962e+02
2.516583160399459302e+02
2.408156555260065943e+02
2.328466711849905550e+02
2.265633594885002822e+02
2.235206066671526060e+02
2.211137686688743997e+02
2.173420337068382651e+02
2.157198140086838976e+02
2.139987861986592179e+02
2.119395660348454840e+02
2.101262292786122998e+02
2.082577759678388247e+02
2.071795981493123691e+02
2.067959500544384355e+02
2.050436664945518714e+02
2.044989540286187548e+02
2.025927225353152608e+02
2.019837190699763596e+02
2.004398794903827365e+02
2.003579981374241470e+02
1.988898015033482807e+02
1.979761765834846301e+02
1.969399898591982492e+02
1.955440094320110802e+02
1.946052989352720033e+02
1.937487535552827467e+02
1.929431824639541446e+02
1.928639767730310268e+02
1.918772725327153239e+02
1.940234891504769621e+02
1.961082650011330770e+02
1.938057993972179247e+02
1.943587757462155423e+02
1.892020814992756641e+02
1.880048342261761718e+02
1.880166251866448874e+02
1.868048664320886019e+02
1.865600151012331480e+02
1.850283343596747727e+02
1.870819632814727811e+02
1.885134003998900880e+02
1.835970609233190771e+02
1.831977827349528525e+02
1.816971024480790220e+02
1.814427053644899388e+02
1.804796771491455729e+02
1.802285718699949939e+02
1.790426005366534810e+02
1.789742323432824378e+02
1.777434941109750071e+02
1.774084044226874539e+02
1.763271895307980230e+02
1.746429297176637192e+02
1.743810929561886951e+02
1.758777740149444071e+02
1.748030831356090857e+02
1.742424959828372266e+02
1.705969807470919477e+02
1.696763927825627434e+02
1.688867801315104771e+02
1.682389717161775025e+02
1.670151377779625363e+02
1.675472253290422486e+02
1.654229839747538335e+02
1.643005954005625426e+02
1.647641295387721811e+02
1.662132649239906073e+02
1.637714320455302186e+02
1.611457760622189426e+02
1.615378582951013868e+02
1.596510390243280426e+02
1.583141177808421958e+02
1.570270988252721622e+02
1.595513266577721652e+02
1.577545496285712829e+02
1.545107258591658592e+02
1.537662950554347958e+02
1.532935950165361021e+02
1.567106151220174866e+02
1.524770860599645630e+02
1.524197807039760733e+02
1.494917653492769034e+02
1.483554496320691953e+02
1.502648811863801370e+02
1.472941338571970391e+02
1.456344527799531932e+02
1.455131750623523885e+02
1.462108747678737473e+02
1.438469049642953337e+02
1.428250498239526110e+02
1.412460861673126260e+02
1.404589927646221952e+02
1.408079737500737281e+02
1.414189432305743139e+02
1.389183594301239850e+02
1.375898440171959010e+02
1.369813820267295341e+02
1.373581926912737572e+02
1.352201901617596604e+02
1.372561140398777297e+02
1.355200023199991222e+02
1.336111668922442846e+02
1.321743790792005484e+02
1.322997734657897979e+02
1.314492671725894581e+02
1.329706300064651714e+02
1.309926699855929257e+02
1.289392148417556427e+02
1.271733384299481315e+02
1.266468561327412345e+02
1.256182435149114269e+02
1.292618214638489178e+02
1.289746769902824894e+02
1.252468640911726823e+02
1.252118988419071854e+02
1.237708664519687574e+02
1.216245733507248445e+02
1.211556745800555603e+02
1.201124115579223570e+02
1.199202948332348626e+02
1.197364676954419451e+02
1.198262933372697887e+02
1.182174828561121558e+02
1.169649628974416657e+02
1.173226711831365492e+02
1.163474637749625629e+02
1.160140901258550343e+02
1.152037891843465189e+02
1.158976595311438160e+02
1.146021701542193512e+02
1.144237734209816182e+02
1.129959456227895771e+02
1.135895255400726569e+02
1.125371135537047422e+02
1.120818399602938626e+02
1.114454774035036309e+02
1.108809413043003360e+02
1.107699572882279142e+02
1.104131671753308837e+02
1.098401336479903421e+02
1.088569673602103336e+02
1.084634750324168380e+02
1.083485840764905959e+02
1.078213484013083558e+02
1.069292421202306400e+02
1.074286705913951323e+02
1.073585924688524500e+02
1.059963566935708599e+02
1.094548415446791267e+02
1.135008792158451882e+02
1.168767847160462878e+02
1.071882494798109633e+02
1.065093302801913353e+02
1.055669691832629127e+02
1.048428710913445059e+02
1.044430759016138097e+02
1.042096814695144076e+02
1.038034054821155365e+02
1.030733684335004625e+02
1.026889475669236589e+02
1.021805299013804529e+02
1.021900617036226322e+02
1.016718620531256789e+02
1.015619256841641516e+02
1.011501545881444741e+02
1.007644059502423204e+02
1.007535872381013036e+02
1.003626196949737022e+02
9.978350092725443687e+01
9.913668416119587334e+01
9.972023997731218969e+01
9.922881536546975667e+01
1.006418994995862164e+02
1.006543954217579113e+02
1.011993534762187039e+02
1.099528780642810375e+02
1.014571895039878200e+02
9.877089214121821215e+01
9.781047642698422351e+01
9.778663761567824508e+01
9.714391321499606136e+01
9.719214646618517861e+01
9.727801908304627432e+01
9.736466011401057585e+01
9.678951205357907384e+01
9.611004333128762767e+01
9.648986358784888751e+01
9.603646212812897431e+01
9.589045481624381750e+01
9.583853494998402311e+01
9.610242394325699422e+01
9.509646966367161269e+01
9.514769857121700625e+01
9.520765525363850657e+01
9.445865011377887299e+01
9.453772732937143530e+01
9.408637223008572903e+01
9.371683580293969840e+01
9.343050949970771057e+01
9.398183139582388890e+01
9.437614234058246154e+01
9.338257900670572553e+01
9.472174312084101189e+01
1.027184752095865292e+02
9.883650035370712317e+01
9.528629171577854606e+01
9.308889888536971569e+01
9.276261498196973321e+01
9.302936306219663720e+01
9.150385772736413514e+01
9.037427558980824926e+01
9.048185196294909360e+01
8.983676858761393191e+01
9.071107896640833701e+01
9.010939818383940292e+01
9.003411304652769331e+01
8.939068888519479117e+01
8.929326469230176144e+01
8.880307233243374299e+01
8.850487336357794277e+01
8.851010890054942593e+01
8.826063049614688794e+01
8.844640420326277308e+01
8.821324829792050082e+01
8.791019514200601748e+01
8.722849624572498328e+01
8.711667221800470884e+01
8.722727819029233842e+01
8.747995496041755814e+01
8.687804871161222309e+01
8.699964591420551585e+01
8.753245484192171944e+01
8.693754843903803931e+01
8.645717588223050143e+01
8.656505490309467632e+01
8.648251392034643459e+01
8.646199879728887083e+01
8.603324606754708270e+01
8.613613412930358493e+01
8.577813170118942310e+01
8.556891356927982883e+01
8.547402850427967280e+01
8.569430098350923686e+01
8.560181476367110065e+01
8.514623835603588020e+01
8.587773470234371587e+01
8.585461073783588404e+01
8.491137265422071323e+01
8.472254117281694619e+01
8.520273133736141347e+01
8.539691183967728705e+01
8.482595553294376600e+01
8.472002265962669298e+01
8.435743324919067732e+01
8.395121802992159132e+01
8.396194035245861187e+01
8.376469218676076878e+01
8.404208197224834009e+01
8.363620485602336885e+01
8.364833836983437720e+01
8.337679861454807906e+01
8.344050121134614528e+01
8.313112443871158064e+01
8.331865263475398820e+01
8.313833762401971228e+01
8.314314520388489882e+01
8.301618672529694720e+01
8.303797719272719746e+01
8.279056233004330068e+01
8.313909363000300345e+01
8.265301579086410300e+01
8.269573866255491623e+01
8.263128381899164765e+01
8.259658331879919047e+01
8.238607901563463543e+01
8.229476989136287557e+01
8.237521873804968209e+01
8.274506741899364215e+01
8.198050165578445103e+01
8.197956442064452176e+01
8.265309879166105134e+01
8.209365058185441910e+01
8.202975673193415673e+01
8.157264024280738113e+01
8.119791711048064542e+01
8.146337385824035948e+01
8.131172479520634511e+01
8.153284572415793718e+01
8.135308812854819394e+01
8.131274415948473688e+01
8.120298334924243022e+01
8.130492823068819064e+01
8.106440006591796532e+01
8.175918328617873954e+01
8.131457359875054181e+01
8.114408983917599016e+01
8.053969921341052896e+01
8.083069376425365249e+01
8.546002844384059927e+01
9.395655139810480705e+01
9.076956930325148676e+01
9.369177144448929084e+01
9.372780895143739599e+01
8.519266822779059112e+01
8.215076266630509849e+01
8.074625807556152779e+01
8.030692237272850775e+01
8.001732635476868438e+01
8.001306236145860851e+01
7.996109759926372362e+01
8.006326343266259471e+01
7.978201644120676406e+01
7.992152813957379465e+01
7.966492012074547802e+01
7.927599995518312426e+01
7.932281386905312104e+01
7.938995718668033419e+01
7.914671126566659609e+01
7.891906908606198101e+01
7.912366432230631119e+01
7.918273788246646916e+01
7.890553997861233881e+01
7.894701059383011454e+01
7.906189690635549994e+01
7.896332900583891501e+01
7.869097458089011354e+01
7.880842573138733087e+01
7.864292456701201672e+01
7.827827027306742025e+01
7.861667545731420148e+01
7.841757126036438308e+01
7.832715490515464296e+01
7.829752344089862959e+01
7.826605580426748077e+01
7.804990738132556771e+01
7.799525702646073455e+01
7.810392107877881074e+01
7.787180661514292979e+01
7.777580623096062595e+01
7.779804179683392817e+01
7.770607854118573243e+01
7.761782670743323820e+01
7.764635249665570882e+01
7.782939392937490197e+01
7.801143446847741814e+01
7.792810693179085035e+01
7.767830483837485644e+01
7.728663656951343341e+01
7.743692617163812031e+01
7.734368824462137582e+01
7.730480017796607228e+01
7.719516734889724319e+01
7.719261263228077041e+01
7.772022778355314188e+01
7.741693164521885251e+01
7.704924125756468811e+01
7.738732292611329910e+01
7.720794844014153568e+01
7.717997777111193614e+01
7.659553644881124512e+01
7.656087482627978602e+01
7.656072849405876468e+01
7.646502591938462956e+01
7.660613059756606447e+01
7.630598235768688653e+01
7.635844281509908171e+01
7.622128129777740924e+01
7.602427184351945755e+01
7.590512107789106722e+01
7.615755172569951981e+01
7.612059258152400787e+01
7.625821192673431881e+01
7.649544833285018797e+01
7.608242328710760205e+01
7.660374861012300585e+01
7.724002974263547117e+01
7.662674606232408792e+01
7.618947973543339458e+01
7.563429394322008648e+01
7.545680204466850682e+01
7.555200771214983035e+01
7.551062067106374798e+01
7.552171833030465109e+01
7.562180586727413356e+01
7.499496445641628384e+01
7.499489112805018465e+01
7.537170800939709636e+01
7.909362364700849923e+01
9.534899833889875254e+01
1.026139879831400776e+02
8.636606973483455363e+01
8.092118274004332079e+01
8.424682061131456123e+01
8.813810059582883127e+01
8.311316265783239032e+01
9.086679966193771918e+01
9.909210670359618689e+01
8.668648952955568632e+01
8.007972303451111884e+01
7.683024133320175508e+01
7.592586624202903067e+01
7.562268071135179071e+01
7.574597521772903974e+01
7.505730155955976102e+01
7.511063351203929983e+01
7.479102559665138017e+01
7.461051016107234091e+01
7.467331163947422112e+01
7.437169621381728746e+01
7.428442589384896166e+01
7.494038021507900282e+01
7.469730140964718146e+01
7.433352565466935857e+01
7.393051950858591681e+01
7.420621484895954723e+01
7.424039769386904197e+01
7.392357736193460482e+01
7.407703541388364954e+01
7.386031671730123094e+01
7.393388654193704213e+01
7.361160032907632456e+01
7.345448266899957446e+01
7.367912819611206032e+01
7.342546791779818705e+01
7.322788741861062078e+01
7.327939685369821632e+01
7.349150926495762803e+01
7.331129675672913493e+01
7.325388774480899201e+01
7.317913431639142630e+01
7.308307259554753443e+01
7.310397756832662708e+01
7.305720542258686123e+01
7.335819875683705504e+01
7.331125737245986329e+01
7.324861579923475574e+01
7.327809523271328374e+01
7.287396656464034095e+01
7.253718945222115622e+01
7.280919071077461524e+01
7.278935051229865394e+01
7.239245046344721857e+01
7.257675859092438486e+01
7.291263859548567439e+01
7.257198507092869022e+01
7.249387950120937774e+01
7.256511135010312330e+01
7.263429499302824865e+01
7.223245829103326798e+01
7.232024117409355313e+01
7.222101307193750586e+01
7.230719944234454033e+01
7.184300787561370782e+01
7.213328190409842477e+01
7.183714508882975736e+01
7.176837858723270358e+01
7.161591701843853741e+01
7.163551182837649378e+01
7.269952431721317510e+01
7.285271301269216337e+01
7.255226859149902907e+01
7.342224259288593657e+01
7.365851921227265109e+01
7.644592988668688349e+01
7.996901332622078939e+01
8.172362935051306465e+01
7.968841861483362266e+01
7.435023315240236741e+01
7.299563225088640195e+01
7.203695615558717691e+01
7.159588968571435430e+01
7.156904339177563656e+01
7.139337643150130930e+01
7.626140363102175002e+01
7.358776927288054992e+01
7.431673266787059617e+01
7.229163511921990448e+01
7.086078068481545245e+01
7.070212831151413013e+01
7.087879984867595340e+01
7.095357442873753939e+01
7.105132299121153494e+01
7.148508694141924025e+01
7.075351419067621350e+01
7.053041946304419696e+01
7.070615727773591175e+01
7.045281571627509720e+01
6.981219459064715238e+01
6.996671856198842931e+01
7.002961733001005484e+01
7.029649220438882651e+01
7.063144793884863759e+01
7.051217613272993390e+01
7.066991504481099184e+01
7.105297494025109017e+01
7.044556374144514166e+01
7.157484623276648961e+01
7.094096283334762632e+01
7.666770831920563012e+01
9.613372178621193598e+01
8.828927884295588058e+01
7.964982490554636740e+01
7.388870879171759043e+01
7.049896816034343772e+01
6.964153704998774685e+01
6.969640756971642759e+01
6.956788591054004200e+01
6.989946273094550122e+01
6.945428238120855724e+01
6.901079703439539514e+01
6.902356021395254970e+01
6.908599676880882612e+01
6.883457135001972915e+01
6.873596261304506072e+01
6.860911666100888340e+01
6.832351295848526718e+01
6.816124093444311427e+01
6.794793769701269071e+01
6.780280180686561664e+01
6.749174993304018244e+01
6.854878382092533684e+01
6.955898714360515100e+01
7.048035450679917346e+01
6.881762435295780733e+01
6.850738877030784124e+01
6.775681834017721883e+01
6.769501082939932246e+01
6.778803401880588808e+01
6.989238451760249404e+01
7.075835650553511869e+01
7.060191118782813646e+01
7.187270087892024151e+01
6.932328724140441523e+01
6.723031139765458875e+01
6.723197629197269976e+01
6.653192846884445544e+01
6.695665994461211312e+01
6.671079826191447637e+01
6.661189909020065159e+01
6.654987702899069291e+01
6.626966789363527255e+01
6.608596738094180978e+01
6.640079804564543053e+01
6.614811082722086155e+01
6.601918230422774059e+01
6.588177754028765776e+01
6.587296851340879300e+01
6.554659311173445246e+01
6.574768083694048926e+01
6.587852434585460060e+01
6.623701938508806109e+01
6.598635404652277714e+01
6.547844675913560764e+01
6.548618873415458097e+01
6.577493829736779674e+01
6.538668393191328221e+01
6.530346075794349758e+01
6.536754339142365211e+01
6.547385182383672486e+01
6.552473947692422485e+01
6.551746546785823000e+01
6.582326858921931034e+01
6.527126430287012226e+01
6.532076025529525509e+01
6.531213115643852518e+01
6.526044225182380387e+01
6.577968792335035175e+01
6.528057604268761338e+01
6.531348144131766276e+01
6.482973750826927528e+01
6.491834479108140954e+01
6.501484339838626170e+01
6.489722440846864515e+01
6.472796469077961490e+01
6.461359095691705079e+01
6.475585748030771072e+01
6.500220175868921046e+01
6.587586797583817599e+01
6.749524878123210669e+01
6.775835274001931907e+01
6.559466040874680459e+01
6.484431976389571162e+01
6.452444610812713677e+01
6.447597492986460566e+01
6.466023121512844796e+01
6.435345288508190720e+01
6.418919947217581523e+01
6.409047545245890376e+01
6.422038968233252376e+01
6.416754459887786766e+01
6.386656040009541613e+01
6.413745689163724251e+01
6.499840536390567536e+01
6.858236580740354782e+01
1.048131788986176645e+02
1.297454542797474915e+02
8.393848455721578716e+01
7.186994378288142116e+01
7.274374120802137611e+01
6.829975321598405458e+01
6.628850727170188861e+01
6.538287194766624566e+01
6.505180942010778722e+01
6.456267860388369684e+01
6.431217446744281574e+01
6.426305206979181150e+01
6.422128160192936264e+01
6.406467963270411303e+01
6.401141555258951144e+01
6.388218259414284717e+01
6.392880794282946511e+01
6.386831438134242944e+01
6.384820890046569275e+01
6.347111142916866555e+01
6.354510144993552956e+01
6.374108258560318063e+01
6.358717760848898592e+01
6.366136896009238200e+01
6.333802760691277456e+01
6.327471741245403081e+01
6.325127482210248786e+01
6.323505656294221922e+01
6.315114657464832248e+01
6.308414454014810957e+01
6.336716208162026476e+01
6.333851793971930988e+01
6.348458299549085382e+01
6.333693660399458736e+01
6.305631197224845153e+01
6.299390115281855884e+01
6.288373539823438563e+01
6.285656812730515242e+01
6.291679490300536770e+01
6.281022187432448334e+01
6.278201175521837030e+01
6.284320257886373184e+01
6.299501226097612516e+01
6.315926421557460912e+01
6.300083765453041451e+01
6.297539611216396338e+01
6.300337620004903982e+01
6.298077335639868579e+01
6.275800769785556099e+01
6.273714225644722120e+01
6.282150301005275139e+01
6.264914736018864971e+01
6.308676175050707968e+01
6.259869839556815663e+01
6.252386362725471258e+01
6.249874285805498175e+01
6.248275379913643945e+01
6.239044057436829860e+01
6.234398250878475523e+01
6.262863593350301272e+01
6.239272400225881654e+01
6.234224591055237852e+01
6.245095567875795695e+01
6.237128054529530630e+01
6.237944353433305622e+01
6.215511644382524992e+01
6.229231863784043099e+01
6.251839031897586807e+01
6.239211183140748318e+01
6.219578627394683679e+01
6.226451213541839280e+01
6.236137749673878972e+01
6.231810425067392600e+01
6.227337342286688227e+01
6.217385860864155234e+01
6.202027467533074656e+01
6.216165173624912654e+01
6.207542930577352536e+01
6.206213741025626263e+01
6.219579240369489526e+01
6.200700771083317875e+01
6.231086032019581467e+01
6.200230870997013000e+01
6.196093243470958356e+01
6.174992141668064960e+01
6.174778300509825613e+01
6.170831719027306406e+01
6.187093877758493221e+01
6.166216930915278738e+01
6.167493723603050171e+01
6.144568151462921435e+01
6.173495389823185064e+01
6.175503407473492956e+01
6.186866554685982322e+01
6.164177978010507530e+01
6.153717783398279551e+01
6.173336239527483826e+01
6.198965534000966215e+01
6.184357878588346580e+01
6.154018116522143345e+01
6.151211409455628853e+01
6.140968842405418116e+01
6.181139497117450787e+01
6.158117187764314338e+01
6.146061525289602656e+01
6.152490210645156310e+01
6.127688745795066438e+01
6.122872136962371314e+01
6.129299118416651737e+01
6.138105951897883727e+01
6.167130673359708481e+01
6.115567384560817743e+01
6.144337183396115165e+01
6.110984113258595585e+01
6.099752215017939250e+01
6.094993012497533158e+01
6.121733683918559166e+01
6.131647061083518224e+01
6.117636555212200733e+01
6.121128462894806432e+01
6.099780103678462950e+01
6.090281170342186101e+01
6.121048147264984607e+01
6.089801273217974398e+01
6.110684930708996632e+01
6.124389836709331547e+01
6.094391385900793523e+01
6.084532263714486078e+01
6.097285183443523948e+01
6.081250521429670641e+01
6.055168930364571622e+01
6.096406452438817070e+01
6.074662395694083017e+01
6.105392766659484494e+01
6.099538248556955722e+01
6.095300520002393085e+01
6.091798206363749557e+01
6.061249550157964450e+01
6.056623764300940138e+01
6.063471489417479887e+01
6.045276067056673241e+01
6.043997093941560195e+01
6.026257154811405314e+01
6.035062432332498616e+01
6.030903799328114445e+01
6.091359034548116114e+01
7.532574249353608309e+01
1.015330088230913077e+02
8.513842004143079123e+01
6.917302771412404638e+01
6.467581003135676099e+01
6.427330055373656137e+01
6.373723039839494930e+01
6.258278081357882172e+01
6.129703674949779213e+01
6.071553809062213958e+01
6.047110798759673145e+01
6.034140440861288113e+01
6.034716210846055873e+01
6.026548507910547414e+01
6.018625998558890444e+01
6.023425869673779687e+01
6.020468502335706518e+01
6.001766332028955730e+01
6.002294211547513214e+01
6.011631716651086066e+01
6.008351374379445531e+01
5.994241816027644632e+01
5.972183087493831977e+01
5.983040093714956242e+01
5.997499444277425340e+01
6.002760211407478863e+01
5.977446393338537689e+01
5.993568859453424125e+01
6.030824416787210396e+01
6.022745867631235939e+01
5.977207746520861065e+01
5.961316098685475851e+01
5.984291318737417242e+01
5.985927415611425317e+01
5.955960814497469613e+01
5.969833397074746983e+01
5.964969631983414189e+01
5.969065614571829315e+01
5.950654043014228733e+01
5.963026697802155240e+01
5.967566604633423566e+01
5.973298867254029432e+01
5.955385756587347146e+01
5.957867122021923478e+01
5.925393273601001454e+01
5.948653352063167432e+01
5.977746992085150879e+01
5.957662159024539505e+01
5.956219447765894159e+01
5.919289037959200073e+01
5.938714664227975959e+01
5.912014858479822266e+01
5.925388848980355050e+01
5.917737520109393756e+01
5.965893764028918866e+01
5.928447607933722452e+01
5.914476624598641763e+01
5.902654419043237510e+01
5.921524141417906861e+01
5.895062177528745906e+01
5.909672331596679840e+01
5.900536912221230779e+01
5.900404148468767573e+01
5.915235881944939678e+01
5.895259614481813770e+01
5.891345797546696161e+01
5.907818102602942645e+01
5.934120446254890169e+01
5.933576423663440380e+01
5.893529618217766597e+01
5.888055815037608909e+01
5.893272093829001790e+01
5.873636213179401011e+01
5.868243923518983252e+01
5.897418985041789341e+01
5.883387524843070793e+01
5.863137359165848750e+01
5.889067037552345596e+01
5.912741027024493690e+01
6.324403967256418468e+01
8.052400907021164755e+01
8.106443562003018144e+01
8.664097031895278178e+01
8.148251814145852734e+01
6.781401660397969522e+01
6.222615671411964655e+01
6.039227584829374962e+01
5.973684215517558016e+01
5.950698547717560416e+01
5.927404087393930610e+01
5.911745640755979281e+01
5.896255680946496369e+01
5.891468438082736014e+01
5.871745261842332297e+01
5.869809664281704897e+01
5.885177063269898667e+01
5.860198044807687978e+01
5.878865924942603982e+01
5.859033264693080412e+01
5.863633827074838223e+01
5.864714137359307244e+01
5.836220582109750410e+01
5.855568130792933346e+01
5.835855716338192423e+01
5.838879499004706020e+01
5.863877592945701167e+01
5.849794522759491144e+01
5.833498617034404532e+01
5.850531608797395933e+01
5.832524910538369056e+01
5.826181846050042168e+01
5.858203506940282068e+01
5.833025037314255457e+01
5.821119271802528772e+01
5.806102065813777102e+01
5.799608261284137001e+01
5.797442406968556128e+01
5.813733577558407717e+01
5.812714561840126493e+01
5.805848122604618311e+01
5.819735648228607516e+01
5.795468161916980421e+01
5.812968008870376480e+01
5.790419329975522089e+01
5.784792976943098353e+01
5.790711349896967874e+01
5.774575027347916034e+01
5.815041477073836518e+01
5.802377707360719938e+01
5.784180305835076297e+01
5.824589676705537755e+01
5.782373609353894750e+01
5.786744290087458609e+01
5.798450232748006528e+01
5.791629654499341484e+01
5.773449310859295736e+01
5.782132859895085630e+01
5.841161294531074333e+01
5.818369357342157144e+01
5.801310917878162599e+01
5.771970307487407581e+01
5.774664183689449004e+01
5.759879572096360789e+01
5.749513281387418573e+01
5.781697255387369694e+01
5.776213491253600552e+01
5.776201287118236394e+01
5.761290218172531752e+01
5.747313122899237214e+01
5.732569074517564900e+01
5.743001145077429470e+01
5.739610483313452960e+01
5.768983577215166036e+01
5.715198476238550995e+01
5.724821590830485718e+01
5.719043945779683469e+01
5.708774285944714677e+01
5.710207270352601938e+01
5.731959975195319146e+01
5.734236012494531565e+01
5.732555917736599582e+01
5.716134304612091199e+01
5.725742522413496971e+01
5.732902514755716084e+01
5.736384137936946814e+01
5.718362334228653054e+01
5.739246420557032735e+01
5.746493787975131795e+01
5.769932708666161147e+01
5.748997134897234673e+01
5.734046035747302028e+01
5.782398308152175304e+01
5.756653899595424662e+01
5.724432142980580807e+01
5.710134534475401580e+01
5.711685424837143898e+01
5.706167841389823536e+01
5.698099037298865710e+01
5.697499366520231234e+01
5.714193204420836025e+01
5.699359366183036713e+01
5.719557772379556582e+01
5.697847352533210596e+01
5.678517043099581230e+01
5.688067377138106906e+01
5.700271663197430883e+01
5.709521971884385749e+01
5.709086872958938841e+01
5.692582742104929139e+01
5.682024781641353428e+01
5.679674483537549179e+01
5.677818413953462340e+01
5.652640032679475013e+01
5.708182001639039527e+01
5.765805097023678627e+01
5.725161291620892712e+01
5.704831423706276894e+01
5.683022011539660667e+01
5.684358099877160697e+01
5.712033152091139954e+01
8.309894059008217937e+01
1.571194867696681285e+02
1.313187092750008276e+02
8.769943736576384197e+01
7.919329821912650402e+01
6.855390389185684796e+01
6.825227771275743294e+01
6.188644913927188895e+01
5.953575496685530055e+01
5.854767148149836942e+01
5.813195578426142163e+01
5.786413127132973955e+01
5.786714021583516399e+01
5.739052333775893544e+01
5.736930872944172677e+01
5.705422415175464579e+01
5.715206353218776059e+01
5.737234896889285096e+01
5.718033505329479738e+01
5.692188035778213617e+01
5.691583922999587486e+01
5.669171684950344314e+01
5.668010201731829767e+01
5.660533690837999643e+01
5.652794170603085178e+01
5.651578457228163188e+01
5.660130199814386742e+01
5.645949198924663648e+01
5.667311333529950446e+01
5.647701598922940036e+01
5.674139821038079390e+01
5.664857589927235892e+01
5.666600740094331456e+01
5.645008190233996004e+01
5.628364350550328510e+01
5.639691558104411229e+01
5.621409787404947167e+01
