4.392165222167968750e+02
4.256516113281250000e+02
4.100347290039062500e+02
3.907176818847656250e+02
3.592617187500000000e+02
2.626574096679687500e+02
1.914779205322265625e+02
1.520283966064453125e+02
1.377488098144531250e+02
1.313509826660156250e+02
1.281540222167968750e+02
1.258632812500000000e+02
1.245809478759765625e+02
1.239601135253906250e+02
1.231603317260742188e+02
1.226278839111328125e+02
1.222968673706054688e+02
1.216847000122070312e+02
1.211399078369140625e+02
1.204747543334960938e+02
1.197240905761718750e+02
1.189679031372070312e+02
1.181614379882812500e+02
1.171568832397460938e+02
1.163471908569335938e+02
1.154008636474609375e+02
1.151616134643554688e+02
1.149052581787109375e+02
1.141696853637695312e+02
1.144307403564453125e+02
1.137159118652343750e+02
1.133287506103515625e+02
1.131333312988281250e+02
1.124008331298828125e+02
1.121145706176757812e+02
1.122025146484375000e+02
1.118546218872070312e+02
1.116401672363281250e+02
1.113460540771484375e+02
1.110278091430664062e+02
1.114547653198242188e+02
1.110042343139648438e+02
1.106892547607421875e+02
1.107570037841796875e+02
1.105584945678710938e+02
1.101963500976562500e+02
1.107121734619140625e+02
1.096228866577148438e+02
1.097446289062500000e+02
1.093449096679687500e+02
1.089032363891601562e+02
1.088281173706054688e+02
1.084667282104492188e+02
1.083405532836914062e+02
1.085570983886718750e+02
1.085535507202148438e+02
1.080476608276367188e+02
1.075741958618164062e+02
1.071319580078125000e+02
1.074836730957031250e+02
1.069794082641601562e+02
1.066732940673828125e+02
1.063770446777343750e+02
1.067700958251953125e+02
1.058677978515625000e+02
1.057743835449218750e+02
1.055524291992187500e+02
1.056353683471679688e+02
1.051097640991210938e+02
1.049471969604492188e+02
1.048217315673828125e+02
1.046203613281250000e+02
1.043397521972656250e+02
1.039230041503906250e+02
1.040507125854492188e+02
1.037093200683593750e+02
1.037156829833984375e+02
1.036467208862304688e+02
1.027743072509765625e+02
1.029182052612304688e+02
1.024605712890625000e+02
1.022414169311523438e+02
1.019724502563476562e+02
1.018890304565429688e+02
1.014747467041015625e+02
1.013624725341796875e+02
1.008897094726562500e+02
1.008854980468750000e+02
1.005239639282226562e+02
1.001026229858398438e+02
1.000780258178710938e+02
9.966573333740234375e+01
1.014451446533203125e+02
9.946547698974609375e+01
9.891650390625000000e+01
9.855484008789062500e+01
9.828059387207031250e+01
9.783695983886718750e+01
9.778679656982421875e+01
9.762585449218750000e+01
9.742323303222656250e+01
9.706134796142578125e+01
9.671646118164062500e+01
9.672460937500000000e+01
9.618033599853515625e+01
9.575674438476562500e+01
9.608910369873046875e+01
9.620196533203125000e+01
9.591128540039062500e+01
9.554765319824218750e+01
9.536203002929687500e+01
9.590357208251953125e+01
9.527509307861328125e+01
9.487232208251953125e+01
9.492933654785156250e+01
9.461074829101562500e+01
9.436756134033203125e+01
9.426544189453125000e+01
9.387624359130859375e+01
9.355942535400390625e+01
9.352903747558593750e+01
9.326919555664062500e+01
9.485993957519531250e+01
9.364460754394531250e+01
9.313298797607421875e+01
9.264402770996093750e+01
9.265097045898437500e+01
9.263225555419921875e+01
9.255731964111328125e+01
9.261725616455078125e+01
9.223931121826171875e+01
9.204491424560546875e+01
9.191868591308593750e+01
9.209229278564453125e+01
9.170427703857421875e+01
9.144626617431640625e+01
9.128643798828125000e+01
9.144277191162109375e+01
9.121498107910156250e+01
9.100485229492187500e+01
9.124642181396484375e+01
9.107656860351562500e+01
9.063596343994140625e+01
9.037062072753906250e+01
9.057926940917968750e+01
9.043050384521484375e+01
9.008814239501953125e+01
9.062003326416015625e+01
8.977798461914062500e+01
8.977629089355468750e+01
8.946649169921875000e+01
8.952474212646484375e+01
8.986872100830078125e+01
8.927827453613281250e+01
8.912105560302734375e+01
8.876642608642578125e+01
8.872739410400390625e+01
8.857884216308593750e+01
8.845331573486328125e+01
8.814692687988281250e+01
8.805994415283203125e+01
8.810798645019531250e+01
8.844052886962890625e+01
8.813549804687500000e+01
8.812239074707031250e+01
8.754780578613281250e+01
8.751732635498046875e+01
8.748101043701171875e+01
8.762094116210937500e+01
8.719772338867187500e+01
8.705134582519531250e+01
8.645967102050781250e+01
8.664241790771484375e+01
8.681755828857421875e+01
8.666603088378906250e+01
8.612574005126953125e+01
8.597518920898437500e+01
8.568116760253906250e+01
8.576403808593750000e+01
8.562544250488281250e+01
8.538401794433593750e+01
8.534579467773437500e+01
8.506176757812500000e+01
8.495605468750000000e+01
8.484617614746093750e+01
8.483407592773437500e+01
8.438041687011718750e+01
8.426534271240234375e+01
8.401556396484375000e+01
8.406256866455078125e+01
8.377286529541015625e+01
8.374368286132812500e+01
8.327642822265625000e+01
8.332591247558593750e+01
8.298418426513671875e+01
8.276080322265625000e+01
8.248473358154296875e+01
8.226306915283203125e+01
8.206585693359375000e+01
8.190430450439453125e+01
8.148497009277343750e+01
8.216365814208984375e+01
8.172316741943359375e+01
8.143590545654296875e+01
8.371079254150390625e+01
8.286277770996093750e+01
8.121530914306640625e+01
8.078992462158203125e+01
8.030941772460937500e+01
8.000461578369140625e+01
7.962471008300781250e+01
7.924002075195312500e+01
7.893943786621093750e+01
7.879768371582031250e+01
7.862136077880859375e+01
7.818915557861328125e+01
7.799046325683593750e+01
7.767716217041015625e+01
7.747359466552734375e+01
7.718247985839843750e+01
7.685943603515625000e+01
7.670259857177734375e+01
7.636363220214843750e+01
7.600500488281250000e+01
7.588817596435546875e+01
7.550401306152343750e+01
7.517726898193359375e+01
7.499048614501953125e+01
7.465170288085937500e+01
7.444006347656250000e+01
7.429505157470703125e+01
7.432477569580078125e+01
7.384003448486328125e+01
7.357535552978515625e+01
7.318088531494140625e+01
7.292028045654296875e+01
7.239019012451171875e+01
7.241810607910156250e+01
7.206390380859375000e+01
7.157789611816406250e+01
7.131106567382812500e+01
7.093964385986328125e+01
7.071284484863281250e+01
7.099237060546875000e+01
7.082238769531250000e+01
7.070651245117187500e+01
7.005236816406250000e+01
6.999414825439453125e+01
6.912965393066406250e+01
6.869123840332031250e+01
6.857350921630859375e+01
6.845883178710937500e+01
6.776408386230468750e+01
6.738505554199218750e+01
6.758157348632812500e+01
6.753962707519531250e+01
6.671730804443359375e+01
6.630370330810546875e+01
6.610729217529296875e+01
6.582855224609375000e+01
6.636498260498046875e+01
6.615052795410156250e+01
6.533116912841796875e+01
6.467823028564453125e+01
6.447235870361328125e+01
6.449689483642578125e+01
6.391346740722656250e+01
6.396953964233398438e+01
6.513227081298828125e+01
6.792301940917968750e+01
6.850244140625000000e+01
6.567630767822265625e+01
6.366708755493164062e+01
6.302164840698242188e+01
6.256810379028320312e+01
6.222692871093750000e+01
6.171963500976562500e+01
6.124672317504882812e+01
6.109020233154296875e+01
6.083522796630859375e+01
6.084200286865234375e+01
6.062372589111328125e+01
5.976830673217773438e+01
5.943039321899414062e+01
5.914039611816406250e+01
5.906047439575195312e+01
5.860911941528320312e+01
5.805847167968750000e+01
5.796176910400390625e+01
5.774047088623046875e+01
5.734647369384765625e+01
5.699107742309570312e+01
5.658005523681640625e+01
5.627017974853515625e+01
5.604412078857421875e+01
5.586099624633789062e+01
5.545750427246093750e+01
5.550495910644531250e+01
5.541689682006835938e+01
5.565446090698242188e+01
5.592533111572265625e+01
5.518327331542968750e+01
5.469861984252929688e+01
5.415499496459960938e+01
5.381944274902343750e+01
5.369984054565429688e+01
5.325080871582031250e+01
5.299777984619140625e+01
5.275198364257812500e+01
5.225201416015625000e+01
5.227898025512695312e+01
5.203137969970703125e+01
5.173374176025390625e+01
5.156906509399414062e+01
5.162912368774414062e+01
5.108897781372070312e+01
5.092943572998046875e+01
5.057841873168945312e+01
5.092741394042968750e+01
5.075723648071289062e+01
5.098493194580078125e+01
5.018703460693359375e+01
5.051994705200195312e+01
5.018488311767578125e+01
4.963481903076171875e+01
4.921485900878906250e+01
4.921407699584960938e+01
4.902806091308593750e+01
4.875312042236328125e+01
4.856035232543945312e+01
4.828014755249023438e+01
4.801549148559570312e+01
4.800000762939453125e+01
4.788700485229492188e+01
4.768480682373046875e+01
4.739059448242187500e+01
4.746545028686523438e+01
4.762625885009765625e+01
4.697821044921875000e+01
4.677685546875000000e+01
4.669609451293945312e+01
4.669364166259765625e+01
4.625393676757812500e+01
4.633155059814453125e+01
4.625005722045898438e+01
4.600088119506835938e+01
4.587254333496093750e+01
4.557278442382812500e+01
4.576034927368164062e+01
4.560297775268554688e+01
4.534523010253906250e+01
4.504973983764648438e+01
4.494926452636718750e+01
4.492059707641601562e+01
4.483654785156250000e+01
4.447237396240234375e+01
4.440584182739257812e+01
4.460280990600585938e+01
4.441245269775390625e+01
4.451476669311523438e+01
4.427268981933593750e+01
4.422373199462890625e+01
4.409812545776367188e+01
4.371662139892578125e+01
4.389912796020507812e+01
4.397351837158203125e+01
4.385273361206054688e+01
4.334931945800781250e+01
4.328831481933593750e+01
4.321533966064453125e+01
4.322738647460937500e+01
4.294915771484375000e+01
4.294113159179687500e+01
4.273102188110351562e+01
4.315716934204101562e+01
4.281766128540039062e+01
4.262264251708984375e+01
4.261895751953125000e+01
4.237912368774414062e+01
4.263504028320312500e+01
4.244155502319335938e+01
4.228975677490234375e+01
4.213288497924804688e+01
4.201106262207031250e+01
4.169976806640625000e+01
4.185516357421875000e+01
4.184777832031250000e+01
4.149327850341796875e+01
4.143581008911132812e+01
4.125918197631835938e+01
4.143074035644531250e+01
4.115904235839843750e+01
4.126250457763671875e+01
4.098651504516601562e+01
4.082213973999023438e+01
4.090907669067382812e+01
4.082614898681640625e+01
4.094711303710937500e+01
4.087519454956054688e+01
4.053916931152343750e+01
4.087962722778320312e+01
4.056356811523437500e+01
4.046441650390625000e+01
4.032772064208984375e+01
4.024453353881835938e+01
4.025643539428710938e+01
4.026562500000000000e+01
4.019204330444335938e+01
4.008793258666992188e+01
4.002946472167968750e+01
3.974774932861328125e+01
3.988925933837890625e+01
3.967832183837890625e+01
3.992668914794921875e+01
3.967578887939453125e+01
3.941116714477539062e+01
3.916118240356445312e+01
3.926239395141601562e+01
3.936221694946289062e+01
3.958803176879882812e+01
3.935041046142578125e+01
3.878397369384765625e+01
3.869669723510742188e+01
3.852316284179687500e+01
3.840866088867187500e+01
3.843157196044921875e+01
3.849117660522460938e+01
3.830236053466796875e+01
3.851855468750000000e+01
3.839863204956054688e+01
3.824576568603515625e+01
3.798863601684570312e+01
3.791909408569335938e+01
3.789361572265625000e+01
3.802692794799804688e+01
3.773582458496093750e+01
3.773738479614257812e+01
3.774917602539062500e+01
3.767940139770507812e+01
3.740385055541992188e+01
3.749670028686523438e+01
3.729601669311523438e+01
3.743276977539062500e+01
3.748645401000976562e+01
3.772094726562500000e+01
3.740774154663085938e+01
3.754857635498046875e+01
3.740528869628906250e+01
3.740732955932617188e+01
3.708748245239257812e+01
3.750930786132812500e+01
3.740884399414062500e+01
3.706225967407226562e+01
3.689374923706054688e+01
3.682953643798828125e+01
3.662639236450195312e+01
3.663012695312500000e+01
3.643806838989257812e+01
3.647818756103515625e+01
3.660371017456054688e+01
3.643238830566406250e+01
3.632075881958007812e+01
3.630011367797851562e+01
3.614900207519531250e+01
3.626430511474609375e+01
3.611961364746093750e+01
3.599026107788085938e+01
3.630342864990234375e+01
3.614762878417968750e+01
3.595233154296875000e+01
3.584006881713867188e+01
3.594233703613281250e+01
3.584114456176757812e+01
3.569476318359375000e+01
3.556775665283203125e+01
3.570825576782226562e+01
3.576192474365234375e+01
3.568964385986328125e+01
3.557240295410156250e+01
3.571012115478515625e+01
3.571457672119140625e+01
3.558940887451171875e+01
3.563460922241210938e+01
3.558256912231445312e+01
3.558108901977539062e+01
3.531028747558593750e+01
3.513661193847656250e+01
3.510338592529296875e+01
3.509487915039062500e+01
3.513829803466796875e+01
3.527625274658203125e+01
3.503902435302734375e+01
3.500528717041015625e+01
3.494657135009765625e+01
3.493162536621093750e+01
3.497573471069335938e+01
3.482164001464843750e+01
3.506827926635742188e+01
3.491530990600585938e+01
3.476948547363281250e+01
3.502495956420898438e+01
3.503481292724609375e+01
3.455422973632812500e+01
3.464203262329101562e+01
3.443637847900390625e+01
3.458535385131835938e+01
3.496595001220703125e+01
3.472475814819335938e+01
3.477761077880859375e+01
3.448645782470703125e+01
3.435931777954101562e+01
3.461927413940429688e+01
3.501712799072265625e+01
3.576388549804687500e+01
3.639979934692382812e+01
3.466813278198242188e+01
3.450921630859375000e+01
3.425965118408203125e+01
3.429707336425781250e+01
3.431289672851562500e+01
3.407456970214843750e+01
3.393614196777343750e+01
3.407405471801757812e+01
3.393325805664062500e+01
3.406975936889648438e+01
3.430467224121093750e+01
3.427685928344726562e+01
3.404862213134765625e+01
3.392744445800781250e+01
3.380519485473632812e+01
3.378661346435546875e+01
3.376985168457031250e+01
3.378811264038085938e+01
3.378043365478515625e+01
3.360974121093750000e+01
3.354900741577148438e+01
3.358460617065429688e+01
3.366318893432617188e+01
3.348192214965820312e+01
3.336157608032226562e+01
3.332621765136718750e+01
3.329715347290039062e+01
3.341120910644531250e+01
3.320199966430664062e+01
3.359849166870117188e+01
3.370436096191406250e+01
3.363520050048828125e+01
3.326770782470703125e+01
3.330488586425781250e+01
3.311418914794921875e+01
3.324404525756835938e+01
3.314260864257812500e+01
3.294676589965820312e+01
3.300317764282226562e+01
3.314628219604492188e+01
3.298287582397460938e+01
3.285488510131835938e+01
3.292827987670898438e+01
3.296209335327148438e+01
3.303025817871093750e+01
3.268532943725585938e+01
3.284562683105468750e+01
3.294093322753906250e+01
3.271428298950195312e+01
3.274436187744140625e+01
3.292818069458007812e+01
3.280475616455078125e+01
3.270819091796875000e+01
3.261877059936523438e+01
3.303370666503906250e+01
3.271091079711914062e+01
3.278554534912109375e+01
3.265840148925781250e+01
3.258564758300781250e+01
3.280769348144531250e+01
3.263457107543945312e+01
3.249946975708007812e+01
3.250341796875000000e+01
3.246350479125976562e+01
3.227815246582031250e+01
3.227711105346679688e+01
3.245378494262695312e+01
3.227299880981445312e+01
3.224502944946289062e+01
3.220553970336914062e+01
3.207123565673828125e+01
3.228774261474609375e+01
3.227162170410156250e+01
3.235248184204101562e+01
3.215340042114257812e+01
3.215883636474609375e+01
3.217392349243164062e+01
3.218223953247070312e+01
3.225872421264648438e+01
3.216449356079101562e+01
3.218983840942382812e+01
3.197896766662597656e+01
3.191373443603515625e+01
3.206270599365234375e+01
3.239398956298828125e+01
3.224990844726562500e+01
3.210354995727539062e+01
3.209883117675781250e+01
3.210043334960937500e+01
3.189039611816406250e+01
3.182767486572265625e+01
3.223152923583984375e+01
3.226546478271484375e+01
3.202391815185546875e+01
3.196527481079101562e+01
3.185314369201660156e+01
3.169484710693359375e+01
3.186914825439453125e+01
3.152175521850585938e+01
3.160184669494628906e+01
3.154001426696777344e+01
3.153492355346679688e+01
3.152008819580078125e+01
3.145599746704101562e+01
3.151346969604492188e+01
3.135382270812988281e+01
3.175272178649902344e+01
3.158448982238769531e+01
3.187900543212890625e+01
3.293009185791015625e+01
3.369750976562500000e+01
3.424813461303710938e+01
4.127681732177734375e+01
4.876195144653320312e+01
5.484000396728515625e+01
4.815612030029296875e+01
4.146090316772460938e+01
4.035751724243164062e+01
3.817026138305664062e+01
3.633758163452148438e+01
3.463322830200195312e+01
3.369122314453125000e+01
3.322281265258789062e+01
3.290904617309570312e+01
3.267463302612304688e+01
3.250700759887695312e+01
3.228697204589843750e+01
3.210254287719726562e+01
3.213927078247070312e+01
3.215097808837890625e+01
3.215653228759765625e+01
3.179715347290039062e+01
3.178602409362792969e+01
3.167997169494628906e+01
3.159034919738769531e+01
3.147076988220214844e+01
3.156015586853027344e+01
3.133479499816894531e+01
3.116439056396484375e+01
3.126040267944335938e+01
3.119360733032226562e+01
3.099710845947265625e+01
3.103437042236328125e+01
3.102845764160156250e+01
3.099282646179199219e+01
3.096046829223632812e+01
3.093391418457031250e+01
3.085495758056640625e+01
3.091328239440917969e+01
3.081011009216308594e+01
3.076211929321289062e+01
3.080122566223144531e+01
3.077089691162109375e+01
3.063721466064453125e+01
3.070100784301757812e+01
3.083338737487792969e+01
3.070332336425781250e+01
3.059784889221191406e+01
3.055524826049804688e+01
3.057017135620117188e+01
3.047928810119628906e+01
3.059841918945312500e+01
3.037054824829101562e+01
3.047013092041015625e+01
3.046474075317382812e+01
3.050281906127929688e+01
3.053416442871093750e+01
3.039459419250488281e+01
3.034509849548339844e+01
3.043093109130859375e+01
3.026678466796875000e+01
3.025741577148437500e+01
3.016762924194335938e+01
3.008572387695312500e+01
3.021860885620117188e+01
3.024364280700683594e+01
3.035261154174804688e+01
3.021309852600097656e+01
3.012412452697753906e+01
3.001143836975097656e+01
3.005821418762207031e+01
3.000030708312988281e+01
2.994797706604003906e+01
3.000559806823730469e+01
2.987751579284667969e+01
2.999043273925781250e+01
2.992129135131835938e+01
2.999505424499511719e+01
2.982473754882812500e+01
2.986644744873046875e+01
2.985454368591308594e+01
3.011468505859375000e+01
2.995585632324218750e+01
2.987280845642089844e+01
2.974412536621093750e+01
2.966778945922851562e+01
2.977985000610351562e+01
2.966145706176757812e+01
2.970682525634765625e+01
2.967109107971191406e+01
2.988944816589355469e+01
2.990633773803710938e+01
2.985297012329101562e+01
2.965223884582519531e+01
2.960425949096679688e+01
2.949390220642089844e+01
2.960670471191406250e+01
2.960484123229980469e+01
2.965757369995117188e+01
2.952411270141601562e+01
2.954612922668457031e+01
2.941747093200683594e+01
2.942142486572265625e+01
2.953521156311035156e+01
2.954336547851562500e+01
2.941847991943359375e+01
2.941919708251953125e+01
2.927022552490234375e+01
2.944935226440429688e+01
2.945681953430175781e+01
2.940972328186035156e+01
2.937491416931152344e+01
2.936501693725585938e+01
2.921994400024414062e+01
2.925244522094726562e+01
2.917399215698242188e+01
2.934177589416503906e+01
2.920940017700195312e+01
2.910900497436523438e+01
2.920061111450195312e+01
2.927523994445800781e+01
2.930250167846679688e+01
2.910350608825683594e+01
2.911474227905273438e+01
2.917599868774414062e+01
2.910964775085449219e+01
2.912119102478027344e+01
2.909245300292968750e+01
2.918654632568359375e+01
2.903060150146484375e+01
2.908728027343750000e+01
2.900853538513183594e+01
2.888182449340820312e+01
2.892377662658691406e+01
2.897070693969726562e+01
2.889997863769531250e+01
2.881322669982910156e+01
2.896668624877929688e+01
2.881027412414550781e+01
2.886578750610351562e+01
2.878942489624023438e+01
2.886695480346679688e+01
2.888990402221679688e+01
2.891259002685546875e+01
2.881349372863769531e+01
2.864984512329101562e+01
2.871903228759765625e+01
2.863703346252441406e+01
2.867693710327148438e+01
2.877325057983398438e+01
2.861772346496582031e+01
2.859494400024414062e+01
2.865640640258789062e+01
2.870142173767089844e+01
2.858725929260253906e+01
2.858432006835937500e+01
2.852121543884277344e+01
2.847621536254882812e+01
2.851048088073730469e+01
2.861450195312500000e+01
2.879924011230468750e+01
2.861978721618652344e+01
2.840755844116210938e+01
2.842832756042480469e+01
2.828315162658691406e+01
2.843114471435546875e+01
2.845166969299316406e+01
2.869383430480957031e+01
2.896114921569824219e+01
2.868162536621093750e+01
2.838872909545898438e+01
2.833652877807617188e+01
2.828727912902832031e+01
2.839306831359863281e+01
2.827899360656738281e+01
2.821156883239746094e+01
2.830272102355957031e+01
2.832826614379882812e+01
2.840846633911132812e+01
2.871098327636718750e+01
2.848775100708007812e+01
2.860124206542968750e+01
2.846369743347167969e+01
2.840771102905273438e+01
2.826250648498535156e+01
2.819538879394531250e+01
2.821238899230957031e+01
2.814498519897460938e+01
2.797711372375488281e+01
2.800982666015625000e+01
2.799604988098144531e+01
2.787651062011718750e+01
2.796989822387695312e+01
2.806560134887695312e+01
2.804266548156738281e+01
2.797861289978027344e+01
2.799172592163085938e+01
2.791423416137695312e+01
2.793233489990234375e+01
2.805290031433105469e+01
2.796596145629882812e+01
2.800235366821289062e+01
2.802853393554687500e+01
2.792041778564453125e+01
2.776429367065429688e+01
2.783272552490234375e+01
2.781812667846679688e+01
2.785978698730468750e+01
2.789583206176757812e+01
2.795264434814453125e+01
2.781695365905761719e+01
2.766039657592773438e+01
2.773408508300781250e+01
2.764640045166015625e+01
2.761345863342285156e+01
2.767127990722656250e+01
2.797418212890625000e+01
2.763909149169921875e+01
2.781827926635742188e+01
2.770766067504882812e+01
2.774007606506347656e+01
2.767111015319824219e+01
2.759664535522460938e+01
2.756159591674804688e+01
2.760607719421386719e+01
2.750930213928222656e+01
2.749457550048828125e+01
2.753425979614257812e+01
2.760905075073242188e+01
2.770856285095214844e+01
2.791713523864746094e+01
2.782941246032714844e+01
2.761656188964843750e+01
2.763911056518554688e+01
2.750744247436523438e+01
2.757073593139648438e+01
2.739995193481445312e+01
2.734283638000488281e+01
2.752175903320312500e+01
2.743103981018066406e+01
2.758733177185058594e+01
2.748200607299804688e+01
2.767928314208984375e+01
2.770090484619140625e+01
2.757073402404785156e+01
2.739089965820312500e+01
2.744453811645507812e+01
2.746480941772460938e+01
2.733405876159667969e+01
2.737703323364257812e+01
2.741366195678710938e+01
2.748355102539062500e+01
2.742016792297363281e+01
2.715160751342773438e+01
2.726427078247070312e+01
2.729466056823730469e+01
2.714856338500976562e+01
2.730679702758789062e+01
2.736925315856933594e+01
2.736722946166992188e+01
2.735938835144042969e+01
2.725788879394531250e+01
2.753212356567382812e+01
2.769482231140136719e+01
2.743999862670898438e+01
2.749195098876953125e+01
2.720763015747070312e+01
2.723249626159667969e+01
2.722198104858398438e+01
2.717849349975585938e+01
2.706314086914062500e+01
2.705113983154296875e+01
2.703404998779296875e+01
2.700125122070312500e+01
2.699229240417480469e+01
2.712207031250000000e+01
2.709396743774414062e+01
2.696512413024902344e+01
2.706949806213378906e+01
2.689647483825683594e+01
2.690808677673339844e+01
2.694368362426757812e+01
2.678849220275878906e+01
2.674978637695312500e+01
2.670452308654785156e+01
2.691521644592285156e+01
2.692723655700683594e+01
2.701123046875000000e+01
2.694237899780273438e+01
2.691388320922851562e+01
2.696957206726074219e+01
2.674282646179199219e+01
2.685490417480468750e+01
2.686356735229492188e+01
2.691759872436523438e+01
2.700451278686523438e+01
2.682430076599121094e+01
2.680323982238769531e+01
2.674061775207519531e+01
2.691848754882812500e+01
2.683981513977050781e+01
2.688193893432617188e+01
2.681595039367675781e+01
2.668156433105468750e+01
2.675396347045898438e+01
2.687156677246093750e+01
2.681234550476074219e+01
2.667210006713867188e+01
2.667451858520507812e+01
2.666528701782226562e+01
2.667071342468261719e+01
2.667055320739746094e+01
2.649238204956054688e+01
2.654922866821289062e+01
2.675776100158691406e+01
2.666702651977539062e+01
2.664001846313476562e+01
2.650557708740234375e+01
2.663712501525878906e+01
2.668166351318359375e+01
2.685519790649414062e+01
2.696386146545410156e+01
2.672834968566894531e+01
2.669904899597167969e+01
2.665740013122558594e+01
2.680299186706542969e+01
2.657203292846679688e+01
2.641233634948730469e+01
2.646271514892578125e+01
2.645354843139648438e+01
2.644977951049804688e+01
2.665343856811523438e+01
2.683772850036621094e+01
2.670184898376464844e+01
2.642077636718750000e+01
2.648362922668457031e+01
2.662494659423828125e+01
2.666318321228027344e+01
2.692704010009765625e+01
2.645293045043945312e+01
2.626224136352539062e+01
2.636158561706542969e+01
2.640932655334472656e+01
2.637483406066894531e+01
2.634058189392089844e+01
2.650112724304199219e+01
2.634039115905761719e+01
2.638303947448730469e+01
2.621765518188476562e+01
2.630485153198242188e+01
2.616020584106445312e+01
2.615855407714843750e+01
2.598769760131835938e+01
2.602295684814453125e+01
2.604426765441894531e+01
2.611374855041503906e+01
2.607728958129882812e+01
2.608312225341796875e+01
2.600647354125976562e+01
2.598532676696777344e+01
2.621040725708007812e+01
2.586415863037109375e+01
2.596390533447265625e+01
2.588775253295898438e+01
2.595352745056152344e+01
2.596479415893554688e+01
2.599733734130859375e+01
2.596184158325195312e+01
2.586867523193359375e+01
2.600180625915527344e+01
2.586080741882324219e+01
2.581243324279785156e+01
2.588516044616699219e+01
2.597612762451171875e+01
2.589882469177246094e+01
