1.807653633980953600e+02
1.732834418247803114e+02
1.574653642637422308e+02
1.250567685851128772e+02
9.752678440534509718e+01
8.481671011005528271e+01
8.036966550629585981e+01
7.899706642515957355e+01
7.781030630040913820e+01
7.723879358731210232e+01
7.654781208187341690e+01
7.607639397215098143e+01
7.569719820143654943e+01
7.466201220126822591e+01
7.374141825037077069e+01
7.220204330328851938e+01
7.022618879238143563e+01
6.761998044839128852e+01
6.413618629286065698e+01
5.928091099765151739e+01
5.387151022022590041e+01
4.664990937220863998e+01
4.015487468987703323e+01
3.376555843348614872e+01
2.882770672265905887e+01
2.533279232238419354e+01
2.258582174254115671e+01
2.155026085692225024e+01
2.044059948717767838e+01
1.936264960106927902e+01
1.909284052561270073e+01
1.897011529781593708e+01
1.811003036239344510e+01
1.783532714464672608e+01
1.751806482946994947e+01
1.743199649286907515e+01
1.767202764715329977e+01
1.727275688085137517e+01
1.753539048171660397e+01
1.703608590373551124e+01
1.703716192604042590e+01
1.666563657594087999e+01
1.704214155909903639e+01
1.677263236101862276e+01
1.667076460704993224e+01
1.637751474695141951e+01
1.618018829068205378e+01
1.612214419190968329e+01
1.593767834090431279e+01
1.597889876142653520e+01
1.601252570569886302e+01
1.586313244021630453e+01
1.694336612675215292e+01
1.782673791972547406e+01
1.713774438320979243e+01
1.747539264529405045e+01
1.560379686841224611e+01
1.520434668233247066e+01
1.559128273568694567e+01
1.525440341181456461e+01
1.554548663844616385e+01
1.503343759991184925e+01
1.614168869487457414e+01
1.690072266469724127e+01
1.513700473534117918e+01
1.505492078260704147e+01
1.475934500532002858e+01
1.473468838704843620e+01
1.455087134663699544e+01
1.478374909265130555e+01
1.462437195793245337e+01
1.485203392676817202e+01
1.447856096311079455e+01
1.461031535907932266e+01
1.447152332756331816e+01
1.393319114285895921e+01
1.409369989758897646e+01
1.490534675860135394e+01
1.486741623974057802e+01
1.478560136208511722e+01
1.356595882599958713e+01
1.346240484159875450e+01
1.336233394774376393e+01
1.336177683175208131e+01
1.301231771023981310e+01
1.356426255542078252e+01
1.303125755515645778e+01
1.283413749825490413e+01
1.313762516748789722e+01
1.387687133833807707e+01
1.269624287060446477e+01
1.231060375223984238e+01
1.270848717672549810e+01
1.223723168181123810e+01
1.193970125492305101e+01
1.188774498835019244e+01
1.322672553133969586e+01
1.260568219725072936e+01
1.158582252430949211e+01
1.148366003229503463e+01
1.153590425875633230e+01
1.344088314160566711e+01
1.169004582997007446e+01
1.192330788204785108e+01
1.115856759208840288e+01
1.086889693898991993e+01
1.196266892189490250e+01
1.089611373111927151e+01
1.067381332311258291e+01
1.100668528279362590e+01
1.145075474767588730e+01
1.068421231262252036e+01
1.056656286439940118e+01
1.038026764344024855e+01
1.026550044877838275e+01
1.052625364444604372e+01
1.128130665633329954e+01
1.016524489297947298e+01
1.001238502510796025e+01
1.019513113024709128e+01
1.069557297680142938e+01
9.974846419838570455e+00
1.122071029447499768e+01
1.046328160891313530e+01
1.005858132133576532e+01
9.709277495075127717e+00
1.016233170588684231e+01
9.958491694815236883e+00
1.060381285174332788e+01
1.022492595806745896e+01
9.576104231790907306e+00
9.229155787239690767e+00
9.132769020197521570e+00
9.262632518716699792e+00
1.057991299785463468e+01
1.068960804927942831e+01
9.649525051720374336e+00
9.694819469476541940e+00
9.483744173402591571e+00
8.765593350319697663e+00
8.781177820423287983e+00
8.735176592712399213e+00
8.835516488577880523e+00
8.795437026126734281e+00
9.118047887049200995e+00
8.619386340775804456e+00
8.449619739126106310e+00
8.709884766830725766e+00
8.564230525634357605e+00
8.641247066406521071e+00
8.309900974161784859e+00
8.789966697944954888e+00
8.294851384940486128e+00
8.410423106517420422e+00
8.280321444207288550e+00
8.555359045365918291e+00
8.411461535305740256e+00
8.400775632002400073e+00
8.134120423248397458e+00
8.238312201069845742e+00
8.403606287699162181e+00
8.375030605335119560e+00
8.203844060933647597e+00
7.926992133474307423e+00
8.073204896732100622e+00
8.109845588965512775e+00
7.944016085267215033e+00
7.898241512996179381e+00
7.937152239819880606e+00
7.987590053853715233e+00
7.787610395583037359e+00
9.414033855225305558e+00
1.084045597297386365e+01
1.211759777565620055e+01
8.475393241187219928e+00
8.365780595723109059e+00
8.101838721422716105e+00
7.952552031267956067e+00
7.937362554841328688e+00
7.822552660263795588e+00
7.762034276397123733e+00
7.636201562178698055e+00
7.679753248183509129e+00
7.537895832953410036e+00
7.686433382481482113e+00
7.557925903424411729e+00
7.498868363474898047e+00
7.504854916295137457e+00
7.488950125542302771e+00
7.491503473176628347e+00
7.501425413740513193e+00
7.353187212131857109e+00
7.340776792054235500e+00
7.457481553292325316e+00
7.385070944148452554e+00
7.887037949408586712e+00
7.755217234499561130e+00
8.221364627208473053e+00
1.156957486588075312e+01
8.166552515665784995e+00
7.492132185873998651e+00
7.396083416891769957e+00
7.280622160195079573e+00
7.198505851425032631e+00
7.201482855284972118e+00
7.285214013111271925e+00
7.402494832853676598e+00
7.115839191004624809e+00
7.100818059991958364e+00
7.055174446817510159e+00
7.075873523933871923e+00
7.027942919443930236e+00
7.153787910325263510e+00
7.131838459360430704e+00
6.972394358660757518e+00
7.026610935693952342e+00
7.008685262317300158e+00
6.899897337773225559e+00
6.886517511426440308e+00
6.832510875479876233e+00
6.744482907725952714e+00
6.723049130041843569e+00
6.772869986394610464e+00
6.540176787814424131e+00
6.557669718044024876e+00
7.140418298091404381e+00
9.888836794551565390e+00
8.350918385929489318e+00
7.073944388467886313e+00
6.238911265194623468e+00
6.433853038470218166e+00
6.529164506104422117e+00
5.948244629062926947e+00
5.673007679395091429e+00
5.707237913084654224e+00
5.577561597121174941e+00
5.756489438190740771e+00
5.641512064942162397e+00
5.458368836343680641e+00
5.349543565979963944e+00
5.307241114614015487e+00
5.255300223376295321e+00
5.209448858302643259e+00
5.223566031695611400e+00
5.236421052516803343e+00
5.362481944008095525e+00
5.255534194584029706e+00
5.102873221027422801e+00
5.026255454710636172e+00
5.007896274407627857e+00
5.050351360160817649e+00
5.159742475783730242e+00
5.056161787904500216e+00
5.043720109049779410e+00
5.207159217988447608e+00
4.996901889807105590e+00
4.909445122664322980e+00
4.925562386544896754e+00
5.018433817167846200e+00
4.988327908928859244e+00
4.884851469289898773e+00
4.830731382736509261e+00
4.936123479226303346e+00
4.856895978365500355e+00
4.861963707401066870e+00
4.878738569299784444e+00
4.807924517455667512e+00
4.821217074593867835e+00
5.071606418249494652e+00
5.112948088186740847e+00
4.845797296653813646e+00
4.744779745496607859e+00
4.930825335886517280e+00
4.982373346901631805e+00
4.834950518089314642e+00
4.808547725839957820e+00
4.770954573966676548e+00
4.719139765235453865e+00
4.699528487691708278e+00
4.715018212521009389e+00
4.687468121591699344e+00
4.695909091524868018e+00
4.770520713084913211e+00
4.708454601310904764e+00
4.685368060201881235e+00
4.681236715052811803e+00
4.722275974817179645e+00
4.678189998838469421e+00
4.663941681532293160e+00
4.688690667946325163e+00
4.678533064289624122e+00
4.664817183393232369e+00
4.668491479002966571e+00
4.645495741806563217e+00
4.650908882058708116e+00
4.621569186107151950e+00
4.625687575384702654e+00
4.664353461216975916e+00
4.648335758974894816e+00
4.666017228827087138e+00
4.633903891534174591e+00
4.600011112316053641e+00
4.667305346461176896e+00
4.796408519060506137e+00
4.692182422885217363e+00
4.622658345672888913e+00
4.553277881260868298e+00
4.557807031650234819e+00
4.565823415173646538e+00
4.551348752431053413e+00
4.579011076953236170e+00
4.544937962284350874e+00
4.525736341369565707e+00
4.575525984008422142e+00
4.566819870196390241e+00
4.545385057220457270e+00
4.566272436851576799e+00
4.595226920072292387e+00
4.554901670076276332e+00
4.565125771713809399e+00
4.592923900864619213e+00
6.346484558834362133e+00
9.838755530747960165e+00
7.045155955184092988e+00
8.518030612076188390e+00
9.118817328959664792e+00
5.723048820316193996e+00
4.879611069480674246e+00
4.528373865051271707e+00
4.479370800927242158e+00
4.474699497117008207e+00
4.469634475101862847e+00
4.457506120798853999e+00
4.438071497520262199e+00
4.461794696738635935e+00
4.447061200371614120e+00
4.445905819192319086e+00
4.420398201468515254e+00
4.434330404070017551e+00
4.424966691484698345e+00
4.425645309499557811e+00
4.408863919251693630e+00
4.449892254079180987e+00
4.413669375345783408e+00
4.404140228563981907e+00
4.395484247415545553e+00
4.397161774863540984e+00
4.411610448659203598e+00
4.382908993783679819e+00
4.375822934968567779e+00
4.364506373777004455e+00
4.363777890134784343e+00
4.385153810657833162e+00
4.363456345514222789e+00
4.353529349244801949e+00
4.357820482045994481e+00
4.327842107303418118e+00
4.318481293812197919e+00
4.336279216660543057e+00
4.326325964499268650e+00
4.326334234848076221e+00
4.308030030458340320e+00
4.309549081400362525e+00
4.297271734429536139e+00
4.308696869646794880e+00
4.278035981909397378e+00
4.303855690425976377e+00
4.294227079972351646e+00
4.302203967146645880e+00
4.276367270566822754e+00
4.256632436520632723e+00
4.267857693363005467e+00
4.288325426479389080e+00
4.317888332086063485e+00
4.263963603037488781e+00
4.264518729928227003e+00
4.339918884452352188e+00
4.233541735085012192e+00
4.230874634214472962e+00
4.220738661085214005e+00
4.229838249001431905e+00
4.205296216641173146e+00
4.200290788339948733e+00
4.175490799828125432e+00
4.171349259083825700e+00
4.161041745397881186e+00
4.167700289475170905e+00
4.172055128428404203e+00
4.156683699267070153e+00
4.134251717614290556e+00
4.143863617224816664e+00
4.125062579808570717e+00
4.148793677485990372e+00
4.164527171499308622e+00
4.218513884204561748e+00
4.185960402997359608e+00
4.127153435088224853e+00
4.191918040565653314e+00
4.443673337656846911e+00
4.179465236209651380e+00
4.160440398722556665e+00
4.047618105795834254e+00
4.034644441981470209e+00
4.064280051601038224e+00
4.010644235983534145e+00
4.032194766958966170e+00
3.999378542462750374e+00
4.005725788999157544e+00
4.007213096373725136e+00
4.026977108794007165e+00
5.426398996966163679e+00
1.063771452055411260e+01
1.286132291002707007e+01
7.496379346024454549e+00
5.378290707027275630e+00
6.868122658409966164e+00
8.222497925935655871e+00
6.055098365354183443e+00
8.830699120672228730e+00
1.218813318196777118e+01
6.870350096198741596e+00
4.994746284787908053e+00
4.277784412481004495e+00
4.233046112347523149e+00
4.199998402398307462e+00
4.180563311531756199e+00
4.152564067896335587e+00
4.110207150230465345e+00
4.082833745972784811e+00
4.072342778518958539e+00
4.046489441715870328e+00
4.034561743306959158e+00
4.037675459894451535e+00
4.021852791026439888e+00
4.003330956898786042e+00
3.983860491214073818e+00
3.984818660848134186e+00
3.998714657527258964e+00
3.967376590846264151e+00
3.956243064817400068e+00
3.941697590898733949e+00
3.929025870399883047e+00
3.910809523867690984e+00
3.914437259035842942e+00
3.909969386639069455e+00
3.890893233950805552e+00
3.876169894873214616e+00
3.861732615402722502e+00
3.861600320464830816e+00
3.857280883318047415e+00
3.882131484977726643e+00
3.859488294554154209e+00
3.841291878196933851e+00
3.823265280699182256e+00
3.807242575972395571e+00
3.816970459553928663e+00
3.810013828110299983e+00
3.774988894741284184e+00
3.841020374440375917e+00
3.837213033074171165e+00
3.781459982149272037e+00
3.736188872839093733e+00
3.736147622461892581e+00
3.740178824798618962e+00
3.713741367893042877e+00
3.713322027319492236e+00
3.757949794721596959e+00
3.754217299334584368e+00
3.713501544885694727e+00
3.698552703402391728e+00
3.700143340401453429e+00
3.617168753136873249e+00
3.629107575114403517e+00
3.623880864582034178e+00
3.696767312267240868e+00
3.626501477327117584e+00
3.588420012412981919e+00
3.540945886928916764e+00
3.560959980719623275e+00
3.539807464373687651e+00
3.537741637683730289e+00
3.798776345465718407e+00
3.928622674940442039e+00
3.636468692111819223e+00
3.927435135401708521e+00
4.156758280529025740e+00
5.231820286208431980e+00
5.657439287927289229e+00
5.679429469033998146e+00
5.281000488981142382e+00
3.849464215285046009e+00
3.712576190521936326e+00
3.579080265903940017e+00
3.430529414695556056e+00
3.414328691279663985e+00
3.452988426703413438e+00
4.701719080830699227e+00
3.839655758419034726e+00
4.343253266308344962e+00
3.569115680108609467e+00
3.339894756012462551e+00
3.302052686869735965e+00
3.308748927176111465e+00
3.327288990110346845e+00
3.438740280548394423e+00
3.544370663016138678e+00
3.300892780305147767e+00
3.334729966583743987e+00
3.298048769788366030e+00
3.263005110029638445e+00
3.153957965413297870e+00
3.140754882266797665e+00
3.183464775768577226e+00
3.245147280554398606e+00
3.317469908679079538e+00
3.283344555165015777e+00
3.446229619039407055e+00
3.384836554979671064e+00
3.317428324579992704e+00
3.601709348377873710e+00
3.453216573686752611e+00
5.514489135036164669e+00
1.181645629677723264e+01
7.943043638244297711e+00
5.353579187468618272e+00
3.724104266159088183e+00
3.194041270113125108e+00
2.984630514968849013e+00
2.974950677787290942e+00
2.986886518731324713e+00
3.068388954431490845e+00
2.913978863791534479e+00
2.849497085160344056e+00
2.853580558254961375e+00
2.821039747166864231e+00
2.775322193106788404e+00
2.758392921894234462e+00
2.636107974974656543e+00
2.485618555048297651e+00
2.476611315762816901e+00
2.318609580317868790e+00
2.334503272741280000e+00
2.259253348249217197e+00
2.595483085542014123e+00
2.628980638071496401e+00
2.869014362011647279e+00
2.531530510676901713e+00
2.394131749732167691e+00
2.130754970488389688e+00
2.150403344844924902e+00
2.222712783481313181e+00
2.698333496060158154e+00
2.843944039892193132e+00
3.014138758510625848e+00
3.334026192099891261e+00
2.528095122548521090e+00
1.987297536901024841e+00
1.989645372548849878e+00
1.909180605958482602e+00
1.921044901886745038e+00
1.941421984808556545e+00
1.887666320994490832e+00
1.871016195083115008e+00
1.860080614679574751e+00
1.794343153208941999e+00
1.873239141230918392e+00
1.787501553899737416e+00
1.758589555663064630e+00
1.796743519823394308e+00
1.759910026510304704e+00
1.758401116719277013e+00
1.731771317136626465e+00
1.758855602492729986e+00
1.827738208169030543e+00
1.735078420966466695e+00
1.703506369069756943e+00
1.676876467754780720e+00
1.724972105074279227e+00
1.636475796980811026e+00
1.693700870381050549e+00
1.697262134173129766e+00
1.697426629081448368e+00
1.715549813153884884e+00
1.702666936123328867e+00
1.778946249107946187e+00
1.710249537299318945e+00
1.618564369896162702e+00
1.661135549303857317e+00
1.683635232280920491e+00
1.781520387609013767e+00
1.637878086346248097e+00
1.614837224870257160e+00
1.607375305877191352e+00
1.600516704393854184e+00
1.564143148091446278e+00
1.566726675669869451e+00
1.549198533820593582e+00
1.562687993641020512e+00
1.626476294169968639e+00
1.686902862224243904e+00
1.942014283481832138e+00
2.124228947653406863e+00
1.949147454604386098e+00
1.621020380383534132e+00
1.613287182210306980e+00
1.580833483827362329e+00
1.522667354611257906e+00
1.508723071400893900e+00
1.504124027456114732e+00
1.512366545551408592e+00
1.497669643420003638e+00
1.479415574808840006e+00
1.477144119888762930e+00
1.474222868962502986e+00
1.515428780367571449e+00
1.841680003577593538e+00
2.654622702056876449e+00
1.513246053542943770e+01
2.354117868749642639e+01
7.198239985974836941e+00
3.541148029364904914e+00
4.149105873557196844e+00
2.345903410055015570e+00
1.884509945360221650e+00
1.662992875764885525e+00
1.597328479051085992e+00
1.541651859162307403e+00
1.524521662890109042e+00
1.526927035872468252e+00
1.499178446304647139e+00
1.499159102698492063e+00
1.482052123294877788e+00
1.495472429197278075e+00
1.482056006174254037e+00
1.471319256177196166e+00
1.474807498938901063e+00
1.466206377960187268e+00
1.470737360938834115e+00
1.454412895813675277e+00
1.478976892470811322e+00
1.476989325856127522e+00
1.457762783024868725e+00
1.444062035313319114e+00
1.455594657831639438e+00
1.457798562309122303e+00
1.457953772858829211e+00
1.449401352563068457e+00
1.445315049599194879e+00
1.445626157359654940e+00
1.443718719043644683e+00
1.435648744807352273e+00
1.455222073847004083e+00
1.439178416832863405e+00
1.436851610631475040e+00
1.442098512962878942e+00
1.429239574534300061e+00
1.427519899411997528e+00
1.422779444808892180e+00
1.429812425296123735e+00
1.417644251139307698e+00
1.432516161971264523e+00
1.423998758524362529e+00
1.430839516500682862e+00
1.425921775027571670e+00
1.428766204337648560e+00
1.464150514500900613e+00
1.427829589222145756e+00
1.401267690786873743e+00
1.408682986429774076e+00
1.477704186105590622e+00
1.413344034591329290e+00
1.396431601911658049e+00
1.408823390544824861e+00
1.394920371858258790e+00
1.395009811262518440e+00
1.403672839704267261e+00
1.401876951507976088e+00
1.395924312301893622e+00
1.391725467635808400e+00
1.408478642372752887e+00
1.399371323138986156e+00
1.399823371628198032e+00
1.415058078861477497e+00
1.395262865062793622e+00
1.381406854205341261e+00
1.379214551796881238e+00
1.403291839594878354e+00
1.381382025198210073e+00
1.396069417009531577e+00
1.385934583070117299e+00
1.389137177589446992e+00
1.365571005065405075e+00
1.386813181857878163e+00
1.391959252829153115e+00
1.371690444817915022e+00
1.360810183094439907e+00
1.370764358280553097e+00
1.367614563653283710e+00
1.392918668322394637e+00
1.385237387593097225e+00
1.367977709130304476e+00
1.366258668621696870e+00
1.359599262406305797e+00
1.347110465101131638e+00
1.363641261885117473e+00
1.348883793599220837e+00
1.352187150577506713e+00
1.344904870931550533e+00
1.358463057895832549e+00
1.388221077894808531e+00
1.348472521049540518e+00
1.330447852470140191e+00
1.344976560805484667e+00
1.350133040899137882e+00
1.363736075308786155e+00
1.357082352154989735e+00
1.367515089751830004e+00
1.326558374792792705e+00
1.330549215765493898e+00
1.331919809958591827e+00
1.352019730935829500e+00
1.411635684690811132e+00
1.424802899920727839e+00
1.320610782197988442e+00
1.332299107968594853e+00
1.313704740490241107e+00
1.319153721891762387e+00
1.352928223365925220e+00
1.332124642530651215e+00
1.320502788623642232e+00
1.312663686486459369e+00
1.314556735108617147e+00
1.327598538744990009e+00
1.353289934866843680e+00
1.398376220334583309e+00
1.327846376982634524e+00
1.318316455404207943e+00
1.307844266866435845e+00
1.299145786632195154e+00
1.306637916882174011e+00
1.311935471848538981e+00
1.340203103557190190e+00
1.345504748427028829e+00
1.321036061584045740e+00
1.298672451766400116e+00
1.329438011715300405e+00
1.330387338441077816e+00
1.302184659604840533e+00
1.314684592592644918e+00
1.300391656052202194e+00
1.333800676788023054e+00
1.290836184114734664e+00
1.289106073675295505e+00
1.305271368198752668e+00
1.299304524929226545e+00
1.290824271562684089e+00
1.262478258549801780e+00
1.263353811693278317e+00
1.276447280773474802e+00
1.260529863183613486e+00
1.283876538493547770e+00
1.285125886365303671e+00
1.492575364162089357e+00
5.935675030184789591e+00
1.294103467926110795e+01
6.760194031411806748e+00
2.536349872763317137e+00
1.955424632759068970e+00
2.223360253064569747e+00
1.676746655572596723e+00
1.666657912435162814e+00
1.280686190911005440e+00
1.276640924888706508e+00
1.259730114556422365e+00
1.253322586615400525e+00
1.258515527267999090e+00
1.247723475603152110e+00
1.256703019451556713e+00
1.242662213893190426e+00
1.250296498800114620e+00
1.236626545780154629e+00
1.234648013914323883e+00
1.247324413867612947e+00
1.242744449335582146e+00
1.243099005141274915e+00
1.236603990325605196e+00
1.233703133140821251e+00
1.238461147702434317e+00
1.229858596023600370e+00
1.240710875231506805e+00
1.232621003962677264e+00
1.246680706296281471e+00
1.230557541357473639e+00
1.232706022338192042e+00
1.235971639133556010e+00
1.235947150404005157e+00
1.228335980187253540e+00
1.228949866402142987e+00
1.247658367972611870e+00
1.223593219884111960e+00
1.236412982298233487e+00
1.236301249540748159e+00
1.212591088650668780e+00
1.265555477238162752e+00
1.212966122769170596e+00
1.225524783608122448e+00
1.218646170336057821e+00
1.207966696068972112e+00
1.215552507843913332e+00
1.203143024314304199e+00
1.206870107943132098e+00
1.226561134627200289e+00
1.208021746955424192e+00
1.198853338992662998e+00
1.203028641916933594e+00
1.197499931852458843e+00
1.232917012625826203e+00
1.200553987075746676e+00
1.200544018443636674e+00
1.211991983009077956e+00
1.193049240601929739e+00
1.198279848630061650e+00
1.190099562951957068e+00
1.197264551049805448e+00
1.186725584360548424e+00
1.188070442127163062e+00
1.177786493998990380e+00
1.197494485449229984e+00
1.185851864854452486e+00
1.218919872069278654e+00
1.191904931317175453e+00
1.208290968033388424e+00
1.167871775399746070e+00
1.160806247276667591e+00
1.159332890791127113e+00
1.157821254114168141e+00
1.157855703105170164e+00
1.162794397636314869e+00
1.167577539681662557e+00
1.158161018012471288e+00
1.159947194902841261e+00
1.231777358785798526e+00
2.639705249642688045e+00
7.484199445155262254e+00
7.756482670168288962e+00
8.998428150733104758e+00
6.207616778706558591e+00
2.989833247439676711e+00
1.458670379001961948e+00
1.260481376600488090e+00
1.236291646816916057e+00
1.203654195649569658e+00
1.198266593662157931e+00
1.181363329893788006e+00
1.182106718559996494e+00
1.166738791136946674e+00
1.162163065345694690e+00
1.178851549786820385e+00
1.168769475437628103e+00
1.159583449517565867e+00
1.156762438357429090e+00
1.163466284555489949e+00
1.167685527128341505e+00
1.152905661085476652e+00
1.152673640758102636e+00
1.152763167926458721e+00
1.148814647746259965e+00
1.148698137037079903e+00
1.152091316702993140e+00
1.142346103177338534e+00
1.144880751874293168e+00
1.150263224727336109e+00
1.146667435611156804e+00
1.145422961253018457e+00
1.135962488619867372e+00
1.142474944719470642e+00
1.139012630222360656e+00
1.152966641248450941e+00
1.144374047204376410e+00
1.139932247779182006e+00
1.141333579167771006e+00
1.144648477535593400e+00
1.135910277406026125e+00
1.141612182030488754e+00
1.143250576735781010e+00
1.151042665811843335e+00
1.120847651235642672e+00
1.124720719294959537e+00
1.126969072482886247e+00
1.126035851842729585e+00
1.118288907357097628e+00
1.112447294585582114e+00
1.123597852570156874e+00
1.106246923643045221e+00
1.110514353761050899e+00
1.111216453183875075e+00
1.109453684110516036e+00
1.107913048726565819e+00
1.119803593557342936e+00
1.102162340628382253e+00
1.097410896178320883e+00
1.101538501951264237e+00
1.097600207448063969e+00
1.115798888892726382e+00
1.093620877629984278e+00
1.095530663445060782e+00
1.082671110840291107e+00
1.091143757176716633e+00
1.079962195419003734e+00
1.110608772474726891e+00
1.078944214870837470e+00
1.093572641168549353e+00
1.097386359602595007e+00
1.071632236007264538e+00
1.073663006548343901e+00
1.091989867505883893e+00
1.072524106122564547e+00
1.071026918538414918e+00
1.078207371186625352e+00
1.070647266668153463e+00
1.063371175371408128e+00
1.089620413543734401e+00
1.082562976062135363e+00
1.072749395354140489e+00
1.070087883915558535e+00
1.056091981803202628e+00
1.062028585970352879e+00
1.080295485598430361e+00
1.064506783371658827e+00
1.067516110811286723e+00
1.053160286997851358e+00
1.046624230968134839e+00
1.072776411638272975e+00
1.088662414454283578e+00
1.077576581807019096e+00
1.055797669516429949e+00
1.059617561140086650e+00
1.062845132933038172e+00
1.054429559869923594e+00
1.051402094140890142e+00
1.041294794724919370e+00
1.052817562810506757e+00
1.035855071634209423e+00
1.037083133481711883e+00
1.039122155812577830e+00
1.038798024796790287e+00
1.036098656583721578e+00
1.038675728082502303e+00
1.037915990395113397e+00
1.044955068543632848e+00
1.036679634570084829e+00
1.035098273207751163e+00
1.026344382449931203e+00
1.027448421716066207e+00
1.028328519962624199e+00
1.026999830755773502e+00
1.053071024659431032e+00
1.080786206325058174e+00
1.042345650304170590e+00
1.031012606354870798e+00
1.044286674367004508e+00
1.011400360759704853e+00
1.090703842578502503e+00
1.050725590142536703e+01
3.827988813352180841e+01
2.542386288487590207e+01
8.833230369206994226e+00
7.188755451878925840e+00
3.412053979543536286e+00
3.485983540979546547e+00
1.305282017069416156e+00
1.227013492643958870e+00
1.182772479717080216e+00
1.150305351466037962e+00
1.112202077849318016e+00
1.115201911430155235e+00
1.086075257975537056e+00
1.089089045659584087e+00
1.072404453349246722e+00
1.066881737865120527e+00
1.079078050806899114e+00
1.062857393667052008e+00
1.063174304028397188e+00
1.062743204322888602e+00
1.056969970314465712e+00
1.055435015159392975e+00
1.052132966061336106e+00
1.055974961444380966e+00
1.048252498466865745e+00
1.048009559634067500e+00
1.047657142694607302e+00
1.048076385819918244e+00
1.041675337754348618e+00
1.039813694881559059e+00
1.038137017324167743e+00
1.039985120988625056e+00
1.032370844282162636e+00
1.033564935887628877e+00
1.030899835733848136e+00
1.034645029248856929e+00
