6.659469127655029297e+00
1.077248573303222656e+01
1.294813632965087891e+01
2.084912300109863281e+01
5.290015792846679688e+01
1.238688659667968750e+02
1.975812072753906250e+02
1.954536437988281250e+02
2.105797576904296875e+02
2.092541961669921875e+02
2.002395935058593750e+02
1.918512878417968750e+02
1.905524902343750000e+02
1.875863037109375000e+02
1.806626586914062500e+02
1.760488586425781250e+02
1.658405914306640625e+02
1.604608154296875000e+02
1.586885375976562500e+02
1.536518859863281250e+02
1.499211120605468750e+02
1.415213775634765625e+02
1.373081054687500000e+02
1.367767639160156250e+02
1.319799804687500000e+02
1.287602233886718750e+02
1.261664886474609375e+02
1.231751632690429688e+02
1.212433776855468750e+02
1.175027008056640625e+02
1.150955429077148438e+02
1.118681488037109375e+02
1.107444992065429688e+02
1.105689086914062500e+02
1.082161865234375000e+02
1.073349685668945312e+02
1.050904922485351562e+02
1.034967803955078125e+02
1.053576431274414062e+02
1.048195343017578125e+02
1.040083007812500000e+02
1.038736648559570312e+02
1.050312194824218750e+02
1.052889633178710938e+02
1.065440826416015625e+02
1.074073638916015625e+02
1.064275360107421875e+02
1.046399993896484375e+02
1.043619079589843750e+02
1.017913208007812500e+02
1.018777618408203125e+02
9.920163726806640625e+01
9.763311004638671875e+01
9.569241333007812500e+01
9.450616455078125000e+01
9.250173950195312500e+01
9.098178863525390625e+01
8.912776184082031250e+01
8.783599853515625000e+01
8.612213134765625000e+01
8.424593353271484375e+01
8.126761627197265625e+01
7.939623260498046875e+01
7.768200683593750000e+01
7.533171081542968750e+01
7.481068420410156250e+01
7.171343994140625000e+01
6.998428344726562500e+01
6.857256317138671875e+01
6.746414947509765625e+01
6.585647583007812500e+01
6.470661926269531250e+01
6.377302169799804688e+01
6.186779403686523438e+01
6.188393020629882812e+01
5.997084045410156250e+01
5.920707702636718750e+01
5.849892807006835938e+01
5.840795516967773438e+01
5.661516189575195312e+01
5.641937637329101562e+01
5.580037689208984375e+01
5.293246459960937500e+01
5.283505630493164062e+01
5.249674224853515625e+01
5.209165191650390625e+01
5.074570465087890625e+01
5.033657836914062500e+01
4.951073837280273438e+01
4.893155670166015625e+01
4.866292190551757812e+01
4.753127288818359375e+01
4.824047851562500000e+01
4.718451309204101562e+01
4.829542541503906250e+01
4.763851928710937500e+01
4.614023971557617188e+01
4.599288177490234375e+01
4.677980804443359375e+01
4.649140167236328125e+01
4.626945877075195312e+01
4.656027984619140625e+01
4.487262725830078125e+01
4.482131958007812500e+01
4.504994583129882812e+01
4.531224441528320312e+01
4.442425155639648438e+01
4.383930206298828125e+01
4.383831024169921875e+01
4.334287261962890625e+01
4.287146759033203125e+01
4.287704849243164062e+01
4.305272293090820312e+01
4.262587738037109375e+01
4.184384536743164062e+01
4.164946746826171875e+01
4.137354278564453125e+01
4.127426910400390625e+01
4.155969619750976562e+01
4.139332199096679688e+01
4.283425903320312500e+01
4.083940887451171875e+01
4.042389678955078125e+01
3.981100463867187500e+01
3.971055984497070312e+01
3.936348342895507812e+01
3.866424560546875000e+01
3.892247009277343750e+01
3.884867477416992188e+01
3.899259948730468750e+01
3.793823623657226562e+01
3.758492279052734375e+01
3.735277175903320312e+01
3.737713241577148438e+01
3.727477264404296875e+01
3.676332855224609375e+01
3.652083587646484375e+01
3.634111022949218750e+01
3.613061523437500000e+01
3.597192001342773438e+01
3.556724929809570312e+01
3.546428298950195312e+01
3.528984832763671875e+01
3.526377868652343750e+01
3.488090133666992188e+01
3.438254547119140625e+01
3.443402481079101562e+01
3.451372909545898438e+01
3.472440719604492188e+01
3.389640808105468750e+01
3.358064651489257812e+01
3.366572952270507812e+01
3.340074157714843750e+01
3.342081451416015625e+01
3.301149368286132812e+01
3.294935226440429688e+01
3.277450180053710938e+01
3.232550048828125000e+01
3.233916091918945312e+01
3.219245147705078125e+01
3.259701538085937500e+01
3.200860214233398438e+01
3.200207901000976562e+01
3.176974487304687500e+01
3.134243583679199219e+01
3.122145652770996094e+01
3.108245468139648438e+01
3.070792388916015625e+01
3.092220497131347656e+01
3.069639396667480469e+01
3.068163681030273438e+01
3.044935989379882812e+01
3.024042892456054688e+01
3.016217231750488281e+01
3.017188453674316406e+01
2.995583343505859375e+01
2.988102912902832031e+01
2.966439247131347656e+01
2.945488357543945312e+01
2.940447998046875000e+01
2.944050025939941406e+01
2.917588806152343750e+01
2.930542945861816406e+01
2.933476638793945312e+01
2.880658912658691406e+01
2.917034912109375000e+01
2.898840904235839844e+01
2.855373382568359375e+01
2.857413101196289062e+01
2.879413604736328125e+01
2.849655151367187500e+01
2.836074638366699219e+01
2.839038467407226562e+01
2.812209510803222656e+01
2.807092285156250000e+01
2.789662551879882812e+01
2.797319412231445312e+01
2.793931770324707031e+01
2.767385292053222656e+01
2.781634712219238281e+01
2.781439208984375000e+01
2.768353080749511719e+01
2.750608253479003906e+01
2.736278343200683594e+01
2.741182708740234375e+01
2.735209465026855469e+01
2.717473030090332031e+01
2.708000564575195312e+01
2.682062339782714844e+01
2.708500862121582031e+01
2.695363235473632812e+01
2.703170013427734375e+01
2.697976112365722656e+01
2.702322006225585938e+01
2.697018623352050781e+01
2.671476364135742188e+01
2.682247543334960938e+01
2.663439750671386719e+01
2.662343215942382812e+01
2.649507141113281250e+01
2.660271644592285156e+01
2.630664253234863281e+01
2.652075576782226562e+01
2.656714630126953125e+01
2.639428901672363281e+01
2.635457038879394531e+01
2.615319252014160156e+01
2.615897560119628906e+01
2.626856803894042969e+01
2.628949546813964844e+01
2.631705284118652344e+01
2.621049308776855469e+01
2.616104507446289062e+01
2.624560928344726562e+01
2.608509254455566406e+01
2.619153976440429688e+01
2.609512138366699219e+01
2.610062217712402344e+01
2.608467483520507812e+01
2.615666961669921875e+01
2.587804222106933594e+01
2.602423858642578125e+01
2.632654190063476562e+01
2.606398391723632812e+01
2.613267898559570312e+01
2.612858009338378906e+01
2.611235618591308594e+01
2.618320846557617188e+01
2.607629585266113281e+01
2.622321510314941406e+01
2.621453857421875000e+01
2.624700546264648438e+01
2.637237358093261719e+01
2.624200439453125000e+01
2.623104095458984375e+01
2.638658714294433594e+01
2.627198791503906250e+01
2.638839340209960938e+01
2.634644699096679688e+01
2.634621620178222656e+01
2.630273246765136719e+01
2.640661239624023438e+01
2.645177268981933594e+01
2.639098739624023438e+01
2.649501800537109375e+01
2.649511718750000000e+01
2.648423385620117188e+01
2.643415832519531250e+01
2.637137794494628906e+01
2.657325172424316406e+01
2.665968894958496094e+01
2.646470832824707031e+01
2.651020431518554688e+01
2.699463272094726562e+01
2.673271751403808594e+01
2.662812805175781250e+01
2.680050468444824219e+01
2.674559783935546875e+01
2.675823783874511719e+01
2.667197799682617188e+01
2.684443855285644531e+01
2.682385444641113281e+01
2.683529663085937500e+01
2.678170585632324219e+01
2.687129020690917969e+01
2.685299491882324219e+01
2.685173416137695312e+01
2.687383270263671875e+01
2.678829765319824219e+01
2.698328590393066406e+01
2.700616836547851562e+01
2.703581237792968750e+01
2.676086616516113281e+01
2.698499107360839844e+01
2.698187065124511719e+01
2.702420997619628906e+01
2.697003936767578125e+01
2.709180831909179688e+01
2.697003173828125000e+01
2.676196861267089844e+01
