6.197854518890380859e+00
1.862245368957519531e+01
5.296117019653320312e+01
1.319151763916015625e+02
1.936466064453125000e+02
2.120156250000000000e+02
2.628811950683593750e+02
2.877662353515625000e+02
2.847684631347656250e+02
2.895404663085937500e+02
2.930525512695312500e+02
2.830926208496093750e+02
2.741248779296875000e+02
2.579808959960937500e+02
2.555530090332031250e+02
2.467135620117187500e+02
2.309354248046875000e+02
2.294445343017578125e+02
2.147666015625000000e+02
2.099369201660156250e+02
2.040615844726562500e+02
1.972937927246093750e+02
1.915046691894531250e+02
1.858484191894531250e+02
1.810759429931640625e+02
1.755133514404296875e+02
1.724252471923828125e+02
1.687041778564453125e+02
1.633425445556640625e+02
1.615620422363281250e+02
1.582005615234375000e+02
1.558581848144531250e+02
1.544963073730468750e+02
1.511031494140625000e+02
1.476929016113281250e+02
1.464820251464843750e+02
1.450282745361328125e+02
1.419944763183593750e+02
1.423878936767578125e+02
1.376402587890625000e+02
1.345794830322265625e+02
1.330066680908203125e+02
1.309690246582031250e+02
1.279248275756835938e+02
1.258133392333984375e+02
1.234631042480468750e+02
1.211992492675781250e+02
1.187910842895507812e+02
1.162710418701171875e+02
1.140474319458007812e+02
1.116656417846679688e+02
1.098943023681640625e+02
1.089075851440429688e+02
1.055444107055664062e+02
1.042628707885742188e+02
1.030703353881835938e+02
1.011653900146484375e+02
9.916785430908203125e+01
9.703313446044921875e+01
9.605527496337890625e+01
9.354211425781250000e+01
9.222483062744140625e+01
9.099195098876953125e+01
8.789277648925781250e+01
8.619770812988281250e+01
8.418906402587890625e+01
8.320027923583984375e+01
8.167528533935546875e+01
8.041267395019531250e+01
7.864109039306640625e+01
7.735346221923828125e+01
7.598294830322265625e+01
7.474283599853515625e+01
7.408746337890625000e+01
7.215260314941406250e+01
7.145823669433593750e+01
6.978584289550781250e+01
6.883546447753906250e+01
6.815606689453125000e+01
6.690585327148437500e+01
6.510820007324218750e+01
6.409813690185546875e+01
6.200032806396484375e+01
6.179256057739257812e+01
6.081133270263671875e+01
5.997171783447265625e+01
5.888768005371093750e+01
5.752506637573242188e+01
5.667646408081054688e+01
5.647241973876953125e+01
5.621123504638671875e+01
5.480957794189453125e+01
5.459058761596679688e+01
5.336264038085937500e+01
5.297985839843750000e+01
5.252082061767578125e+01
5.265343856811523438e+01
5.129787445068359375e+01
5.120511627197265625e+01
5.140594482421875000e+01
5.063109207153320312e+01
5.073656463623046875e+01
5.011891174316406250e+01
4.965804672241210938e+01
4.827440643310546875e+01
4.793877792358398438e+01
4.776248168945312500e+01
4.776058197021484375e+01
4.721256256103515625e+01
4.646191406250000000e+01
4.715428924560546875e+01
4.716569519042968750e+01
4.622019958496093750e+01
4.524695205688476562e+01
4.559562301635742188e+01
4.586414337158203125e+01
4.607582855224609375e+01
4.628010177612304688e+01
4.524607467651367188e+01
4.504095077514648438e+01
4.504250335693359375e+01
4.472006225585937500e+01
4.425578689575195312e+01
4.406565856933593750e+01
4.422623443603515625e+01
4.407025909423828125e+01
4.366810607910156250e+01
4.359934616088867188e+01
4.372658920288085938e+01
4.244777297973632812e+01
4.286947250366210938e+01
4.320995330810546875e+01
4.262073898315429688e+01
4.298170089721679688e+01
4.220058441162109375e+01
4.257594680786132812e+01
4.208768081665039062e+01
4.217548751831054688e+01
4.161120223999023438e+01
4.185763549804687500e+01
4.181530761718750000e+01
4.193490219116210938e+01
4.112973785400390625e+01
4.078216934204101562e+01
4.092763137817382812e+01
4.077574920654296875e+01
4.013427734375000000e+01
4.069963455200195312e+01
4.107583618164062500e+01
4.124988174438476562e+01
4.050144195556640625e+01
4.028933334350585938e+01
4.081243133544921875e+01
4.018001556396484375e+01
4.033614349365234375e+01
4.026230621337890625e+01
4.033701705932617188e+01
4.011639022827148438e+01
4.034329223632812500e+01
4.061703872680664062e+01
4.035221099853515625e+01
4.033685684204101562e+01
4.010523223876953125e+01
3.966210556030273438e+01
3.994865798950195312e+01
3.987839889526367188e+01
4.016741180419921875e+01
4.004281234741210938e+01
3.982282257080078125e+01
3.921223449707031250e+01
3.958868789672851562e+01
3.919854736328125000e+01
3.921879959106445312e+01
4.000830459594726562e+01
3.944413375854492188e+01
3.957730484008789062e+01
3.857959747314453125e+01
3.876750946044921875e+01
3.888969039916992188e+01
3.817588806152343750e+01
3.849193572998046875e+01
3.928256988525390625e+01
3.853245544433593750e+01
3.852445602416992188e+01
3.878814315795898438e+01
3.828242111206054688e+01
3.838872909545898438e+01
3.841473388671875000e+01
3.824155044555664062e+01
3.844656372070312500e+01
3.832809066772460938e+01
3.843551254272460938e+01
3.801720046997070312e+01
3.813008880615234375e+01
3.792390441894531250e+01
3.800513076782226562e+01
3.821594238281250000e+01
3.811597442626953125e+01
3.804207992553710938e+01
3.771870422363281250e+01
3.779622268676757812e+01
3.769710159301757812e+01
3.769048690795898438e+01
3.765605545043945312e+01
3.791670227050781250e+01
3.787203216552734375e+01
3.794275665283203125e+01
3.733796691894531250e+01
3.745861434936523438e+01
3.740832138061523438e+01
3.725382614135742188e+01
3.741900253295898438e+01
3.742185974121093750e+01
3.705138015747070312e+01
3.730142211914062500e+01
3.697359848022460938e+01
3.724893951416015625e+01
3.739194107055664062e+01
3.707930374145507812e+01
3.711563491821289062e+01
3.731744766235351562e+01
3.690404891967773438e+01
3.659797286987304688e+01
3.715553283691406250e+01
3.708147811889648438e+01
3.673803710937500000e+01
3.678746032714843750e+01
3.693677139282226562e+01
3.698856353759765625e+01
3.674877166748046875e+01
3.741276168823242188e+01
3.691650772094726562e+01
3.663455200195312500e+01
3.674996948242187500e+01
3.666687774658203125e+01
3.698478698730468750e+01
3.682059860229492188e+01
3.699212265014648438e+01
3.681938171386718750e+01
3.662034606933593750e+01
3.668186950683593750e+01
3.711460113525390625e+01
3.679540634155273438e+01
3.679370880126953125e+01
3.683345794677734375e+01
3.660568237304687500e+01
3.654318237304687500e+01
3.685502624511718750e+01
3.693064880371093750e+01
3.674782180786132812e+01
3.680419158935546875e+01
3.687934112548828125e+01
3.661506652832031250e+01
3.688064956665039062e+01
3.678884887695312500e+01
3.680614089965820312e+01
3.679603958129882812e+01
3.678765106201171875e+01
3.680905914306640625e+01
3.673062896728515625e+01
3.690629959106445312e+01
3.663690185546875000e+01
3.668665695190429688e+01
3.673650741577148438e+01
3.689078140258789062e+01
3.696780395507812500e+01
3.691405868530273438e+01
3.691423034667968750e+01
3.728880310058593750e+01
3.688655853271484375e+01
3.704177856445312500e+01
3.697071075439453125e+01
3.695784759521484375e+01
3.694005203247070312e+01
3.712868118286132812e+01
3.728944015502929688e+01
3.719215393066406250e+01
3.702111816406250000e+01
3.712870788574218750e+01
3.725688934326171875e+01
3.741688156127929688e+01
3.744564056396484375e+01
3.793557357788085938e+01
3.731425476074218750e+01
3.760099029541015625e+01
3.774351119995117188e+01
3.764046478271484375e+01
3.748180389404296875e+01
3.758512115478515625e+01
3.774317169189453125e+01
3.757663345336914062e+01
3.770098495483398438e+01
3.782138061523437500e+01
3.782254409790039062e+01
3.772460937500000000e+01
3.746975326538085938e+01
3.765967559814453125e+01
3.779565811157226562e+01
3.751674270629882812e+01
3.762158584594726562e+01
