4.172880859375000000e+02
3.917702331542968750e+02
3.350626831054687500e+02
1.993039703369140625e+02
1.784891815185546875e+02
1.472066497802734375e+02
1.424924621582031250e+02
1.327704162597656250e+02
1.271926193237304688e+02
1.239325103759765625e+02
1.227833862304687500e+02
1.223285980224609375e+02
1.218345260620117188e+02
1.223671340942382812e+02
1.220267639160156250e+02
1.219792175292968750e+02
1.222044677734375000e+02
1.224124603271484375e+02
1.226172409057617188e+02
1.219326324462890625e+02
1.219546661376953125e+02
1.217573318481445312e+02
1.218840866088867188e+02
1.219782485961914062e+02
1.221075897216796875e+02
1.222006301879882812e+02
1.221314849853515625e+02
1.223733291625976562e+02
1.224533615112304688e+02
1.217384796142578125e+02
1.214107894897460938e+02
1.208287963867187500e+02
1.205406265258789062e+02
1.197647781372070312e+02
1.193161468505859375e+02
1.186523666381835938e+02
1.181658935546875000e+02
1.189336395263671875e+02
1.179900054931640625e+02
1.172775039672851562e+02
1.168347320556640625e+02
1.159520568847656250e+02
1.153689117431640625e+02
1.153698425292968750e+02
1.151964721679687500e+02
1.148869857788085938e+02
1.146159362792968750e+02
1.146885070800781250e+02
1.143705444335937500e+02
1.143892440795898438e+02
1.141109390258789062e+02
1.140310211181640625e+02
1.137799987792968750e+02
1.137876434326171875e+02
1.133143310546875000e+02
1.133655471801757812e+02
1.129012527465820312e+02
1.129982070922851562e+02
1.131138992309570312e+02
1.127770080566406250e+02
1.124382019042968750e+02
1.122266159057617188e+02
1.118568801879882812e+02
1.117157821655273438e+02
1.115552825927734375e+02
1.112857971191406250e+02
1.111076354980468750e+02
1.108959655761718750e+02
1.108087158203125000e+02
1.108154296875000000e+02
1.106213989257812500e+02
1.102902832031250000e+02
1.101364440917968750e+02
1.101217498779296875e+02
1.095130920410156250e+02
1.095040283203125000e+02
1.093039550781250000e+02
1.091749191284179688e+02
1.087358398437500000e+02
1.087721252441406250e+02
1.090257492065429688e+02
1.085536956787109375e+02
1.082638092041015625e+02
1.080068740844726562e+02
1.078051147460937500e+02
1.074937286376953125e+02
1.073291778564453125e+02
1.071200408935546875e+02
1.071054534912109375e+02
1.068859710693359375e+02
1.066321487426757812e+02
1.062809295654296875e+02
1.061663208007812500e+02
1.061952285766601562e+02
1.058303909301757812e+02
1.059878387451171875e+02
1.053600006103515625e+02
1.053370971679687500e+02
1.052571868896484375e+02
1.052889556884765625e+02
1.047954406738281250e+02
1.045920333862304688e+02
1.052572631835937500e+02
1.046199035644531250e+02
1.042477798461914062e+02
1.045335311889648438e+02
1.040947341918945312e+02
1.043609619140625000e+02
1.038201141357421875e+02
1.035834274291992188e+02
1.035927658081054688e+02
1.035382156372070312e+02
1.040480957031250000e+02
1.029527053833007812e+02
1.024464111328125000e+02
1.026295394897460938e+02
1.027495193481445312e+02
1.024582214355468750e+02
1.024488754272460938e+02
1.024179534912109375e+02
1.022375640869140625e+02
1.019130020141601562e+02
1.015847015380859375e+02
1.010356979370117188e+02
1.010641937255859375e+02
1.008220062255859375e+02
1.005985641479492188e+02
1.009606018066406250e+02
1.007296829223632812e+02
1.008702239990234375e+02
1.006921997070312500e+02
1.015790405273437500e+02
1.005625610351562500e+02
1.002955169677734375e+02
1.001851882934570312e+02
9.969918823242187500e+01
1.002729263305664062e+02
9.961024475097656250e+01
9.983207702636718750e+01
9.993466186523437500e+01
1.007291488647460938e+02
9.947966766357421875e+01
9.950823974609375000e+01
9.993594360351562500e+01
9.883566284179687500e+01
9.887210083007812500e+01
9.881820678710937500e+01
9.940434265136718750e+01
9.944662475585937500e+01
9.887371826171875000e+01
9.817702484130859375e+01
9.804381561279296875e+01
9.769116210937500000e+01
9.766245269775390625e+01
9.756476593017578125e+01
9.735620880126953125e+01
9.704983520507812500e+01
9.683662414550781250e+01
9.663420104980468750e+01
9.633237457275390625e+01
9.614997863769531250e+01
9.601894378662109375e+01
9.606652832031250000e+01
9.557801055908203125e+01
9.521360015869140625e+01
9.502162170410156250e+01
9.513159179687500000e+01
9.485707092285156250e+01
9.470787048339843750e+01
9.445050048828125000e+01
9.436416625976562500e+01
9.429848480224609375e+01
9.417770385742187500e+01
9.406629943847656250e+01
9.400267791748046875e+01
9.360893249511718750e+01
9.332059478759765625e+01
9.290935516357421875e+01
9.274318695068359375e+01
9.299961853027343750e+01
9.268189239501953125e+01
9.227316284179687500e+01
9.245917510986328125e+01
9.231655120849609375e+01
9.221012878417968750e+01
9.177343750000000000e+01
9.153981781005859375e+01
9.114331817626953125e+01
9.088282775878906250e+01
9.084594726562500000e+01
9.057752990722656250e+01
9.048587036132812500e+01
9.030328369140625000e+01
9.002402496337890625e+01
9.011622619628906250e+01
8.969101715087890625e+01
8.945503234863281250e+01
8.937651824951171875e+01
8.902209472656250000e+01
8.887358093261718750e+01
8.865140533447265625e+01
8.865754699707031250e+01
8.850656127929687500e+01
8.828588867187500000e+01
8.798531341552734375e+01
8.782067871093750000e+01
8.742781066894531250e+01
8.747911834716796875e+01
8.734796905517578125e+01
8.693788909912109375e+01
8.674735260009765625e+01
8.653294372558593750e+01
8.625713348388671875e+01
8.610769653320312500e+01
8.572639465332031250e+01
8.553883361816406250e+01
8.532177734375000000e+01
8.506458282470703125e+01
8.482413482666015625e+01
8.462560272216796875e+01
8.461469268798828125e+01
8.403138732910156250e+01
8.408311462402343750e+01
8.404977416992187500e+01
8.370185852050781250e+01
8.343630218505859375e+01
8.299357604980468750e+01
8.263700866699218750e+01
8.253850555419921875e+01
8.224128723144531250e+01
8.209922027587890625e+01
8.158815002441406250e+01
8.138209533691406250e+01
8.115198516845703125e+01
8.093158721923828125e+01
8.066687011718750000e+01
8.036214447021484375e+01
7.997418975830078125e+01
7.996404266357421875e+01
7.954483795166015625e+01
7.937425231933593750e+01
7.890608215332031250e+01
7.866539001464843750e+01
7.829428863525390625e+01
7.804092407226562500e+01
7.775145721435546875e+01
7.720916748046875000e+01
7.723183441162109375e+01
7.634733581542968750e+01
7.651684570312500000e+01
7.599204254150390625e+01
7.572940826416015625e+01
7.559091186523437500e+01
7.508035278320312500e+01
7.471018981933593750e+01
7.444664764404296875e+01
7.420823669433593750e+01
7.381602478027343750e+01
7.330733489990234375e+01
7.291300201416015625e+01
7.286557006835937500e+01
7.260948944091796875e+01
7.216911315917968750e+01
7.230847930908203125e+01
7.141213989257812500e+01
7.129334259033203125e+01
7.075057983398437500e+01
7.032189178466796875e+01
7.056436157226562500e+01
7.017289733886718750e+01
6.947451019287109375e+01
6.908653259277343750e+01
6.898445129394531250e+01
6.838126373291015625e+01
6.812779235839843750e+01
6.756782531738281250e+01
6.717427825927734375e+01
6.732570648193359375e+01
6.656478881835937500e+01
6.603005981445312500e+01
6.523106384277343750e+01
6.526201629638671875e+01
6.479361724853515625e+01
6.436018371582031250e+01
6.430997467041015625e+01
6.400368499755859375e+01
6.369817733764648438e+01
6.317756652832031250e+01
6.272335433959960938e+01
6.221207427978515625e+01
6.181898880004882812e+01
6.156708526611328125e+01
6.134977722167968750e+01
6.100586700439453125e+01
6.088658142089843750e+01
6.068637466430664062e+01
5.990092849731445312e+01
5.974179840087890625e+01
5.933615875244140625e+01
5.903737258911132812e+01
