1.048286628723144531e+01
5.120894432067871094e+00
5.970156669616699219e+00
1.258924484252929688e+01
3.181196975708007812e+01
7.937535095214843750e+01
1.384451599121093750e+02
1.276346130371093750e+02
1.400354156494140625e+02
1.439118041992187500e+02
1.429601440429687500e+02
1.356810455322265625e+02
1.311496582031250000e+02
1.231950912475585938e+02
1.188236312866210938e+02
1.151923294067382812e+02
1.094095611572265625e+02
1.044302749633789062e+02
9.984817504882812500e+01
9.441246032714843750e+01
9.002098083496093750e+01
8.529701232910156250e+01
8.222183990478515625e+01
7.890732574462890625e+01
7.517826080322265625e+01
7.113772583007812500e+01
6.807536315917968750e+01
6.526754760742187500e+01
6.319601440429687500e+01
6.044258880615234375e+01
5.633165359497070312e+01
5.405727386474609375e+01
5.260103225708007812e+01
4.905895996093750000e+01
4.784976959228515625e+01
4.565040206909179688e+01
4.510158920288085938e+01
4.336181640625000000e+01
4.259199142456054688e+01
4.117853546142578125e+01
4.117153930664062500e+01
4.113400268554687500e+01
4.144838333129882812e+01
4.078622055053710938e+01
4.040256881713867188e+01
4.125972747802734375e+01
4.184461212158203125e+01
4.272822570800781250e+01
4.428126144409179688e+01
4.372288131713867188e+01
4.390179061889648438e+01
4.485309219360351562e+01
4.541761779785156250e+01
4.511149215698242188e+01
4.415298461914062500e+01
4.391355133056640625e+01
4.374998855590820312e+01
4.325788497924804688e+01
4.286816787719726562e+01
4.285488891601562500e+01
4.245053100585937500e+01
4.280689239501953125e+01
4.181359863281250000e+01
4.214280700683593750e+01
4.114323425292968750e+01
4.110070419311523438e+01
4.061703491210937500e+01
4.064610671997070312e+01
4.039041137695312500e+01
3.972139358520507812e+01
3.957178115844726562e+01
3.905205535888671875e+01
3.874304962158203125e+01
3.863215255737304688e+01
3.841158294677734375e+01
3.784365463256835938e+01
3.727160644531250000e+01
3.711495590209960938e+01
3.697301864624023438e+01
3.652166748046875000e+01
3.631747055053710938e+01
3.583964538574218750e+01
3.565596389770507812e+01
3.520509719848632812e+01
3.537934112548828125e+01
3.521180343627929688e+01
3.493350601196289062e+01
3.451864624023437500e+01
3.434942626953125000e+01
3.393758773803710938e+01
3.418211364746093750e+01
3.359996795654296875e+01
3.355391693115234375e+01
3.324639511108398438e+01
3.287381362915039062e+01
3.262374496459960938e+01
3.259741592407226562e+01
3.243655776977539062e+01
3.243852233886718750e+01
3.224291610717773438e+01
3.187001991271972656e+01
3.186897468566894531e+01
3.145752716064453125e+01
3.153383064270019531e+01
3.131110382080078125e+01
3.139735412597656250e+01
3.096028518676757812e+01
3.111232185363769531e+01
3.078107452392578125e+01
3.058550643920898438e+01
3.052275466918945312e+01
3.026096725463867188e+01
2.997504234313964844e+01
2.995381164550781250e+01
2.957198524475097656e+01
2.956450271606445312e+01
2.943447303771972656e+01
2.921983909606933594e+01
2.923069381713867188e+01
2.916045188903808594e+01
2.904725265502929688e+01
2.851133155822753906e+01
2.881987571716308594e+01
2.851941680908203125e+01
2.861237525939941406e+01
2.851070785522460938e+01
2.864236640930175781e+01
2.964054870605468750e+01
2.820757102966308594e+01
2.812948226928710938e+01
2.836578178405761719e+01
2.875886917114257812e+01
2.808553695678710938e+01
2.827740478515625000e+01
2.838761138916015625e+01
2.804273986816406250e+01
2.801627349853515625e+01
2.862376594543457031e+01
2.810897254943847656e+01
2.813197517395019531e+01
2.887817764282226562e+01
2.831913375854492188e+01
2.815833663940429688e+01
2.810959815979003906e+01
2.814563941955566406e+01
2.817433357238769531e+01
2.797272300720214844e+01
2.801590919494628906e+01
2.804696655273437500e+01
2.826035118103027344e+01
2.833552169799804688e+01
2.837160873413085938e+01
2.850036430358886719e+01
2.863899230957031250e+01
2.875248146057128906e+01
2.894889450073242188e+01
2.890007781982421875e+01
2.863359642028808594e+01
2.889935493469238281e+01
2.899581336975097656e+01
2.905336952209472656e+01
2.914838409423828125e+01
2.904649734497070312e+01
2.934456062316894531e+01
2.917425346374511719e+01
2.953075218200683594e+01
2.940343666076660156e+01
2.925209808349609375e+01
2.935515975952148438e+01
2.955431747436523438e+01
2.955993843078613281e+01
2.942449760437011719e+01
2.951508522033691406e+01
2.959940528869628906e+01
2.961472129821777344e+01
2.971132659912109375e+01
2.963543701171875000e+01
2.987689781188964844e+01
2.971650123596191406e+01
2.989206504821777344e+01
3.016288948059082031e+01
2.997257041931152344e+01
2.997848320007324219e+01
3.010729598999023438e+01
3.000723266601562500e+01
3.001500511169433594e+01
3.027144241333007812e+01
3.031091117858886719e+01
3.030410575866699219e+01
3.017221069335937500e+01
3.046150207519531250e+01
3.017431259155273438e+01
3.037682151794433594e+01
3.044416236877441406e+01
3.025860786437988281e+01
3.057401657104492188e+01
3.058716964721679688e+01
3.044443893432617188e+01
3.046051025390625000e+01
3.034899139404296875e+01
3.054938125610351562e+01
3.069959831237792969e+01
3.058005714416503906e+01
3.067687416076660156e+01
3.049252128601074219e+01
3.051016235351562500e+01
3.059509849548339844e+01
3.070369911193847656e+01
3.070997047424316406e+01
3.069189453125000000e+01
3.046893692016601562e+01
3.068812179565429688e+01
3.060511398315429688e+01
3.069188690185546875e+01
3.075526046752929688e+01
3.067245292663574219e+01
3.075498390197753906e+01
3.078238105773925781e+01
3.078781700134277344e+01
3.087670898437500000e+01
3.087737655639648438e+01
3.062581443786621094e+01
3.089104461669921875e+01
3.082151412963867188e+01
3.079059410095214844e+01
3.072933387756347656e+01
3.075727462768554688e+01
3.087255096435546875e+01
3.072797584533691406e+01
3.075755119323730469e+01
3.090130615234375000e+01
3.068801116943359375e+01
3.074611854553222656e+01
3.075332069396972656e+01
3.068028640747070312e+01
3.098984336853027344e+01
3.050345993041992188e+01
3.072819328308105469e+01
3.070393943786621094e+01
3.070270156860351562e+01
3.056903839111328125e+01
3.063926124572753906e+01
3.074435424804687500e+01
3.056667709350585938e+01
3.066107749938964844e+01
3.045922088623046875e+01
3.057947921752929688e+01
3.042910003662109375e+01
3.042180824279785156e+01
3.046729278564453125e+01
3.040967941284179688e+01
3.042772102355957031e+01
3.040871238708496094e+01
3.029152488708496094e+01
3.040826606750488281e+01
3.037253952026367188e+01
3.012991714477539062e+01
3.014637374877929688e+01
3.007480430603027344e+01
3.020295715332031250e+01
3.005317497253417969e+01
3.012136650085449219e+01
3.003800201416015625e+01
2.998094367980957031e+01
2.975711631774902344e+01
3.002717399597167969e+01
2.982988739013671875e+01
2.986038398742675781e+01
2.986066818237304688e+01
2.963627243041992188e+01
2.968951988220214844e+01
2.973603630065917969e+01
2.959549331665039062e+01
2.964934158325195312e+01
2.960155487060546875e+01
2.955009269714355469e+01
2.956983947753906250e+01
2.953566169738769531e+01
2.947939109802246094e+01
2.924138450622558594e+01
2.941932106018066406e+01
2.936679077148437500e+01
2.925255775451660156e+01
2.929973220825195312e+01
2.939236831665039062e+01
2.930982589721679688e+01
2.923869323730468750e+01
2.903432464599609375e+01
2.906423187255859375e+01
2.920277976989746094e+01
2.909748458862304688e+01
2.888166809082031250e+01
2.919775962829589844e+01
2.892113113403320312e+01
2.892677307128906250e+01
2.889810371398925781e+01
2.887487411499023438e+01
2.890108680725097656e+01
2.874586677551269531e+01
2.882137107849121094e+01
2.874677658081054688e+01
2.885182380676269531e+01
2.859643363952636719e+01
2.864168739318847656e+01
2.858677101135253906e+01
2.863542938232421875e+01
2.855570030212402344e+01
2.860997581481933594e+01
2.854968452453613281e+01
2.838163948059082031e+01
2.834033775329589844e+01
2.841552734375000000e+01
2.832060623168945312e+01
2.833349227905273438e+01
2.826992607116699219e+01
2.813542175292968750e+01
2.836106681823730469e+01
2.813900566101074219e+01
2.825800514221191406e+01
2.817255592346191406e+01
2.817072868347167969e+01
2.808320426940917969e+01
2.798477935791015625e+01
2.802997970581054688e+01
2.806346321105957031e+01
2.807220077514648438e+01
2.784594535827636719e+01
2.789502906799316406e+01
2.785232734680175781e+01
2.772674560546875000e+01
2.775659179687500000e+01
2.778586578369140625e+01
2.768179512023925781e+01
2.774557113647460938e+01
2.773878479003906250e+01
2.776640319824218750e+01
2.759617233276367188e+01
2.776100730895996094e+01
2.754671669006347656e+01
2.760999679565429688e+01
2.743799781799316406e+01
2.734453201293945312e+01
2.756046295166015625e+01
2.719600296020507812e+01
2.743981361389160156e+01
2.733331108093261719e+01
2.737045288085937500e+01
2.736566162109375000e+01
2.730724525451660156e+01
2.726451492309570312e+01
2.728479385375976562e+01
2.724611854553222656e+01
2.723167228698730469e+01
2.719664764404296875e+01
2.707453155517578125e+01
2.713484954833984375e+01
2.715276336669921875e+01
2.700695991516113281e+01
2.713286781311035156e+01
2.693346405029296875e+01
2.693292808532714844e+01
2.692975234985351562e+01
2.695528030395507812e+01
2.685486793518066406e+01
2.688464355468750000e+01
2.686859321594238281e+01
2.690903282165527344e+01
2.680152130126953125e+01
2.681208038330078125e+01
2.676244926452636719e+01
2.675785064697265625e+01
2.660876655578613281e+01
2.668753242492675781e+01
2.657382202148437500e+01
2.671005821228027344e+01
2.647761535644531250e+01
2.663417625427246094e+01
2.654627990722656250e+01
2.649312782287597656e+01
2.651031494140625000e+01
2.649882125854492188e+01
2.647364425659179688e+01
2.651014328002929688e+01
2.635796546936035156e+01
2.637365531921386719e+01
2.627031517028808594e+01
2.630529594421386719e+01
2.624423980712890625e+01
2.619131278991699219e+01
2.623031234741210938e+01
2.621622276306152344e+01
2.644474411010742188e+01
2.612178611755371094e+01
2.615369033813476562e+01
2.608369255065917969e+01
2.603378105163574219e+01
2.621299362182617188e+01
2.603860282897949219e+01
2.602538108825683594e+01
2.600373268127441406e+01
2.592760086059570312e+01
2.592502403259277344e+01
2.601149559020996094e+01
2.586357116699218750e+01
2.608090019226074219e+01
2.581332397460937500e+01
2.582847976684570312e+01
2.590404510498046875e+01
2.578084564208984375e+01
2.568231201171875000e+01
2.578153610229492188e+01
2.577904319763183594e+01
2.569135665893554688e+01
2.564112472534179688e+01
2.549714851379394531e+01
2.579841995239257812e+01
2.562203025817871094e+01
2.555782318115234375e+01
2.557736778259277344e+01
2.554599189758300781e+01
2.546914863586425781e+01
2.559353256225585938e+01
2.546775054931640625e+01
2.551560211181640625e+01
2.531933212280273438e+01
2.536098670959472656e+01
2.535502052307128906e+01
2.534704208374023438e+01
2.520286750793457031e+01
2.531513977050781250e+01
2.510304832458496094e+01
2.529267883300781250e+01
2.531387901306152344e+01
2.513850212097167969e+01
2.524656867980957031e+01
2.518055343627929688e+01
2.508651733398437500e+01
2.509108734130859375e+01
2.510302734375000000e+01
2.510082817077636719e+01
2.483276176452636719e+01
2.500688552856445312e+01
2.490534591674804688e+01
2.491450119018554688e+01
2.482807731628417969e+01
2.489167976379394531e+01
2.487327384948730469e+01
2.487110137939453125e+01
2.481430816650390625e+01
2.474079513549804688e+01
2.471174240112304688e+01
2.471582221984863281e+01
2.481086730957031250e+01
2.456757545471191406e+01
2.481467437744140625e+01
2.450313949584960938e+01
2.463701820373535156e+01
2.452931594848632812e+01
2.468259811401367188e+01
2.459205818176269531e+01
2.456657409667968750e+01
2.453769874572753906e+01
2.452382278442382812e+01
2.444009780883789062e+01
2.443971061706542969e+01
2.437395095825195312e+01
2.441075134277343750e+01
2.435342025756835938e+01
2.441328620910644531e+01
2.433616447448730469e+01
2.435311889648437500e+01
2.431514549255371094e+01
2.434943962097167969e+01
2.419149589538574219e+01
2.431435585021972656e+01
2.418398666381835938e+01
2.417781066894531250e+01
2.416384124755859375e+01
2.411137008666992188e+01
2.419444847106933594e+01
2.407739067077636719e+01
2.414269065856933594e+01
2.400102806091308594e+01
2.401031112670898438e+01
2.410243225097656250e+01
2.408550071716308594e+01
2.395348930358886719e+01
2.399334526062011719e+01
2.385135650634765625e+01
2.395456886291503906e+01
2.393910789489746094e+01
2.389402770996093750e+01
2.386841773986816406e+01
2.387412261962890625e+01
2.382737350463867188e+01
2.384607124328613281e+01
2.374999237060546875e+01
2.380943298339843750e+01
2.373114776611328125e+01
2.357214927673339844e+01
2.375802230834960938e+01
2.364460372924804688e+01
2.371364974975585938e+01
2.356564521789550781e+01
2.357671356201171875e+01
2.359943771362304688e+01
2.358818626403808594e+01
2.345263671875000000e+01
2.353617858886718750e+01
2.357964897155761719e+01
2.351464080810546875e+01
2.340824127197265625e+01
2.347954177856445312e+01
2.352103614807128906e+01
2.335157203674316406e+01
2.348963546752929688e+01
2.335761833190917969e+01
2.332485771179199219e+01
2.338544845581054688e+01
2.327287673950195312e+01
2.328959083557128906e+01
2.328994178771972656e+01
2.318794631958007812e+01
2.330406761169433594e+01
2.316699790954589844e+01
2.323613739013671875e+01
2.321997642517089844e+01
2.308731269836425781e+01
2.320452880859375000e+01
2.315662574768066406e+01
2.313627433776855469e+01
2.294668197631835938e+01
2.315045356750488281e+01
2.305504989624023438e+01
2.304877471923828125e+01
2.292781829833984375e+01
2.302782821655273438e+01
2.293095207214355469e+01
2.294480705261230469e+01
2.299255752563476562e+01
2.300492858886718750e+01
2.289674758911132812e+01
2.291907691955566406e+01
2.283419799804687500e+01
2.293879890441894531e+01
2.285181427001953125e+01
2.283748245239257812e+01
2.283295822143554688e+01
2.277548217773437500e+01
2.282506561279296875e+01
2.277155876159667969e+01
2.267925453186035156e+01
2.263046073913574219e+01
2.279884338378906250e+01
2.264441490173339844e+01
2.272135925292968750e+01
2.265757942199707031e+01
2.262791442871093750e+01
2.263580322265625000e+01
2.257993316650390625e+01
2.255548477172851562e+01
2.269731140136718750e+01
2.246509742736816406e+01
2.248541450500488281e+01
2.253140830993652344e+01
2.247677040100097656e+01
2.254060554504394531e+01
2.259591674804687500e+01
2.240523910522460938e+01
2.251351928710937500e+01
2.234109878540039062e+01
2.246031951904296875e+01
2.244318962097167969e+01
2.236126899719238281e+01
2.239152526855468750e+01
2.240014266967773438e+01
2.227100372314453125e+01
2.243908882141113281e+01
2.228890800476074219e+01
2.225939369201660156e+01
2.228930854797363281e+01
2.222612953186035156e+01
2.225132179260253906e+01
2.228937721252441406e+01
2.226089668273925781e+01
2.217987060546875000e+01
2.206112670898437500e+01
2.221567344665527344e+01
2.218912506103515625e+01
2.206700897216796875e+01
2.221020698547363281e+01
2.216634178161621094e+01
2.213183593750000000e+01
2.213493537902832031e+01
2.210962677001953125e+01
2.215825080871582031e+01
2.190659141540527344e+01
2.215092277526855469e+01
2.206849098205566406e+01
2.203617286682128906e+01
2.193433761596679688e+01
2.197279167175292969e+01
2.193402481079101562e+01
2.195015525817871094e+01
2.187440299987792969e+01
2.183815574645996094e+01
2.187195205688476562e+01
2.177686882019042969e+01
2.190606117248535156e+01
2.190325546264648438e+01
2.182413101196289062e+01
2.182644462585449219e+01
2.183208656311035156e+01
2.176117897033691406e+01
2.174928855895996094e+01
2.176962089538574219e+01
2.171428298950195312e+01
2.174379730224609375e+01
2.175969123840332031e+01
2.163533973693847656e+01
2.175748825073242188e+01
2.161193466186523438e+01
2.168080139160156250e+01
2.166739845275878906e+01
2.159550094604492188e+01
2.151642990112304688e+01
2.159949684143066406e+01
2.160809516906738281e+01
2.156332206726074219e+01
2.159773254394531250e+01
2.152641868591308594e+01
2.155003166198730469e+01
2.144757652282714844e+01
2.153864669799804688e+01
2.142962265014648438e+01
2.137751197814941406e+01
2.141490364074707031e+01
2.134440231323242188e+01
2.149361038208007812e+01
2.136372756958007812e+01
2.136377716064453125e+01
2.134592056274414062e+01
2.130293273925781250e+01
2.134160041809082031e+01
2.121855354309082031e+01
2.132221412658691406e+01
2.119470405578613281e+01
2.130378150939941406e+01
2.131068801879882812e+01
2.119192695617675781e+01
2.123323059082031250e+01
2.113229942321777344e+01
2.115172386169433594e+01
2.120369338989257812e+01
2.127628517150878906e+01
2.113877868652343750e+01
2.110619163513183594e+01
2.119952583312988281e+01
2.111006355285644531e+01
2.103602600097656250e+01
2.111291885375976562e+01
2.097642135620117188e+01
2.102898025512695312e+01
2.094979667663574219e+01
2.097080612182617188e+01
2.100721359252929688e+01
2.106987571716308594e+01
2.094040107727050781e+01
2.100947952270507812e+01
2.098381805419921875e+01
2.100182914733886719e+01
2.093107986450195312e+01
2.089231681823730469e+01
2.093399429321289062e+01
2.086266517639160156e+01
2.089518547058105469e+01
2.089539718627929688e+01
2.082843017578125000e+01
2.076837730407714844e+01
2.078954124450683594e+01
2.081565475463867188e+01
2.065111160278320312e+01
2.068257331848144531e+01
2.068308258056640625e+01
2.066615676879882812e+01
2.076881408691406250e+01
2.070993804931640625e+01
2.068634033203125000e+01
2.067059707641601562e+01
2.069687843322753906e+01
2.064982414245605469e+01
2.063171577453613281e+01
2.056491088867187500e+01
2.064716911315917969e+01
2.064102363586425781e+01
2.057750511169433594e+01
2.056826400756835938e+01
2.055266571044921875e+01
2.055015373229980469e+01
2.056649780273437500e+01
2.040734863281250000e+01
2.048587608337402344e+01
2.047970390319824219e+01
2.050906753540039062e+01
2.048683547973632812e+01
2.049982643127441406e+01
2.045265960693359375e+01
2.048554420471191406e+01
2.031981086730957031e+01
2.041872215270996094e+01
2.042259979248046875e+01
2.042982101440429688e+01
2.033520507812500000e+01
2.040886688232421875e+01
2.031725311279296875e+01
2.029374122619628906e+01
2.031529426574707031e+01
2.029199600219726562e+01
2.031617355346679688e+01
2.032179450988769531e+01
2.026164627075195312e+01
2.021275329589843750e+01
2.023991775512695312e+01
2.032849884033203125e+01
2.024216842651367188e+01
2.022682952880859375e+01
2.020119667053222656e+01
2.017136764526367188e+01
2.016878318786621094e+01
2.018268394470214844e+01
2.012749481201171875e+01
2.021245574951171875e+01
2.013946533203125000e+01
2.006871223449707031e+01
2.003292846679687500e+01
2.015080833435058594e+01
2.009036636352539062e+01
1.991824722290039062e+01
2.000607490539550781e+01
2.008686065673828125e+01
2.001366806030273438e+01
1.999744415283203125e+01
2.005546760559082031e+01
2.000036621093750000e+01
1.993491554260253906e+01
1.993667030334472656e+01
1.994712066650390625e+01
1.994844436645507812e+01
1.992601203918457031e+01
1.993428039550781250e+01
1.979337501525878906e+01
1.990494537353515625e+01
1.986040687561035156e+01
1.989975929260253906e+01
1.991762733459472656e+01
1.982983779907226562e+01
1.973183059692382812e+01
1.980387496948242188e+01
1.975243568420410156e+01
1.978754997253417969e+01
1.980069541931152344e+01
1.984748268127441406e+01
1.971959686279296875e+01
1.984654235839843750e+01
1.976879119873046875e+01
1.973894500732421875e+01
1.975451278686523438e+01
1.974222183227539062e+01
1.974491882324218750e+01
1.967762947082519531e+01
1.969728279113769531e+01
1.967817878723144531e+01
1.969661521911621094e+01
1.968620300292968750e+01
1.967024230957031250e+01
1.965086746215820312e+01
1.967738723754882812e+01
1.965569114685058594e+01
1.960207366943359375e+01
1.960995483398437500e+01
1.959018135070800781e+01
1.958168983459472656e+01
1.954976081848144531e+01
1.959124374389648438e+01
1.956881904602050781e+01
1.954815673828125000e+01
1.957751464843750000e+01
1.944638061523437500e+01
1.955350303649902344e+01
1.941178131103515625e+01
1.950618934631347656e+01
1.945684432983398438e+01
1.948169898986816406e+01
1.944384384155273438e+01
1.943682098388671875e+01
1.949380874633789062e+01
1.937917518615722656e+01
1.940497970581054688e+01
1.935117530822753906e+01
1.936555099487304688e+01
1.947056770324707031e+01
1.935592651367187500e+01
1.935793876647949219e+01
1.931089401245117188e+01
1.938350677490234375e+01
1.929024124145507812e+01
1.929615592956542969e+01
1.929955291748046875e+01
1.924084663391113281e+01
1.925818824768066406e+01
1.930718040466308594e+01
1.927695465087890625e+01
1.931041336059570312e+01
1.926039314270019531e+01
1.924543762207031250e+01
1.916798782348632812e+01
1.922249031066894531e+01
1.921632575988769531e+01
1.918811798095703125e+01
1.920934867858886719e+01
1.918976783752441406e+01
1.919937133789062500e+01
1.916934394836425781e+01
1.915471267700195312e+01
1.908803367614746094e+01
1.913574028015136719e+01
1.915001296997070312e+01
1.905343437194824219e+01
1.913244247436523438e+01
1.908678245544433594e+01
1.908061599731445312e+01
1.909611511230468750e+01
1.902190780639648438e+01
1.904317474365234375e+01
1.900659561157226562e+01
1.897727966308593750e+01
1.902911949157714844e+01
1.898134040832519531e+01
1.901093673706054688e+01
1.896386528015136719e+01
1.899510765075683594e+01
1.894173240661621094e+01
1.890499687194824219e+01
1.898776817321777344e+01
1.889683532714843750e+01
1.890053367614746094e+01
1.887746810913085938e+01
1.890230369567871094e+01
1.888879585266113281e+01
1.892555618286132812e+01
1.881481361389160156e+01
1.885180664062500000e+01
1.880504417419433594e+01
1.884414100646972656e+01
1.881838226318359375e+01
1.884788894653320312e+01
1.889974594116210938e+01
1.878597640991210938e+01
1.883301162719726562e+01
1.874139213562011719e+01
1.876820755004882812e+01
1.879154777526855469e+01
1.873356246948242188e+01
1.871505737304687500e+01
1.871353340148925781e+01
1.871403312683105469e+01
1.879535293579101562e+01
1.877252388000488281e+01
1.873037528991699219e+01
1.873139190673828125e+01
1.873894691467285156e+01
1.857747077941894531e+01
1.864824485778808594e+01
1.858829689025878906e+01
1.860336494445800781e+01
1.862001037597656250e+01
1.867770767211914062e+01
1.855089569091796875e+01
1.858310890197753906e+01
1.865577316284179688e+01
1.851430130004882812e+01
1.854773712158203125e+01
1.854422378540039062e+01
1.852033233642578125e+01
1.854208564758300781e+01
1.849365425109863281e+01
1.845869064331054688e+01
1.852721977233886719e+01
1.850055122375488281e+01
1.848928260803222656e+01
1.850180625915527344e+01
1.851825523376464844e+01
1.848167228698730469e+01
1.850618171691894531e+01
1.845134735107421875e+01
1.842523384094238281e+01
1.846593093872070312e+01
1.842800903320312500e+01
1.847569465637207031e+01
1.842449760437011719e+01
1.839179039001464844e+01
1.844024276733398438e+01
1.837734413146972656e+01
1.845693016052246094e+01
1.836660194396972656e+01
1.829338073730468750e+01
1.836329460144042969e+01
1.833958816528320312e+01
1.834364128112792969e+01
1.832156181335449219e+01
1.836259651184082031e+01
1.835293769836425781e+01
1.830376815795898438e+01
1.831364822387695312e+01
1.831539535522460938e+01
1.833534240722656250e+01
1.831111145019531250e+01
1.827129173278808594e+01
1.827515792846679688e+01
1.820863342285156250e+01
1.823776435852050781e+01
1.826365280151367188e+01
1.822683143615722656e+01
1.823712730407714844e+01
1.818726348876953125e+01
1.822680091857910156e+01
1.823463058471679688e+01
1.821451568603515625e+01
1.815694427490234375e+01
1.819736289978027344e+01
1.812065696716308594e+01
1.820117950439453125e+01
1.819694900512695312e+01
1.807996749877929688e+01
1.818323707580566406e+01
1.814054107666015625e+01
1.814442825317382812e+01
1.812541961669921875e+01
1.806695556640625000e+01
1.810327911376953125e+01
1.813117980957031250e+01
1.805187034606933594e+01
1.806564903259277344e+01
1.800762939453125000e+01
1.806823348999023438e+01
1.799868392944335938e+01
1.806989288330078125e+01
1.805161094665527344e+01
1.795846366882324219e+01
1.795932769775390625e+01
1.801977729797363281e+01
1.792626762390136719e+01
1.804694175720214844e+01
1.792284393310546875e+01
1.804682159423828125e+01
1.788383674621582031e+01
1.795624351501464844e+01
1.796164131164550781e+01
1.796733856201171875e+01
1.793745040893554688e+01
1.796019554138183594e+01
1.796377372741699219e+01
1.791006278991699219e+01
1.791282653808593750e+01
1.794804382324218750e+01
1.785031509399414062e+01
1.783978462219238281e+01
1.780052947998046875e+01
1.777295684814453125e+01
1.785970115661621094e+01
1.783348655700683594e+01
1.780207633972167969e+01
1.780642127990722656e+01
1.786444664001464844e+01
1.770348548889160156e+01
1.786190032958984375e+01
1.775987434387207031e+01
1.777364349365234375e+01
1.785316467285156250e+01
1.775724983215332031e+01
1.771417617797851562e+01
1.782422637939453125e+01
1.772572708129882812e+01
1.764433479309082031e+01
1.775221252441406250e+01
1.771576881408691406e+01
1.769633293151855469e+01
1.776605606079101562e+01
1.772859191894531250e+01
1.765495300292968750e+01
1.771963119506835938e+01
1.769769096374511719e+01
1.762101554870605469e+01
1.769126701354980469e+01
1.760904121398925781e+01
1.763996124267578125e+01
1.757180976867675781e+01
1.762833976745605469e+01
1.771073150634765625e+01
1.762772560119628906e+01
