6.687446899414062500e+02
6.333461303710937500e+02
5.417556152343750000e+02
3.408110961914062500e+02
2.725901184082031250e+02
2.508712615966796875e+02
2.396161499023437500e+02
2.319488220214843750e+02
2.266483459472656250e+02
2.218068237304687500e+02
2.171957244873046875e+02
2.128299560546875000e+02
2.082165069580078125e+02
2.032664947509765625e+02
1.978656311035156250e+02
1.921689300537109375e+02
1.874445190429687500e+02
1.834068145751953125e+02
1.799809570312500000e+02
1.765741729736328125e+02
1.743961029052734375e+02
1.717851867675781250e+02
1.701614074707031250e+02
1.683924713134765625e+02
1.671878967285156250e+02
1.653984680175781250e+02
1.640971679687500000e+02
1.629823608398437500e+02
1.622711639404296875e+02
1.608128814697265625e+02
1.592414703369140625e+02
1.581326599121093750e+02
1.567831726074218750e+02
1.560254669189453125e+02
1.549306640625000000e+02
1.537932434082031250e+02
1.531580810546875000e+02
1.518433380126953125e+02
1.511943054199218750e+02
1.502913055419921875e+02
1.497117309570312500e+02
1.487539978027343750e+02
1.479411315917968750e+02
1.472735290527343750e+02
1.467316131591796875e+02
1.461075439453125000e+02
1.455803833007812500e+02
1.450627136230468750e+02
1.444944458007812500e+02
1.437716217041015625e+02
1.431585998535156250e+02
1.424132080078125000e+02
1.422302703857421875e+02
1.414976959228515625e+02
1.408936614990234375e+02
1.402673950195312500e+02
1.398134918212890625e+02
1.392813262939453125e+02
1.384180603027343750e+02
1.378551788330078125e+02
1.373727111816406250e+02
1.366154174804687500e+02
1.354530944824218750e+02
1.350017395019531250e+02
1.340322875976562500e+02
1.329802398681640625e+02
1.322119445800781250e+02
1.311803436279296875e+02
1.300122833251953125e+02
1.290871124267578125e+02
1.278819198608398438e+02
1.268349685668945312e+02
1.261164321899414062e+02
1.246241455078125000e+02
1.233554687500000000e+02
1.220155868530273438e+02
1.205133209228515625e+02
1.191924514770507812e+02
1.179573593139648438e+02
1.158277359008789062e+02
1.144528579711914062e+02
1.128974075317382812e+02
1.112869644165039062e+02
1.099709854125976562e+02
1.085990600585937500e+02
1.069065017700195312e+02
1.059050521850585938e+02
1.044864654541015625e+02
1.028471450805664062e+02
1.012626190185546875e+02
1.007237548828125000e+02
9.964327239990234375e+01
9.843395233154296875e+01
9.750402832031250000e+01
9.680418395996093750e+01
9.528823852539062500e+01
9.490511322021484375e+01
9.434381103515625000e+01
9.326584625244140625e+01
9.252127075195312500e+01
9.145198822021484375e+01
9.064717102050781250e+01
9.017857360839843750e+01
8.977755737304687500e+01
8.848969268798828125e+01
8.847219848632812500e+01
8.826042938232421875e+01
8.759632110595703125e+01
8.786277008056640625e+01
8.667937469482421875e+01
8.627394104003906250e+01
8.597754669189453125e+01
8.560219573974609375e+01
8.537925720214843750e+01
8.475550842285156250e+01
8.466580200195312500e+01
8.448798370361328125e+01
8.409246063232421875e+01
8.425983428955078125e+01
8.355150604248046875e+01
8.343549346923828125e+01
8.271733856201171875e+01
8.263494873046875000e+01
8.202552795410156250e+01
8.209001922607421875e+01
8.203511810302734375e+01
8.152103424072265625e+01
8.158979034423828125e+01
8.106100463867187500e+01
8.067817687988281250e+01
8.072460937500000000e+01
8.013931274414062500e+01
8.027587890625000000e+01
8.013152313232421875e+01
8.040188598632812500e+01
7.975241088867187500e+01
8.026964569091796875e+01
7.972060394287109375e+01
7.926308441162109375e+01
7.923112487792968750e+01
7.924261474609375000e+01
7.864907836914062500e+01
7.882211303710937500e+01
7.834006500244140625e+01
7.830444335937500000e+01
7.843245697021484375e+01
7.845473480224609375e+01
7.805580139160156250e+01
7.799291992187500000e+01
7.796887969970703125e+01
7.769501495361328125e+01
7.766760253906250000e+01
7.721506500244140625e+01
7.712221527099609375e+01
7.698217773437500000e+01
7.687784576416015625e+01
7.681420898437500000e+01
7.667637634277343750e+01
7.657749176025390625e+01
7.657975769042968750e+01
7.695349884033203125e+01
7.655904388427734375e+01
7.625896453857421875e+01
7.605956268310546875e+01
7.609509277343750000e+01
7.588999176025390625e+01
7.607570648193359375e+01
7.596591186523437500e+01
7.554492187500000000e+01
7.516100311279296875e+01
7.551173400878906250e+01
7.555300140380859375e+01
7.522269439697265625e+01
7.489497375488281250e+01
7.497705841064453125e+01
7.500083923339843750e+01
7.473777008056640625e+01
7.475199127197265625e+01
7.488065338134765625e+01
7.462209320068359375e+01
7.439177703857421875e+01
7.425897979736328125e+01
7.489519500732421875e+01
7.494627380371093750e+01
7.422843933105468750e+01
7.436613464355468750e+01
7.388684082031250000e+01
7.389690399169921875e+01
7.373038482666015625e+01
7.369292449951171875e+01
7.345597839355468750e+01
7.377764892578125000e+01
7.370337677001953125e+01
7.388990020751953125e+01
7.363367462158203125e+01
7.347921752929687500e+01
7.333409881591796875e+01
7.310264587402343750e+01
7.311715698242187500e+01
7.294219970703125000e+01
7.301078033447265625e+01
7.285893249511718750e+01
7.297386169433593750e+01
7.263433837890625000e+01
7.257310485839843750e+01
7.248549652099609375e+01
7.220317077636718750e+01
7.236210632324218750e+01
7.205757904052734375e+01
7.217745971679687500e+01
7.210142517089843750e+01
7.204194641113281250e+01
7.217574310302734375e+01
7.227847290039062500e+01
7.205188751220703125e+01
7.179859161376953125e+01
7.173395538330078125e+01
7.153263092041015625e+01
7.179615783691406250e+01
7.159576416015625000e+01
7.147365570068359375e+01
7.134216308593750000e+01
7.138822937011718750e+01
7.125803375244140625e+01
7.133960723876953125e+01
7.123371124267578125e+01
7.101708221435546875e+01
7.111407470703125000e+01
7.087496948242187500e+01
7.117694091796875000e+01
7.126229858398437500e+01
7.090496063232421875e+01
7.079197692871093750e+01
7.089689636230468750e+01
7.099312591552734375e+01
7.071747589111328125e+01
7.070867156982421875e+01
7.071321105957031250e+01
7.065171051025390625e+01
7.059037017822265625e+01
7.036537933349609375e+01
7.041502380371093750e+01
7.110381317138671875e+01
7.065853118896484375e+01
7.076538848876953125e+01
7.054171752929687500e+01
7.050730895996093750e+01
7.014029693603515625e+01
7.011456298828125000e+01
7.008425140380859375e+01
6.980402374267578125e+01
7.021826171875000000e+01
6.973387908935546875e+01
6.982154083251953125e+01
6.952983093261718750e+01
6.976433563232421875e+01
6.973751831054687500e+01
6.956602478027343750e+01
6.956690216064453125e+01
6.984973907470703125e+01
6.954421234130859375e+01
6.935649108886718750e+01
6.937831115722656250e+01
6.959432220458984375e+01
6.921921539306640625e+01
6.889348602294921875e+01
6.934450531005859375e+01
6.897298431396484375e+01
6.892832183837890625e+01
6.897296142578125000e+01
6.927014160156250000e+01
6.874752807617187500e+01
6.862902832031250000e+01
6.886145782470703125e+01
6.890536499023437500e+01
6.873226165771484375e+01
6.870325469970703125e+01
6.894248199462890625e+01
6.897354125976562500e+01
6.860326385498046875e+01
6.873240661621093750e+01
6.846030426025390625e+01
6.856304168701171875e+01
6.849018096923828125e+01
6.838284301757812500e+01
6.820265960693359375e+01
6.805964660644531250e+01
6.833612060546875000e+01
6.819615173339843750e+01
6.851463317871093750e+01
6.785669708251953125e+01
6.776119995117187500e+01
6.796165466308593750e+01
6.796485900878906250e+01
6.811779022216796875e+01
6.834524536132812500e+01
6.837104034423828125e+01
6.769309234619140625e+01
6.760024261474609375e+01
6.772576141357421875e+01
6.782125854492187500e+01
6.796153259277343750e+01
6.735471343994140625e+01
6.746484375000000000e+01
6.753151702880859375e+01
6.769425964355468750e+01
6.750516510009765625e+01
6.746285247802734375e+01
6.725868225097656250e+01
6.723725891113281250e+01
6.711457824707031250e+01
6.725657653808593750e+01
6.734615325927734375e+01
6.738111877441406250e+01
6.730470275878906250e+01
6.721265411376953125e+01
6.730720520019531250e+01
6.681066894531250000e+01
6.676328277587890625e+01
6.682011413574218750e+01
6.679714202880859375e+01
6.680384826660156250e+01
6.678298950195312500e+01
6.683435821533203125e+01
6.660772705078125000e+01
6.673148345947265625e+01
6.668323516845703125e+01
6.691640472412109375e+01
6.663867950439453125e+01
6.697326660156250000e+01
6.678182220458984375e+01
6.627349853515625000e+01
6.647376251220703125e+01
6.642368316650390625e+01
6.649404144287109375e+01
6.616310119628906250e+01
6.634831237792968750e+01
6.626972961425781250e+01
6.639653778076171875e+01
6.658662414550781250e+01
6.652778625488281250e+01
6.639614105224609375e+01
6.653233337402343750e+01
6.611105346679687500e+01
6.633927154541015625e+01
6.605012512207031250e+01
6.603730010986328125e+01
6.599254608154296875e+01
6.600811767578125000e+01
6.587315368652343750e+01
6.572347259521484375e+01
6.568190765380859375e+01
6.584648895263671875e+01
6.563455963134765625e+01
6.567759704589843750e+01
6.578613281250000000e+01
6.567775726318359375e+01
6.567749023437500000e+01
6.542353820800781250e+01
6.544763946533203125e+01
6.564533996582031250e+01
6.557240295410156250e+01
6.541885375976562500e+01
6.530841064453125000e+01
6.540751647949218750e+01
6.537837219238281250e+01
6.544745635986328125e+01
6.520767974853515625e+01
6.528588867187500000e+01
6.542071533203125000e+01
6.545126342773437500e+01
6.502733612060546875e+01
6.556896972656250000e+01
6.530546569824218750e+01
6.483381652832031250e+01
6.494187927246093750e+01
6.491479492187500000e+01
6.501387023925781250e+01
6.498255157470703125e+01
6.493834686279296875e+01
6.487845611572265625e+01
6.507358551025390625e+01
6.523754119873046875e+01
6.525654602050781250e+01
6.490856933593750000e+01
6.495728302001953125e+01
6.451396179199218750e+01
6.479521942138671875e+01
6.497727966308593750e+01
6.468773651123046875e+01
6.474518585205078125e+01
6.466740417480468750e+01
6.466744995117187500e+01
6.480402374267578125e+01
6.459256744384765625e+01
6.453365325927734375e+01
6.477289581298828125e+01
6.449333190917968750e+01
6.429607391357421875e+01
6.431607818603515625e+01
6.453388977050781250e+01
6.430464935302734375e+01
6.404176330566406250e+01
6.433050537109375000e+01
6.423690795898437500e+01
6.437127685546875000e+01
6.418505859375000000e+01
6.430147552490234375e+01
6.414320373535156250e+01
6.383790969848632812e+01
6.384352874755859375e+01
6.404629516601562500e+01
6.420169067382812500e+01
6.399018859863281250e+01
6.394001770019531250e+01
6.377720260620117188e+01
6.377874755859375000e+01
6.372869873046875000e+01
6.421820831298828125e+01
6.402980041503906250e+01
6.381451416015625000e+01
6.376871490478515625e+01
6.364955139160156250e+01
6.369882583618164062e+01
6.350222015380859375e+01
6.358302307128906250e+01
6.358897018432617188e+01
6.373854827880859375e+01
6.356224441528320312e+01
6.366589736938476562e+01
6.336722564697265625e+01
6.366699218750000000e+01
6.357929229736328125e+01
6.354779815673828125e+01
6.353071212768554688e+01
6.369292068481445312e+01
6.353133392333984375e+01
6.351776504516601562e+01
6.391227340698242188e+01
6.315362167358398438e+01
6.316975402832031250e+01
6.312319946289062500e+01
6.308908462524414062e+01
6.368511962890625000e+01
6.337226104736328125e+01
6.319790649414062500e+01
6.331698608398437500e+01
6.345341873168945312e+01
6.329877090454101562e+01
6.296206283569335938e+01
6.321544265747070312e+01
6.317365264892578125e+01
6.307897567749023438e+01
6.316727828979492188e+01
6.274016952514648438e+01
6.302337646484375000e+01
6.266790390014648438e+01
6.268833160400390625e+01
6.285243988037109375e+01
6.274311828613281250e+01
6.287456512451171875e+01
6.294153594970703125e+01
6.265183258056640625e+01
6.281468582153320312e+01
6.267047882080078125e+01
6.269798660278320312e+01
6.282623672485351562e+01
6.305009460449218750e+01
6.270214462280273438e+01
6.254667282104492188e+01
6.279161453247070312e+01
6.282678222656250000e+01
6.280118179321289062e+01
6.255732727050781250e+01
6.283532333374023438e+01
6.250277328491210938e+01
6.225955581665039062e+01
6.234997558593750000e+01
6.248431777954101562e+01
6.249698257446289062e+01
6.217983245849609375e+01
6.226307678222656250e+01
6.258582305908203125e+01
6.269844436645507812e+01
6.226828384399414062e+01
6.224449920654296875e+01
6.244076538085937500e+01
6.228525543212890625e+01
6.209764862060546875e+01
6.241898345947265625e+01
6.192756271362304688e+01
6.223390579223632812e+01
6.250966262817382812e+01
6.227291107177734375e+01
6.195399475097656250e+01
6.206046676635742188e+01
6.217951583862304688e+01
6.185968780517578125e+01
6.216868972778320312e+01
6.197477722167968750e+01
6.198265075683593750e+01
6.210730361938476562e+01
6.208615875244140625e+01
6.188637161254882812e+01
6.190969467163085938e+01
6.204695892333984375e+01
6.201563262939453125e+01
6.183914184570312500e+01
6.184933853149414062e+01
6.217521667480468750e+01
6.250262832641601562e+01
6.194114303588867188e+01
6.182950210571289062e+01
6.170856857299804688e+01
6.242798614501953125e+01
6.200931167602539062e+01
6.159980392456054688e+01
6.178787994384765625e+01
6.161817932128906250e+01
6.158728027343750000e+01
6.162436294555664062e+01
6.161082458496093750e+01
6.151416778564453125e+01
6.155205917358398438e+01
6.142605972290039062e+01
6.133790588378906250e+01
6.134468078613281250e+01
6.160232925415039062e+01
6.150278472900390625e+01
6.138968658447265625e+01
6.170296096801757812e+01
6.117025756835937500e+01
6.146147918701171875e+01
6.186982345581054688e+01
6.152900695800781250e+01
6.145005798339843750e+01
6.109499359130859375e+01
6.136392974853515625e+01
6.140615844726562500e+01
6.098446655273437500e+01
6.099117660522460938e+01
6.117143249511718750e+01
6.108413314819335938e+01
6.119051361083984375e+01
6.125426864624023438e+01
6.120529174804687500e+01
6.137737655639648438e+01
6.142066574096679688e+01
6.105080032348632812e+01
6.092349243164062500e+01
6.109522628784179688e+01
6.128314208984375000e+01
6.100379943847656250e+01
6.096628570556640625e+01
6.088405609130859375e+01
6.117034912109375000e+01
6.121464920043945312e+01
6.106203842163085938e+01
6.115201568603515625e+01
6.081782913208007812e+01
6.067234802246093750e+01
6.081202316284179688e+01
6.089329528808593750e+01
6.076070404052734375e+01
6.103561401367187500e+01
6.107467269897460938e+01
6.087330245971679688e+01
6.078464889526367188e+01
6.076794433593750000e+01
6.055338668823242188e+01
6.056445312500000000e+01
6.052596664428710938e+01
6.057603836059570312e+01
6.083321762084960938e+01
6.087150573730468750e+01
6.053136444091796875e+01
6.052497100830078125e+01
6.055814361572265625e+01
6.044684982299804688e+01
6.024543762207031250e+01
6.025302505493164062e+01
6.020535278320312500e+01
6.052353668212890625e+01
6.046768951416015625e+01
6.038423156738281250e+01
6.027883148193359375e+01
6.042378997802734375e+01
6.110564804077148438e+01
6.044058990478515625e+01
6.028764724731445312e+01
6.025212478637695312e+01
5.997455215454101562e+01
6.020939636230468750e+01
6.023474502563476562e+01
6.037257003784179688e+01
6.025418853759765625e+01
6.018935394287109375e+01
6.029430389404296875e+01
6.017676162719726562e+01
6.021161270141601562e+01
6.026922225952148438e+01
6.012145614624023438e+01
5.987146759033203125e+01
5.998024749755859375e+01
6.033806610107421875e+01
6.031023788452148438e+01
6.017663192749023438e+01
5.985408782958984375e+01
6.026286315917968750e+01
6.021460342407226562e+01
6.008573913574218750e+01
5.995505142211914062e+01
6.010775375366210938e+01
6.007560348510742188e+01
6.002079010009765625e+01
5.984999465942382812e+01
5.974812698364257812e+01
5.964596939086914062e+01
6.011544799804687500e+01
6.017119598388671875e+01
6.022326660156250000e+01
5.974048233032226562e+01
5.971785736083984375e+01
6.028769302368164062e+01
6.053524398803710938e+01
6.008262252807617188e+01
6.002938079833984375e+01
5.970426559448242188e+01
5.980826568603515625e+01
5.964117813110351562e+01
5.961470413208007812e+01
5.976290130615234375e+01
5.967026138305664062e+01
5.964062881469726562e+01
5.992869186401367188e+01
6.017240905761718750e+01
6.045516967773437500e+01
6.046494674682617188e+01
5.971047973632812500e+01
5.989472961425781250e+01
5.986651611328125000e+01
5.958039474487304688e+01
5.936351013183593750e+01
5.973402023315429688e+01
5.955431365966796875e+01
5.954115676879882812e+01
5.945670700073242188e+01
5.958232879638671875e+01
5.932588958740234375e+01
5.948280334472656250e+01
5.939597702026367188e+01
5.928056716918945312e+01
5.961821746826171875e+01
5.962906646728515625e+01
5.933168029785156250e+01
5.946311187744140625e+01
5.926755905151367188e+01
5.937107086181640625e+01
5.918170547485351562e+01
5.956841278076171875e+01
5.921217346191406250e+01
5.919758224487304688e+01
5.938050079345703125e+01
5.926266098022460938e+01
5.929557800292968750e+01
5.920680618286132812e+01
5.901976776123046875e+01
5.946235275268554688e+01
5.920147705078125000e+01
5.942782211303710938e+01
5.901916122436523438e+01
5.904821777343750000e+01
5.899077987670898438e+01
5.897000503540039062e+01
5.956567764282226562e+01
5.911856842041015625e+01
5.933466339111328125e+01
5.912440490722656250e+01
5.895397567749023438e+01
5.895489501953125000e+01
5.907255935668945312e+01
5.897146606445312500e+01
5.915218734741210938e+01
5.883366775512695312e+01
5.873533630371093750e+01
5.901737213134765625e+01
5.884397506713867188e+01
5.892449569702148438e+01
5.860126876831054688e+01
5.903516769409179688e+01
5.889538574218750000e+01
5.871099472045898438e+01
5.905669403076171875e+01
5.863630676269531250e+01
5.878641510009765625e+01
5.853093719482421875e+01
5.869542694091796875e+01
5.880487442016601562e+01
5.879277038574218750e+01
5.843111419677734375e+01
5.838467407226562500e+01
5.882629013061523438e+01
5.861183166503906250e+01
5.893501281738281250e+01
5.961658477783203125e+01
5.858937835693359375e+01
5.838088989257812500e+01
5.859151077270507812e+01
5.837823104858398438e+01
5.861873626708984375e+01
5.850621414184570312e+01
5.886062240600585938e+01
5.878591156005859375e+01
5.881909561157226562e+01
5.876326751708984375e+01
5.838021087646484375e+01
5.830771255493164062e+01
5.827212905883789062e+01
5.847126388549804688e+01
5.836283874511718750e+01
5.832403945922851562e+01
5.808297348022460938e+01
5.826673126220703125e+01
5.879059219360351562e+01
5.823628616333007812e+01
5.836827087402343750e+01
5.836469650268554688e+01
5.815708923339843750e+01
5.844277954101562500e+01
5.881693649291992188e+01
5.855167388916015625e+01
5.827386474609375000e+01
5.794785308837890625e+01
5.827411651611328125e+01
5.816266632080078125e+01
5.814318084716796875e+01
5.822824478149414062e+01
5.804486846923828125e+01
5.835625457763671875e+01
5.828225708007812500e+01
5.830405044555664062e+01
5.802957153320312500e+01
5.788824081420898438e+01
5.818824768066406250e+01
5.814916992187500000e+01
5.819055175781250000e+01
5.823838424682617188e+01
5.866376113891601562e+01
5.845452117919921875e+01
5.815070343017578125e+01
5.796097946166992188e+01
5.790166854858398438e+01
5.800941848754882812e+01
5.813768768310546875e+01
5.774403762817382812e+01
5.809897232055664062e+01
5.812435913085937500e+01
5.801590347290039062e+01
5.783843994140625000e+01
5.779307174682617188e+01
5.772527694702148438e+01
5.799929809570312500e+01
5.789455413818359375e+01
5.817148208618164062e+01
5.791343307495117188e+01
5.773213195800781250e+01
5.754864120483398438e+01
5.771285629272460938e+01
5.769131088256835938e+01
5.737174987792968750e+01
5.780022430419921875e+01
5.770202636718750000e+01
5.774571609497070312e+01
5.777866744995117188e+01
5.784216308593750000e+01
5.792418670654296875e+01
5.807745742797851562e+01
5.783010864257812500e+01
5.805566024780273438e+01
5.787044906616210938e+01
5.764685821533203125e+01
5.753256607055664062e+01
5.789433670043945312e+01
5.781007003784179688e+01
5.746185302734375000e+01
5.746473693847656250e+01
5.743553543090820312e+01
5.762714385986328125e+01
5.732677841186523438e+01
5.747502899169921875e+01
5.773992538452148438e+01
5.742962646484375000e+01
5.738943862915039062e+01
5.754278182983398438e+01
5.745483779907226562e+01
5.746075439453125000e+01
5.736409378051757812e+01
5.743440628051757812e+01
5.743185424804687500e+01
5.760540008544921875e+01
5.746632003784179688e+01
5.758568954467773438e+01
5.755074691772460938e+01
5.741186904907226562e+01
5.721059417724609375e+01
5.747505187988281250e+01
5.748127365112304688e+01
5.739040756225585938e+01
5.742859649658203125e+01
5.717470932006835938e+01
5.747587585449218750e+01
5.719483566284179688e+01
5.736475372314453125e+01
5.731026077270507812e+01
5.728915405273437500e+01
5.712025451660156250e+01
5.720407867431640625e+01
5.722378158569335938e+01
5.692915344238281250e+01
5.715991973876953125e+01
5.710390090942382812e+01
5.752857208251953125e+01
5.698377990722656250e+01
5.740795135498046875e+01
5.700345230102539062e+01
5.717789840698242188e+01
5.690535736083984375e+01
5.684546661376953125e+01
5.698895645141601562e+01
5.699361038208007812e+01
5.700745773315429688e+01
5.708769607543945312e+01
5.692681503295898438e+01
5.683036804199218750e+01
5.679935836791992188e+01
5.722385025024414062e+01
5.728797149658203125e+01
5.691671752929687500e+01
5.694253158569335938e+01
5.703359222412109375e+01
5.712488174438476562e+01
5.696248245239257812e+01
5.673146057128906250e+01
5.671620941162109375e+01
5.728047180175781250e+01
5.692919921875000000e+01
5.675736236572265625e+01
5.683080673217773438e+01
5.711529159545898438e+01
5.681838989257812500e+01
5.658864974975585938e+01
5.683314895629882812e+01
5.674800491333007812e+01
5.649575424194335938e+01
5.660179901123046875e+01
5.661782073974609375e+01
5.705662155151367188e+01
5.720263290405273438e+01
5.690689086914062500e+01
5.652336883544921875e+01
5.658842086791992188e+01
5.645304489135742188e+01
5.644350814819335938e+01
5.638649368286132812e+01
5.661775970458984375e+01
5.680978393554687500e+01
5.635961532592773438e+01
5.653204345703125000e+01
5.668628311157226562e+01
5.666709518432617188e+01
5.671238327026367188e+01
5.661843490600585938e+01
5.679652404785156250e+01
5.657759094238281250e+01
5.670197677612304688e+01
5.684186553955078125e+01
5.692755889892578125e+01
5.685363006591796875e+01
5.655718612670898438e+01
5.677936172485351562e+01
5.654896163940429688e+01
5.640686416625976562e+01
5.669805145263671875e+01
5.658522033691406250e+01
5.638415908813476562e+01
5.658341217041015625e+01
5.614994049072265625e+01
5.627117156982421875e+01
5.628013992309570312e+01
5.640596771240234375e+01
5.652789306640625000e+01
5.635986709594726562e+01
5.618429565429687500e+01
5.619180679321289062e+01
5.624758911132812500e+01
5.637115097045898438e+01
5.621403121948242188e+01
5.616632461547851562e+01
5.602583312988281250e+01
5.605250549316406250e+01
5.612246322631835938e+01
5.606183624267578125e+01
5.608979797363281250e+01
5.635936737060546875e+01
5.628931045532226562e+01
5.612459182739257812e+01
5.630780792236328125e+01
5.628886032104492188e+01
5.597273635864257812e+01
5.645345687866210938e+01
5.626102447509765625e+01
5.670512771606445312e+01
5.615315628051757812e+01
5.593841171264648438e+01
5.608374023437500000e+01
5.618373107910156250e+01
5.614075851440429688e+01
5.621424484252929688e+01
5.589741134643554688e+01
5.597521972656250000e+01
5.642832946777343750e+01
5.609560394287109375e+01
5.584405517578125000e+01
5.582064056396484375e+01
5.587995529174804688e+01
5.578997802734375000e+01
5.563469696044921875e+01
5.570458602905273438e+01
5.586933135986328125e+01
5.596092987060546875e+01
5.625345993041992188e+01
5.598900985717773438e+01
5.603595352172851562e+01
5.612993240356445312e+01
5.601273727416992188e+01
5.581410217285156250e+01
5.605170822143554688e+01
5.591435623168945312e+01
5.591765213012695312e+01
5.641656494140625000e+01
5.615132904052734375e+01
5.594445800781250000e+01
5.578493881225585938e+01
5.577287292480468750e+01
5.603985977172851562e+01
5.547335433959960938e+01
5.586532592773437500e+01
5.621790313720703125e+01
5.608920288085937500e+01
5.570334243774414062e+01
5.581758499145507812e+01
5.554475784301757812e+01
5.568682098388671875e+01
5.573338317871093750e+01
5.551558303833007812e+01
5.551269912719726562e+01
5.554903030395507812e+01
5.570960998535156250e+01
5.564076232910156250e+01
5.556978988647460938e+01
5.546446228027343750e+01
5.561268615722656250e+01
5.549194335937500000e+01
5.530579757690429688e+01
5.555293655395507812e+01
5.545537185668945312e+01
5.569122695922851562e+01
5.551665878295898438e+01
5.545919418334960938e+01
5.546003723144531250e+01
5.558240890502929688e+01
5.566462326049804688e+01
5.588972473144531250e+01
5.574910354614257812e+01
5.575920104980468750e+01
5.570218276977539062e+01
5.548461532592773438e+01
5.555264282226562500e+01
5.538066101074218750e+01
5.551946258544921875e+01
5.538100814819335938e+01
5.539456176757812500e+01
5.551179885864257812e+01
5.522060775756835938e+01
5.553135299682617188e+01
5.538358306884765625e+01
5.527727127075195312e+01
5.541336822509765625e+01
5.535845565795898438e+01
5.520148086547851562e+01
5.537797164916992188e+01
5.540850830078125000e+01
5.525339508056640625e+01
5.527749252319335938e+01
5.508768844604492188e+01
5.506268310546875000e+01
5.568803024291992188e+01
5.571430587768554688e+01
5.530801010131835938e+01
5.512407302856445312e+01
