5.477845668792724609e+00
1.459701347351074219e+01
9.043123626708984375e+01
1.654118194580078125e+02
1.499635925292968750e+02
1.316031799316406250e+02
1.200577926635742188e+02
1.104795227050781250e+02
1.022409896850585938e+02
9.498550415039062500e+01
8.795857238769531250e+01
8.197992706298828125e+01
7.695061492919921875e+01
7.232598114013671875e+01
6.917897033691406250e+01
6.673432159423828125e+01
6.448783111572265625e+01
6.243909072875976562e+01
6.046503448486328125e+01
5.874079513549804688e+01
5.682302093505859375e+01
5.514585113525390625e+01
5.389151000976562500e+01
5.258457565307617188e+01
5.099044418334960938e+01
4.999322509765625000e+01
4.878236389160156250e+01
4.759642410278320312e+01
4.683738708496093750e+01
4.603982162475585938e+01
4.522219467163085938e+01
4.486282730102539062e+01
4.444524765014648438e+01
4.402796554565429688e+01
4.337574386596679688e+01
4.318587493896484375e+01
4.262741088867187500e+01
4.241615295410156250e+01
4.198014068603515625e+01
4.156364059448242188e+01
4.102268981933593750e+01
4.069781112670898438e+01
4.033481597900390625e+01
4.002176666259765625e+01
3.960469436645507812e+01
3.933486175537109375e+01
3.930529403686523438e+01
3.861931228637695312e+01
3.861538696289062500e+01
3.847916793823242188e+01
3.821757125854492188e+01
3.828298568725585938e+01
3.803672027587890625e+01
3.741580963134765625e+01
3.768832778930664062e+01
3.741211700439453125e+01
3.735214614868164062e+01
3.718786239624023438e+01
3.690692520141601562e+01
3.707886886596679688e+01
3.665878677368164062e+01
3.647691726684570312e+01
3.666399002075195312e+01
3.641852951049804688e+01
3.620734405517578125e+01
3.615689086914062500e+01
3.615349960327148438e+01
3.597035598754882812e+01
3.594340896606445312e+01
3.602556610107421875e+01
3.579055786132812500e+01
3.573423767089843750e+01
3.610637283325195312e+01
3.617058944702148438e+01
3.598815155029296875e+01
3.599040222167968750e+01
3.626988601684570312e+01
3.599680328369140625e+01
3.662135314941406250e+01
3.659004211425781250e+01
3.677551651000976562e+01
3.708902740478515625e+01
3.734894180297851562e+01
3.756323623657226562e+01
3.811631774902343750e+01
3.810504150390625000e+01
3.887374496459960938e+01
3.893878173828125000e+01
3.983185958862304688e+01
4.004307174682617188e+01
4.074991989135742188e+01
4.071858596801757812e+01
4.187061309814453125e+01
4.186325073242187500e+01
4.279891204833984375e+01
4.295751953125000000e+01
4.342353057861328125e+01
4.373711395263671875e+01
4.456001281738281250e+01
4.511286544799804688e+01
4.559164428710937500e+01
4.574507904052734375e+01
4.585763168334960938e+01
4.660858917236328125e+01
4.657477188110351562e+01
4.714236068725585938e+01
4.723797988891601562e+01
4.758234786987304688e+01
4.758544540405273438e+01
4.752724075317382812e+01
4.774514770507812500e+01
4.775129318237304688e+01
4.791407775878906250e+01
4.812835311889648438e+01
4.786721420288085938e+01
4.796032714843750000e+01
4.812374496459960938e+01
4.771054077148437500e+01
4.792251205444335938e+01
4.794698333740234375e+01
4.781619262695312500e+01
4.808821105957031250e+01
4.767993545532226562e+01
4.783868408203125000e+01
4.778675079345703125e+01
4.767674636840820312e+01
4.758975601196289062e+01
4.780890274047851562e+01
4.749827194213867188e+01
4.730869293212890625e+01
4.742394256591796875e+01
4.733999252319335938e+01
4.705474853515625000e+01
4.714178085327148438e+01
4.706069564819335938e+01
4.706001281738281250e+01
4.724608230590820312e+01
4.686005020141601562e+01
4.682712554931640625e+01
4.665986251831054688e+01
4.661664962768554688e+01
4.664579010009765625e+01
4.645713806152343750e+01
4.641627883911132812e+01
4.623228836059570312e+01
4.622668457031250000e+01
4.609272003173828125e+01
4.600870895385742188e+01
4.597159194946289062e+01
4.584925842285156250e+01
4.593252944946289062e+01
4.581411743164062500e+01
4.548310089111328125e+01
4.574852371215820312e+01
4.570183181762695312e+01
4.551057434082031250e+01
4.522594451904296875e+01
4.528757858276367188e+01
4.543480682373046875e+01
4.511671829223632812e+01
4.512311172485351562e+01
4.472851181030273438e+01
4.498326492309570312e+01
4.495850372314453125e+01
4.489291000366210938e+01
4.467305755615234375e+01
4.456466674804687500e+01
4.447929000854492188e+01
4.431998443603515625e+01
4.436748504638671875e+01
4.426787567138671875e+01
4.411035919189453125e+01
4.421129226684570312e+01
4.397249984741210938e+01
4.403654098510742188e+01
4.392497634887695312e+01
4.378591156005859375e+01
4.366770172119140625e+01
4.345339584350585938e+01
4.341712188720703125e+01
4.353261184692382812e+01
4.337385177612304688e+01
4.305055236816406250e+01
4.325115203857421875e+01
4.314707183837890625e+01
4.292057800292968750e+01
4.296992874145507812e+01
4.287837219238281250e+01
4.283155059814453125e+01
4.278704452514648438e+01
4.254438781738281250e+01
4.260834121704101562e+01
4.254813385009765625e+01
4.229719924926757812e+01
4.225620269775390625e+01
4.215973281860351562e+01
4.222652816772460938e+01
4.209065246582031250e+01
4.193523406982421875e+01
4.205485916137695312e+01
4.173623275756835938e+01
4.158613204956054688e+01
4.187607192993164062e+01
4.153836822509765625e+01
4.159949493408203125e+01
4.145781707763671875e+01
4.135112380981445312e+01
4.155440902709960938e+01
4.127448272705078125e+01
4.119424438476562500e+01
4.121826171875000000e+01
4.101365661621093750e+01
4.101711654663085938e+01
4.079841232299804688e+01
4.080376434326171875e+01
4.094204711914062500e+01
4.062077331542968750e+01
4.072320938110351562e+01
4.069902420043945312e+01
4.050440216064453125e+01
4.026706314086914062e+01
4.040015029907226562e+01
4.029328536987304688e+01
4.030219650268554688e+01
4.027099609375000000e+01
3.994770050048828125e+01
4.014999771118164062e+01
3.986079025268554688e+01
3.991163635253906250e+01
3.992159271240234375e+01
3.983389663696289062e+01
3.972243881225585938e+01
3.962864303588867188e+01
3.976910018920898438e+01
3.955300140380859375e+01
3.930545043945312500e+01
3.950994873046875000e+01
3.928514480590820312e+01
3.935350418090820312e+01
3.927421188354492188e+01
3.933979034423828125e+01
3.914304733276367188e+01
3.908639526367187500e+01
3.913190460205078125e+01
3.894337844848632812e+01
3.892747497558593750e+01
3.879515075683593750e+01
3.886626434326171875e+01
3.871294784545898438e+01
3.860071563720703125e+01
3.869969177246093750e+01
3.867382049560546875e+01
3.840645599365234375e+01
3.861016082763671875e+01
3.843829727172851562e+01
3.841365814208984375e+01
3.844717788696289062e+01
3.830565643310546875e+01
3.821471786499023438e+01
3.828652954101562500e+01
3.796188735961914062e+01
3.810863494873046875e+01
3.799951171875000000e+01
3.806362915039062500e+01
3.790310668945312500e+01
3.782331466674804688e+01
3.792080688476562500e+01
3.771977996826171875e+01
3.776993179321289062e+01
3.754659271240234375e+01
3.760533905029296875e+01
3.759232711791992188e+01
3.753715133666992188e+01
3.752810287475585938e+01
3.755364227294921875e+01
3.755193328857421875e+01
3.731242752075195312e+01
3.715272903442382812e+01
3.734745025634765625e+01
3.708285140991210938e+01
3.725841522216796875e+01
3.720971298217773438e+01
3.697593688964843750e+01
3.694616699218750000e+01
3.690317153930664062e+01
3.698429870605468750e+01
3.662892150878906250e+01
3.679005813598632812e+01
3.675687026977539062e+01
3.673060607910156250e+01
3.670327377319335938e+01
3.661967849731445312e+01
3.652391433715820312e+01
3.645110702514648438e+01
3.654318237304687500e+01
3.640584564208984375e+01
3.644378280639648438e+01
3.641892623901367188e+01
3.633537292480468750e+01
3.622566223144531250e+01
3.634165954589843750e+01
3.615682220458984375e+01
3.617726898193359375e+01
3.604547119140625000e+01
3.604005432128906250e+01
3.610085296630859375e+01
3.584856796264648438e+01
3.589158248901367188e+01
3.593912124633789062e+01
3.567107009887695312e+01
3.582638168334960938e+01
3.567915725708007812e+01
3.582099151611328125e+01
3.569406509399414062e+01
3.563283538818359375e+01
3.547312545776367188e+01
3.550310897827148438e+01
3.541938018798828125e+01
3.543996810913085938e+01
3.535062789916992188e+01
3.536759567260742188e+01
3.524203872680664062e+01
3.522779083251953125e+01
3.520087432861328125e+01
3.516133499145507812e+01
3.514401245117187500e+01
3.508027267456054688e+01
3.508414840698242188e+01
3.505451583862304688e+01
3.485550689697265625e+01
3.485732650756835938e+01
3.494857025146484375e+01
3.490567398071289062e+01
3.464321899414062500e+01
3.469135284423828125e+01
3.468846893310546875e+01
3.469440078735351562e+01
3.461065673828125000e+01
3.460274124145507812e+01
3.443785476684570312e+01
3.444068908691406250e+01
3.433023834228515625e+01
3.456565475463867188e+01
3.433417129516601562e+01
3.421640396118164062e+01
3.432009887695312500e+01
3.432286453247070312e+01
3.409788513183593750e+01
3.419505310058593750e+01
3.413082122802734375e+01
3.415608215332031250e+01
3.420821762084960938e+01
3.409564590454101562e+01
3.380646133422851562e+01
3.406866455078125000e+01
3.393338394165039062e+01
3.387950134277343750e+01
3.382671737670898438e+01
3.381318283081054688e+01
3.387990570068359375e+01
3.375633239746093750e+01
3.372568511962890625e+01
3.363787841796875000e+01
3.354381561279296875e+01
3.360322189331054688e+01
3.357585144042968750e+01
3.350917053222656250e+01
3.349609375000000000e+01
3.340280914306640625e+01
3.354370498657226562e+01
3.345348358154296875e+01
3.326840972900390625e+01
3.335056686401367188e+01
3.332960891723632812e+01
3.323443984985351562e+01
3.320099258422851562e+01
3.317690658569335938e+01
3.309747695922851562e+01
3.306811141967773438e+01
3.313008499145507812e+01
3.313941955566406250e+01
3.300238037109375000e+01
3.303451538085937500e+01
3.285113525390625000e+01
3.300778961181640625e+01
3.293137741088867188e+01
3.280767822265625000e+01
3.281284713745117188e+01
3.287506484985351562e+01
3.277242660522460938e+01
3.278811645507812500e+01
3.267426300048828125e+01
3.265406417846679688e+01
3.262340164184570312e+01
3.271802139282226562e+01
3.261693191528320312e+01
3.246969985961914062e+01
3.251142883300781250e+01
3.253130340576171875e+01
3.249702072143554688e+01
3.245301437377929688e+01
3.238091278076171875e+01
3.227079391479492188e+01
3.244511795043945312e+01
3.225641632080078125e+01
3.231348419189453125e+01
3.227511596679687500e+01
3.217963409423828125e+01
3.230456924438476562e+01
3.226530075073242188e+01
3.223752593994140625e+01
3.206861114501953125e+01
3.220002746582031250e+01
3.204171371459960938e+01
3.217279815673828125e+01
3.218035888671875000e+01
3.210717773437500000e+01
3.205720520019531250e+01
3.197471809387207031e+01
3.188941764831542969e+01
3.195244026184082031e+01
3.192453002929687500e+01
3.191000366210937500e+01
3.182462692260742188e+01
3.178571128845214844e+01
3.180735969543457031e+01
3.179005241394042969e+01
3.168490409851074219e+01
3.171293067932128906e+01
3.165982246398925781e+01
3.169079971313476562e+01
3.162944602966308594e+01
3.161066436767578125e+01
3.163641357421875000e+01
3.160301780700683594e+01
3.151493835449218750e+01
3.145898056030273438e+01
3.151796913146972656e+01
3.144099235534667969e+01
3.149045944213867188e+01
3.137527084350585938e+01
3.140793609619140625e+01
3.135307693481445312e+01
3.125264167785644531e+01
3.127533912658691406e+01
3.120400428771972656e+01
3.146056175231933594e+01
3.106875228881835938e+01
3.124783515930175781e+01
3.116331672668457031e+01
3.124507904052734375e+01
3.105883979797363281e+01
3.112984848022460938e+01
3.101021194458007812e+01
3.105961608886718750e+01
3.093357658386230469e+01
3.090573692321777344e+01
3.097642135620117188e+01
3.088759040832519531e+01
3.101491928100585938e+01
3.079216194152832031e+01
3.081281471252441406e+01
3.080904769897460938e+01
3.089332389831542969e+01
3.068801307678222656e+01
3.086294937133789062e+01
3.064605522155761719e+01
3.074910545349121094e+01
3.066555023193359375e+01
3.069403266906738281e+01
3.068809890747070312e+01
3.066486740112304688e+01
3.056283569335937500e+01
3.056321334838867188e+01
3.057438278198242188e+01
3.049315643310546875e+01
3.061144447326660156e+01
3.054374885559082031e+01
3.052030563354492188e+01
3.038370132446289062e+01
3.041716384887695312e+01
3.045777893066406250e+01
3.035243606567382812e+01
3.038982772827148438e+01
3.023665046691894531e+01
3.027633285522460938e+01
3.021824836730957031e+01
3.035695457458496094e+01
3.027014350891113281e+01
3.026657867431640625e+01
3.010822296142578125e+01
3.023595809936523438e+01
3.016574287414550781e+01
3.010404586791992188e+01
3.005182075500488281e+01
3.016818809509277344e+01
3.004303359985351562e+01
3.000800323486328125e+01
3.007946014404296875e+01
2.991861915588378906e+01
2.991221427917480469e+01
2.996344184875488281e+01
2.990741157531738281e+01
2.997240257263183594e+01
2.979104614257812500e+01
2.984182167053222656e+01
2.991036605834960938e+01
2.988888549804687500e+01
2.979354858398437500e+01
2.987353134155273438e+01
2.980485343933105469e+01
2.976225662231445312e+01
2.969115066528320312e+01
2.968629074096679688e+01
2.965930557250976562e+01
2.957833290100097656e+01
2.962792015075683594e+01
2.963273239135742188e+01
2.953361701965332031e+01
2.951094627380371094e+01
2.950170326232910156e+01
2.951238822937011719e+01
2.954463195800781250e+01
2.943525505065917969e+01
2.937530899047851562e+01
2.947115898132324219e+01
2.942112922668457031e+01
2.935038375854492188e+01
2.939536857604980469e+01
2.935931777954101562e+01
2.928268432617187500e+01
2.932132911682128906e+01
2.921369934082031250e+01
2.931338310241699219e+01
2.922813415527343750e+01
2.919148254394531250e+01
2.922028160095214844e+01
2.912396430969238281e+01
2.923964500427246094e+01
2.908044624328613281e+01
2.913055801391601562e+01
2.908771133422851562e+01
2.909034347534179688e+01
2.909384536743164062e+01
2.909551048278808594e+01
2.899320793151855469e+01
2.891016006469726562e+01
2.898181343078613281e+01
2.893022537231445312e+01
2.883008956909179688e+01
2.898346519470214844e+01
2.884703445434570312e+01
2.893477630615234375e+01
2.880308914184570312e+01
2.885100746154785156e+01
2.888435363769531250e+01
2.881263160705566406e+01
2.876991081237792969e+01
2.875766754150390625e+01
2.882928085327148438e+01
2.871421623229980469e+01
2.869171142578125000e+01
2.871948432922363281e+01
2.864443206787109375e+01
2.866691780090332031e+01
2.856508636474609375e+01
2.866858673095703125e+01
2.859790420532226562e+01
2.868685722351074219e+01
2.855315017700195312e+01
2.853389739990234375e+01
2.851913070678710938e+01
2.851940727233886719e+01
2.848487091064453125e+01
2.838368225097656250e+01
2.840841484069824219e+01
2.851715850830078125e+01
2.827964210510253906e+01
2.832308578491210938e+01
2.837092018127441406e+01
2.829935455322265625e+01
2.836100006103515625e+01
2.835076713562011719e+01
2.830465316772460938e+01
2.824892044067382812e+01
2.836332893371582031e+01
2.828963279724121094e+01
2.807505607604980469e+01
2.816398811340332031e+01
2.829362869262695312e+01
2.818514633178710938e+01
2.810166740417480469e+01
2.809145545959472656e+01
2.811720275878906250e+01
2.812145614624023438e+01
2.797943115234375000e+01
2.795837402343750000e+01
2.812070465087890625e+01
2.806018447875976562e+01
2.793875312805175781e+01
2.797817420959472656e+01
2.803238105773925781e+01
2.787680625915527344e+01
2.792210769653320312e+01
2.787723159790039062e+01
2.791595077514648438e+01
2.779580116271972656e+01
2.785873794555664062e+01
2.786282920837402344e+01
2.778483390808105469e+01
2.785350799560546875e+01
2.766958808898925781e+01
2.773091506958007812e+01
2.777793884277343750e+01
2.774415779113769531e+01
2.769576072692871094e+01
2.771078491210937500e+01
2.761935234069824219e+01
2.767021942138671875e+01
2.774655342102050781e+01
2.763047981262207031e+01
2.756442642211914062e+01
2.755337715148925781e+01
2.765638542175292969e+01
2.750361633300781250e+01
2.759225654602050781e+01
2.758989715576171875e+01
2.751010894775390625e+01
2.753015136718750000e+01
2.739832687377929688e+01
2.732301521301269531e+01
2.753306770324707031e+01
2.740953636169433594e+01
2.739570045471191406e+01
2.735014724731445312e+01
2.748203086853027344e+01
2.729467582702636719e+01
2.732350540161132812e+01
2.735588645935058594e+01
2.731100463867187500e+01
2.735212898254394531e+01
2.725182151794433594e+01
2.730515098571777344e+01
2.727301597595214844e+01
2.723752212524414062e+01
2.715444564819335938e+01
2.723286628723144531e+01
2.712271499633789062e+01
2.718825912475585938e+01
2.714649200439453125e+01
2.722293090820312500e+01
2.700177192687988281e+01
2.715707015991210938e+01
2.700351715087890625e+01
2.707526588439941406e+01
2.702105140686035156e+01
2.711797332763671875e+01
2.703267860412597656e+01
2.703422164916992188e+01
2.693751335144042969e+01
2.697085380554199219e+01
2.701369667053222656e+01
2.693703651428222656e+01
2.695083045959472656e+01
2.687718772888183594e+01
2.689118003845214844e+01
2.684681129455566406e+01
2.690075874328613281e+01
2.674101638793945312e+01
2.680574226379394531e+01
2.679643821716308594e+01
2.673029899597167969e+01
2.674687004089355469e+01
2.684942626953125000e+01
2.672064208984375000e+01
2.674011230468750000e+01
2.670572662353515625e+01
2.674325752258300781e+01
2.668414306640625000e+01
2.661581039428710938e+01
2.662382698059082031e+01
2.664139366149902344e+01
2.667684745788574219e+01
2.656188583374023438e+01
2.659867668151855469e+01
2.661507034301757812e+01
2.666124534606933594e+01
2.652540588378906250e+01
2.655262374877929688e+01
2.646864128112792969e+01
2.648912239074707031e+01
2.647569274902343750e+01
2.652565765380859375e+01
2.641890335083007812e+01
2.648067092895507812e+01
2.639556694030761719e+01
2.642802429199218750e+01
2.651584815979003906e+01
2.636795234680175781e+01
2.640914344787597656e+01
2.639816284179687500e+01
2.629578781127929688e+01
2.638485527038574219e+01
2.637903404235839844e+01
2.634766769409179688e+01
2.627005004882812500e+01
2.626864433288574219e+01
2.631714439392089844e+01
2.621086311340332031e+01
2.621067619323730469e+01
2.624992942810058594e+01
2.623253059387207031e+01
2.618607139587402344e+01
2.614327239990234375e+01
2.611896514892578125e+01
2.614013862609863281e+01
2.610549545288085938e+01
2.624169349670410156e+01
2.611273765563964844e+01
2.604799652099609375e+01
2.614396476745605469e+01
2.606708717346191406e+01
2.612795829772949219e+01
2.605343055725097656e+01
2.600401306152343750e+01
2.599755096435546875e+01
2.597425460815429688e+01
2.601179313659667969e+01
2.600190734863281250e+01
2.595201873779296875e+01
2.595748329162597656e+01
2.590827560424804688e+01
2.594880485534667969e+01
2.595520019531250000e+01
2.585971069335937500e+01
2.594950866699218750e+01
2.589373397827148438e+01
2.590399932861328125e+01
2.587857627868652344e+01
2.585026931762695312e+01
2.581401062011718750e+01
2.589428329467773438e+01
2.580090141296386719e+01
2.587783432006835938e+01
2.581274604797363281e+01
2.576137733459472656e+01
2.574181747436523438e+01
2.570076370239257812e+01
2.582226753234863281e+01
2.562355995178222656e+01
2.571658897399902344e+01
2.563442230224609375e+01
2.564175987243652344e+01
2.569905853271484375e+01
2.560785484313964844e+01
2.568393516540527344e+01
2.556270790100097656e+01
2.563952445983886719e+01
2.564675903320312500e+01
2.550422286987304688e+01
2.557733917236328125e+01
2.552908515930175781e+01
2.559115982055664062e+01
2.555496406555175781e+01
2.550911521911621094e+01
2.550515556335449219e+01
2.556266212463378906e+01
2.547453880310058594e+01
2.549506378173828125e+01
2.553116989135742188e+01
2.541116905212402344e+01
2.542085266113281250e+01
2.543773460388183594e+01
2.547738456726074219e+01
2.542064094543457031e+01
2.532187080383300781e+01
2.539296531677246094e+01
2.549948692321777344e+01
2.530301666259765625e+01
2.535404777526855469e+01
2.534512138366699219e+01
2.524056816101074219e+01
2.537163352966308594e+01
2.536430549621582031e+01
2.520881652832031250e+01
2.524208450317382812e+01
2.530427169799804688e+01
2.522230911254882812e+01
2.523405647277832031e+01
2.532153129577636719e+01
2.518281936645507812e+01
2.529129600524902344e+01
2.519918060302734375e+01
2.514384078979492188e+01
2.523187065124511719e+01
2.516739082336425781e+01
2.523470306396484375e+01
2.515372467041015625e+01
2.513200378417968750e+01
2.515866279602050781e+01
2.505051803588867188e+01
2.507811164855957031e+01
2.504089927673339844e+01
2.505215644836425781e+01
2.508112525939941406e+01
2.503673171997070312e+01
2.508310317993164062e+01
2.504361152648925781e+01
2.499108314514160156e+01
2.497057723999023438e+01
2.501706123352050781e+01
2.492245864868164062e+01
2.504850959777832031e+01
2.480177116394042969e+01
2.506569671630859375e+01
2.490171813964843750e+01
2.495811653137207031e+01
2.489517402648925781e+01
2.491236877441406250e+01
2.482697296142578125e+01
2.492117691040039062e+01
2.489878273010253906e+01
2.483717727661132812e+01
2.482539176940917969e+01
2.478998947143554688e+01
2.480131149291992188e+01
2.489495086669921875e+01
2.482930564880371094e+01
2.485214424133300781e+01
2.475649452209472656e+01
2.487509727478027344e+01
2.477190399169921875e+01
2.477630043029785156e+01
2.479694747924804688e+01
2.469775009155273438e+01
2.481686592102050781e+01
2.469628906250000000e+01
2.474965095520019531e+01
2.470516395568847656e+01
2.473968696594238281e+01
2.458624649047851562e+01
2.468174934387207031e+01
2.466256904602050781e+01
2.461719512939453125e+01
2.463282394409179688e+01
2.466594696044921875e+01
2.456660652160644531e+01
2.464263153076171875e+01
2.466303062438964844e+01
2.444507789611816406e+01
2.458283996582031250e+01
2.458733940124511719e+01
2.457484817504882812e+01
2.461758232116699219e+01
2.445816040039062500e+01
2.453121566772460938e+01
2.446450614929199219e+01
2.454753875732421875e+01
2.452562141418457031e+01
2.448996162414550781e+01
2.451267051696777344e+01
2.444834327697753906e+01
2.448394393920898438e+01
2.448120880126953125e+01
2.445473098754882812e+01
2.434135627746582031e+01
2.441805648803710938e+01
2.440297508239746094e+01
2.435010910034179688e+01
2.450967216491699219e+01
2.438824081420898438e+01
2.436747169494628906e+01
2.434340095520019531e+01
2.432561302185058594e+01
2.434769821166992188e+01
2.438796997070312500e+01
2.436625862121582031e+01
2.438300323486328125e+01
2.430397033691406250e+01
2.433906364440917969e+01
2.428555870056152344e+01
2.421248626708984375e+01
2.425748062133789062e+01
2.426273918151855469e+01
2.417647933959960938e+01
2.421921730041503906e+01
2.427219009399414062e+01
2.425316619873046875e+01
2.424193572998046875e+01
2.416000175476074219e+01
2.423443031311035156e+01
2.422807312011718750e+01
2.420821952819824219e+01
2.418183517456054688e+01
2.412696647644042969e+01
2.405546569824218750e+01
2.417329406738281250e+01
2.412611389160156250e+01
2.407959556579589844e+01
2.407451438903808594e+01
2.402823829650878906e+01
2.406958007812500000e+01
2.407862091064453125e+01
2.400412368774414062e+01
2.406041526794433594e+01
2.402839279174804688e+01
2.399711036682128906e+01
2.395133018493652344e+01
2.412534904479980469e+01
2.401349258422851562e+01
2.393569946289062500e+01
2.394032859802246094e+01
2.399316215515136719e+01
2.405156326293945312e+01
2.394422721862792969e+01
2.389373970031738281e+01
2.391352272033691406e+01
2.399840164184570312e+01
2.397696685791015625e+01
2.392987251281738281e+01
2.385884857177734375e+01
2.390830612182617188e+01
2.385722541809082031e+01
2.396369934082031250e+01
2.385453033447265625e+01
2.386518287658691406e+01
2.387188529968261719e+01
2.382967376708984375e+01
2.400506591796875000e+01
2.375695800781250000e+01
2.390349960327148438e+01
2.382540702819824219e+01
2.385257148742675781e+01
2.362495994567871094e+01
2.374448204040527344e+01
2.383487510681152344e+01
2.375736808776855469e+01
2.374834442138671875e+01
2.379208183288574219e+01
2.372792434692382812e+01
2.372801208496093750e+01
2.373814392089843750e+01
2.378037834167480469e+01
2.374833106994628906e+01
2.368472862243652344e+01
2.374116516113281250e+01
2.368306159973144531e+01
2.378421020507812500e+01
2.365349578857421875e+01
2.363625335693359375e+01
2.370170021057128906e+01
2.365133857727050781e+01
2.358374786376953125e+01
2.362959671020507812e+01
2.360600090026855469e+01
2.363406562805175781e+01
2.358801651000976562e+01
2.350751686096191406e+01
2.350435447692871094e+01
2.366909599304199219e+01
2.347822952270507812e+01
2.358360290527343750e+01
2.347644233703613281e+01
2.356741714477539062e+01
2.348797607421875000e+01
2.351271247863769531e+01
2.352220916748046875e+01
2.343278694152832031e+01
2.349721145629882812e+01
2.347213935852050781e+01
2.340808486938476562e+01
2.346809959411621094e+01
2.339015388488769531e+01
2.347119140625000000e+01
2.349380683898925781e+01
2.338709259033203125e+01
2.339629364013671875e+01
2.337116622924804688e+01
2.347035217285156250e+01
2.338781166076660156e+01
2.342842864990234375e+01
2.333867645263671875e+01
2.332484626770019531e+01
2.337140464782714844e+01
2.335885620117187500e+01
2.332522583007812500e+01
2.337782478332519531e+01
2.324977874755859375e+01
2.329880142211914062e+01
2.336502265930175781e+01
2.331266212463378906e+01
2.332607078552246094e+01
2.322444534301757812e+01
2.327124404907226562e+01
2.325961685180664062e+01
2.325375556945800781e+01
2.327424812316894531e+01
2.326371383666992188e+01
2.324239730834960938e+01
2.319671249389648438e+01
