7.836794978790858295e+02
7.697916230174305383e+02
7.540173602777358610e+02
7.354011361384764314e+02
7.031806076734792441e+02
6.156170758797088638e+02
5.661335934743110556e+02
5.348588761626160704e+02
5.102733601630316116e+02
4.820383148128748871e+02
4.476223181962268427e+02
4.119031026702141389e+02
3.771453665646258742e+02
3.451736226908396930e+02
3.213357127832714468e+02
3.055135615975596011e+02
2.984373776209540665e+02
2.944015080677345395e+02
2.917521280748769641e+02
2.900992962126620114e+02
2.887402184084057808e+02
2.863794863978400826e+02
2.853918688585981727e+02
2.859556022677570581e+02
2.825175091926939785e+02
2.810084234168753028e+02
2.779829629142768681e+02
2.769041197956539690e+02
2.747497554039582610e+02
2.708606363036669791e+02
2.715003261226229370e+02
2.628562752064317465e+02
2.593888222924433649e+02
2.505715826419182122e+02
2.446366492579691112e+02
2.362754462035372853e+02
2.243084423807449639e+02
2.208197100558318198e+02
2.111988188484683633e+02
2.034988491898402572e+02
1.924768498381599784e+02
1.854695211779326200e+02
1.806150560448877513e+02
1.735568897090852261e+02
1.667929652421735227e+02
1.603420520939398557e+02
1.594550548298284411e+02
1.532971345700789243e+02
1.479725582719547674e+02
1.464528838236583397e+02
1.424375668407883495e+02
1.402415651358896866e+02
1.380213714988785796e+02
1.365846857961150818e+02
1.350794727356988005e+02
1.338452838458470069e+02
1.339910836786584696e+02
1.324036164613935398e+02
1.307690496442519361e+02
1.322838283383607632e+02
1.299134322042300482e+02
1.293559514459047932e+02
1.276948526198611944e+02
1.280937154718849342e+02
1.271626497983234003e+02
1.278852729616992292e+02
1.260823189142029150e+02
1.271963690322227194e+02
1.237107959136046702e+02
1.225323048802165431e+02
1.220719921012714622e+02
1.215582259893508308e+02
1.228331070471010662e+02
1.210902869252031451e+02
1.203718840973961051e+02
1.204514294375685495e+02
1.194521319508621673e+02
1.213983348527754060e+02
1.203561618995087201e+02
1.201087697416367064e+02
1.222735017114172251e+02
1.183621795739168192e+02
1.172231083709657469e+02
1.164290554785800396e+02
1.172201774656895168e+02
1.190084320768046382e+02
1.154594986332767803e+02
1.140720907118814011e+02
1.136812209916438405e+02
1.155289222737388286e+02
1.146660041146376017e+02
1.301264579539113413e+02
1.229075110835845237e+02
1.216900573658409996e+02
1.204008846121490421e+02
1.147862304843624770e+02
1.113968114948939956e+02
1.118664411262708427e+02
1.136921596204628457e+02
1.119052350929335375e+02
1.119310961203496504e+02
1.105066164048873816e+02
1.105156965406431482e+02
1.088326695578201537e+02
1.083891109750542228e+02
1.081860346482189925e+02
1.096915668006121791e+02
1.081668586828289165e+02
1.076195203034460093e+02
1.088783549202829306e+02
1.087545216977721765e+02
1.124240357034099134e+02
1.105589236265228976e+02
1.083333306310805568e+02
1.061951446020433991e+02
1.057604443397297587e+02
1.067242171868296055e+02
1.045604803124139579e+02
1.049237148613646298e+02
1.052668297687404788e+02
1.038353073260877437e+02
1.039870579200246965e+02
1.038660174436005548e+02
1.029269638127074415e+02
1.041044945414351730e+02
1.027291325330923257e+02
1.033448153354635082e+02
1.023130959063968533e+02
1.040878782327660588e+02
1.036319149808098246e+02
1.032622056867115816e+02
1.025705453084543279e+02
1.016947435657328640e+02
1.021517818330384557e+02
1.004456422293122984e+02
1.013262176507471679e+02
1.028730515646981587e+02
1.016002454646749982e+02
1.016140891031992481e+02
1.000384706110204718e+02
9.923755022013999394e+01
1.013377120773757412e+02
1.057401219155413798e+02
1.040986094025354731e+02
9.897770802531209711e+01
1.010401612969678524e+02
9.911534556775751525e+01
9.788057856953271596e+01
9.747418344932347622e+01
9.795191394359511605e+01
9.917189649439551147e+01
9.920079545347417138e+01
9.787588242683024475e+01
9.658078646029942149e+01
9.707781357268771671e+01
9.658354553989987323e+01
9.951391993450937434e+01
9.988614050264877164e+01
9.654547980367431137e+01
9.523264816587811765e+01
9.428116918709696392e+01
9.421163000266987808e+01
9.460752345468837632e+01
9.528374479272476094e+01
9.406350466733300664e+01
9.360003657739787286e+01
9.915902679855190627e+01
9.534064672610757896e+01
9.338350658702221097e+01
9.188726483632895281e+01
9.139440920932477752e+01
9.137668480043190300e+01
9.429222256712834849e+01
9.144007715230402766e+01
9.103217249897340935e+01
8.989944403416579632e+01
8.967061947126623522e+01
9.014544700879201855e+01
8.948458139231584596e+01
8.951172852298063276e+01
8.934902334785734013e+01
8.925597314438843455e+01
9.054638092113238201e+01
8.868563346830522676e+01
8.896946249970280007e+01
8.781595768391078138e+01
8.756993404190512820e+01
8.775394042073710921e+01
8.739302665877893617e+01
8.794540473901152211e+01
8.840886258416254861e+01
9.211587052472842174e+01
1.050175274866971620e+02
9.598547484051678680e+01
8.799722187688709596e+01
8.752664523454522794e+01
8.843137335784025765e+01
8.690996535070908635e+01
8.655445671267742114e+01
8.585283609855248699e+01
8.684871178813101267e+01
8.785712700309026957e+01
8.594770945418768804e+01
8.578718673064682321e+01
8.529365443160706661e+01
8.559378849107814347e+01
8.582970317318924458e+01
8.553974140584496411e+01
8.468515604082931247e+01
8.464857784407287511e+01
8.484232907317185379e+01
8.444490874378325884e+01
8.436366759993022413e+01
8.387210715673931816e+01
8.366076036698098051e+01
8.335018010860640914e+01
8.343019012358385567e+01
8.389226580394392840e+01
8.366912576015192826e+01
8.393403773787431987e+01
8.552782764079567812e+01
8.348248992316808881e+01
8.316772286811632853e+01
8.304753061837952544e+01
8.295887951735839749e+01
8.297327439114933156e+01
8.291944390299920542e+01
8.333668660684550389e+01
8.293692994713180155e+01
8.206119050283284366e+01
8.199300742590016000e+01
8.182407283038598678e+01
8.165664612867365690e+01
8.189384444804083785e+01
8.114323647939013995e+01
8.168633708243072533e+01
8.205797201117923123e+01
8.112213453000443053e+01
8.110949877321721146e+01
8.116192991668992818e+01
8.084466138186108708e+01
8.069838112328122293e+01
8.052098963922225039e+01
8.052222207515603714e+01
8.069414442323069636e+01
8.052336532298977545e+01
8.029396471814017389e+01
8.015944311330480332e+01
8.039249053144200730e+01
8.002864317122319449e+01
8.026155645184471155e+01
7.953236785410726384e+01
7.954754509725478329e+01
7.966722141865086826e+01
7.943284267397858400e+01
7.942097744649888114e+01
7.904210622752154336e+01
7.917951765884021142e+01
7.898586429722431035e+01
7.821023852803776322e+01
7.889730628849220295e+01
7.830452467450349729e+01
7.829584962548445048e+01
7.811752074932130085e+01
7.817184167643029014e+01
7.811879022118669980e+01
7.794660991674484762e+01
7.768834955727544411e+01
7.750200588873227048e+01
7.745453078553339310e+01
7.708068199203647453e+01
7.693912039441578088e+01
7.674139831628477282e+01
7.681441166196000836e+01
7.661086711489848255e+01
7.660530475423617247e+01
7.617982907224002531e+01
7.641677330882875196e+01
7.671463528389787712e+01
7.629935260637290639e+01
7.632865964316032148e+01
7.675589102653741236e+01
7.618485873861226310e+01
7.603436839133463820e+01
7.564447486685598676e+01
7.553072150289588649e+01
7.528593247356440088e+01
7.537182434206648907e+01
7.484534953228509835e+01
7.516333651880454170e+01
7.501212033116242139e+01
7.437766491065339380e+01
7.499644830076921664e+01
7.521786307678831918e+01
7.493059829052307919e+01
7.476335381573311167e+01
7.528001677040600725e+01
7.439432330725476561e+01
7.432497794504801902e+01
7.395537445494872486e+01
7.390477785708715430e+01
7.372697577904156674e+01
7.335357885832610236e+01
7.360159929570340864e+01
7.301336130175087646e+01
7.296934992966424716e+01
7.283667349075741981e+01
7.267332264287698251e+01
7.260517061554187990e+01
7.243392207031828889e+01
7.226268839941408828e+01
7.200619964449765575e+01
7.156776414596896529e+01
7.191164313511637829e+01
7.189069753610704083e+01
7.159493026195080745e+01
7.184140816619773773e+01
7.298177622704521639e+01
7.215658615825620359e+01
7.351449330574848773e+01
7.171647924586177680e+01
7.101275529279131149e+01
7.070985626020238612e+01
7.037960072300357695e+01
7.045509812785421389e+01
7.016533807160570291e+01
6.992955509110484513e+01
6.918651596734200382e+01
6.943417309720229014e+01
6.932251962907977827e+01
6.925473590208392238e+01
6.892179006864648727e+01
6.891565912959340778e+01
6.914858038655424366e+01
6.903714310881804295e+01
6.878785428301748084e+01
6.882277539922768028e+01
6.862467324477445629e+01
6.816251628031795917e+01
6.810440308667936904e+01
6.775184700025461382e+01
6.778350265782843564e+01
6.795289145315098267e+01
6.738016968363777437e+01
6.717571312355653390e+01
6.708788472457226248e+01
6.664797828960556103e+01
6.668420163769394549e+01
6.630861178432114400e+01
6.602019184373749283e+01
6.577971864388007361e+01
6.592181484119650747e+01
6.576365982583436676e+01
6.540961816593012657e+01
6.533985881510085392e+01
6.562764628123434818e+01
6.553989459001795126e+01
6.498753672774978440e+01
6.526670757665843325e+01
7.022135152609226338e+01
7.147749099000536432e+01
6.845239940252142219e+01
6.995507151863590423e+01
6.721853815207339267e+01
6.642717256269077097e+01
6.524915808391337180e+01
6.436954128133692166e+01
6.377844758128595970e+01
6.338572343984324675e+01
6.333633868244726273e+01
6.341163910748738886e+01
6.326477612253002292e+01
6.279719366391158530e+01
6.240830512697238674e+01
6.253488011156358084e+01
6.232799506188414540e+01
6.194476531192087521e+01
6.183647167997305871e+01
6.142953998082352740e+01
6.151723420344871585e+01
6.134068060357195407e+01
6.095474420336955035e+01
6.061110800535976750e+01
6.108952371338857290e+01
6.048523954634008248e+01
6.047654656827841535e+01
6.018102095319311928e+01
5.988315321511686307e+01
5.951780654583794217e+01
5.970262474062440106e+01
5.956726534047250254e+01
5.973390950936220634e+01
5.956131164676882150e+01
5.965098170133497035e+01
5.981511144919385714e+01
6.038013524726876113e+01
5.970825447229759675e+01
5.970279786013333023e+01
5.880327847492083748e+01
5.911890956396754859e+01
5.809497757195537559e+01
5.859217998619597978e+01
5.778527486390997581e+01
5.812187068413497570e+01
5.768115661175465902e+01
5.783695013725294132e+01
5.782854945259944657e+01
5.797776895664886609e+01
5.939150799759222821e+01
6.243572675127999361e+01
9.263350972009182271e+01
1.560073880204026295e+02
1.003167907062618553e+02
7.583250936809639597e+01
7.678345046865734957e+01
6.605778058071162206e+01
6.164804701717120849e+01
6.066111413717580092e+01
6.037520174192820832e+01
5.924685229338395231e+01
5.857743310205006537e+01
5.839363631636858543e+01
5.775923463362717314e+01
5.741105559849822271e+01
5.703954260093366457e+01
5.660222993573229644e+01
5.653466097692453474e+01
5.624121359154771227e+01
5.593575008918439551e+01
5.575716030442413285e+01
5.582480469069281526e+01
5.539031792633146978e+01
5.547298450712607121e+01
5.496895399469253363e+01
5.520233882125079106e+01
5.487148313467499605e+01
5.479112501621861497e+01
5.450417588024529891e+01
5.456477787784674405e+01
5.449419596796614940e+01
5.456081841881641026e+01
5.430515757665816778e+01
5.409327692078488781e+01
5.412971348576058261e+01
5.388844449266441927e+01
5.392936324688997729e+01
5.430498554755688900e+01
5.379925792988220934e+01
5.347331924068758013e+01
5.341349572899117959e+01
5.317470997841549973e+01
5.324020710963687719e+01
5.288551008809260168e+01
5.302128098717333415e+01
5.305474175505483458e+01
5.256576665997305042e+01
5.269394159671992384e+01
5.274263873729670138e+01
5.239638005712330937e+01
5.251496543488295288e+01
5.205297873673809050e+01
5.219744073212249447e+01
5.198717972742575455e+01
5.195113994765888776e+01
5.179178425436789723e+01
5.174649231906288094e+01
5.164085395115527888e+01
5.159569701848223389e+01
5.169456696699680265e+01
5.142293206561306818e+01
5.161977873088334690e+01
5.137831956660575372e+01
5.147612899158603028e+01
5.157852381174456013e+01
5.112551688141458328e+01
5.089416894661252400e+01
5.085340085970550206e+01
5.085624527950045604e+01
5.099736798744918076e+01
5.064280217839991849e+01
5.064103734425302150e+01
5.042060502840315195e+01
5.025530911636896292e+01
5.023812305302255510e+01
5.026900472660092589e+01
5.022763242789537941e+01
5.012462228238659634e+01
4.990305475928718693e+01
5.011748297711865519e+01
4.972137719235267639e+01
4.979956725752918345e+01
4.962450199708833054e+01
4.943323036010623639e+01
4.949299996163569659e+01
4.955202385573877422e+01
4.960508977280360909e+01
4.930401016169599160e+01
4.923943213169917499e+01
4.929300267782768685e+01
4.924771681881718166e+01
4.902644673154780719e+01
4.894543508338266236e+01
4.899728259330018432e+01
4.900052097028609666e+01
4.894009888592540847e+01
4.901732982359420987e+01
4.881243972325360403e+01
4.869724053347587756e+01
4.884658511677541526e+01
4.845864061118819421e+01
4.823942335582064800e+01
4.812137081937937211e+01
4.849137208432181723e+01
4.837697680585057469e+01
4.794349217111529526e+01
4.788750371253448179e+01
4.791291564168103889e+01
4.788820325883257567e+01
4.758572189359197324e+01
4.783921280320888059e+01
4.751482788767900445e+01
4.788047554551836527e+01
4.753471699465357148e+01
4.759988786263321003e+01
4.735519897122627242e+01
4.739778571724480116e+01
4.719012428448824181e+01
4.712627959192323601e+01
4.710015715528450642e+01
4.697712412158043804e+01
4.702249713778078188e+01
4.725992146332303889e+01
4.689082211823371438e+01
4.681238944177327710e+01
4.682357437318898974e+01
4.667454300124064304e+01
4.682697360138587328e+01
4.647113479035058958e+01
4.637929974153125556e+01
4.664073911810946527e+01
4.626668724174928116e+01
4.613252919861386658e+01
4.624577607942018886e+01
4.589065152048144824e+01
4.582545148229635146e+01
4.609957820094027170e+01
4.594247629458538995e+01
4.597207065958147609e+01
4.651023446435252140e+01
4.653966039431995938e+01
4.670764967119135491e+01
4.633243747224420872e+01
6.262048540829471222e+01
6.146192062885010188e+01
5.739616228848198887e+01
5.618723793132323863e+01
7.486232524977702951e+01
7.451861959306506833e+01
6.220201484051014518e+01
5.061714326368803540e+01
5.293214626425755398e+01
7.382967961888279262e+01
7.410798664482553022e+01
7.140189895484395777e+01
5.886488908663208264e+01
5.348679178842404269e+01
5.118767780722978955e+01
4.866693703856266495e+01
4.767263250982728806e+01
4.616959863474649950e+01
4.596880621253592381e+01
4.582062697094009707e+01
4.558838697844912247e+01
4.554587371306702437e+01
4.514443837660873982e+01
4.536693673911381808e+01
4.496994939167937133e+01
4.494162998951170351e+01
4.489964688026206829e+01
4.470893094526888945e+01
4.473267223118010349e+01
4.477379712064826833e+01
4.447970574762674545e+01
4.456162647755413531e+01
4.466555014949096858e+01
4.430651040019928644e+01
4.434008086017102102e+01
4.409245454565841982e+01
4.441883693774872199e+01
4.408218407339889211e+01
4.423429164926540835e+01
4.395767188438107098e+01
4.406732418231906934e+01
4.364644467383336490e+01
4.385527115012091315e+01
4.398180801583733057e+01
4.373238024125854650e+01
4.343889482546640579e+01
4.359510726041467876e+01
4.343918148269882806e+01
4.350256736663212109e+01
4.340249436664947069e+01
4.345602264337681220e+01
4.346416321835084062e+01
4.310971890553155106e+01
4.317383997917594485e+01
4.319382852385501081e+01
4.320160349247939280e+01
4.312233152164471051e+01
4.304354834420970377e+01
4.291018882214628860e+01
4.288464407695353486e+01
4.295353777764729841e+01
4.287131569181450885e+01
4.258332752206240457e+01
4.252764257198749931e+01
4.282860091553692428e+01
4.263282983626493206e+01
4.246114847796776814e+01
4.232051653219627951e+01
4.234499249826978939e+01
4.229501949931370319e+01
4.240229353416023628e+01
4.210642545936486414e+01
4.230955142289958104e+01
4.275948369257697124e+01
4.263764074782949365e+01
4.220725379517067211e+01
4.201116443873709017e+01
4.204914665040669064e+01
4.177811652333592463e+01
4.177267352485895202e+01
4.161604666561152754e+01
4.170201463994025914e+01
4.212023518788321752e+01
4.170243377638073667e+01
4.178220036632777123e+01
4.152526417309476159e+01
4.152735612680431387e+01
4.130595860999056157e+01
4.138058724953498313e+01
4.124931045953670861e+01
4.130128801877088307e+01
4.153339656583333550e+01
4.182749283375564175e+01
4.166350479609744184e+01
4.208400493975234724e+01
4.194846040198889625e+01
4.238287973721958934e+01
4.156768604258244437e+01
4.132059534699283176e+01
4.313647804350054571e+01
4.189499045103151076e+01
4.158158469404221336e+01
4.093865801579715935e+01
4.078109315397042423e+01
4.026976219975156823e+01
4.074491134349291599e+01
4.107733071400441105e+01
4.062148851687150142e+01
4.110186572020531059e+01
4.033701209551481526e+01
4.034470146521721290e+01
4.018015962482472503e+01
4.075975529345745230e+01
4.002631659150512178e+01
4.028312343877887258e+01
4.059451971991249764e+01
4.020893152586809549e+01
3.997807290481171094e+01
3.978531097240358605e+01
3.944226682580926280e+01
3.927548841143290304e+01
3.921796665514585811e+01
3.917899539399381581e+01
3.944225845452471901e+01
3.945445362047185967e+01
3.909337475410747942e+01
3.915746773317330565e+01
4.006057902595185283e+01
3.929251226809737574e+01
4.074569002342396118e+01
3.927846868171560857e+01
3.912984973384055820e+01
3.933186411741463218e+01
3.885044895669505394e+01
3.862842347002840171e+01
3.871556300306381360e+01
3.907873514505426726e+01
3.958811783801658635e+01
3.916078914865772020e+01
3.880830195571324737e+01
3.857568801664101699e+01
4.007128165775266382e+01
4.585141942496561285e+01
6.220081238434492832e+01
6.371886096790903764e+01
5.355922535116472005e+01
5.518359714027006646e+01
5.075071033859231306e+01
4.709136395326473234e+01
4.129903955634048174e+01
4.578914400484434566e+01
4.442459686728316370e+01
4.630091050945523534e+01
4.257337535325056876e+01
4.090948802280662022e+01
3.978602764331116504e+01
3.845152768905905560e+01
3.840169384681354359e+01
3.803291361008793814e+01
3.795322227322536435e+01
3.791338921147499974e+01
3.771441300402903352e+01
3.768904616113196937e+01
3.749287993178927536e+01
3.741673059187125716e+01
3.759832241449186796e+01
3.725798965344428382e+01
3.724722398905368692e+01
3.750728197986853729e+01
3.775470157822179829e+01
3.788563650092124391e+01
3.743307217490282568e+01
3.738934118698163189e+01
3.718087388581338359e+01
3.718865453970553148e+01
3.687247019184992780e+01
3.705848330890016484e+01
3.720996387900845548e+01
3.689671581658690513e+01
3.705396465069757994e+01
3.697059565462511443e+01
3.683018125518916008e+01
3.667262269477588177e+01
3.666219951091105145e+01
3.655841491471868210e+01
3.650533373204183363e+01
3.643836908466120406e+01
3.619246098318676275e+01
3.630087003409001056e+01
3.651612414879195256e+01
3.646527897158920695e+01
3.642908005076749589e+01
3.633862821808516230e+01
3.619694776711874340e+01
3.629092765212973148e+01
3.614549696018706015e+01
3.595658692557694280e+01
3.611681749585287093e+01
3.604285607258921686e+01
3.589454328636458769e+01
3.588652945566936836e+01
3.594927132783537616e+01
3.572407699190769392e+01
3.575312746667955111e+01
3.576275505314946201e+01
3.577863338947138772e+01
3.572785020993585903e+01
3.572739585674423779e+01
3.578925479127165232e+01
3.551949341519544134e+01
3.572779328779776620e+01
3.567108202167999309e+01
3.552590167741027471e+01
3.556982823656259285e+01
3.537677106959226592e+01
3.567151185971695071e+01
3.535981804530215555e+01
3.538516083006624768e+01
3.523986853914339434e+01
3.528945303319660098e+01
3.524539864599383066e+01
3.521153015326395064e+01
3.517315185063447558e+01
3.530713939354929209e+01
3.521407007186866167e+01
3.513612565888036698e+01
3.506539111945855325e+01
3.502645801076667453e+01
3.517437851513615499e+01
3.518551203157569773e+01
3.529363486310383280e+01
3.502353916977863690e+01
3.492200111357532677e+01
3.479772508492112593e+01
3.471215468465740628e+01
3.489653419588427141e+01
3.504824402562010732e+01
3.488143687096943779e+01
3.480058445003130885e+01
3.487359560851270146e+01
3.466522321870907319e+01
3.481593739249321118e+01
3.474779548319863665e+01
3.467796637720874031e+01
3.460656218962434849e+01
3.455243763375408150e+01
3.466131999235601313e+01
3.490798715267412433e+01
3.488813764271480977e+01
3.479391428738671266e+01
3.464784240639077950e+01
3.438601283337078485e+01
3.435660034897140491e+01
3.431820679516660988e+01
3.442689489974842587e+01
3.446969960526031684e+01
3.426659130294304845e+01
3.413801459785544523e+01
3.420729597917053155e+01
3.430333652589911253e+01
3.418093299692496601e+01
3.417554885512068807e+01
3.415239643830635430e+01
3.416203273125601214e+01
3.418042799111709940e+01
3.405688010922760611e+01
3.413908065117769297e+01
3.418057835102801789e+01
3.415924571901625484e+01
3.397050843734788828e+01
3.395736069641782962e+01
3.389072373066855448e+01
3.385090373853563506e+01
3.377299262661530577e+01
3.379531328915069111e+01
3.385354930122078798e+01
3.389033509554877810e+01
3.405860246286184179e+01
3.394122156674699653e+01
3.376046748626625771e+01
3.388935884015706534e+01
3.372436416793499347e+01
3.383707372515092970e+01
3.370923433400142244e+01
3.443575097439551058e+01
3.423782814177732803e+01
3.409905093892022876e+01
3.396816362396012323e+01
3.372326480463621579e+01
3.358176112908135735e+01
3.369496705658393410e+01
3.363454225102007200e+01
3.347897001738070344e+01
3.337378924778319345e+01
3.341727466735748919e+01
3.339997507633385965e+01
3.347544413392205342e+01
3.344354595884079373e+01
3.326573505960953270e+01
3.341209915159172539e+01
3.326182007765475390e+01
3.338571768003296825e+01
3.338013757416913307e+01
3.333065404629660833e+01
3.320050917834169013e+01
3.332953659480131137e+01
3.333184808499932217e+01
3.320605923963438499e+01
3.310983974834178412e+01
3.308306746616016625e+01
3.315443124091055438e+01
3.317144131226690007e+01
3.345325870745723762e+01
3.331023230409116564e+01
3.314692857360504519e+01
3.305669921723240634e+01
3.311461649998204848e+01
3.307871879303993268e+01
3.304027060540865079e+01
3.304596344963940169e+01
3.307677667008614719e+01
3.283088605967807894e+01
3.288115691275456243e+01
3.283643040535210389e+01
3.282137376297447418e+01
3.277248543869837505e+01
3.268796474523353623e+01
3.272825207398665981e+01
3.261712912046031221e+01
3.276743533193079827e+01
3.266887929962862813e+01
3.262935462252835350e+01
3.265750663452969604e+01
3.268494547763082636e+01
3.273948323953936068e+01
3.283318679199617662e+01
3.252005921621866946e+01
3.267180582800349953e+01
3.256212477655881088e+01
3.260431287557238988e+01
3.262201247770254042e+01
3.247355666597739798e+01
3.264287890713207929e+01
3.246170329442226432e+01
3.242724949754392583e+01
3.241810260121720688e+01
3.241167702042846344e+01
3.239329741690032449e+01
3.244222281677948416e+01
3.238271227614005454e+01
3.227748274013100627e+01
3.241495969856445925e+01
3.241957964678551463e+01
3.239225306472803823e+01
3.235444725182227899e+01
3.234345716582002694e+01
3.231796870253565146e+01
3.225367279271699772e+01
3.230669181916702826e+01
3.243336709383977023e+01
3.222088816066870010e+01
3.228493630967287231e+01
3.218655050471517143e+01
3.195255353849373137e+01
3.215121448049207942e+01
3.216512251268935074e+01
3.203992708042473936e+01
3.202206278842945153e+01
3.204809738208921033e+01
3.207821951214021539e+01
3.198277307850207407e+01
3.209360307858437977e+01
3.205102700823150030e+01
3.203354168472553454e+01
3.196484982972599909e+01
3.195939277966698455e+01
3.199222758458801152e+01
3.191055919587957845e+01
3.179813792837821040e+01
3.184240322458058969e+01
3.189062115807104192e+01
3.187954208403117562e+01
3.193547024029199832e+01
3.180549797126151290e+01
3.164060664558667924e+01
3.179648057713660947e+01
3.209257106469374321e+01
3.182130419606770388e+01
3.171632696808764962e+01
3.169612999898710015e+01
3.170063778428188073e+01
3.147571056326172823e+01
3.149180556822093990e+01
3.156331652937154786e+01
3.152586240242542459e+01
3.140178497028195537e+01
3.160261070147235074e+01
3.176081911907609623e+01
3.158422565632983492e+01
3.173713547075520580e+01
3.170611202947345220e+01
3.181431665126365971e+01
3.177549446184286808e+01
3.153895044830235861e+01
3.153576535373613154e+01
3.165305222593152834e+01
3.146524078738550401e+01
3.127632038795462321e+01
3.134196848543459524e+01
3.158858297818427729e+01
3.139189809811059462e+01
3.138093617330838470e+01
3.145308482695866559e+01
3.129461661297699493e+01
3.125532874364565217e+01
3.125659690368762966e+01
3.135681674054314882e+01
3.120614116483747935e+01
3.116634935994573041e+01
3.121557861957908742e+01
3.122337987906619361e+01
3.128748328954127089e+01
3.110416496232210193e+01
3.115105628827346607e+01
3.125654911977012773e+01
3.120702647885536862e+01
3.125657231920406787e+01
3.120223657648016058e+01
3.105297296098440896e+01
3.101545324716131091e+01
3.111774138313387539e+01
3.090634616914474009e+01
3.101722461105167739e+01
3.107074549500676497e+01
3.106611479496451267e+01
3.096992725497892351e+01
3.119931680192241430e+01
3.111101238609822772e+01
3.101835501016421759e+01
3.097620136745372932e+01
3.104060611630215760e+01
3.113001556037220752e+01
3.103469953271748949e+01
3.073984713557290860e+01
3.090599939612416591e+01
3.087329948718517869e+01
3.082610280292611193e+01
3.088020040831164437e+01
