1.779995693894845203e+02
1.724516454906406580e+02
1.651155668308201712e+02
1.516514353987527954e+02
1.307854932369897085e+02
1.081695988447638257e+02
9.315607595541514740e+01
8.417491154423915134e+01
7.963063892759382156e+01
7.686531748240813045e+01
7.515793668897822499e+01
7.319418238010257483e+01
7.146726273028180287e+01
6.894640806955285939e+01
6.502442860887386189e+01
5.935265916408970810e+01
5.212005986329167939e+01
4.402372663877904557e+01
3.722762280432507254e+01
3.099254023737739772e+01
2.670651027772110098e+01
2.263983985136728805e+01
2.080515488086384579e+01
1.938686129982961504e+01
1.822303916618256991e+01
1.767678472518982602e+01
1.736841318797378264e+01
1.704601276414014066e+01
1.737092434491464843e+01
1.665071974190022885e+01
1.642153207582141405e+01
1.586638058695189102e+01
1.588309688287249699e+01
1.555445101243458339e+01
1.504347112403984355e+01
1.532275151801970914e+01
1.741553796221093009e+01
1.661029620632091408e+01
1.498261933618898567e+01
1.520249760541362249e+01
1.427465166695919763e+01
1.415016922505443020e+01
1.431366322460132778e+01
1.400159883685610041e+01
1.397739667761805471e+01
1.446788205647576397e+01
1.480068840417275133e+01
1.416383380826083638e+01
1.359971689069276479e+01
1.307225684570855684e+01
1.319250252309227633e+01
1.310968252051434391e+01
1.254977357235649116e+01
1.265134022978376649e+01
1.250149514720300203e+01
1.318307476151196589e+01
1.221970498182888676e+01
1.208724764007294006e+01
1.182851424162140574e+01
1.158626263831151348e+01
1.218046601317321986e+01
1.252902760597789822e+01
1.165514632301915832e+01
1.190832928028833670e+01
1.158778088310265275e+01
1.141748238129151183e+01
1.168945668233750368e+01
1.129960848842710597e+01
1.100373911348202682e+01
1.183833804490739183e+01
1.112147440992408676e+01
1.084701694143023509e+01
1.192239932318449291e+01
1.091411526254372077e+01
1.082210166161391918e+01
1.021436838961255944e+01
1.133816594328625271e+01
1.045983400435237698e+01
1.193089166653580868e+01
1.067823279454458429e+01
1.101354247633704020e+01
9.890636121959010651e+00
1.012825925424276718e+01
1.034704050418013210e+01
9.889937132492974570e+00
9.681976692909620041e+00
9.954594153910971244e+00
1.104554802383023038e+01
9.625793247461126967e+00
9.461386447475018002e+00
9.753798235726975463e+00
9.411041222545168949e+00
9.394317361838579572e+00
9.235276673903104694e+00
9.195332345636325400e+00
9.740382272221363991e+00
9.274907768590555435e+00
9.294768675791141632e+00
9.211323363110722084e+00
8.954686890635894514e+00
8.969052627646737719e+00
9.038044994995164672e+00
8.987230651921668922e+00
8.787033924985063749e+00
8.795477324359689320e+00
8.890431272894010917e+00
8.760740537284778640e+00
8.791072327362650540e+00
8.559557673269489797e+00
8.917351848727520292e+00
8.514023837733509126e+00
8.803695874696888524e+00
1.116246050216954089e+01
1.076846783141400543e+01
1.036937051721655578e+01
1.190355400170706801e+01
9.180446280700333972e+00
9.048842395969876051e+00
9.270518346957965505e+00
8.752276143088044691e+00
8.373073283966931513e+00
8.415242693286256070e+00
8.422596049456000600e+00
8.283972978430545808e+00
8.311691593898739683e+00
8.199973446110277564e+00
8.175186757928088355e+00
8.456681314945132755e+00
8.302439528292087090e+00
8.070352767985252029e+00
8.025564142584062921e+00
7.991318457930970176e+00
7.987919716929996916e+00
8.004340973523550673e+00
7.986179923229616229e+00
7.892430428222001915e+00
7.931780639223108942e+00
7.891811188118543541e+00
7.833117411418328402e+00
7.844373720386778714e+00
7.897749058177533144e+00
7.877731918241403619e+00
7.758383735897735001e+00
7.719275746593768694e+00
7.654043648510781672e+00
7.713299343905589467e+00
7.709616038558328555e+00
7.741425412491082625e+00
7.629848970417344667e+00
7.919583887328519367e+00
7.741270846712597908e+00
7.548402731273688104e+00
7.645195835698712195e+00
7.525802418575255892e+00
7.662464206150440660e+00
8.022120748377409072e+00
7.593308285041127093e+00
7.459606958216079775e+00
7.402166378373482125e+00
7.405813161642532449e+00
7.427473733340946183e+00
7.363327897782363962e+00
7.415819205003936432e+00
7.338943442483332191e+00
7.379009588654537488e+00
7.336427669795932971e+00
7.277153961654119207e+00
7.321918135061570965e+00
7.412529529217607660e+00
7.508943359849888921e+00
7.392618223916434417e+00
7.175966907208208845e+00
7.256205216936900015e+00
7.074686195131175914e+00
7.067861971002082910e+00
7.377958442559929608e+00
8.404556887803584786e+00
7.416701610718940074e+00
7.350300295829117481e+00
7.080961800095695757e+00
6.808198118453015368e+00
6.825343297956908195e+00
6.576104681030102483e+00
6.851513752423858072e+00
6.346645402520761259e+00
6.161672521801278890e+00
6.422616068705446324e+00
6.251895269435084224e+00
6.000482408797358502e+00
5.858035438649028315e+00
5.763925539387320995e+00
5.846602500255357882e+00
8.772883648853866845e+00
6.300613406402232108e+00
6.059653135304261973e+00
1.024786256290013853e+01
9.489780391377866664e+00
7.247634583227733351e+00
5.799062657501545814e+00
5.604113332018354932e+00
5.414752133732946504e+00
5.343897668594536299e+00
5.259945988128163386e+00
5.234028282030370960e+00
5.198273582261757397e+00
5.159440068822607195e+00
5.161699165230018593e+00
5.159838524165269114e+00
5.107577512013395271e+00
5.156758535079637440e+00
5.059326788143076570e+00
5.043228365202298669e+00
5.037435782713660437e+00
4.965413226660035484e+00
4.945717347124198859e+00
4.928243248539345700e+00
4.904341101201344699e+00
4.851678944627655810e+00
4.925332672993610217e+00
4.839212227986704029e+00
4.799081282439826346e+00
4.862029990013309266e+00
4.804685729548822337e+00
4.730535967773431771e+00
4.718260250718506299e+00
4.685864888474864820e+00
4.664371403137641536e+00
4.636385528852815519e+00
4.674728073585328048e+00
4.583068130184949851e+00
4.608612561664415352e+00
4.558334988172870972e+00
4.557020644353523053e+00
4.572581391250809979e+00
4.541737642190986080e+00
4.523881034619600783e+00
4.519743220928129190e+00
4.475480284522348029e+00
4.440417743529164518e+00
4.573464011559818410e+00
4.450298213578864015e+00
4.431283870257075819e+00
4.357294399052906719e+00
4.358393442274913987e+00
4.339331859612753028e+00
4.335826710780850135e+00
4.674997928179436713e+00
4.433438154468805514e+00
4.287234339861299759e+00
4.244811673355604498e+00
4.214919316954151896e+00
4.175799678077822819e+00
4.144537442102344649e+00
4.115104822741812995e+00
4.095644533619273275e+00
4.081661082718457401e+00
4.096891610601727685e+00
4.038780178463278858e+00
4.022199876490577530e+00
4.049290116335916068e+00
4.035195296739655824e+00
3.945264150136111425e+00
3.942687548195604741e+00
3.963181232308727431e+00
3.923806790160983660e+00
3.966371956151874656e+00
3.966417951171282930e+00
3.883634561896931903e+00
3.846403681370378358e+00
3.844609581389079267e+00
3.843373676053553734e+00
3.702881768779016536e+00
3.675973384125808430e+00
3.740868212809147053e+00
3.701981762767792450e+00
3.653834630534157579e+00
3.574157142998200420e+00
3.551768414081544645e+00
3.594620535935553196e+00
3.627937355134531749e+00
3.484916334516529268e+00
3.464660341652771258e+00
3.500720750222089173e+00
3.562089721031671097e+00
3.466842253365803206e+00
3.351143460156575493e+00
3.283496809358857238e+00
3.210349001945098646e+00
3.195082580875072242e+00
3.208751444958218624e+00
3.194700507616471619e+00
3.217676129575662181e+00
3.159243447645937231e+00
3.135486957504716177e+00
3.263222744453869950e+00
3.027116669401832105e+00
3.362151570156203029e+00
3.288857405770647890e+00
3.120838472902136118e+00
7.096032704932548896e+00
2.028291089343506570e+01
1.048774855657988425e+01
7.453225187187234368e+00
5.601854779221389080e+00
4.152897858633783912e+00
3.216294744320782772e+00
2.972865123974537394e+00
2.902354496526746264e+00
2.856968078392270627e+00
2.849698888409560205e+00
2.831662321149417405e+00
2.803168088090237209e+00
2.772144537356337146e+00
2.757884243753716103e+00
2.740830563674125919e+00
2.722919502549510096e+00
2.698258158613634716e+00
2.693475941311220367e+00
2.664349240510361483e+00
2.645904981337181994e+00
2.661956970055530114e+00
2.620284683984812180e+00
2.590764719493177104e+00
2.585806878404176334e+00
2.576453909727683733e+00
2.545958683129899036e+00
2.547531733066614290e+00
2.531201899579897940e+00
2.544106980476863011e+00
2.508651092749363265e+00
2.456814399064128907e+00
2.475080127016744402e+00
2.462510613254335290e+00
2.453472550182541845e+00
2.422231834098110603e+00
2.384878838791863132e+00
2.413595557631944555e+00
2.370129552263205319e+00
2.360276180780073396e+00
2.337687221301169238e+00
2.349436336806368875e+00
2.323117012133610437e+00
2.306818766542116261e+00
2.297848499514509424e+00
2.273328312148427788e+00
2.277555659839555435e+00
2.244527540715259395e+00
2.232166797303176686e+00
2.256275926410094890e+00
2.202872038923729292e+00
2.222812409927777733e+00
2.173029992073907124e+00
2.203117059455385718e+00
2.155276872979976499e+00
2.176394096013223312e+00
2.148454598650988423e+00
2.127651772856895995e+00
2.107468473891174199e+00
2.080741867681237700e+00
2.078965198905666334e+00
2.109677182637781812e+00
2.064536852422563129e+00
2.041132297969602494e+00
2.056563165672506077e+00
2.033463980172868446e+00
2.046063583229701610e+00
2.031945037458962044e+00
1.985097649038459533e+00
1.987245625024050444e+00
1.998437304903944778e+00
2.010214461618360815e+00
1.969854827254192697e+00
1.949571988099563669e+00
1.935294785664251505e+00
1.922040930944672210e+00
1.911099925281951162e+00
1.913435987472729582e+00
1.896505014091439900e+00
1.892482303982419012e+00
1.888911885635008003e+00
1.875402579523731017e+00
1.883044876210092866e+00
1.846327047690323298e+00
1.847584379678056665e+00
1.831529523515143865e+00
1.830079540823732032e+00
1.843176323591006804e+00
1.803909247307325270e+00
1.804253279367591833e+00
1.779691658621050054e+00
1.788427804653019759e+00
1.769744371746614364e+00
1.768488589005599465e+00
1.767322787908546022e+00
1.767645255526156145e+00
1.752899604940353129e+00
1.763922121389094766e+00
1.740837501828593759e+00
1.738122827217196686e+00
1.716027257772003711e+00
1.706812208966152822e+00
1.717550381463635700e+00
1.713492287470555153e+00
1.690101306286283078e+00
1.709887003208621081e+00
1.731452675446291778e+00
1.672728342362969967e+00
1.678543982882973795e+00
1.676367818137256993e+00
1.664462103352769784e+00
1.651937270858613305e+00
1.637534817134849163e+00
1.650003308172310224e+00
1.662500691361239458e+00
1.698402993964361896e+00
1.655063193131078858e+00
1.667222407968344644e+00
1.618129100411317634e+00
1.625783145927931717e+00
1.622986551051187165e+00
1.592915399715175706e+00
1.583052771770448341e+00
1.598176725518200669e+00
1.607670490860746870e+00
1.589064587129223494e+00
1.591614438718505609e+00
1.586576336936897702e+00
1.567519257334009763e+00
1.566954911887233903e+00
1.549524693781799467e+00
1.555947385122848914e+00
1.552857931116662371e+00
1.547901307362087753e+00
1.559697523506622385e+00
1.532285307725331336e+00
1.525315835215366178e+00
1.529257244971719887e+00
1.535825133289409949e+00
1.549460389868275501e+00
1.529998334811918381e+00
1.526396549544162484e+00
1.524857938997368434e+00
1.505978925170180061e+00
1.495997547605790512e+00
1.531392082167303714e+00
1.505729310888887174e+00
1.482512701445790615e+00
1.501524012923059148e+00
1.484480472608666446e+00
1.474250269525859469e+00
1.482241283667769860e+00
1.491254689086639384e+00
1.477009541556447036e+00
1.485536546797416646e+00
1.462388988614478080e+00
1.448122831214035955e+00
1.450366201505218555e+00
1.455709922759587105e+00
1.446994930941423174e+00
1.442263360261904381e+00
1.438866250487518483e+00
1.443001538727170852e+00
1.438607405174644693e+00
1.440696099921578321e+00
1.488932608269038838e+00
2.030324609845985062e+00
1.438469935864999272e+01
1.009053575601334707e+01
4.745403698271286608e+00
3.485660291835878777e+00
2.919593100687424503e+00
1.579491155029464355e+00
1.502534584368578452e+00
1.474342188589673697e+00
1.466093976739674121e+00
1.455973990394909379e+00
1.442005219020938922e+00
1.445085519985059408e+00
1.438129756349039168e+00
1.447567677695241084e+00
1.431748995064225483e+00
1.421866033496931525e+00
1.415875151219927464e+00
1.413184365294930078e+00
1.408604721333236443e+00
1.405745970333077910e+00
1.408803782514138403e+00
1.400104344527062450e+00
1.398975742130568189e+00
1.391857942659334046e+00
1.391728557615334649e+00
1.388908122718800042e+00
1.389206727273111230e+00
1.383681769961208285e+00
1.388864044135900144e+00
1.385129502331648110e+00
1.376628149322317585e+00
1.373922119393219621e+00
1.373948213394569962e+00
1.367267943978143219e+00
1.377184846474975188e+00
1.364506902248058484e+00
1.367302252176662680e+00
1.360376458928641341e+00
1.360233401044933954e+00
1.360327732380647969e+00
1.362336875922221635e+00
1.349333372337497394e+00
1.363676007114844380e+00
1.351498370189463616e+00
1.344953197069736373e+00
1.347009529088876389e+00
1.344972500747795063e+00
1.342797568608253389e+00
1.350261539631412600e+00
1.333760449746554944e+00
1.336004294375095380e+00
1.342613784026755797e+00
1.335860512398909350e+00
1.340266225477412920e+00
1.329455049635890784e+00
1.330764189945295994e+00
1.332236254935719399e+00
1.329391710553841310e+00
1.322638536734365378e+00
1.320018225389631539e+00
1.318138537596038828e+00
1.319905624390392607e+00
1.318284255651221315e+00
1.309466416910680664e+00
1.318248451767016105e+00
1.311398683982429203e+00
1.316366612762715160e+00
1.310781676559344078e+00
1.309647464222575719e+00
1.305710110307006788e+00
1.303144271459902415e+00
1.304693426143973101e+00
1.300676919920209729e+00
1.297037904198481417e+00
1.293621497519981789e+00
1.303239005023522079e+00
1.294317230938699437e+00
1.292090051526560091e+00
1.285583437588402989e+00
1.286671865099876300e+00
1.278469505374729920e+00
1.291056564043967070e+00
1.288904384766928590e+00
1.274958899949570013e+00
1.277119454087178863e+00
1.293540625757646056e+00
1.282223245794634092e+00
1.280767769485416263e+00
1.269018616403965849e+00
1.264668606003672924e+00
1.272587676980424520e+00
1.270804893634522204e+00
1.264800107093381643e+00
1.267033870313647892e+00
1.258588112457067698e+00
1.259507895613023676e+00
1.257843125107422022e+00
1.257894617600095355e+00
1.256029242623435405e+00
1.246633245621404651e+00
1.245777741779491521e+00
1.246788355802510795e+00
1.243723269959451816e+00
1.245580802698822209e+00
1.244821687300631696e+00
1.244774186255244830e+00
1.244540252369782163e+00
1.232396294401578940e+00
1.228902819708366678e+00
1.232730282760073237e+00
1.221061696072840208e+00
1.228404629586270946e+00
1.222511691823487512e+00
1.219509807435861237e+00
1.214944522686383310e+00
1.216782315765041700e+00
1.222870986474293931e+00
1.220909247005570908e+00
1.209984704331694250e+00
1.219518768218199600e+00
1.213313274722480628e+00
1.209059765300861455e+00
1.197580339976514141e+00
1.203477949513882095e+00
1.204484590007672384e+00
1.210103355265772507e+00
1.197102021220987966e+00
1.199580124114376645e+00
1.197796490083382626e+00
1.193149646932113228e+00
1.193399120413084713e+00
1.192210992931779900e+00
1.192718550085709150e+00
1.181560418259854917e+00
1.180117481741305596e+00
1.173818120809190235e+00
1.179165998819908578e+00
1.179328512932104944e+00
1.178924752726209224e+00
1.182357713695313395e+00
1.173576549313037232e+00
1.172877859904468689e+00
1.165108139076374894e+00
1.175194295011988244e+00
1.154842496084526715e+00
1.173553160705444132e+00
1.149653518179775347e+00
1.156961129997952753e+00
1.154226832949024173e+00
1.146842423921333509e+00
1.149419120273034833e+00
1.144422468217644040e+00
1.139855541352346791e+00
1.143502787232722584e+00
1.149876943749873703e+00
1.139211728942714830e+00
1.138167693497561528e+00
1.137211437168676342e+00
1.130303205078305950e+00
1.122262121189532946e+00
1.123443524160242735e+00
1.115112031372359480e+00
1.119655045828704898e+00
1.110578780056647563e+00
1.116041517063882882e+00
1.116331818063773129e+00
1.126828793998393419e+00
1.108988959929013252e+00
1.105961616022236083e+00
1.100382700524130453e+00
1.100783403210846334e+00
1.092131482927862773e+00
1.097676206235127072e+00
1.103797219179810440e+00
1.086508474533303570e+00
1.098603015561710139e+00
1.090079524784829390e+00
1.075523092415468840e+00
1.076672896688958714e+00
1.088648725129786499e+00
1.082810942537719257e+00
1.076166980166533449e+00
1.089686223957787137e+00
1.070411220051000978e+00
1.067814239073460625e+00
1.065916095182296797e+00
1.063683601649246580e+00
1.050681041277502503e+00
1.054942220713761092e+00
1.064102676118446222e+00
1.049106240432096993e+00
1.051774506454365987e+00
1.042433719568683248e+00
1.045795724107820401e+00
1.046623359993515079e+00
1.036096734096061400e+00
1.032266653161119097e+00
1.032772661497847411e+00
1.034318020231188573e+00
1.032010415850959317e+00
1.021925579893887548e+00
1.020193962056590964e+00
1.021370884594831718e+00
1.017782145587074139e+00
1.008851543614797119e+00
1.020092435058217006e+00
1.010195266308915096e+00
1.006939912734696962e+00
1.000578241641527200e+00
1.010408842127981099e+00
1.011509945912182129e+00
1.005739040581309585e+00
9.901552555828174729e-01
9.868780316768692717e-01
9.793529515398446961e-01
9.887779081614794796e-01
9.765629375386168931e-01
9.762540477078346379e-01
9.688592023699854616e-01
9.694463674100930461e-01
9.686570492016016720e-01
9.754827068955294056e-01
9.586590939607191331e-01
9.662189501136453362e-01
9.663696752225178210e-01
9.591749189824284594e-01
9.673160343173237141e-01
2.640752036166247763e+00
4.750915555869407569e+01
1.546510386863665687e+01
5.032283194752062983e+00
3.049630058726478410e+00
1.186624927101368687e+00
1.135494298968291016e+00
1.103329150021579608e+00
1.074403683252592057e+00
1.059165865171638687e+00
1.053814360136004824e+00
1.049051620217060998e+00
1.038616691885496879e+00
1.038670469637068550e+00
1.028338480483452555e+00
1.021472346002032294e+00
1.017070182335316986e+00
1.016534831593281840e+00
1.015807907369746577e+00
1.006774730658420935e+00
1.004091288709399565e+00
1.000182396644571314e+00
1.001032118861786557e+00
9.957317078159177992e-01
9.952151293001747501e-01
9.937166669434376320e-01
9.910343503972939283e-01
9.866550134673488515e-01
9.843389511416319460e-01
9.841135201568433910e-01
9.810072539410796821e-01
9.773613694842111510e-01
9.753749588400679738e-01
9.768316251837717568e-01
9.734187680316737090e-01
9.694783969247481314e-01
9.680553693267498483e-01
9.664722212297505166e-01
9.635542103468353048e-01
9.617400410008827283e-01
9.592662707141869083e-01
9.605261462673283512e-01
9.599456137979615056e-01
9.584971141499749603e-01
9.581064611127046993e-01
9.554331034281744461e-01
9.520571106703841213e-01
9.538861091815732385e-01
9.504326967190592779e-01
9.474974014448122039e-01
9.486873662539437868e-01
9.472564075632007308e-01
9.439793295513538851e-01
9.423160267511704324e-01
9.429598207753485672e-01
9.404068713340307806e-01
9.390400235083816716e-01
9.390002627366754728e-01
9.371818366196038586e-01
9.351667985629277258e-01
9.349844225986402302e-01
9.352836659785666029e-01
9.363378606116711245e-01
9.289088041594453227e-01
9.338311594467455512e-01
9.281351794629444374e-01
9.286027852884117806e-01
9.269978452923581802e-01
9.275834992479772279e-01
9.257824359367958778e-01
9.232857775176028792e-01
9.249163956881034654e-01
9.204809358848876633e-01
9.182765453082339935e-01
9.186050906123867099e-01
9.203015291572242962e-01
9.175507949389384299e-01
9.155149291122028909e-01
9.163041033839149918e-01
9.165431432829507230e-01
9.157320832687390055e-01
9.145536483687436435e-01
9.136415153134151979e-01
9.158674755346438712e-01
9.075111744394902535e-01
9.080489845674151184e-01
9.046259332426587196e-01
9.045731773996849023e-01
9.049013017327510733e-01
9.044831598349218904e-01
9.044951265244890459e-01
9.036965861216401663e-01
8.991788811584655594e-01
9.019113466364416798e-01
8.997156272708878300e-01
8.955197214700205688e-01
8.955868609668755642e-01
8.940490043239052165e-01
8.959151057839533916e-01
8.914600571312660815e-01
8.917407080266954722e-01
8.922688137556604726e-01
8.881432553484188697e-01
8.871127851388280749e-01
8.888651934799725041e-01
8.863444013018693113e-01
8.863013270356475681e-01
8.845970353255253604e-01
8.819716464575122483e-01
8.836532932811607122e-01
8.791839985659664070e-01
8.786530602656427158e-01
8.767493527104036621e-01
8.758897967312379018e-01
8.792191947613687830e-01
8.787036057257452404e-01
8.740496026276673991e-01
8.723427093010613920e-01
8.745410541506600799e-01
8.718980963134527196e-01
8.636636140789221150e-01
8.685086979833357423e-01
8.688888923282618304e-01
8.657177841784715611e-01
8.647333963344593366e-01
8.606195890307958285e-01
8.639362292762626794e-01
8.621450338000343772e-01
8.595809160139694649e-01
8.586606300316489415e-01
8.561285552225086359e-01
8.541354669863651106e-01
8.527970711411398952e-01
8.549091302251724533e-01
8.523634784559959154e-01
8.541431223485176361e-01
8.583564824951622763e-01
8.525654149417647432e-01
8.439823259329244376e-01
8.483874749718509634e-01
8.483589701097429270e-01
8.535695405479415410e-01
8.447333897669097036e-01
8.420500547106343214e-01
8.432369109063018175e-01
8.420651295228651634e-01
8.447958079304569434e-01
8.398248751507224608e-01
8.348634119960621769e-01
8.350167304584076300e-01
8.360828037259991907e-01
8.387269422911600714e-01
8.344454175226019288e-01
8.308517798677457211e-01
8.314858450112183608e-01
8.249828069396528685e-01
8.301284612326270684e-01
8.247720250341104009e-01
8.230426914423091267e-01
8.223520826453352139e-01
8.181197500597946481e-01
8.177669459778925676e-01
8.179581843103633787e-01
8.281090313236717515e-01
8.128365190994444323e-01
8.197784168497819213e-01
8.138769254419842003e-01
8.162663304560894284e-01
8.100381543883159452e-01
8.076736877534130832e-01
8.123299974566094983e-01
8.189918935146280887e-01
8.067747468493152718e-01
8.116663683334650603e-01
8.052298359419196583e-01
8.060058729044158321e-01
8.020954099408641458e-01
8.035438252855826580e-01
7.988182078029282263e-01
8.002177065827880131e-01
7.969307685263686825e-01
8.141951362331980580e-01
8.063366277117708369e-01
7.949048074513640483e-01
7.941041968393562911e-01
7.996051915908140018e-01
7.982116275042769882e-01
7.900946563738514561e-01
7.909558612222482576e-01
7.980011406188836087e-01
7.896002506138231070e-01
7.908841923188291156e-01
7.878008053434115698e-01
7.838687825910739537e-01
7.823679939435038699e-01
7.866872684565493490e-01
7.840265743240933949e-01
7.845769389305147223e-01
7.782624085378074819e-01
7.868900188446701360e-01
7.832196690491969315e-01
7.890494599206278048e-01
7.899913943831634588e-01
7.971427143990922337e-01
7.726593916044321997e-01
7.792886673782348783e-01
7.812084822819869157e-01
7.818951201462255307e-01
7.730026193123421541e-01
7.783964331360493372e-01
7.724274791506730020e-01
7.696821409142344805e-01
7.704789024789306939e-01
7.663331896648074570e-01
7.684961008271955496e-01
7.664985255152771959e-01
7.707511395102131235e-01
7.639456950714403893e-01
7.705254485094144012e-01
7.748611197472087264e-01
7.638289405086453598e-01
7.663127498385862157e-01
7.721948147780466343e-01
7.567971842566152407e-01
7.682470124257563260e-01
7.567791119459229554e-01
7.655651778078933489e-01
7.698870416224167235e-01
7.614922497648223265e-01
7.545790876529053781e-01
7.589478037777468433e-01
7.570412234277228425e-01
7.513798453025856139e-01
7.536579448543548887e-01
7.519224642269193293e-01
7.558502124879055151e-01
7.520127336453000799e-01
7.561860350799065600e-01
7.500181095771495388e-01
7.540680210734024280e-01
7.507033951232244817e-01
7.502386014569083494e-01
7.750252140970885772e-01
7.564892898524533393e-01
7.651552608730198823e-01
7.632763627957018793e-01
7.513936865352093264e-01
7.430554104018497474e-01
7.471467848655664046e-01
7.446803997134651132e-01
7.461449409715470438e-01
7.424920023840954064e-01
7.386133148710868346e-01
7.378134797382557286e-01
7.381954530994760955e-01
7.464693839723451907e-01
7.599522439953133590e-01
7.357920996470624919e-01
7.421292030518685801e-01
7.355385880983064117e-01
7.426004454720214198e-01
7.336859746193212795e-01
7.396276274726532041e-01
7.340754252142402958e-01
7.288315693329323608e-01
7.364213976786502247e-01
7.362305731411609155e-01
7.328737941559836377e-01
7.476875518636006968e-01
7.352122240356806504e-01
7.307562965017012635e-01
7.251064223473377979e-01
7.272116407560560436e-01
7.307609745670774481e-01
7.311446015057626591e-01
7.296615972894742175e-01
7.231250726603463130e-01
7.294368987836648000e-01
7.396764184697502964e-01
7.298176355590854092e-01
7.298873439025712617e-01
7.287210965975816634e-01
7.233128501906321839e-01
7.290041491128945728e-01
7.263314631711466074e-01
7.190812492085456586e-01
7.258036366901337022e-01
7.267998042469117070e-01
7.268513470008400867e-01
7.287248436632765003e-01
7.216270598215330789e-01
7.198502700897535522e-01
7.229238168863887370e-01
7.161620939019002208e-01
7.199823086639455250e-01
7.151594829978094037e-01
7.139306805615618368e-01
7.203521696843111499e-01
7.188395220609322678e-01
7.167953157312197954e-01
7.166862765710518834e-01
7.140459268045162844e-01
7.145356035213197288e-01
7.146051216146019902e-01
7.122431038948562332e-01
7.139976981699263092e-01
7.158368147797006253e-01
