6.741739326962851919e+02
6.602849216680624522e+02
6.464741332553967368e+02
6.307977546552137937e+02
6.115568128629238345e+02
5.843778299969853833e+02
5.376022279654280283e+02
4.344069400329026394e+02
3.529088698027189821e+02
2.950109343492658809e+02
2.682279819073155522e+02
2.513975235982798040e+02
2.386970503276679665e+02
2.297212731551844627e+02
2.221933509353548288e+02
2.178008865676820278e+02
2.132434064140543342e+02
2.105068196288775653e+02
2.081657705253455788e+02
2.057212316857185215e+02
2.043992745655123144e+02
2.030234872924629599e+02
2.016718228925019503e+02
2.005381118059158325e+02
1.995758539489470422e+02
1.984988649636507034e+02
1.974156535170041025e+02
1.963466667002066970e+02
1.951000543120317161e+02
1.940257964543998241e+02
1.930024382309056818e+02
1.919048427245579660e+02
1.907156246006488800e+02
1.895680079204030335e+02
1.884016436352394521e+02
1.873553500315174460e+02
1.859145354391075671e+02
1.847649620031006634e+02
1.836316907308064401e+02
1.822345606321468949e+02
1.807888054894283414e+02
1.798753101625479758e+02
1.783880680147558451e+02
1.774871605406515300e+02
1.755921206213533878e+02
1.736966360239312053e+02
1.720241464585997164e+02
1.699435354205779731e+02
1.678401028313674033e+02
1.654850398548878729e+02
1.628222303986549377e+02
1.596667281179688871e+02
1.570112116741947830e+02
1.538659433936700225e+02
1.498874598410911858e+02
1.475182393142022192e+02
1.436705101802945137e+02
1.397019415674731135e+02
1.371506287187803537e+02
1.356128907620441169e+02
1.312227452700026333e+02
1.274638626209925860e+02
1.250100742131471634e+02
1.229090933428378776e+02
1.198965487520908937e+02
1.182765592397190630e+02
1.162400319324806333e+02
1.148683103575021960e+02
1.132493331882287748e+02
1.125182135040522553e+02
1.112291738723870367e+02
1.096193318333826028e+02
1.099334749809349887e+02
1.082590983394184150e+02
1.072836806405393872e+02
1.066145735770114698e+02
1.056968295884726103e+02
1.056565107844435261e+02
1.042121609655296197e+02
1.038189493856043555e+02
1.034038816449174192e+02
1.024235496102992329e+02
1.015768378212560492e+02
1.012941512452853203e+02
1.007667122028724407e+02
1.002556176755824708e+02
9.971147087813187682e+01
9.908458182734466391e+01
9.899843157411396533e+01
9.868596084261434953e+01
9.784905257816535595e+01
9.743378282459343609e+01
9.700211575864614133e+01
9.660589430060917948e+01
9.618284681776549405e+01
9.574032503994521903e+01
9.502918703335990358e+01
9.478773338481278188e+01
9.446115387104646288e+01
9.420512741931179335e+01
9.405891109138701722e+01
9.337432108238135697e+01
9.269744233008441370e+01
9.290342705687908165e+01
9.272087351071036210e+01
9.228558107912908781e+01
9.212415216007866547e+01
9.211277849792418237e+01
9.131047211557506671e+01
9.108710060493115179e+01
9.084115252622586922e+01
9.046776471021928501e+01
9.004945455836741530e+01
8.905650141773196538e+01
8.886479207482017273e+01
8.828189919304668365e+01
8.752686503313714184e+01
8.634065835888901574e+01
8.614957913973361769e+01
8.610562860283630471e+01
8.467011202663394442e+01
8.464989929728116635e+01
8.398078062166138125e+01
8.290755538442019201e+01
8.222532411950102471e+01
8.135048905911979489e+01
8.070430686737590520e+01
8.012216039039863347e+01
7.988261328277297935e+01
7.895713834548038790e+01
7.863750580031418735e+01
7.840394909908586385e+01
7.756988005368718575e+01
7.713802778306836672e+01
7.659059057642859614e+01
7.609272595930009686e+01
7.547047922402141751e+01
7.575178353869270609e+01
7.469794436225578238e+01
7.443114936808319726e+01
7.408859644835641234e+01
7.344992886808807953e+01
7.320705738927455286e+01
7.308704511076315669e+01
7.234526381339114209e+01
7.205840713989599067e+01
7.185093244123504519e+01
7.115458851354010505e+01
7.098579374574696033e+01
7.045909464713314208e+01
7.089475259358812309e+01
7.020182087577312302e+01
7.019406110710434632e+01
6.926697311758208286e+01
6.913759688769957279e+01
6.844746803548181902e+01
6.856469253615955495e+01
6.776181730082195998e+01
6.797325663366007120e+01
6.761697026593975579e+01
6.716561726391407205e+01
6.630558699357666796e+01
6.698899301113155502e+01
6.706376625596421093e+01
6.717654142241188708e+01
6.601932466422178436e+01
6.545325116905986818e+01
6.536706564103786832e+01
6.476237667974135093e+01
6.495524544300761249e+01
6.465327109198534572e+01
6.410550455974872364e+01
6.383657258837571646e+01
6.349479073840296905e+01
6.352405507332120038e+01
6.295587253262917216e+01
6.282036801034541895e+01
6.294043741055449459e+01
6.330808902576724506e+01
6.249083952348974691e+01
6.243453895854036517e+01
6.135523599626812086e+01
6.128830006506174755e+01
6.137939622328958933e+01
6.144653323134122047e+01
6.080754268165150478e+01
6.055215813057782270e+01
6.023634698863112646e+01
5.985507274771255481e+01
5.986474594260861437e+01
6.010684589928637678e+01
6.143758833707155276e+01
6.052869609817038565e+01
5.937856897783539978e+01
5.866807684411971024e+01
5.815827089569974362e+01
5.839467426948886697e+01
5.783060994893570239e+01
5.767233210353529671e+01
5.740448836547204792e+01
5.704518981232752139e+01
5.659357178214130357e+01
5.633709871734074426e+01
5.636945923666867486e+01
5.596627136419383675e+01
5.601065709378337232e+01
5.554040367324145677e+01
5.545839436031386782e+01
5.522221031577728212e+01
5.518671511787200501e+01
5.483927298523300209e+01
5.476039983745953776e+01
5.450448732008532460e+01
5.414252337464110809e+01
5.384745018542710682e+01
5.358804252490484998e+01
5.336412674136675349e+01
5.314213074413102333e+01
5.272936947874706703e+01
5.283145066500326692e+01
5.257972119560633928e+01
5.232069813437960448e+01
5.217056609116536947e+01
5.189256791873934560e+01
5.168715090924668232e+01
5.157931025416397830e+01
5.136483215243281109e+01
5.108669539820094485e+01
5.071038060900910693e+01
5.062166934475472857e+01
5.025218997924338993e+01
5.015835896784442127e+01
5.017393132369577557e+01
5.013350304544923119e+01
4.979789509055589747e+01
4.960450170203326792e+01
4.928104530856211341e+01
4.917087747831509148e+01
4.879388277589965384e+01
4.873963142637772705e+01
4.852714217608416192e+01
4.852185199060193810e+01
4.837028452501067477e+01
4.827432666850188525e+01
4.786379237471440007e+01
4.776323260746030996e+01
4.792985553825776179e+01
4.761578173630979904e+01
4.726592697254290698e+01
4.694896604499601267e+01
4.704612829344370795e+01
4.668907135153600763e+01
4.649958018414448446e+01
4.636797629305701207e+01
4.620699849997190967e+01
4.593919603453861100e+01
4.581720697086513638e+01
4.555281959848335305e+01
4.579355045816206626e+01
4.559817671865003064e+01
4.507900480912118724e+01
4.530897625909285864e+01
4.480562651180744638e+01
4.570561388173105399e+01
4.625828592323664168e+01
4.606771562743951876e+01
4.507935251005686439e+01
4.455926569709414764e+01
4.416291961743785066e+01
4.394570050424023577e+01
4.388340652321276281e+01
4.388013590709897471e+01
4.362566440847097482e+01
4.360799583710629435e+01
4.350616234769061208e+01
4.326381069001207891e+01
4.296794930811142166e+01
4.303801547871922395e+01
4.274520888953844633e+01
4.247752103359879783e+01
4.251272354528465769e+01
4.251477909092777452e+01
4.218959910439825478e+01
4.246253708677561178e+01
4.206930224630427517e+01
4.180217842149137653e+01
4.197549877412956221e+01
4.204387170185357547e+01
4.204142628096095535e+01
4.166629598434266768e+01
4.158916494766462790e+01
4.128958746052416728e+01
4.118186818740444011e+01
4.109746543491934290e+01
4.118313995617954504e+01
4.115394439977556118e+01
4.109026934873322290e+01
4.068645701307465856e+01
4.093150986073496256e+01
4.044572020960128356e+01
4.054554519353778375e+01
4.045007692160221779e+01
4.018910492976934279e+01
3.995635782034142380e+01
3.974762215345020877e+01
3.975082357967887958e+01
3.952066990745029784e+01
3.951091920162296134e+01
3.948989189783974751e+01
3.966693390665597718e+01
3.919119974674646301e+01
3.924068934370491490e+01
3.909314501255292384e+01
3.902052530634926342e+01
3.901839210265662672e+01
3.871206875086355126e+01
3.902917883723860371e+01
3.853045520377727229e+01
3.851534546355735955e+01
3.872914876164415432e+01
3.848133950280019633e+01
3.829786535025526462e+01
3.814346268421519426e+01
3.793063337267413004e+01
3.807342524938079009e+01
3.789569678475373848e+01
3.776770246745738291e+01
3.769284926309740769e+01
3.763853203943374126e+01
3.768949683528666128e+01
3.766177579350468108e+01
3.737492989405136257e+01
3.753765662683917981e+01
3.797187203604042338e+01
3.750001390909817189e+01
3.741868740323803166e+01
3.715745896513027446e+01
3.701287149588907255e+01
3.691074386522065254e+01
3.681490245557496621e+01
3.675136597642237746e+01
3.657149325279209506e+01
3.667964257174520526e+01
3.670698392456525028e+01
3.650192210628849665e+01
3.669759583559292793e+01
3.663203314814410305e+01
3.632462424870256257e+01
3.646084863692122724e+01
3.629386437806759602e+01
3.614502557069913280e+01
3.633749836784380705e+01
3.614023011132353247e+01
3.607361582473041040e+01
3.628393504846660278e+01
3.595491875772549406e+01
3.587114521671797007e+01
3.564434387754639744e+01
3.557964986871377278e+01
3.538056816630677304e+01
3.547485490685876641e+01
3.546484877643123212e+01
3.544384472044567502e+01
3.534289722809520384e+01
3.531180184899911723e+01
3.528036352157954525e+01
3.525666433448551373e+01
3.530683055089697575e+01
3.515942032314944754e+01
3.518376840577025177e+01
3.518845824844733272e+01
3.499932733388926920e+01
3.483857083930109866e+01
3.483550844867879448e+01
3.488367487209487194e+01
3.474668698643489506e+01
3.441466643100603306e+01
3.447360570897693322e+01
3.465718092131591987e+01
3.447326219899263577e+01
3.453536206869515013e+01
3.453400286833876009e+01
3.443149301307212085e+01
3.475036997886719803e+01
3.444410554536621305e+01
3.424426251914616159e+01
3.453172361700512027e+01
3.511310551876465524e+01
3.537494300836570460e+01
3.676981100137529523e+01
3.669621350457022402e+01
3.557189198205060876e+01
3.503288997555738860e+01
3.484888063644606859e+01
3.449340783673611810e+01
3.423818081524115087e+01
3.431849077876259457e+01
3.407040617211657008e+01
3.391595147659603526e+01
3.409541969072293455e+01
3.403023687178703938e+01
3.370849030436019689e+01
3.357111343779980217e+01
3.340596785216027342e+01
3.330079843395828476e+01
3.366657975915566681e+01
3.354741143476168475e+01
3.354349242966723921e+01
3.343393049335871581e+01
3.320946105270701310e+01
3.312471922717449502e+01
3.326115540438402718e+01
3.322411200388071961e+01
3.303101425297731453e+01
3.302511553033180292e+01
3.280967319598326526e+01
3.285958440712057183e+01
3.293141493687691934e+01
3.289408806346293090e+01
3.274063514053641910e+01
3.273230476019578816e+01
3.279989574174787492e+01
3.266198493767115707e+01
3.279156128661323066e+01
3.303863336481570911e+01
3.275627022049013704e+01
3.246082589247549066e+01
3.270858525446687537e+01
3.250499662149302793e+01
3.268734455322847765e+01
3.283068763304468973e+01
3.266490885051535997e+01
3.250622095710782133e+01
3.241156876658780561e+01
3.241492929279897339e+01
3.251661616967616908e+01
3.251787617973439382e+01
3.235069245433245300e+01
3.237761010015121599e+01
3.226608712417377944e+01
3.222246262647116311e+01
3.209294278888044971e+01
3.209841254244814479e+01
3.211571043780720203e+01
3.213298392054467456e+01
3.216843425911630305e+01
3.207877674095566078e+01
3.198672905344762896e+01
3.192485212614541012e+01
3.197174819859165851e+01
3.183996850672567902e+01
3.200036204326011813e+01
3.213484194243423531e+01
3.204832425127408158e+01
3.177876231277388541e+01
3.188218595903600416e+01
3.173359354249142683e+01
3.161469061371337830e+01
3.167483089915051764e+01
3.164911183335762246e+01
3.155270545810067517e+01
3.155015006664383392e+01
3.149460424320624341e+01
3.143941960535191882e+01
3.131631286525465541e+01
3.138194183524572622e+01
3.131626513366115816e+01
3.140299909194009942e+01
3.141583343612262524e+01
3.132168093178931656e+01
3.141314023523504062e+01
3.125231813959268834e+01
3.117233534288687125e+01
3.128246479714191608e+01
3.124705439981760335e+01
3.112712842923251344e+01
3.115955973582751426e+01
3.128296367003342837e+01
3.108838199892178267e+01
3.126201715510666901e+01
3.114912104234721468e+01
3.121127841278099524e+01
3.099230531464530003e+01
3.097676258655807047e+01
3.085722800876737537e+01
3.084124147351705503e+01
3.088967718633261939e+01
3.091089616263331052e+01
3.095217350898700204e+01
3.079512536425589175e+01
3.093635633059022894e+01
3.080230286428480113e+01
3.072627585448304899e+01
3.076173931354695057e+01
3.062240467671224309e+01
3.048321804974242255e+01
3.066474074860527566e+01
3.066171152440837844e+01
3.054021415502723613e+01
3.056357953714620024e+01
3.039378022187558059e+01
3.048955545257236111e+01
3.051583303010790615e+01
3.041518987720078115e+01
3.049623608017363097e+01
3.053301416884824704e+01
3.047704857318804983e+01
3.080640368892011693e+01
3.064363208541050199e+01
3.049611048315160389e+01
3.046632165237672396e+01
3.044147874988890834e+01
3.026479731661287786e+01
3.027681806066516401e+01
3.035453167433901456e+01
3.020514309462531699e+01
3.016687377478479348e+01
3.017261544647693938e+01
3.018754114483204987e+01
3.033036017700445086e+01
3.011903087729013251e+01
3.009980971444333520e+01
2.986147914132550696e+01
2.988538617700380584e+01
2.986629262505816840e+01
2.997979428275938574e+01
2.994486510641834442e+01
2.973968128025107305e+01
2.975927594933035891e+01
3.003207954496483012e+01
2.997561352321645955e+01
2.986541678283824908e+01
2.983777457144395839e+01
3.099601910244388137e+01
3.209780691789899976e+01
3.128026978659510249e+01
3.032127492283747117e+01
3.000947389716102620e+01
2.989466826673288935e+01
2.960958784158334467e+01
2.965119536453931914e+01
2.968363211492495424e+01
2.961094546322119925e+01
2.958616358613143760e+01
2.968381903642413988e+01
2.950088009792493438e+01
2.960076458090889417e+01
2.965434791141888127e+01
2.950776702706811250e+01
2.955772258917161111e+01
2.963818861594915788e+01
2.961087365815222583e+01
2.955118643123126532e+01
2.940011266158564851e+01
2.939925768416324914e+01
2.912743029536620298e+01
2.926338025686120758e+01
2.927869896073572775e+01
2.943025481733431548e+01
2.927733922192775751e+01
2.927883619724167730e+01
2.928378258242886290e+01
2.922929395936628794e+01
2.927183883348901361e+01
2.918558564643734954e+01
2.909689097700467997e+01
2.932935587354490181e+01
2.933710569732615880e+01
2.918457031598495632e+01
2.900870246578644185e+01
2.909921108431844061e+01
2.910964342183757481e+01
2.908293740821317641e+01
2.907824319295082560e+01
2.901736560104745166e+01
2.898735931077867534e+01
2.911608332497431562e+01
2.919033948806102430e+01
2.896817973350182740e+01
2.883857155411302386e+01
2.896670326760613534e+01
2.907750417465552673e+01
2.891529179037436137e+01
2.883066665154907326e+01
2.875792147507409169e+01
2.874704704556739188e+01
2.884254311769868906e+01
2.876611371779792492e+01
2.863323845835245152e+01
2.879733888167636380e+01
2.875284867517850529e+01
2.876123310868457494e+01
2.874253500404451955e+01
2.874326442159680184e+01
2.871917274055551772e+01
2.864944196884422567e+01
2.873335358365474690e+01
2.865641152760645838e+01
2.857600642523498635e+01
2.852266236711718506e+01
2.873585755333442293e+01
2.852472322211099964e+01
2.853295088019664405e+01
2.849457016574360679e+01
2.866640585395058238e+01
2.866846487697177182e+01
2.854879612020425483e+01
2.864813990604233851e+01
2.851856102183630881e+01
2.851284621701297084e+01
2.844012191523374966e+01
2.856390623613799207e+01
2.856027673250212828e+01
2.849144667915434681e+01
2.843585426989864473e+01
2.842858105885241926e+01
2.826665580910724529e+01
2.837671908487706318e+01
2.822945589882728257e+01
2.816666406419880886e+01
2.821717732693023351e+01
2.816902117795246241e+01
2.811966071934574174e+01
2.814091839313635290e+01
2.802893150512719345e+01
2.800277290926261031e+01
2.807302800740547610e+01
2.806821644619829925e+01
2.824185349201463779e+01
2.812331704664502041e+01
2.820611394902241287e+01
2.827171648813059335e+01
2.819097759923263524e+01
2.818593360531716030e+01
2.817708268252104631e+01
2.812669617337424555e+01
2.817611631742676437e+01
2.799028487932314135e+01
2.797110880377261921e+01
2.786575375054929538e+01
2.790247220083788449e+01
2.786519235730587596e+01
2.787975211435342615e+01
2.788806677875930617e+01
2.806096992520348721e+01
2.789077260680426562e+01
2.797811154937040001e+01
2.777947869178320772e+01
2.769815308014322142e+01
2.777129473238136015e+01
2.764152989141334871e+01
2.789887714907063909e+01
2.775846369316373696e+01
2.769136979416887812e+01
2.770010921420579564e+01
2.772648533291108208e+01
2.762667502745603798e+01
2.760832853189633340e+01
2.772945432195596638e+01
2.758181341849566692e+01
2.763193285369017360e+01
2.759026241484337660e+01
2.768472163708722178e+01
2.761388462631661156e+01
2.750616467705883395e+01
2.739111251321068607e+01
2.750654896401868399e+01
2.754951740499528512e+01
2.739611426478848699e+01
2.733759365734693603e+01
2.739028562322818416e+01
2.753733545746683475e+01
2.770951676522600238e+01
2.751945367200382719e+01
2.741451675056866932e+01
2.744226089776170951e+01
2.732605684856381600e+01
2.740576036455333053e+01
2.726362178516989943e+01
2.730807884165551869e+01
2.734511436697919606e+01
2.719073823067397910e+01
2.723423174807692959e+01
2.743031873592320125e+01
2.745372735210117554e+01
2.725150165275098502e+01
2.734494114489825023e+01
2.709357866583903274e+01
2.717040171497936285e+01
2.704627056091053205e+01
2.700307946418370264e+01
2.718059542026793807e+01
2.719033391820054035e+01
2.716356269203910756e+01
2.712320103254876713e+01
2.701209115216592593e+01
2.711405435411556653e+01
2.717207917553786345e+01
2.727521609493588528e+01
2.712471917317953540e+01
2.707139395729521425e+01
2.708233581189885797e+01
2.702869290302287197e+01
2.701582533932509733e+01
2.699090586742793363e+01
2.694114652173027125e+01
2.684251531946970459e+01
2.682518374619249357e+01
2.693124223642202963e+01
2.682415744185855644e+01
2.688121462683094620e+01
2.676453517192561193e+01
2.695935566666138428e+01
2.669501044795771705e+01
2.686203586484383266e+01
2.686502316460084572e+01
2.680800482606823820e+01
2.686908136260595015e+01
2.685024838791963475e+01
2.683255202330654754e+01
2.685785371704631785e+01
2.683342748621852891e+01
2.686167968055697131e+01
2.685183260014473561e+01
2.682487191873270760e+01
2.652671084175001326e+01
2.654074134344104863e+01
2.678109472338578101e+01
2.681102711167351416e+01
2.673823411126198124e+01
2.684582663202107966e+01
2.659224003069457964e+01
2.651213077262595874e+01
2.653022917853105866e+01
2.643125571187532330e+01
2.648980561929204569e+01
2.645364839517602107e+01
2.641048560567057635e+01
2.626508509353294230e+01
2.637865575646669924e+01
2.648504408908829433e+01
2.649265123835288449e+01
2.655561644023820023e+01
2.667818602886414681e+01
2.651017852257685803e+01
2.648979760360474600e+01
2.655819603920173577e+01
2.645036765216419283e+01
2.648385734838758765e+01
2.649311602091750473e+01
2.639012795511638032e+01
2.630334522590206348e+01
2.620707546988648318e+01
2.620363643426801659e+01
2.609902815813696009e+01
2.621945357550753641e+01
2.633127655877170525e+01
2.622935237702090916e+01
2.610842956526654035e+01
2.623865877955621428e+01
2.598224729079548823e+01
2.606004710587900419e+01
2.619749398815652341e+01
2.619099860876119124e+01
2.612918435260358763e+01
2.616738621767234818e+01
2.603930581306946479e+01
2.606198185363340158e+01
2.594985254091997362e+01
2.597888799609619781e+01
2.603816307309806177e+01
2.591962643915938713e+01
2.593239344850195849e+01
2.602813142408513158e+01
2.599180717408143693e+01
2.603309820267023156e+01
2.593773760747282608e+01
2.591936570370559423e+01
2.599342026398761618e+01
2.597076478461595173e+01
2.611623549976791026e+01
2.574700686343128453e+01
2.586388005396910472e+01
2.590053656955930705e+01
2.589267694766800787e+01
2.576712668384171678e+01
2.591857761337895383e+01
2.593874734299766871e+01
2.584300996426142305e+01
2.569332139215815403e+01
2.556153578146619765e+01
2.568895017933289537e+01
2.570223091886028755e+01
2.578179018834388359e+01
2.571647751657440750e+01
2.578212673951622236e+01
2.567403121764392182e+01
2.559217279599032935e+01
2.569696353997051830e+01
2.556093887915523055e+01
2.549580759916546668e+01
2.548705646873819575e+01
2.544934118499407916e+01
2.557193930204697097e+01
2.559930818261215180e+01
2.563718289781470361e+01
2.561361529372061696e+01
2.555503291983979253e+01
2.536124411806912349e+01
2.546021228292063299e+01
2.548365841035138146e+01
2.568098921450587824e+01
2.563485156629558404e+01
2.562899647174068818e+01
2.553031382242393477e+01
2.566453404141590156e+01
2.575435837627674829e+01
2.564646953146654340e+01
2.561553196755368234e+01
2.579631776028854517e+01
2.546324002983882195e+01
2.553733110937875495e+01
2.540310874905002336e+01
2.551552111713052540e+01
2.540018099420095155e+01
2.545507906255929953e+01
2.547357430920623500e+01
2.535367840328720490e+01
2.539908535539549206e+01
2.524697334302552676e+01
2.523246929233181390e+01
2.514042993192707343e+01
2.518338626985942597e+01
2.513410442488972407e+01
2.508097783385312596e+01
2.516411733511219850e+01
2.511293033780529171e+01
2.506188960015628098e+01
2.504870053122139240e+01
2.513629474338090120e+01
2.516724372199880477e+01
2.505719203916981286e+01
2.513078199052232620e+01
2.518421401385097269e+01
2.537116834832747259e+01
2.561695660339007219e+01
2.516108422328372285e+01
2.510256651992217769e+01
2.512310961483237293e+01
2.523356480165383431e+01
2.541610083257269537e+01
2.543196027743644905e+01
2.520900298267984496e+01
2.517385765346753601e+01
2.510033497811272696e+01
2.505519384911799463e+01
2.526087228464128032e+01
2.551917665478131170e+01
2.518329837268743887e+01
2.499365462075003563e+01
2.494343214718909962e+01
2.496068296916606499e+01
2.487188961810661425e+01
2.498503906446190470e+01
2.491639967277583523e+01
2.491191097991769254e+01
2.477898598924661400e+01
2.490523329800803864e+01
2.505953435034807342e+01
2.487218688734422756e+01
2.483085764163484299e+01
2.506204335441885078e+01
2.479147267631408624e+01
2.502154453426152614e+01
2.496912083942386928e+01
2.472673985564995291e+01
2.479801123513002636e+01
2.469541733551479012e+01
2.468903379498781447e+01
2.474083100961495774e+01
2.470874708176559409e+01
2.480409969299660133e+01
2.476079626023467384e+01
2.481371705372653835e+01
2.480508905791540286e+01
2.472646017640232330e+01
2.468670504981315261e+01
2.465365244058738270e+01
2.475534359421105535e+01
2.468585417801864423e+01
2.456951664404853020e+01
2.462265799758564100e+01
2.449871245360093397e+01
2.460550433959600269e+01
2.456773821460451757e+01
2.463431746128867417e+01
2.455708609992080937e+01
2.450021573300628575e+01
2.449317649957752607e+01
2.453721887366216947e+01
2.454952331387793407e+01
2.445884484329100417e+01
2.448487267743386653e+01
2.462045429235568150e+01
2.472229936246446158e+01
2.467117599987347276e+01
2.459676117019278507e+01
2.448633518283571675e+01
2.457823064333233987e+01
2.445089065997965605e+01
2.450539263747559104e+01
2.430233347366010221e+01
2.436689218555012104e+01
2.424370741864427004e+01
2.430968165020258454e+01
2.430562787966194094e+01
2.431111702182098711e+01
2.428132027880184651e+01
2.424661455850803904e+01
2.427329533856402577e+01
2.421831887290126772e+01
2.435044965991236410e+01
2.442719582299331194e+01
2.457474330803536944e+01
2.437992906925287429e+01
2.410964610005316189e+01
2.425834345089984367e+01
2.426951224396596274e+01
2.416146158284687573e+01
2.418972280139676911e+01
2.420112507689067272e+01
2.419738820854686878e+01
2.415186219783969790e+01
2.401169963190670842e+01
2.420700095268854213e+01
2.430479769973972992e+01
2.413023606278799349e+01
2.411916529349187854e+01
2.406554435683744231e+01
2.391734495744550770e+01
2.397509464989202499e+01
2.396289872553717260e+01
2.397613801753348994e+01
2.397040383882450953e+01
2.397587535108798562e+01
2.405366306045241132e+01
2.405901622438198473e+01
2.389602639749633539e+01
2.389597722612385766e+01
2.393755514810828444e+01
2.391181581186939553e+01
2.389574732745817798e+01
2.411950733619608656e+01
2.404454641064106113e+01
2.393415369607956933e+01
2.398433957460741084e+01
2.392948744403030048e+01
2.379378538583451075e+01
2.386861536199999634e+01
2.394664482682784623e+01
2.388628112089964262e+01
2.394467252514309763e+01
2.390800142050913379e+01
2.390111630108257401e+01
2.394385800094073247e+01
2.408121739619215518e+01
2.397333287612040209e+01
2.403483495726522534e+01
2.425481894742038591e+01
2.417489154371258309e+01
2.398659602698492677e+01
2.381560303301409576e+01
2.392687530480447577e+01
2.395129446112771276e+01
2.379404091225323725e+01
2.379001845752556932e+01
2.382654101310814099e+01
2.360304080353795442e+01
2.366625104583012984e+01
2.373197073087790443e+01
2.365280428268956214e+01
2.382861033384341809e+01
2.368987913098622400e+01
2.360502086239941733e+01
2.360434189011157713e+01
2.369562715779865769e+01
2.359500423999616459e+01
2.365802041682412238e+01
2.365136964715248169e+01
2.378173381640374018e+01
2.362913634564478471e+01
2.360160089938261763e+01
2.351090199906263223e+01
2.357526590076703243e+01
2.363387526720098819e+01
2.335607303486202824e+01
2.359084012367362959e+01
2.356314445934588875e+01
2.346564112847287831e+01
2.340322264290832166e+01
