2.963897466659545898e+00
6.100067615509033203e+00
1.290011787414550781e+01
2.756762313842773438e+01
6.093064880371093750e+01
1.260240631103515625e+02
1.383599548339843750e+02
1.395008392333984375e+02
1.546282196044921875e+02
1.758966064453125000e+02
1.943485107421875000e+02
2.076816253662109375e+02
2.026892395019531250e+02
1.975486450195312500e+02
1.925165557861328125e+02
1.858195800781250000e+02
1.781655120849609375e+02
1.701250000000000000e+02
1.657811126708984375e+02
1.630456848144531250e+02
1.559958038330078125e+02
1.525508880615234375e+02
1.477890472412109375e+02
1.429529418945312500e+02
1.406238555908203125e+02
1.383062133789062500e+02
1.363050079345703125e+02
1.351821289062500000e+02
1.345823974609375000e+02
1.350856781005859375e+02
1.354865570068359375e+02
1.368631439208984375e+02
1.373421783447265625e+02
1.368063049316406250e+02
1.324064331054687500e+02
1.324029541015625000e+02
1.307861175537109375e+02
1.265533676147460938e+02
1.245373916625976562e+02
1.241301193237304688e+02
1.223129653930664062e+02
1.193695678710937500e+02
1.181540298461914062e+02
1.155270538330078125e+02
1.123385772705078125e+02
1.109237289428710938e+02
1.093396606445312500e+02
1.072581481933593750e+02
1.050985870361328125e+02
1.026333999633789062e+02
1.008809967041015625e+02
9.870345306396484375e+01
9.716440582275390625e+01
9.552824401855468750e+01
9.367807006835937500e+01
9.240214538574218750e+01
9.078461456298828125e+01
8.951178741455078125e+01
8.842852783203125000e+01
8.707907867431640625e+01
8.521515655517578125e+01
8.372083282470703125e+01
8.230285644531250000e+01
8.224631500244140625e+01
8.092086791992187500e+01
7.913223266601562500e+01
7.790209197998046875e+01
7.751358032226562500e+01
7.663230133056640625e+01
7.571594238281250000e+01
7.448901367187500000e+01
7.365236663818359375e+01
7.346499633789062500e+01
7.245712280273437500e+01
7.179078674316406250e+01
7.102209472656250000e+01
7.009058380126953125e+01
6.958180999755859375e+01
6.906655883789062500e+01
6.868006134033203125e+01
6.807299041748046875e+01
6.781380462646484375e+01
6.648954772949218750e+01
6.650559234619140625e+01
6.590941619873046875e+01
6.539553070068359375e+01
6.466159820556640625e+01
6.399697494506835938e+01
6.381872177124023438e+01
6.321038436889648438e+01
6.320410156250000000e+01
6.286837005615234375e+01
6.213193511962890625e+01
6.183213806152343750e+01
6.160997009277343750e+01
6.072319793701171875e+01
6.040626907348632812e+01
5.990729522705078125e+01
5.967110443115234375e+01
5.948254776000976562e+01
5.894107055664062500e+01
5.870013809204101562e+01
5.857761383056640625e+01
5.785155487060546875e+01
5.703902435302734375e+01
5.646484375000000000e+01
5.651268768310546875e+01
5.664643859863281250e+01
5.613851928710937500e+01
5.552761840820312500e+01
5.536898040771484375e+01
5.505271148681640625e+01
5.432616806030273438e+01
5.423304367065429688e+01
5.340110397338867188e+01
5.319960784912109375e+01
5.231909561157226562e+01
5.244820404052734375e+01
5.242165374755859375e+01
5.217176437377929688e+01
5.257962036132812500e+01
5.183822250366210938e+01
5.129334640502929688e+01
5.090497970581054688e+01
5.079263687133789062e+01
5.052822875976562500e+01
5.048004150390625000e+01
5.006173324584960938e+01
4.952663803100585938e+01
4.952891921997070312e+01
4.919491195678710938e+01
4.905801773071289062e+01
4.887701416015625000e+01
4.858667755126953125e+01
4.822526931762695312e+01
4.810566711425781250e+01
4.828590011596679688e+01
4.834713363647460938e+01
4.764358520507812500e+01
4.699512481689453125e+01
4.643861389160156250e+01
4.666181945800781250e+01
4.724888610839843750e+01
4.711498641967773438e+01
4.690816116333007812e+01
4.654295349121093750e+01
4.620814514160156250e+01
4.533325576782226562e+01
4.523808670043945312e+01
4.516609191894531250e+01
4.564360046386718750e+01
4.568976974487304688e+01
4.517259216308593750e+01
4.511608123779296875e+01
4.454263305664062500e+01
4.432534027099609375e+01
4.451663208007812500e+01
4.447589874267578125e+01
4.414580917358398438e+01
4.376569747924804688e+01
4.408395385742187500e+01
4.419484710693359375e+01
4.403652954101562500e+01
4.354787445068359375e+01
4.307810592651367188e+01
4.366319274902343750e+01
4.310606765747070312e+01
4.348928070068359375e+01
4.328205490112304688e+01
4.268909072875976562e+01
4.212633514404296875e+01
4.179667663574218750e+01
4.197217178344726562e+01
4.163706207275390625e+01
4.177057266235351562e+01
4.187074279785156250e+01
4.195145034790039062e+01
4.152418899536132812e+01
4.150185394287109375e+01
4.146360778808593750e+01
4.157046890258789062e+01
4.121104431152343750e+01
4.133433151245117188e+01
4.113466644287109375e+01
4.121580886840820312e+01
4.133831787109375000e+01
4.107841873168945312e+01
4.165398025512695312e+01
4.114986801147460938e+01
4.106729507446289062e+01
4.102745056152343750e+01
4.086414718627929688e+01
4.086909103393554688e+01
4.022278976440429688e+01
4.045380783081054688e+01
4.062606430053710938e+01
4.069979858398437500e+01
4.044816970825195312e+01
4.023445510864257812e+01
4.054468536376953125e+01
4.107323074340820312e+01
3.982523345947265625e+01
3.947666931152343750e+01
3.958765411376953125e+01
4.017765808105468750e+01
4.048383331298828125e+01
3.999006652832031250e+01
3.988652420043945312e+01
3.965460205078125000e+01
3.963633346557617188e+01
3.970970153808593750e+01
3.973880767822265625e+01
3.969210052490234375e+01
3.944594955444335938e+01
3.926562881469726562e+01
3.960807800292968750e+01
3.926978302001953125e+01
3.940043640136718750e+01
3.930383300781250000e+01
3.926962661743164062e+01
3.908716964721679688e+01
4.002476501464843750e+01
3.879306793212890625e+01
3.905215454101562500e+01
3.948112106323242188e+01
3.833756637573242188e+01
3.784680557250976562e+01
3.814002227783203125e+01
3.875235748291015625e+01
3.894104003906250000e+01
3.872825622558593750e+01
3.865510559082031250e+01
3.878728103637695312e+01
3.863856124877929688e+01
3.831056594848632812e+01
3.866368103027343750e+01
3.889763259887695312e+01
3.852470016479492188e+01
3.812292861938476562e+01
3.835671234130859375e+01
3.840680694580078125e+01
3.832040023803710938e+01
3.847763442993164062e+01
3.834431076049804688e+01
3.799989700317382812e+01
3.779907226562500000e+01
3.810025787353515625e+01
3.840010833740234375e+01
3.817382431030273438e+01
3.789355087280273438e+01
3.797272872924804688e+01
3.805434417724609375e+01
3.809039688110351562e+01
3.768557357788085938e+01
3.776877975463867188e+01
3.799985885620117188e+01
3.823169708251953125e+01
3.773033142089843750e+01
3.759782028198242188e+01
3.837144470214843750e+01
3.777184295654296875e+01
3.759376144409179688e+01
3.768542098999023438e+01
3.754305648803710938e+01
3.791139984130859375e+01
3.761334609985351562e+01
3.776844787597656250e+01
3.748645782470703125e+01
3.732581710815429688e+01
3.751305770874023438e+01
3.764787673950195312e+01
3.752729034423828125e+01
3.778199768066406250e+01
3.765641021728515625e+01
3.755986022949218750e+01
3.755749130249023438e+01
3.766804885864257812e+01
3.762448883056640625e+01
3.739154434204101562e+01
3.758013916015625000e+01
3.761624908447265625e+01
3.724605178833007812e+01
3.749443817138671875e+01
3.765373229980468750e+01
3.755231857299804688e+01
3.732551193237304688e+01
3.729192352294921875e+01
3.721483230590820312e+01
3.757625961303710938e+01
3.767495346069335938e+01
3.757142257690429688e+01
3.742264556884765625e+01
3.743419647216796875e+01
3.729085922241210938e+01
3.728765869140625000e+01
3.742102432250976562e+01
3.730365753173828125e+01
3.725106048583984375e+01
3.707587051391601562e+01
3.725515365600585938e+01
