5.381209850311279297e+00
5.726557254791259766e+00
8.004254150390625000e+01
1.792239990234375000e+02
1.570942535400390625e+02
1.430838623046875000e+02
1.319350280761718750e+02
1.234070587158203125e+02
1.156345977783203125e+02
1.081364898681640625e+02
1.013474655151367188e+02
9.534956359863281250e+01
8.945652008056640625e+01
8.361626434326171875e+01
7.853384399414062500e+01
7.401950836181640625e+01
7.107199859619140625e+01
6.908760070800781250e+01
6.726609802246093750e+01
6.543774414062500000e+01
6.352005004882812500e+01
6.152981567382812500e+01
5.991732788085937500e+01
5.800470733642578125e+01
5.642684173583984375e+01
5.522759628295898438e+01
5.368311309814453125e+01
5.244690704345703125e+01
5.107258224487304688e+01
4.978475570678710938e+01
4.888346099853515625e+01
4.770344924926757812e+01
4.653551483154296875e+01
4.536914062500000000e+01
4.455185317993164062e+01
4.359096527099609375e+01
4.290572738647460938e+01
4.181385040283203125e+01
4.108877563476562500e+01
4.055091476440429688e+01
3.986223983764648438e+01
3.920323181152343750e+01
3.846477508544921875e+01
3.803499984741210938e+01
3.756393432617187500e+01
3.728866195678710938e+01
3.664088439941406250e+01
3.651812744140625000e+01
3.607197189331054688e+01
3.571789169311523438e+01
3.556081390380859375e+01
3.520847320556640625e+01
3.485521697998046875e+01
3.483747100830078125e+01
3.460138320922851562e+01
3.447043228149414062e+01
3.433568572998046875e+01
3.423402786254882812e+01
3.406954574584960938e+01
3.408931350708007812e+01
3.416249465942382812e+01
3.403570175170898438e+01
3.413873291015625000e+01
3.417904281616210938e+01
3.429532241821289062e+01
3.436507034301757812e+01
3.429108047485351562e+01
3.451174163818359375e+01
3.472493743896484375e+01
3.494392013549804688e+01
3.478662109375000000e+01
3.497182464599609375e+01
3.497240829467773438e+01
3.508931350708007812e+01
3.546411895751953125e+01
3.572089385986328125e+01
3.561044692993164062e+01
3.570906829833984375e+01
3.619157409667968750e+01
3.622516632080078125e+01
3.625386810302734375e+01
3.662845230102539062e+01
3.656853866577148438e+01
3.700178527832031250e+01
3.704407501220703125e+01
3.741024017333984375e+01
3.755214691162109375e+01
3.771794128417968750e+01
3.791345596313476562e+01
3.832460784912109375e+01
3.878630065917968750e+01
3.904188919067382812e+01
3.944690322875976562e+01
3.963275146484375000e+01
3.995436859130859375e+01
4.027278518676757812e+01
4.066749954223632812e+01
4.092812728881835938e+01
4.142935562133789062e+01
4.140500259399414062e+01
4.192165374755859375e+01
4.223842239379882812e+01
4.255594253540039062e+01
4.267752838134765625e+01
4.301589584350585938e+01
4.317729568481445312e+01
4.324774551391601562e+01
4.381455230712890625e+01
4.379215240478515625e+01
4.419112777709960938e+01
4.433988571166992188e+01
4.450553131103515625e+01
4.457284164428710938e+01
4.494569396972656250e+01
4.492793273925781250e+01
4.549945449829101562e+01
4.513622665405273438e+01
4.539742279052734375e+01
4.575096511840820312e+01
4.548352813720703125e+01
4.590931701660156250e+01
4.568547439575195312e+01
4.615725708007812500e+01
4.589463806152343750e+01
4.623612976074218750e+01
4.616423797607421875e+01
4.615802764892578125e+01
4.640839767456054688e+01
4.637662887573242188e+01
4.610323715209960938e+01
4.617003631591796875e+01
4.626437759399414062e+01
4.637427520751953125e+01
4.614922714233398438e+01
4.596804046630859375e+01
4.645626449584960938e+01
4.602518463134765625e+01
4.623625564575195312e+01
4.651313781738281250e+01
4.616012191772460938e+01
4.641017150878906250e+01
4.622678375244140625e+01
4.629451370239257812e+01
4.614633560180664062e+01
4.649671173095703125e+01
4.617795181274414062e+01
4.651279449462890625e+01
4.610312652587890625e+01
4.630023574829101562e+01
4.631163024902343750e+01
4.627105331420898438e+01
4.626134109497070312e+01
4.622798156738281250e+01
4.612932205200195312e+01
4.611734008789062500e+01
4.624229049682617188e+01
4.601370620727539062e+01
4.611814498901367188e+01
4.584075546264648438e+01
4.607703018188476562e+01
4.597955703735351562e+01
4.590880966186523438e+01
4.582057952880859375e+01
4.564342117309570312e+01
4.594088363647460938e+01
4.582258605957031250e+01
4.551477813720703125e+01
4.553005981445312500e+01
4.557652282714843750e+01
4.536721420288085938e+01
4.531861495971679688e+01
4.536366271972656250e+01
4.515119934082031250e+01
4.517667770385742188e+01
4.518178558349609375e+01
4.506880950927734375e+01
4.481069183349609375e+01
4.485309600830078125e+01
4.488748550415039062e+01
4.485280227661132812e+01
4.468148803710937500e+01
4.465301513671875000e+01
4.458617401123046875e+01
4.448140716552734375e+01
4.435722351074218750e+01
4.438248825073242188e+01
4.424021911621093750e+01
4.426369857788085938e+01
4.417794036865234375e+01
4.409318923950195312e+01
4.419491195678710938e+01
4.391141128540039062e+01
4.381620788574218750e+01
4.383652877807617188e+01
4.379189682006835938e+01
4.384697341918945312e+01
4.380671310424804688e+01
4.353739547729492188e+01
4.361992645263671875e+01
4.342970275878906250e+01
4.339894485473632812e+01
4.343684387207031250e+01
4.319907760620117188e+01
4.313394546508789062e+01
4.305825424194335938e+01
4.294270706176757812e+01
4.314230346679687500e+01
4.295299148559570312e+01
4.282138442993164062e+01
4.293897247314453125e+01
4.288339996337890625e+01
4.267554855346679688e+01
4.264397048950195312e+01
4.261784362792968750e+01
4.243890380859375000e+01
4.271845626831054688e+01
4.235101699829101562e+01
4.231753540039062500e+01
4.225717163085937500e+01
4.224190139770507812e+01
4.198291778564453125e+01
4.213643264770507812e+01
4.211171722412109375e+01
4.211913681030273438e+01
4.203771591186523438e+01
4.185931777954101562e+01
4.185263442993164062e+01
4.190683364868164062e+01
4.167605590820312500e+01
4.173072814941406250e+01
4.150730133056640625e+01
4.164035797119140625e+01
4.142120742797851562e+01
4.158337020874023438e+01
4.128572845458984375e+01
4.137479400634765625e+01
4.118184280395507812e+01
4.130528259277343750e+01
4.127301025390625000e+01
4.094392776489257812e+01
4.117792892456054688e+01
4.104641723632812500e+01
4.097380828857421875e+01
4.105796813964843750e+01
4.092847442626953125e+01
4.065068435668945312e+01
4.073826980590820312e+01
4.071943664550781250e+01
4.081530380249023438e+01
4.057939147949218750e+01
4.047817611694335938e+01
4.044258117675781250e+01
4.062814712524414062e+01
4.031860351562500000e+01
4.058984756469726562e+01
4.027547073364257812e+01
4.018319320678710938e+01
4.027186203002929688e+01
4.005734252929687500e+01
4.011477279663085938e+01
4.021385574340820312e+01
3.997552490234375000e+01
3.996296691894531250e+01
3.993017959594726562e+01
3.994235610961914062e+01
3.978412628173828125e+01
3.976090240478515625e+01
3.970005416870117188e+01
3.978576278686523438e+01
3.962876510620117188e+01
3.948608779907226562e+01
3.960142517089843750e+01
3.934014129638671875e+01
3.953704833984375000e+01
3.926742935180664062e+01
3.942928695678710938e+01
3.919038772583007812e+01
3.930185317993164062e+01
3.913910675048828125e+01
3.926528167724609375e+01
3.920208358764648438e+01
3.913925170898437500e+01
3.892995452880859375e+01
3.909445953369140625e+01
3.882681274414062500e+01
3.883979797363281250e+01
3.895911788940429688e+01
3.865045547485351562e+01
3.887881851196289062e+01
3.857254028320312500e+01
3.881706619262695312e+01
3.861788558959960938e+01
3.862673187255859375e+01
3.853165054321289062e+01
3.842684555053710938e+01
3.855226135253906250e+01
3.845980072021484375e+01
3.839317703247070312e+01
3.846396255493164062e+01
3.828024291992187500e+01
3.820857238769531250e+01
3.825244522094726562e+01
3.811204528808593750e+01
3.821899795532226562e+01
3.817242431640625000e+01
3.798225021362304688e+01
3.798139572143554688e+01
3.813785552978515625e+01
3.799322891235351562e+01
3.792690277099609375e+01
3.787428665161132812e+01
3.795299148559570312e+01
3.765229034423828125e+01
3.776534652709960938e+01
3.767764282226562500e+01
3.769918441772460938e+01
3.769605255126953125e+01
3.768170928955078125e+01
3.752158737182617188e+01
3.753528213500976562e+01
3.754405593872070312e+01
3.752647018432617188e+01
3.741147613525390625e+01
3.745853042602539062e+01
3.745302200317382812e+01
3.731211471557617188e+01
3.715962600708007812e+01
3.723520660400390625e+01
3.727926635742187500e+01
3.709510040283203125e+01
3.710260009765625000e+01
3.709165954589843750e+01
3.703947067260742188e+01
3.691033172607421875e+01
3.698802566528320312e+01
3.699393463134765625e+01
3.682939910888671875e+01
3.684301376342773438e+01
3.691839218139648438e+01
3.681037902832031250e+01
3.668153381347656250e+01
3.674065017700195312e+01
3.673143005371093750e+01
3.664427566528320312e+01
3.669498825073242188e+01
3.651625823974609375e+01
3.651636505126953125e+01
3.668382644653320312e+01
3.630480957031250000e+01
3.650295257568359375e+01
3.644595336914062500e+01
3.645207977294921875e+01
3.615031814575195312e+01
3.640850448608398438e+01
3.624275970458984375e+01
3.623971557617187500e+01
3.618719482421875000e+01
3.613150787353515625e+01
3.613242721557617188e+01
3.605465698242187500e+01
3.615679550170898438e+01
3.599757766723632812e+01
3.605591201782226562e+01
3.597114944458007812e+01
3.590011978149414062e+01
3.596169662475585938e+01
3.589320755004882812e+01
3.580005645751953125e+01
3.577131652832031250e+01
3.569545745849609375e+01
3.575721740722656250e+01
3.567180252075195312e+01
3.562348556518554688e+01
3.566688156127929688e+01
3.572116088867187500e+01
3.559738922119140625e+01
3.546068572998046875e+01
3.556507873535156250e+01
3.555612945556640625e+01
3.548044586181640625e+01
3.542378616333007812e+01
3.528905487060546875e+01
3.560879516601562500e+01
3.538803100585937500e+01
3.520587921142578125e+01
3.524751663208007812e+01
3.531595611572265625e+01
3.517304229736328125e+01
3.523903656005859375e+01
3.509117889404296875e+01
3.524230575561523438e+01
3.504714202880859375e+01
3.495708084106445312e+01
3.513082885742187500e+01
3.497973632812500000e+01
3.484581756591796875e+01
3.491039276123046875e+01
3.484066009521484375e+01
3.492524337768554688e+01
3.497061920166015625e+01
3.479154586791992188e+01
3.490202331542968750e+01
3.468278884887695312e+01
3.485871887207031250e+01
3.466858291625976562e+01
3.466798782348632812e+01
3.466675186157226562e+01
3.468312454223632812e+01
3.457880401611328125e+01
3.460955810546875000e+01
3.459400177001953125e+01
3.465084075927734375e+01
3.445501327514648438e+01
3.458018493652343750e+01
3.453284072875976562e+01
3.435238265991210938e+01
3.458615112304687500e+01
3.441355133056640625e+01
3.439755249023437500e+01
3.436981201171875000e+01
3.434421920776367188e+01
3.434508514404296875e+01
3.430848693847656250e+01
3.437468719482421875e+01
3.431681823730468750e+01
3.419421005249023438e+01
3.429188919067382812e+01
3.427031326293945312e+01
3.417705917358398438e+01
3.412461853027343750e+01
3.412910461425781250e+01
3.408617401123046875e+01
3.404278564453125000e+01
3.407429504394531250e+01
3.396713256835937500e+01
3.398342132568359375e+01
3.398808288574218750e+01
3.386500549316406250e+01
3.393911743164062500e+01
3.399099731445312500e+01
3.397246170043945312e+01
3.391652297973632812e+01
3.384835815429687500e+01
3.383215713500976562e+01
3.372653961181640625e+01
3.375905227661132812e+01
3.371325683593750000e+01
3.377706146240234375e+01
3.372778320312500000e+01
3.368328857421875000e+01
3.367155456542968750e+01
3.353836059570312500e+01
3.366474533081054688e+01
3.356512832641601562e+01
3.343793487548828125e+01
3.355636215209960938e+01
3.359213638305664062e+01
3.357768630981445312e+01
3.340915679931640625e+01
3.349020385742187500e+01
3.335525131225585938e+01
3.337277984619140625e+01
3.344568252563476562e+01
3.334211349487304688e+01
3.339837646484375000e+01
3.345409774780273438e+01
3.321667098999023438e+01
3.341763687133789062e+01
3.327809143066406250e+01
3.329663467407226562e+01
3.310613632202148438e+01
3.327555084228515625e+01
3.322276306152343750e+01
3.310667037963867188e+01
3.319193267822265625e+01
3.313420104980468750e+01
3.321660232543945312e+01
3.310749053955078125e+01
3.306887054443359375e+01
3.317905044555664062e+01
3.302782821655273438e+01
3.305282211303710938e+01
3.289907455444335938e+01
3.293117141723632812e+01
3.283365631103515625e+01
3.299163818359375000e+01
3.291810607910156250e+01
3.276018142700195312e+01
3.282075500488281250e+01
3.279259109497070312e+01
3.281550598144531250e+01
3.287186050415039062e+01
3.288134002685546875e+01
3.272297286987304688e+01
3.276324844360351562e+01
3.271675872802734375e+01
3.279107666015625000e+01
3.264793777465820312e+01
3.264952850341796875e+01
3.271785736083984375e+01
3.264216613769531250e+01
3.265863418579101562e+01
3.264556121826171875e+01
3.257987213134765625e+01
3.258659744262695312e+01
3.249867248535156250e+01
3.268001937866210938e+01
3.256110000610351562e+01
3.234226989746093750e+01
3.246010971069335938e+01
3.243151855468750000e+01
3.249525451660156250e+01
3.235589981079101562e+01
3.232169342041015625e+01
3.235416412353515625e+01
3.230344009399414062e+01
3.231507873535156250e+01
3.226947402954101562e+01
3.239273834228515625e+01
3.236985015869140625e+01
3.215669250488281250e+01
3.223637008666992188e+01
3.218701934814453125e+01
3.208917999267578125e+01
3.224131774902343750e+01
3.215959930419921875e+01
3.202739715576171875e+01
3.223443222045898438e+01
3.213421249389648438e+01
3.200563812255859375e+01
3.198694229125976562e+01
3.207711410522460938e+01
3.200709533691406250e+01
3.208581542968750000e+01
3.197771072387695312e+01
3.200003051757812500e+01
3.199964714050292969e+01
3.189225769042968750e+01
3.202219772338867188e+01
3.184986686706542969e+01
3.199770355224609375e+01
3.178848457336425781e+01
3.178569793701171875e+01
3.165287017822265625e+01
3.178428268432617188e+01
3.174831771850585938e+01
3.179587173461914062e+01
3.166261863708496094e+01
3.172934341430664062e+01
3.168532180786132812e+01
3.172472190856933594e+01
3.148160743713378906e+01
3.168016052246093750e+01
3.170249557495117188e+01
3.163405227661132812e+01
3.154728317260742188e+01
3.153914451599121094e+01
3.153384971618652344e+01
3.152103042602539062e+01
3.153823471069335938e+01
3.143618965148925781e+01
3.153047752380371094e+01
3.142978286743164062e+01
3.152176666259765625e+01
3.137540054321289062e+01
3.146828842163085938e+01
3.131038665771484375e+01
3.136304855346679688e+01
3.134672737121582031e+01
3.134143447875976562e+01
3.126577377319335938e+01
3.129967880249023438e+01
3.130780601501464844e+01
3.127057838439941406e+01
3.125166702270507812e+01
3.129010391235351562e+01
3.114927101135253906e+01
3.124309539794921875e+01
3.116691398620605469e+01
3.104762840270996094e+01
3.107826232910156250e+01
3.113695907592773438e+01
3.105688476562500000e+01
3.105183982849121094e+01
3.118582916259765625e+01
3.103519630432128906e+01
3.094114875793457031e+01
3.102248191833496094e+01
3.084615898132324219e+01
3.099594306945800781e+01
3.088634490966796875e+01
3.087104034423828125e+01
3.082870864868164062e+01
3.090525817871093750e+01
3.095287704467773438e+01
3.082029342651367188e+01
3.086643409729003906e+01
3.091090965270996094e+01
3.082165718078613281e+01
3.079418945312500000e+01
3.090794944763183594e+01
3.076299095153808594e+01
3.073559379577636719e+01
3.070301055908203125e+01
3.084216308593750000e+01
3.072991561889648438e+01
3.062875175476074219e+01
3.072922325134277344e+01
3.065018272399902344e+01
3.066761016845703125e+01
3.065318298339843750e+01
3.065980339050292969e+01
3.061550140380859375e+01
3.067041206359863281e+01
3.060011482238769531e+01
3.044692420959472656e+01
3.065740394592285156e+01
3.053665542602539062e+01
3.054083251953125000e+01
3.049561882019042969e+01
3.050403213500976562e+01
3.050068092346191406e+01
3.043155097961425781e+01
3.033175849914550781e+01
3.042620849609375000e+01
3.033500862121582031e+01
3.044922828674316406e+01
3.041542816162109375e+01
3.036450195312500000e+01
3.023441696166992188e+01
3.032059288024902344e+01
3.030350112915039062e+01
3.023871994018554688e+01
3.041396522521972656e+01
3.036815261840820312e+01
3.022430419921875000e+01
3.030847549438476562e+01
3.017689895629882812e+01
3.028405570983886719e+01
3.017890548706054688e+01
3.017320823669433594e+01
3.014363670349121094e+01
3.030796813964843750e+01
3.002241134643554688e+01
3.021086883544921875e+01
3.013610839843750000e+01
3.001364517211914062e+01
3.012516593933105469e+01
2.997435569763183594e+01
3.004245376586914062e+01
3.012254142761230469e+01
2.992580986022949219e+01
3.003410530090332031e+01
3.000695991516113281e+01
2.991637611389160156e+01
2.983836174011230469e+01
2.994252967834472656e+01
2.995649147033691406e+01
2.991695022583007812e+01
3.002013969421386719e+01
2.988049316406250000e+01
2.985120391845703125e+01
2.995062255859375000e+01
2.982727622985839844e+01
2.976158142089843750e+01
2.987629318237304688e+01
2.984730339050292969e+01
2.980427551269531250e+01
2.988862037658691406e+01
2.975066566467285156e+01
2.981856346130371094e+01
2.963545036315917969e+01
2.972338676452636719e+01
2.976779365539550781e+01
2.977898979187011719e+01
2.971209526062011719e+01
2.969527244567871094e+01
2.966348648071289062e+01
2.962326049804687500e+01
2.960103988647460938e+01
2.964700508117675781e+01
2.954236030578613281e+01
2.952845382690429688e+01
2.953667449951171875e+01
2.953270149230957031e+01
2.941620635986328125e+01
2.954733276367187500e+01
2.956610488891601562e+01
2.957169532775878906e+01
2.954512786865234375e+01
2.946439361572265625e+01
2.944093132019042969e+01
2.944100761413574219e+01
2.941041755676269531e+01
2.945035743713378906e+01
2.945867919921875000e+01
2.941301155090332031e+01
2.935685729980468750e+01
2.954808044433593750e+01
2.938700485229492188e+01
2.929501342773437500e+01
2.933621597290039062e+01
2.923214912414550781e+01
2.936916160583496094e+01
2.921578216552734375e+01
2.936579132080078125e+01
2.916679763793945312e+01
2.928562164306640625e+01
2.932371711730957031e+01
2.913536071777343750e+01
2.925267791748046875e+01
2.933585548400878906e+01
2.917676353454589844e+01
2.913163375854492188e+01
2.925026702880859375e+01
2.916065216064453125e+01
2.911002159118652344e+01
2.913283348083496094e+01
2.916285133361816406e+01
2.908311653137207031e+01
2.901803779602050781e+01
2.911454772949218750e+01
2.912208175659179688e+01
2.910435295104980469e+01
2.898086929321289062e+01
2.894174194335937500e+01
2.904000091552734375e+01
2.892686080932617188e+01
2.898325729370117188e+01
2.905114364624023438e+01
2.893066787719726562e+01
2.899852180480957031e+01
2.893749237060546875e+01
2.874970817565917969e+01
2.897208976745605469e+01
2.886419296264648438e+01
2.884435272216796875e+01
2.896095657348632812e+01
2.890576744079589844e+01
2.880270195007324219e+01
2.875084877014160156e+01
2.871237373352050781e+01
2.884053802490234375e+01
2.886689567565917969e+01
2.886868858337402344e+01
2.870319938659667969e+01
2.879533576965332031e+01
2.871191406250000000e+01
2.870474243164062500e+01
2.871890830993652344e+01
2.870733451843261719e+01
2.867712402343750000e+01
2.870093345642089844e+01
2.857855224609375000e+01
2.872817611694335938e+01
2.865535736083984375e+01
2.865610504150390625e+01
2.861621284484863281e+01
2.865844726562500000e+01
2.866988754272460938e+01
2.859349250793457031e+01
2.856871795654296875e+01
2.853807449340820312e+01
2.855778312683105469e+01
2.854458808898925781e+01
2.858608055114746094e+01
2.849663162231445312e+01
2.851354408264160156e+01
2.846068191528320312e+01
2.854092407226562500e+01
2.840010261535644531e+01
2.849013519287109375e+01
2.839225006103515625e+01
2.847926902770996094e+01
2.842085456848144531e+01
2.844745254516601562e+01
2.845107460021972656e+01
2.852209281921386719e+01
2.838438796997070312e+01
2.832276725769042969e+01
2.846806526184082031e+01
2.833381271362304688e+01
2.835585975646972656e+01
2.825729179382324219e+01
2.835144805908203125e+01
2.837108039855957031e+01
2.829022216796875000e+01
2.827134895324707031e+01
2.826411819458007812e+01
2.821771240234375000e+01
2.831333160400390625e+01
2.819400596618652344e+01
2.817958831787109375e+01
2.825881195068359375e+01
2.825136184692382812e+01
2.826946067810058594e+01
2.812755012512207031e+01
2.821193885803222656e+01
2.817527580261230469e+01
2.820680999755859375e+01
2.814280509948730469e+01
2.803270912170410156e+01
2.812391090393066406e+01
2.803417015075683594e+01
2.815767478942871094e+01
2.817323112487792969e+01
2.804748153686523438e+01
2.811117744445800781e+01
2.806067657470703125e+01
2.799337387084960938e+01
2.798578071594238281e+01
2.799607658386230469e+01
2.801156044006347656e+01
2.794632530212402344e+01
2.798775100708007812e+01
2.802848434448242188e+01
2.794715499877929688e+01
2.804233169555664062e+01
2.789286231994628906e+01
2.797320747375488281e+01
2.793201255798339844e+01
2.796249961853027344e+01
2.793575286865234375e+01
2.790650749206542969e+01
2.795009040832519531e+01
2.779820442199707031e+01
2.776014328002929688e+01
2.783555793762207031e+01
2.790784835815429688e+01
2.778981399536132812e+01
2.783518600463867188e+01
2.789791107177734375e+01
2.778866958618164062e+01
2.773080062866210938e+01
2.778078079223632812e+01
2.784901046752929688e+01
2.774802017211914062e+01
2.778153419494628906e+01
2.775730133056640625e+01
2.769517898559570312e+01
2.770890808105468750e+01
2.774339294433593750e+01
2.772160720825195312e+01
2.772270965576171875e+01
2.764723396301269531e+01
2.764434432983398438e+01
2.767682838439941406e+01
2.759299850463867188e+01
2.760659790039062500e+01
2.760881805419921875e+01
2.760121917724609375e+01
2.761833763122558594e+01
2.756350898742675781e+01
2.752335929870605469e+01
2.753648948669433594e+01
2.752371788024902344e+01
2.752715873718261719e+01
2.757585525512695312e+01
2.752374839782714844e+01
2.747900390625000000e+01
2.752462196350097656e+01
2.746562385559082031e+01
2.749529075622558594e+01
2.745672798156738281e+01
2.742522430419921875e+01
2.747682952880859375e+01
2.745079040527343750e+01
2.738860702514648438e+01
2.738162231445312500e+01
2.742292976379394531e+01
2.735113906860351562e+01
2.743735313415527344e+01
2.741205596923828125e+01
2.735002136230468750e+01
2.740083503723144531e+01
2.737447166442871094e+01
2.730564689636230469e+01
2.732621002197265625e+01
2.730624389648437500e+01
2.726266288757324219e+01
2.741835021972656250e+01
2.727112007141113281e+01
2.716240882873535156e+01
2.731720161437988281e+01
2.719578933715820312e+01
2.723036766052246094e+01
2.723240089416503906e+01
2.730004119873046875e+01
2.718981170654296875e+01
2.720692825317382812e+01
2.730315208435058594e+01
2.711608314514160156e+01
2.714941024780273438e+01
2.718550300598144531e+01
2.715885353088378906e+01
2.714533996582031250e+01
2.713320732116699219e+01
2.720060920715332031e+01
2.717938041687011719e+01
2.703824043273925781e+01
2.722289466857910156e+01
2.705311775207519531e+01
2.708223342895507812e+01
2.704099655151367188e+01
2.701615715026855469e+01
2.709272575378417969e+01
2.701973915100097656e+01
2.708168411254882812e+01
2.700592231750488281e+01
2.698865699768066406e+01
2.694936943054199219e+01
2.704340553283691406e+01
2.694251632690429688e+01
2.692843437194824219e+01
2.695905494689941406e+01
2.695245933532714844e+01
2.692590332031250000e+01
2.687932586669921875e+01
2.689045715332031250e+01
2.692053985595703125e+01
2.695420455932617188e+01
2.681004714965820312e+01
2.694983863830566406e+01
2.683584785461425781e+01
2.685718727111816406e+01
2.692428588867187500e+01
2.683717918395996094e+01
2.680737495422363281e+01
2.675437164306640625e+01
2.680840492248535156e+01
2.677667045593261719e+01
2.678153610229492188e+01
2.674875640869140625e+01
2.673091888427734375e+01
2.676502418518066406e+01
2.669817352294921875e+01
2.668926429748535156e+01
2.673037147521972656e+01
2.673469352722167969e+01
2.664600753784179688e+01
2.663752555847167969e+01
2.666102981567382812e+01
2.670325469970703125e+01
2.668296623229980469e+01
2.656867790222167969e+01
2.664193344116210938e+01
2.660028648376464844e+01
2.670462989807128906e+01
2.649379920959472656e+01
2.651518249511718750e+01
2.667425918579101562e+01
2.656429100036621094e+01
2.656340217590332031e+01
2.658607673645019531e+01
2.653682899475097656e+01
2.648317718505859375e+01
2.653551864624023438e+01
2.649689865112304688e+01
2.650656127929687500e+01
2.652731513977050781e+01
2.645955848693847656e+01
2.648986625671386719e+01
2.650411605834960938e+01
2.637819480895996094e+01
2.646270942687988281e+01
2.644393157958984375e+01
2.639454460144042969e+01
2.645403861999511719e+01
2.642681121826171875e+01
2.649916076660156250e+01
2.641740036010742188e+01
2.638224983215332031e+01
2.633835029602050781e+01
2.640717887878417969e+01
2.638759422302246094e+01
2.635882568359375000e+01
2.640158653259277344e+01
2.632952690124511719e+01
2.631834793090820312e+01
2.638534927368164062e+01
2.631431007385253906e+01
2.634056282043457031e+01
2.622102165222167969e+01
2.623372077941894531e+01
2.626075363159179688e+01
2.632244110107421875e+01
2.620489883422851562e+01
2.621721839904785156e+01
2.626672554016113281e+01
2.624812126159667969e+01
2.624320602416992188e+01
2.625858688354492188e+01
2.618915748596191406e+01
2.618527412414550781e+01
2.618532371520996094e+01
2.619207954406738281e+01
2.612940406799316406e+01
2.629344749450683594e+01
2.610420799255371094e+01
2.616693496704101562e+01
