5.413563728332519531e+00
1.449052333831787109e+01
3.494262695312500000e+01
8.450988006591796875e+01
1.711984405517578125e+02
1.718819885253906250e+02
1.961642913818359375e+02
2.218739929199218750e+02
2.557906646728515625e+02
2.728236999511718750e+02
2.738382568359375000e+02
2.682274169921875000e+02
2.575646057128906250e+02
2.440100097656250000e+02
2.293910217285156250e+02
2.216121673583984375e+02
2.126278381347656250e+02
2.010597229003906250e+02
1.934688110351562500e+02
1.851227874755859375e+02
1.757778320312500000e+02
1.708568420410156250e+02
1.644879913330078125e+02
1.584856872558593750e+02
1.508257293701171875e+02
1.448836364746093750e+02
1.398635864257812500e+02
1.358870849609375000e+02
1.320832061767578125e+02
1.272716751098632812e+02
1.197951507568359375e+02
1.164831237792968750e+02
1.133726043701171875e+02
1.120866241455078125e+02
1.096226654052734375e+02
1.088135147094726562e+02
1.103989486694335938e+02
1.098527832031250000e+02
1.103600769042968750e+02
1.141885299682617188e+02
1.195692214965820312e+02
1.241388778686523438e+02
1.275807952880859375e+02
1.331185607910156250e+02
1.344574890136718750e+02
1.341150512695312500e+02
1.332355041503906250e+02
1.310635375976562500e+02
1.270703659057617188e+02
1.234376296997070312e+02
1.193519973754882812e+02
1.154073791503906250e+02
1.142672195434570312e+02
1.126236953735351562e+02
1.118338012695312500e+02
1.108119659423828125e+02
1.094312973022460938e+02
1.072599792480468750e+02
1.056128540039062500e+02
1.046846160888671875e+02
1.031532058715820312e+02
1.015426864624023438e+02
9.998866271972656250e+01
9.768919372558593750e+01
9.688230133056640625e+01
9.529071044921875000e+01
9.369052124023437500e+01
9.219161224365234375e+01
9.042740631103515625e+01
8.834104156494140625e+01
8.721273803710937500e+01
8.630654907226562500e+01
8.488626098632812500e+01
8.355999755859375000e+01
8.182589721679687500e+01
8.093910980224609375e+01
7.993246459960937500e+01
7.901410675048828125e+01
7.768793487548828125e+01
7.650140380859375000e+01
7.573950195312500000e+01
7.454425048828125000e+01
7.359443664550781250e+01
7.336455535888671875e+01
7.167955017089843750e+01
7.101053619384765625e+01
7.037631988525390625e+01
6.944335937500000000e+01
6.875151824951171875e+01
6.773247528076171875e+01
6.710123443603515625e+01
6.646588897705078125e+01
6.545487213134765625e+01
6.530191040039062500e+01
6.445695495605468750e+01
6.421391296386718750e+01
6.370027160644531250e+01
6.255479812622070312e+01
6.225318908691406250e+01
6.160445785522460938e+01
6.114796447753906250e+01
6.062576293945312500e+01
6.015227508544921875e+01
5.990602493286132812e+01
6.009295272827148438e+01
5.929869842529296875e+01
5.855393218994140625e+01
5.815202713012695312e+01
5.761795043945312500e+01
5.735713577270507812e+01
5.701405334472656250e+01
5.632796859741210938e+01
5.614539337158203125e+01
5.584940719604492188e+01
5.503852081298828125e+01
5.478717422485351562e+01
5.440981292724609375e+01
5.361193466186523438e+01
5.326995086669921875e+01
5.328806304931640625e+01
5.392110443115234375e+01
5.329772949218750000e+01
5.271553802490234375e+01
5.226036071777343750e+01
5.213225173950195312e+01
5.176810073852539062e+01
5.145371246337890625e+01
5.056549453735351562e+01
5.093845367431640625e+01
5.042023086547851562e+01
4.982677078247070312e+01
4.995856857299804688e+01
4.955129623413085938e+01
4.940612030029296875e+01
4.902943801879882812e+01
4.840055847167968750e+01
4.809796905517578125e+01
4.808602905273437500e+01
4.796609115600585938e+01
4.737549591064453125e+01
4.748373413085937500e+01
4.720196151733398438e+01
4.636221313476562500e+01
4.713339996337890625e+01
4.681533813476562500e+01
4.756319808959960938e+01
4.569513702392578125e+01
4.674532699584960938e+01
4.663013839721679688e+01
4.671405792236328125e+01
4.581333923339843750e+01
4.580627441406250000e+01
4.558702850341796875e+01
4.554905319213867188e+01
4.516415786743164062e+01
4.507942199707031250e+01
4.484328079223632812e+01
4.479758071899414062e+01
4.452386474609375000e+01
4.427884292602539062e+01
4.398861312866210938e+01
4.389682388305664062e+01
4.374618148803710938e+01
4.371784210205078125e+01
4.330726623535156250e+01
4.319960021972656250e+01
4.295739746093750000e+01
4.268512725830078125e+01
4.246383666992187500e+01
4.248754119873046875e+01
4.278844833374023438e+01
4.133726882934570312e+01
4.156103897094726562e+01
4.166911315917968750e+01
4.212368011474609375e+01
4.109304428100585938e+01
4.135574722290039062e+01
4.129766464233398438e+01
4.122320556640625000e+01
4.097590255737304688e+01
4.086275863647460938e+01
4.069075393676757812e+01
4.069570922851562500e+01
4.047303390502929688e+01
4.038755416870117188e+01
4.028600311279296875e+01
4.025202941894531250e+01
3.970213317871093750e+01
3.965176391601562500e+01
3.964717483520507812e+01
3.955634689331054688e+01
3.984961318969726562e+01
3.937718200683593750e+01
3.881822586059570312e+01
3.936960601806640625e+01
3.919020843505859375e+01
3.888436889648437500e+01
3.892947769165039062e+01
3.904136657714843750e+01
3.889168167114257812e+01
3.882778549194335938e+01
3.918124008178710938e+01
3.877582931518554688e+01
3.858461380004882812e+01
3.883451843261718750e+01
3.845922851562500000e+01
3.830227661132812500e+01
3.819961929321289062e+01
3.802095794677734375e+01
3.798387145996093750e+01
3.795560073852539062e+01
3.806192398071289062e+01
3.771672821044921875e+01
3.773177719116210938e+01
3.756869506835937500e+01
3.771311187744140625e+01
3.754325485229492188e+01
3.745731735229492188e+01
3.744981384277343750e+01
3.747312164306640625e+01
3.737008666992187500e+01
3.732646179199218750e+01
3.724425506591796875e+01
3.692198562622070312e+01
3.710463714599609375e+01
3.715172958374023438e+01
3.693151473999023438e+01
3.705825042724609375e+01
3.665769958496093750e+01
3.669650268554687500e+01
3.675485610961914062e+01
3.697879409790039062e+01
3.682104110717773438e+01
3.668826293945312500e+01
3.664104843139648438e+01
3.678112030029296875e+01
3.666824340820312500e+01
3.642440414428710938e+01
3.666657257080078125e+01
3.662770462036132812e+01
3.659576797485351562e+01
3.640398788452148438e+01
3.650841140747070312e+01
3.648753738403320312e+01
3.663554382324218750e+01
3.622122192382812500e+01
3.638978195190429688e+01
3.647825622558593750e+01
3.656995010375976562e+01
3.647199249267578125e+01
3.646326446533203125e+01
3.646509552001953125e+01
3.636822128295898438e+01
3.617237091064453125e+01
3.642666625976562500e+01
3.640912246704101562e+01
3.644538116455078125e+01
3.633031082153320312e+01
3.598669815063476562e+01
3.629528045654296875e+01
3.647525405883789062e+01
3.637561798095703125e+01
3.610612106323242188e+01
3.620308685302734375e+01
3.728995895385742188e+01
3.671392822265625000e+01
3.657798385620117188e+01
3.715024566650390625e+01
3.665923690795898438e+01
3.546774291992187500e+01
3.642449951171875000e+01
3.703646087646484375e+01
3.722665786743164062e+01
3.673936843872070312e+01
3.650133132934570312e+01
3.688982391357421875e+01
3.704470825195312500e+01
3.704665374755859375e+01
3.671894073486328125e+01
3.663196182250976562e+01
3.676772689819335938e+01
3.693313598632812500e+01
3.666961288452148438e+01
3.692580795288085938e+01
3.700899887084960938e+01
3.661441421508789062e+01
3.645837783813476562e+01
3.679981231689453125e+01
3.718516540527343750e+01
3.659062194824218750e+01
3.650597763061523438e+01
3.702811050415039062e+01
3.701609420776367188e+01
3.704011154174804688e+01
3.720284271240234375e+01
3.668868255615234375e+01
3.684585571289062500e+01
3.709386825561523438e+01
3.704930877685546875e+01
3.706618118286132812e+01
