8.515765190124511719e+00
4.073650360107421875e+00
3.715639114379882812e+01
2.309765930175781250e+02
2.349474639892578125e+02
2.142632446289062500e+02
1.920402221679687500e+02
1.756970520019531250e+02
1.623442687988281250e+02
1.504073638916015625e+02
1.393575744628906250e+02
1.297403564453125000e+02
1.208526458740234375e+02
1.126947784423828125e+02
1.059224243164062500e+02
9.999402618408203125e+01
9.512274169921875000e+01
9.119651031494140625e+01
8.708318328857421875e+01
8.330508422851562500e+01
7.961470031738281250e+01
7.611747741699218750e+01
7.275655364990234375e+01
6.965635681152343750e+01
6.665476226806640625e+01
6.439948272705078125e+01
6.206937408447265625e+01
5.994564056396484375e+01
5.793349456787109375e+01
5.624331283569335938e+01
5.465721893310546875e+01
5.352971649169921875e+01
5.221170425415039062e+01
5.128134536743164062e+01
5.039524841308593750e+01
4.963180541992187500e+01
4.875843811035156250e+01
4.814834213256835938e+01
4.749253845214843750e+01
4.695552444458007812e+01
4.648977279663085938e+01
4.616795730590820312e+01
4.589993286132812500e+01
4.533676528930664062e+01
4.518196105957031250e+01
4.465428924560546875e+01
4.448466873168945312e+01
4.422983169555664062e+01
4.391513061523437500e+01
4.385941314697265625e+01
4.335101318359375000e+01
4.347327423095703125e+01
4.317746353149414062e+01
4.317028427124023438e+01
4.320433044433593750e+01
4.315901947021484375e+01
4.310865020751953125e+01
4.310524749755859375e+01
4.306383514404296875e+01
4.292500686645507812e+01
4.310520553588867188e+01
4.320928192138671875e+01
4.327657318115234375e+01
4.346046066284179688e+01
4.355106735229492188e+01
4.371147155761718750e+01
4.400885391235351562e+01
4.429153060913085938e+01
4.427744293212890625e+01
4.473081588745117188e+01
4.492282104492187500e+01
4.498752212524414062e+01
4.519325637817382812e+01
4.542721176147460938e+01
4.606129837036132812e+01
4.606755828857421875e+01
4.620106887817382812e+01
4.663928604125976562e+01
4.674698257446289062e+01
4.718435287475585938e+01
4.739710235595703125e+01
4.794791793823242188e+01
4.809154891967773438e+01
4.848990249633789062e+01
4.869894790649414062e+01
4.878471374511718750e+01
4.915570831298828125e+01
4.951858139038085938e+01
4.986223602294921875e+01
4.999568176269531250e+01
5.049134826660156250e+01
5.052630615234375000e+01
5.056821441650390625e+01
5.089621734619140625e+01
5.090230941772460938e+01
5.094184875488281250e+01
5.130598068237304688e+01
5.141259765625000000e+01
5.126387023925781250e+01
5.163067626953125000e+01
5.146253967285156250e+01
5.154804229736328125e+01
5.167234802246093750e+01
5.168090820312500000e+01
5.161142349243164062e+01
5.156464385986328125e+01
5.173363494873046875e+01
5.166619110107421875e+01
5.171168518066406250e+01
5.149711608886718750e+01
5.146971130371093750e+01
5.151055908203125000e+01
5.149802017211914062e+01
5.158243942260742188e+01
5.131082534790039062e+01
5.115965270996093750e+01
5.109509658813476562e+01
5.120085906982421875e+01
5.083031845092773438e+01
5.091565704345703125e+01
5.079436492919921875e+01
5.090463256835937500e+01
5.065910720825195312e+01
5.060194778442382812e+01
5.050812530517578125e+01
5.016958618164062500e+01
5.038975906372070312e+01
5.008726119995117188e+01
4.999855804443359375e+01
5.015406417846679688e+01
4.985711288452148438e+01
4.963775634765625000e+01
4.983149337768554688e+01
4.958065414428710938e+01
4.933399963378906250e+01
4.948435592651367188e+01
4.931941604614257812e+01
4.914221191406250000e+01
4.913779067993164062e+01
4.898797607421875000e+01
4.913877105712890625e+01
4.890373992919921875e+01
4.893560409545898438e+01
4.879951477050781250e+01
4.869973754882812500e+01
4.830234527587890625e+01
4.851753616333007812e+01
4.829951095581054688e+01
4.802137374877929688e+01
4.812347793579101562e+01
4.802767181396484375e+01
4.793740081787109375e+01
4.812376022338867188e+01
4.772058105468750000e+01
4.776846694946289062e+01
4.774921798706054688e+01
4.753663253784179688e+01
4.764176559448242188e+01
4.742319869995117188e+01
4.759827804565429688e+01
4.723159408569335938e+01
4.727634811401367188e+01
4.712938690185546875e+01
4.709576034545898438e+01
4.696626663208007812e+01
4.684460449218750000e+01
4.698020935058593750e+01
4.667153930664062500e+01
4.654929733276367188e+01
4.651529693603515625e+01
4.659500885009765625e+01
4.638841247558593750e+01
4.633349990844726562e+01
4.622726058959960938e+01
4.633612823486328125e+01
4.634226989746093750e+01
4.607018280029296875e+01
4.600657653808593750e+01
4.586331939697265625e+01
4.597393035888671875e+01
4.591204452514648438e+01
4.543046188354492188e+01
4.552098846435546875e+01
4.554787826538085938e+01
4.548075866699218750e+01
4.523807907104492188e+01
4.523416900634765625e+01
4.543276977539062500e+01
4.504847335815429688e+01
4.522416687011718750e+01
4.510977554321289062e+01
4.482370758056640625e+01
4.488598632812500000e+01
4.485547256469726562e+01
4.487701797485351562e+01
4.471507644653320312e+01
4.461250305175781250e+01
4.456292343139648438e+01
4.435784912109375000e+01
4.434133911132812500e+01
4.423213958740234375e+01
4.420288085937500000e+01
4.409148406982421875e+01
4.390553283691406250e+01
4.406315231323242188e+01
4.384796905517578125e+01
4.384802246093750000e+01
4.371486663818359375e+01
4.376121902465820312e+01
4.347191619873046875e+01
4.362020492553710938e+01
4.342947387695312500e+01
4.338743972778320312e+01
4.326513290405273438e+01
4.319335174560546875e+01
4.315597152709960938e+01
4.305960083007812500e+01
4.306035995483398438e+01
4.286505889892578125e+01
4.298490524291992188e+01
4.274016571044921875e+01
4.279833221435546875e+01
4.269741821289062500e+01
4.277063751220703125e+01
4.235270690917968750e+01
4.236843109130859375e+01
4.248354721069335938e+01
4.236427307128906250e+01
4.218166732788085938e+01
4.222550582885742188e+01
4.226185226440429688e+01
4.218712615966796875e+01
4.186159133911132812e+01
4.190291213989257812e+01
4.191688156127929688e+01
4.181105804443359375e+01
4.170915222167968750e+01
4.197290420532226562e+01
4.159951400756835938e+01
4.152290725708007812e+01
4.150817871093750000e+01
4.143782043457031250e+01
4.139971160888671875e+01
4.144635009765625000e+01
4.111194610595703125e+01
4.115288543701171875e+01
4.118456268310546875e+01
4.111070632934570312e+01
4.091798019409179688e+01
4.107320022583007812e+01
4.081336593627929688e+01
4.098609542846679688e+01
4.073479080200195312e+01
4.078821563720703125e+01
4.048890686035156250e+01
4.061406707763671875e+01
4.054621124267578125e+01
4.051391220092773438e+01
4.043788909912109375e+01
4.042604446411132812e+01
4.036847686767578125e+01
4.026074218750000000e+01
4.032108306884765625e+01
4.001993560791015625e+01
4.013661575317382812e+01
4.002190399169921875e+01
4.013408279418945312e+01
4.010545730590820312e+01
3.983048248291015625e+01
3.978588485717773438e+01
3.986926269531250000e+01
3.972922515869140625e+01
3.963551712036132812e+01
3.955883026123046875e+01
3.963120651245117188e+01
3.958745956420898438e+01
3.945972061157226562e+01
3.936794662475585938e+01
3.947171783447265625e+01
3.934183883666992188e+01
3.934329605102539062e+01
3.931721496582031250e+01
3.916425704956054688e+01
3.918555450439453125e+01
3.913483810424804688e+01
3.896408081054687500e+01
3.909461212158203125e+01
3.898179244995117188e+01
3.879821014404296875e+01
3.892201614379882812e+01
3.871313858032226562e+01
3.879842376708984375e+01
3.873881530761718750e+01
3.856853103637695312e+01
3.863496398925781250e+01
3.858661270141601562e+01
3.849750518798828125e+01
3.839060974121093750e+01
3.843305206298828125e+01
3.841450119018554688e+01
3.838711547851562500e+01
3.832778549194335938e+01
3.824721908569335938e+01
3.814297485351562500e+01
3.826679992675781250e+01
3.800989151000976562e+01
3.790560531616210938e+01
3.813518142700195312e+01
3.788305664062500000e+01
3.802487564086914062e+01
3.795530700683593750e+01
3.770013427734375000e+01
3.784366607666015625e+01
3.775478363037109375e+01
3.767103958129882812e+01
3.773701477050781250e+01
3.740600204467773438e+01
3.761090087890625000e+01
3.745910644531250000e+01
3.741322708129882812e+01
3.747748947143554688e+01
3.742123413085937500e+01
3.741963577270507812e+01
3.737253570556640625e+01
3.718706130981445312e+01
3.722087860107421875e+01
3.726317596435546875e+01
3.721151351928710938e+01
3.713945007324218750e+01
3.709149169921875000e+01
3.702737808227539062e+01
3.708050155639648438e+01
3.704363250732421875e+01
3.680092239379882812e+01
3.685553741455078125e+01
3.686369323730468750e+01
3.684599304199218750e+01
3.680428314208984375e+01
3.664640426635742188e+01
3.669187927246093750e+01
3.661304092407226562e+01
3.656241607666015625e+01
3.653671646118164062e+01
3.669358825683593750e+01
3.644039916992187500e+01
3.641681671142578125e+01
3.641998672485351562e+01
3.646052551269531250e+01
3.643230819702148438e+01
3.626012039184570312e+01
3.624873352050781250e+01
3.624601745605468750e+01
3.619618988037109375e+01
3.618584060668945312e+01
3.610388946533203125e+01
3.605279159545898438e+01
3.600908279418945312e+01
3.599831771850585938e+01
3.600553131103515625e+01
3.591123199462890625e+01
3.589091873168945312e+01
3.588987350463867188e+01
3.577696228027343750e+01
3.583945465087890625e+01
3.562776947021484375e+01
3.574424743652343750e+01
3.570316314697265625e+01
3.559725952148437500e+01
3.570571899414062500e+01
3.563188171386718750e+01
3.537490844726562500e+01
3.543976593017578125e+01
3.551181793212890625e+01
3.550399017333984375e+01
3.547109985351562500e+01
3.530490112304687500e+01
3.542610931396484375e+01
3.524526596069335938e+01
3.519851684570312500e+01
3.527472686767578125e+01
3.520542907714843750e+01
3.504465484619140625e+01
3.510872268676757812e+01
3.504185867309570312e+01
3.514778900146484375e+01
3.497875976562500000e+01
3.499509048461914062e+01
3.492590332031250000e+01
3.499126815795898438e+01
3.490793609619140625e+01
3.477515029907226562e+01
3.480542755126953125e+01
3.480520248413085938e+01
3.477186203002929688e+01
3.481128311157226562e+01
3.457706451416015625e+01
3.467707061767578125e+01
3.465577316284179688e+01
3.468832778930664062e+01
3.466753768920898438e+01
3.451319885253906250e+01
3.454310989379882812e+01
3.454414367675781250e+01
3.440705871582031250e+01
3.441441345214843750e+01
3.449121856689453125e+01
3.436898422241210938e+01
3.439050292968750000e+01
3.434233856201171875e+01
3.435447311401367188e+01
3.419830322265625000e+01
3.416187667846679688e+01
3.426762008666992188e+01
3.406763076782226562e+01
3.420525741577148438e+01
3.401231002807617188e+01
3.419456863403320312e+01
3.396109390258789062e+01
3.401337432861328125e+01
3.398040390014648438e+01
3.390336227416992188e+01
3.391875076293945312e+01
3.385695266723632812e+01
3.386330032348632812e+01
3.375139617919921875e+01
3.374997329711914062e+01
3.375398254394531250e+01
3.376295852661132812e+01
3.357950973510742188e+01
3.370569992065429688e+01
3.368399810791015625e+01
3.365791702270507812e+01
3.363985061645507812e+01
3.360247802734375000e+01
3.347863769531250000e+01
3.355213546752929688e+01
3.349454116821289062e+01
3.346947097778320312e+01
3.356203842163085938e+01
3.342121505737304688e+01
3.336755752563476562e+01
3.336182403564453125e+01
3.337455368041992188e+01
3.334815979003906250e+01
3.328574371337890625e+01
3.325193023681640625e+01
3.333613204956054688e+01
3.315319442749023438e+01
3.311005401611328125e+01
3.310256958007812500e+01
3.313862609863281250e+01
3.313116836547851562e+01
3.309210586547851562e+01
3.293914794921875000e+01
3.307764053344726562e+01
3.298328018188476562e+01
3.298670578002929688e+01
3.277846527099609375e+01
3.292111206054687500e+01
3.289138793945312500e+01
3.287223815917968750e+01
3.292104721069335938e+01
3.276499938964843750e+01
3.279850769042968750e+01
3.288087463378906250e+01
3.267131042480468750e+01
3.281383514404296875e+01
3.282538604736328125e+01
3.260557174682617188e+01
3.261223983764648438e+01
3.256372451782226562e+01
3.253220367431640625e+01
3.249168014526367188e+01
3.246549606323242188e+01
3.250601196289062500e+01
3.253910446166992188e+01
3.252590942382812500e+01
3.231875991821289062e+01
3.251551055908203125e+01
3.241222381591796875e+01
3.237471771240234375e+01
3.239980697631835938e+01
3.230126571655273438e+01
3.238719558715820312e+01
3.235459136962890625e+01
3.217488861083984375e+01
3.226495742797851562e+01
3.221448516845703125e+01
3.212442016601562500e+01
3.221693801879882812e+01
3.211344528198242188e+01
3.207464599609375000e+01
3.210818481445312500e+01
3.205986785888671875e+01
3.214229965209960938e+01
3.197822189331054688e+01
3.198710250854492188e+01
3.190124320983886719e+01
3.195999526977539062e+01
3.179961776733398438e+01
3.186463928222656250e+01
3.177543449401855469e+01
3.185264587402343750e+01
3.181944274902343750e+01
3.182540512084960938e+01
3.173651123046875000e+01
3.176255226135253906e+01
3.161441612243652344e+01
3.171734046936035156e+01
3.169664192199707031e+01
3.162754058837890625e+01
3.168737030029296875e+01
3.152308845520019531e+01
3.156871986389160156e+01
3.156676673889160156e+01
3.145126342773437500e+01
3.155680465698242188e+01
3.142784309387207031e+01
3.144336318969726562e+01
3.134040832519531250e+01
3.142627143859863281e+01
3.133381271362304688e+01
3.139069747924804688e+01
3.132149124145507812e+01
3.131090927124023438e+01
3.124777412414550781e+01
3.126056480407714844e+01
3.129340744018554688e+01
3.122325515747070312e+01
3.123037147521972656e+01
3.132916641235351562e+01
3.111995315551757812e+01
3.111989212036132812e+01
3.117875099182128906e+01
3.113386535644531250e+01
3.106507301330566406e+01
3.097499465942382812e+01
3.098739624023437500e+01
3.101935386657714844e+01
3.105808639526367188e+01
3.096115493774414062e+01
3.094771385192871094e+01
3.094213104248046875e+01
3.082810783386230469e+01
3.100012207031250000e+01
3.097454261779785156e+01
3.092898750305175781e+01
3.087608528137207031e+01
3.082368278503417969e+01
3.084991455078125000e+01
3.084804725646972656e+01
3.071915435791015625e+01
3.079491806030273438e+01
3.075348472595214844e+01
3.068523406982421875e+01
3.073161697387695312e+01
3.062888145446777344e+01
3.063457870483398438e+01
3.063935852050781250e+01
3.058710479736328125e+01
3.056798171997070312e+01
3.056037902832031250e+01
3.063167762756347656e+01
3.054472732543945312e+01
3.049401855468750000e+01
3.054171180725097656e+01
3.046284294128417969e+01
3.043873596191406250e+01
3.036555671691894531e+01
3.047418212890625000e+01
3.044109344482421875e+01
3.039576530456542969e+01
3.037896347045898438e+01
3.031603622436523438e+01
3.031002616882324219e+01
3.020594024658203125e+01
3.026599884033203125e+01
3.024523925781250000e+01
3.015593719482421875e+01
3.015316963195800781e+01
3.018980979919433594e+01
3.017765426635742188e+01
3.019284057617187500e+01
3.013608551025390625e+01
3.010656166076660156e+01
3.007188224792480469e+01
3.005737304687500000e+01
3.003624343872070312e+01
3.010478210449218750e+01
2.994335556030273438e+01
3.009191894531250000e+01
2.994617462158203125e+01
2.994040489196777344e+01
2.997174835205078125e+01
2.990085601806640625e+01
2.980546379089355469e+01
2.985294151306152344e+01
2.986781692504882812e+01
2.980861091613769531e+01
2.983230209350585938e+01
2.976149368286132812e+01
2.972562408447265625e+01
2.975207901000976562e+01
2.968169021606445312e+01
2.966584205627441406e+01
2.971527862548828125e+01
2.963058662414550781e+01
2.957024192810058594e+01
2.955514907836914062e+01
2.956912994384765625e+01
2.959887123107910156e+01
2.949399948120117188e+01
2.963071441650390625e+01
2.951850891113281250e+01
2.951773452758789062e+01
2.945727348327636719e+01
2.945318222045898438e+01
2.944669532775878906e+01
2.946618843078613281e+01
2.939833831787109375e+01
2.932089042663574219e+01
2.937446975708007812e+01
2.932382583618164062e+01
2.933574295043945312e+01
2.935386848449707031e+01
2.925084304809570312e+01
2.920383262634277344e+01
2.936230087280273438e+01
2.924681663513183594e+01
2.921729660034179688e+01
2.918741226196289062e+01
2.919167327880859375e+01
2.919351005554199219e+01
2.919754600524902344e+01
2.914849281311035156e+01
2.910641288757324219e+01
2.921682548522949219e+01
2.905981826782226562e+01
2.907071495056152344e+01
2.906261253356933594e+01
2.899457550048828125e+01
2.892493438720703125e+01
2.901743888854980469e+01
2.904259681701660156e+01
2.896307373046875000e+01
2.880976486206054688e+01
2.889992523193359375e+01
2.890899658203125000e+01
2.884913253784179688e+01
2.890461540222167969e+01
2.876985549926757812e+01
2.876203536987304688e+01
2.883222198486328125e+01
2.870228767395019531e+01
2.881900787353515625e+01
2.873342895507812500e+01
2.880805969238281250e+01
2.869476127624511719e+01
2.870743560791015625e+01
2.871222877502441406e+01
2.872132492065429688e+01
2.866219329833984375e+01
2.864812850952148438e+01
2.865485763549804688e+01
2.864048385620117188e+01
2.855332374572753906e+01
2.860950088500976562e+01
2.858049964904785156e+01
2.856853866577148438e+01
2.856690406799316406e+01
2.853657531738281250e+01
2.846527099609375000e+01
2.858159255981445312e+01
2.843761062622070312e+01
2.841482162475585938e+01
2.842848205566406250e+01
2.841646003723144531e+01
2.831841278076171875e+01
2.840709495544433594e+01
2.835461616516113281e+01
2.832496833801269531e+01
2.835536384582519531e+01
2.839147186279296875e+01
2.830086135864257812e+01
2.820660591125488281e+01
2.825042915344238281e+01
2.819442939758300781e+01
2.827931976318359375e+01
2.827338027954101562e+01
2.821486091613769531e+01
2.824792480468750000e+01
2.808914375305175781e+01
2.809474945068359375e+01
2.818497085571289062e+01
2.810170745849609375e+01
2.814130973815917969e+01
2.815981864929199219e+01
2.817156219482421875e+01
2.813677787780761719e+01
2.800991630554199219e+01
2.811148071289062500e+01
2.809978675842285156e+01
2.800797271728515625e+01
2.798365020751953125e+01
2.799348449707031250e+01
2.797165870666503906e+01
2.799750900268554688e+01
2.797647857666015625e+01
2.792021179199218750e+01
2.794606590270996094e+01
2.790905761718750000e+01
2.790795135498046875e+01
2.783043479919433594e+01
2.784162712097167969e+01
2.780963897705078125e+01
2.784459114074707031e+01
2.775825691223144531e+01
2.778070640563964844e+01
2.776515960693359375e+01
2.767653846740722656e+01
2.774186325073242188e+01
2.774642181396484375e+01
2.768581581115722656e+01
2.770353317260742188e+01
2.767637443542480469e+01
2.762613296508789062e+01
2.767001342773437500e+01
2.760216522216796875e+01
2.760263633728027344e+01
2.761199569702148438e+01
2.757437133789062500e+01
2.754122924804687500e+01
2.749513435363769531e+01
2.752684593200683594e+01
2.752139854431152344e+01
2.755070114135742188e+01
2.756052589416503906e+01
2.755796623229980469e+01
2.745311737060546875e+01
2.757857131958007812e+01
2.744434356689453125e+01
2.739441490173339844e+01
2.750565528869628906e+01
2.730744552612304688e+01
2.745314407348632812e+01
2.744987869262695312e+01
2.740919876098632812e+01
2.736002540588378906e+01
2.729772377014160156e+01
2.731128311157226562e+01
2.725215339660644531e+01
2.733165359497070312e+01
2.723070716857910156e+01
2.723352432250976562e+01
2.729158973693847656e+01
2.725542449951171875e+01
2.717651748657226562e+01
2.713913917541503906e+01
2.716549873352050781e+01
2.718518257141113281e+01
2.723130416870117188e+01
2.718697738647460938e+01
2.712253570556640625e+01
2.718784141540527344e+01
2.701146697998046875e+01
2.712917709350585938e+01
2.699420547485351562e+01
2.705612564086914062e+01
2.704263687133789062e+01
2.696715164184570312e+01
2.700456809997558594e+01
2.705605888366699219e+01
2.695628929138183594e+01
2.690032005310058594e+01
2.692143249511718750e+01
2.700032424926757812e+01
2.693262863159179688e+01
2.693749427795410156e+01
2.678804016113281250e+01
2.686764144897460938e+01
2.684907913208007812e+01
2.682003593444824219e+01
2.680775833129882812e+01
2.685543823242187500e+01
2.680540084838867188e+01
2.686083793640136719e+01
2.672924613952636719e+01
2.674977493286132812e+01
2.677241706848144531e+01
2.672129821777343750e+01
2.676999664306640625e+01
2.671708106994628906e+01
2.667509841918945312e+01
2.665796089172363281e+01
2.663106536865234375e+01
2.663834381103515625e+01
2.668330383300781250e+01
2.681225395202636719e+01
2.659712409973144531e+01
2.655175018310546875e+01
2.660913467407226562e+01
2.659125137329101562e+01
2.652812004089355469e+01
2.658628273010253906e+01
2.663436126708984375e+01
2.651383209228515625e+01
2.654193496704101562e+01
2.646612548828125000e+01
2.639493751525878906e+01
2.652572250366210938e+01
2.644119834899902344e+01
2.648942947387695312e+01
2.643468093872070312e+01
2.651484298706054688e+01
2.643357467651367188e+01
2.637347221374511719e+01
2.638367080688476562e+01
2.638322257995605469e+01
2.641077423095703125e+01
2.638522720336914062e+01
2.640392875671386719e+01
2.627545547485351562e+01
2.649322509765625000e+01
2.627944755554199219e+01
2.628074645996093750e+01
2.625638771057128906e+01
2.631667327880859375e+01
2.627694702148437500e+01
2.631367492675781250e+01
2.628307342529296875e+01
2.621979331970214844e+01
2.620940208435058594e+01
2.620937728881835938e+01
2.618187141418457031e+01
2.623600769042968750e+01
2.614481353759765625e+01
2.617884254455566406e+01
2.621495056152343750e+01
2.616452026367187500e+01
2.612844657897949219e+01
2.616255378723144531e+01
2.613796234130859375e+01
2.615730285644531250e+01
2.607271385192871094e+01
2.605016708374023438e+01
2.608255004882812500e+01
2.601779747009277344e+01
2.600692558288574219e+01
2.608312988281250000e+01
2.608164596557617188e+01
2.605425453186035156e+01
2.593937492370605469e+01
2.595568656921386719e+01
2.605154991149902344e+01
2.597346878051757812e+01
2.593580627441406250e+01
2.606093788146972656e+01
2.594380950927734375e+01
2.590148735046386719e+01
2.593096160888671875e+01
2.589978599548339844e+01
2.589698410034179688e+01
2.588193893432617188e+01
2.586526107788085938e+01
2.585663414001464844e+01
2.586494636535644531e+01
2.582271957397460938e+01
2.587633705139160156e+01
2.585357284545898438e+01
2.579147338867187500e+01
2.573280906677246094e+01
2.587092208862304688e+01
2.578052520751953125e+01
2.571057319641113281e+01
2.576454925537109375e+01
2.570250320434570312e+01
2.578570365905761719e+01
2.572703552246093750e+01
2.568737792968750000e+01
2.576107788085937500e+01
2.559407997131347656e+01
2.563897895812988281e+01
2.569346427917480469e+01
2.573263549804687500e+01
2.569089508056640625e+01
2.566054916381835938e+01
2.559548187255859375e+01
2.557473754882812500e+01
2.564605903625488281e+01
2.559542083740234375e+01
2.563589286804199219e+01
2.551917457580566406e+01
2.552357101440429688e+01
2.551461791992187500e+01
2.555717849731445312e+01
2.546935272216796875e+01
2.548103713989257812e+01
2.548318290710449219e+01
2.539514923095703125e+01
2.553601837158203125e+01
2.543526077270507812e+01
2.550901412963867188e+01
2.542390251159667969e+01
2.546813392639160156e+01
2.547989845275878906e+01
2.540047073364257812e+01
2.540975570678710938e+01
2.531669235229492188e+01
2.541495323181152344e+01
2.533153915405273438e+01
2.542022705078125000e+01
2.540665245056152344e+01
2.532491683959960938e+01
2.542740440368652344e+01
2.534212493896484375e+01
2.533493041992187500e+01
2.540658950805664062e+01
2.530960464477539062e+01
2.535164642333984375e+01
2.527750205993652344e+01
2.530732154846191406e+01
2.530520248413085938e+01
2.527548027038574219e+01
2.517996215820312500e+01
2.524903678894042969e+01
2.529310035705566406e+01
2.519392776489257812e+01
2.515473556518554688e+01
2.515870094299316406e+01
2.526909828186035156e+01
2.518519973754882812e+01
2.516956138610839844e+01
2.514682769775390625e+01
2.517956542968750000e+01
2.514837265014648438e+01
2.517562103271484375e+01
2.507983016967773438e+01
2.504667282104492188e+01
2.508731842041015625e+01
2.499251174926757812e+01
2.516817855834960938e+01
2.502823257446289062e+01
2.512145996093750000e+01
2.506176948547363281e+01
2.507071685791015625e+01
2.511761856079101562e+01
2.497897720336914062e+01
2.501095390319824219e+01
2.494023704528808594e+01
2.495767784118652344e+01
2.494990348815917969e+01
2.493954086303710938e+01
2.493823814392089844e+01
2.492540550231933594e+01
2.500550842285156250e+01
2.494660186767578125e+01
2.486931991577148438e+01
2.490268135070800781e+01
2.491272735595703125e+01
2.499862289428710938e+01
2.484072113037109375e+01
2.490181732177734375e+01
2.485316467285156250e+01
2.481512451171875000e+01
2.493759155273437500e+01
2.483504867553710938e+01
2.486684036254882812e+01
2.479368782043457031e+01
2.481888580322265625e+01
2.482868194580078125e+01
2.479131698608398438e+01
2.479158782958984375e+01
2.481593513488769531e+01
2.483288955688476562e+01
2.479960250854492188e+01
2.471330070495605469e+01
2.472789764404296875e+01
2.476136016845703125e+01
2.475539588928222656e+01
2.471864509582519531e+01
2.473721122741699219e+01
2.474062538146972656e+01
2.466881561279296875e+01
2.462060546875000000e+01
2.467804336547851562e+01
2.467653083801269531e+01
2.464911651611328125e+01
2.466502189636230469e+01
2.467908859252929688e+01
2.468346977233886719e+01
2.461342239379882812e+01
2.466102981567382812e+01
2.462903404235839844e+01
2.463134002685546875e+01
2.457227325439453125e+01
2.459118652343750000e+01
2.455869102478027344e+01
2.457683372497558594e+01
2.451666641235351562e+01
2.453625679016113281e+01
