8.028601684570312500e+02
7.435310668945312500e+02
6.425405883789062500e+02
4.920317077636718750e+02
3.469008483886718750e+02
2.814158325195312500e+02
2.643213806152343750e+02
2.587998352050781250e+02
2.550121765136718750e+02
2.511579895019531250e+02
2.479253692626953125e+02
2.431532135009765625e+02
2.356224822998046875e+02
2.277070922851562500e+02
2.230130310058593750e+02
2.212286224365234375e+02
2.208055725097656250e+02
2.213847351074218750e+02
2.192917480468750000e+02
2.173728942871093750e+02
2.175858612060546875e+02
2.150100708007812500e+02
2.137483215332031250e+02
2.128636169433593750e+02
2.113786773681640625e+02
2.106189575195312500e+02
2.104622039794921875e+02
2.090553283691406250e+02
2.088171386718750000e+02
2.083727264404296875e+02
2.077749176025390625e+02
2.073013000488281250e+02
2.068913879394531250e+02
2.067492980957031250e+02
2.064598846435546875e+02
2.060915069580078125e+02
2.058096923828125000e+02
2.053162384033203125e+02
2.047275543212890625e+02
2.045252838134765625e+02
2.041080017089843750e+02
2.040012512207031250e+02
2.037665557861328125e+02
2.033093414306640625e+02
2.031371612548828125e+02
2.025060119628906250e+02
2.024463348388671875e+02
2.030323486328125000e+02
2.028591308593750000e+02
2.020024871826171875e+02
2.021591339111328125e+02
2.021634521484375000e+02
2.015942535400390625e+02
2.021016845703125000e+02
2.015561676025390625e+02
2.014570770263671875e+02
2.012845764160156250e+02
2.012362213134765625e+02
2.010522155761718750e+02
2.006322784423828125e+02
2.010747375488281250e+02
2.006315155029296875e+02
2.005085449218750000e+02
2.006121520996093750e+02
2.006332550048828125e+02
2.005706481933593750e+02
2.002896728515625000e+02
1.997966918945312500e+02
2.000110168457031250e+02
2.000907440185546875e+02
1.999784698486328125e+02
1.999067840576171875e+02
2.000153198242187500e+02
1.999019165039062500e+02
1.995086669921875000e+02
1.992338867187500000e+02
1.992685241699218750e+02
1.998611145019531250e+02
1.992872467041015625e+02
1.992290344238281250e+02
1.989559020996093750e+02
1.994146575927734375e+02
1.984391937255859375e+02
1.987730102539062500e+02
1.985188598632812500e+02
1.988384552001953125e+02
1.983087310791015625e+02
1.985590057373046875e+02
1.979878540039062500e+02
1.983466644287109375e+02
1.981691436767578125e+02
1.974813537597656250e+02
1.978344573974609375e+02
1.975437011718750000e+02
1.976678161621093750e+02
1.975652618408203125e+02
1.975054016113281250e+02
1.976873626708984375e+02
1.970153198242187500e+02
1.970849151611328125e+02
1.973176269531250000e+02
1.973864135742187500e+02
1.977193756103515625e+02
1.974198608398437500e+02
1.974807434082031250e+02
1.974558105468750000e+02
1.981190643310546875e+02
1.974220428466796875e+02
1.974169921875000000e+02
1.971701202392578125e+02
1.966183013916015625e+02
1.967406921386718750e+02
1.962015380859375000e+02
1.968407745361328125e+02
1.963994140625000000e+02
1.959754791259765625e+02
1.964863128662109375e+02
1.957165985107421875e+02
1.957041015625000000e+02
1.956547698974609375e+02
1.950236968994140625e+02
1.947893676757812500e+02
1.956387176513671875e+02
1.959216308593750000e+02
1.955079193115234375e+02
1.950136718750000000e+02
1.953293304443359375e+02
1.951261291503906250e+02
1.948085632324218750e+02
1.950194091796875000e+02
1.953063659667968750e+02
1.948068084716796875e+02
1.948753509521484375e+02
1.954602508544921875e+02
1.946649322509765625e+02
1.945445098876953125e+02
1.946168975830078125e+02
1.944145965576171875e+02
1.955584259033203125e+02
1.963685302734375000e+02
1.954622650146484375e+02
1.942434844970703125e+02
1.948354644775390625e+02
1.941044311523437500e+02
1.944658966064453125e+02
1.942108917236328125e+02
1.938658447265625000e+02
1.936717376708984375e+02
1.938942260742187500e+02
1.936274871826171875e+02
1.933323669433593750e+02
1.935868988037109375e+02
1.930544128417968750e+02
1.930448760986328125e+02
1.929454650878906250e+02
1.932427825927734375e+02
1.924883728027343750e+02
1.933972930908203125e+02
1.937217254638671875e+02
1.932527160644531250e+02
1.940656890869140625e+02
1.934938507080078125e+02
1.949250946044921875e+02
1.942787475585937500e+02
1.935945739746093750e+02
1.931243286132812500e+02
1.926107330322265625e+02
1.926276397705078125e+02
1.921968078613281250e+02
1.924231109619140625e+02
1.922870178222656250e+02
1.915580749511718750e+02
1.920929412841796875e+02
1.916994781494140625e+02
1.917569732666015625e+02
1.917222747802734375e+02
1.914640350341796875e+02
1.914217681884765625e+02
1.916177062988281250e+02
1.913774108886718750e+02
1.914488067626953125e+02
1.915768890380859375e+02
1.914690704345703125e+02
1.910166931152343750e+02
1.911298522949218750e+02
1.919665222167968750e+02
1.918280181884765625e+02
1.911385498046875000e+02
1.910520019531250000e+02
1.906656188964843750e+02
1.907856292724609375e+02
1.903791351318359375e+02
1.906011810302734375e+02
1.900315551757812500e+02
1.899866943359375000e+02
1.897032012939453125e+02
1.900023193359375000e+02
1.903270568847656250e+02
1.909873199462890625e+02
1.902467193603515625e+02
1.898159942626953125e+02
1.893605041503906250e+02
1.893051910400390625e+02
1.891965026855468750e+02
1.887679595947265625e+02
1.892525177001953125e+02
1.888526763916015625e+02
1.892232055664062500e+02
1.888977508544921875e+02
1.892572326660156250e+02
1.901680297851562500e+02
1.896824493408203125e+02
1.903329925537109375e+02
1.891385498046875000e+02
1.884262695312500000e+02
1.881815490722656250e+02
1.878561706542968750e+02
1.884935760498046875e+02
1.883401489257812500e+02
1.876204071044921875e+02
1.879483184814453125e+02
1.873825378417968750e+02
1.875438537597656250e+02
1.874550323486328125e+02
1.872258300781250000e+02
1.872373199462890625e+02
1.873192138671875000e+02
1.870150451660156250e+02
1.873253479003906250e+02
1.871958007812500000e+02
1.866132049560546875e+02
1.866260070800781250e+02
1.867918701171875000e+02
1.866925659179687500e+02
1.863981628417968750e+02
1.861133422851562500e+02
1.864355621337890625e+02
1.861990966796875000e+02
1.859234008789062500e+02
1.859369201660156250e+02
1.861020812988281250e+02
1.855656280517578125e+02
1.862290496826171875e+02
1.852423553466796875e+02
1.855097656250000000e+02
1.856828613281250000e+02
1.855246276855468750e+02
1.857192535400390625e+02
1.859763488769531250e+02
1.851027526855468750e+02
1.852907562255859375e+02
1.854675445556640625e+02
1.870815582275390625e+02
1.909201202392578125e+02
1.875482940673828125e+02
1.864583282470703125e+02
1.856542968750000000e+02
1.852971343994140625e+02
1.847291107177734375e+02
1.853489227294921875e+02
1.846393280029296875e+02
1.846692810058593750e+02
1.848289642333984375e+02
1.858135223388671875e+02
1.843340148925781250e+02
1.850231781005859375e+02
1.852520294189453125e+02
1.845722656250000000e+02
1.837684783935546875e+02
1.839267883300781250e+02
1.830549316406250000e+02
1.836400451660156250e+02
1.835791931152343750e+02
1.831091918945312500e+02
1.829303894042968750e+02
1.831181182861328125e+02
1.829952239990234375e+02
1.829588165283203125e+02
1.822774810791015625e+02
1.827012634277343750e+02
1.822708740234375000e+02
1.825163116455078125e+02
1.819582977294921875e+02
1.830746917724609375e+02
1.827862701416015625e+02
1.834951324462890625e+02
1.828086242675781250e+02
1.819179229736328125e+02
1.827922668457031250e+02
1.826983337402343750e+02
1.828415222167968750e+02
1.823519744873046875e+02
1.819895935058593750e+02
1.830942993164062500e+02
1.862170104980468750e+02
1.919640808105468750e+02
1.920747985839843750e+02
1.863662567138671875e+02
1.844885559082031250e+02
1.837671813964843750e+02
1.832664794921875000e+02
1.827462768554687500e+02
1.824534912109375000e+02
1.812142486572265625e+02
1.815523071289062500e+02
1.816064910888671875e+02
1.817912597656250000e+02
1.814665985107421875e+02
1.809696350097656250e+02
1.815075225830078125e+02
1.808119506835937500e+02
1.804646301269531250e+02
1.801188507080078125e+02
1.799530792236328125e+02
1.799547271728515625e+02
1.797674560546875000e+02
1.801410369873046875e+02
1.794844818115234375e+02
1.789069824218750000e+02
1.789328002929687500e+02
1.792410125732421875e+02
1.789346313476562500e+02
1.788556213378906250e+02
1.781020050048828125e+02
1.789147949218750000e+02
1.782625885009765625e+02
1.785689239501953125e+02
1.781514434814453125e+02
1.788565979003906250e+02
1.781555175781250000e+02
1.775651855468750000e+02
1.780598602294921875e+02
1.772757873535156250e+02
1.777382202148437500e+02
1.776196594238281250e+02
1.771901702880859375e+02
1.775051269531250000e+02
1.772157745361328125e+02
1.774918060302734375e+02
1.769665069580078125e+02
1.772121276855468750e+02
1.773002471923828125e+02
1.769458312988281250e+02
1.766213378906250000e+02
1.766693420410156250e+02
1.766229095458984375e+02
1.759878692626953125e+02
1.756261138916015625e+02
1.761228790283203125e+02
1.757926483154296875e+02
1.759674987792968750e+02
1.757887573242187500e+02
1.755600585937500000e+02
1.757357330322265625e+02
1.752467041015625000e+02
1.752798309326171875e+02
1.752156372070312500e+02
1.747268676757812500e+02
1.749956665039062500e+02
1.746430816650390625e+02
1.741100311279296875e+02
1.749176177978515625e+02
1.744832763671875000e+02
1.748650817871093750e+02
1.749777221679687500e+02
1.745583496093750000e+02
1.745926513671875000e+02
1.743088073730468750e+02
1.743943176269531250e+02
1.737598266601562500e+02
1.743237152099609375e+02
1.739793548583984375e+02
1.739599761962890625e+02
1.735056457519531250e+02
1.741282348632812500e+02
1.734361419677734375e+02
1.734450073242187500e+02
1.731672058105468750e+02
1.740179290771484375e+02
1.732470703125000000e+02
1.732245178222656250e+02
1.730740661621093750e+02
1.734210815429687500e+02
1.753736419677734375e+02
1.834689025878906250e+02
1.823558044433593750e+02
1.863651733398437500e+02
1.800420379638671875e+02
1.793843536376953125e+02
1.774188842773437500e+02
1.765855865478515625e+02
1.757394104003906250e+02
1.748246002197265625e+02
1.746537780761718750e+02
1.743138427734375000e+02
1.743200073242187500e+02
1.740202941894531250e+02
1.734031829833984375e+02
1.731377563476562500e+02
1.734366455078125000e+02
1.734240875244140625e+02
1.732545623779296875e+02
1.722068939208984375e+02
1.726503906250000000e+02
1.726184692382812500e+02
1.724748992919921875e+02
1.717223815917968750e+02
1.724961242675781250e+02
1.722563629150390625e+02
1.716900787353515625e+02
1.716444244384765625e+02
1.715855865478515625e+02
1.716542816162109375e+02
1.713220367431640625e+02
1.714692993164062500e+02
1.713592224121093750e+02
1.709491119384765625e+02
1.713679809570312500e+02
1.710204467773437500e+02
1.706858978271484375e+02
1.709411315917968750e+02
1.707070312500000000e+02
1.704842834472656250e+02
1.704509735107421875e+02
1.706976318359375000e+02
1.704402618408203125e+02
1.703995208740234375e+02
1.705990600585937500e+02
1.703681945800781250e+02
1.698658447265625000e+02
1.703309478759765625e+02
1.698141632080078125e+02
1.699447326660156250e+02
1.695093536376953125e+02
1.698995208740234375e+02
1.694351501464843750e+02
1.697483367919921875e+02
1.698169403076171875e+02
1.692023010253906250e+02
1.693711700439453125e+02
1.734669647216796875e+02
1.748691711425781250e+02
1.732839355468750000e+02
1.724680786132812500e+02
1.708834686279296875e+02
1.707469940185546875e+02
1.702688598632812500e+02
1.700374908447265625e+02
1.689254150390625000e+02
1.688500213623046875e+02
1.692285308837890625e+02
1.688320770263671875e+02
1.684955291748046875e+02
1.684980773925781250e+02
1.678166656494140625e+02
1.685435791015625000e+02
1.681760406494140625e+02
1.684893951416015625e+02
1.681996765136718750e+02
1.699100189208984375e+02
1.681842346191406250e+02
1.682921447753906250e+02
1.682400817871093750e+02
1.681476440429687500e+02
1.673318786621093750e+02
1.672005767822265625e+02
1.674621734619140625e+02
1.670324554443359375e+02
1.663887481689453125e+02
1.671189575195312500e+02
1.657817535400390625e+02
1.667189483642578125e+02
1.665467681884765625e+02
1.678988952636718750e+02
1.679871520996093750e+02
1.670883026123046875e+02
1.665977783203125000e+02
1.664017028808593750e+02
1.660727233886718750e+02
1.659743957519531250e+02
1.667470245361328125e+02
1.655969085693359375e+02
1.662145233154296875e+02
1.655509033203125000e+02
1.656151275634765625e+02
1.676186828613281250e+02
1.687635040283203125e+02
1.734029083251953125e+02
1.747085113525390625e+02
1.729457397460937500e+02
1.726650238037109375e+02
1.709106597900390625e+02
1.686689453125000000e+02
1.677596130371093750e+02
1.679849395751953125e+02
1.667314605712890625e+02
1.659135742187500000e+02
1.650428009033203125e+02
1.651123809814453125e+02
1.652193908691406250e+02
1.649669647216796875e+02
1.646875000000000000e+02
1.648336639404296875e+02
1.644494018554687500e+02
1.644072875976562500e+02
1.640763702392578125e+02
1.636213836669921875e+02
1.641661987304687500e+02
1.640202178955078125e+02
1.634479522705078125e+02
1.638353271484375000e+02
1.636426239013671875e+02
1.639236145019531250e+02
1.631604003906250000e+02
1.627655181884765625e+02
1.635337066650390625e+02
1.626972351074218750e+02
1.627412567138671875e+02
1.618485870361328125e+02
1.617853546142578125e+02
1.621158599853515625e+02
1.622573852539062500e+02
1.624646148681640625e+02
1.624190063476562500e+02
1.619618835449218750e+02
1.615104370117187500e+02
1.621439361572265625e+02
1.609093322753906250e+02
1.618044891357421875e+02
1.616555175781250000e+02
1.614122009277343750e+02
1.613514251708984375e+02
1.614817047119140625e+02
1.608376770019531250e+02
1.610144653320312500e+02
1.614421691894531250e+02
1.613215789794921875e+02
1.611881103515625000e+02
1.614422149658203125e+02
1.616873779296875000e+02
1.614824829101562500e+02
1.613348388671875000e+02
1.603430786132812500e+02
1.600407867431640625e+02
1.606295471191406250e+02
1.603536529541015625e+02
1.600832977294921875e+02
1.600628509521484375e+02
1.606663665771484375e+02
1.603278808593750000e+02
1.604753570556640625e+02
1.602511901855468750e+02
1.598417663574218750e+02
1.600518798828125000e+02
1.596795196533203125e+02
1.595871429443359375e+02
1.600412750244140625e+02
1.600547485351562500e+02
1.601171264648437500e+02
1.594911956787109375e+02
1.605167083740234375e+02
1.604780731201171875e+02
1.604321746826171875e+02
1.631267395019531250e+02
1.662434539794921875e+02
1.706666412353515625e+02
1.661885681152343750e+02
1.633448333740234375e+02
1.614652252197265625e+02
1.601973419189453125e+02
1.606470184326171875e+02
1.594299774169921875e+02
1.596354522705078125e+02
1.593289489746093750e+02
1.590933837890625000e+02
1.588417968750000000e+02
1.587599029541015625e+02
1.587766571044921875e+02
1.582967376708984375e+02
1.582519226074218750e+02
1.586812286376953125e+02
1.578192901611328125e+02
1.586401824951171875e+02
1.581068115234375000e+02
1.581186676025390625e+02
1.578368835449218750e+02
1.576641998291015625e+02
1.579047851562500000e+02
1.573909759521484375e+02
1.575732727050781250e+02
1.576497650146484375e+02
1.574886627197265625e+02
1.571974792480468750e+02
1.577957305908203125e+02
1.574511566162109375e+02
1.574854278564453125e+02
1.571618194580078125e+02
1.571269989013671875e+02
1.571931457519531250e+02
1.572141876220703125e+02
1.568945312500000000e+02
1.563239593505859375e+02
1.560648193359375000e+02
1.566427764892578125e+02
1.565789337158203125e+02
1.558939208984375000e+02
1.561448364257812500e+02
1.564800720214843750e+02
1.562929687500000000e+02
1.561788940429687500e+02
1.559048004150390625e+02
1.558478851318359375e+02
1.556500244140625000e+02
1.555107574462890625e+02
1.558981781005859375e+02
1.550674438476562500e+02
1.552907867431640625e+02
1.555699920654296875e+02
1.558567962646484375e+02
1.550684204101562500e+02
1.548436889648437500e+02
1.549764404296875000e+02
1.550796966552734375e+02
1.549753875732421875e+02
1.549573211669921875e+02
1.549687500000000000e+02
1.548569488525390625e+02
1.542077331542968750e+02
1.544770660400390625e+02
1.543222503662109375e+02
1.543002014160156250e+02
1.540804138183593750e+02
1.542309875488281250e+02
1.546090545654296875e+02
1.541789245605468750e+02
1.538377838134765625e+02
1.542423553466796875e+02
1.542405242919921875e+02
1.535520935058593750e+02
1.548530426025390625e+02
1.539327239990234375e+02
1.538317871093750000e+02
1.535709075927734375e+02
1.535376586914062500e+02
1.530912017822265625e+02
1.535061340332031250e+02
1.536894683837890625e+02
1.529653320312500000e+02
1.534552612304687500e+02
1.533149414062500000e+02
1.532222900390625000e+02
1.586800842285156250e+02
1.681682128906250000e+02
1.619321594238281250e+02
1.612066040039062500e+02
1.636252441406250000e+02
1.572332153320312500e+02
1.560871429443359375e+02
1.552549133300781250e+02
1.545027008056640625e+02
1.545127410888671875e+02
1.539345092773437500e+02
1.534482421875000000e+02
1.531298675537109375e+02
1.527107696533203125e+02
1.524903869628906250e+02
1.527649230957031250e+02
1.523436889648437500e+02
1.526028594970703125e+02
1.526627044677734375e+02
1.525968322753906250e+02
1.518769989013671875e+02
1.521830749511718750e+02
1.518248901367187500e+02
1.518815765380859375e+02
1.516578979492187500e+02
1.523191986083984375e+02
1.517135009765625000e+02
1.514289855957031250e+02
1.516017303466796875e+02
1.516008605957031250e+02
1.509113616943359375e+02
1.505998382568359375e+02
1.508519897460937500e+02
1.508576965332031250e+02
1.502615203857421875e+02
1.509965667724609375e+02
1.502752685546875000e+02
1.503491058349609375e+02
1.501109313964843750e+02
1.504139404296875000e+02
1.502623901367187500e+02
1.501096038818359375e+02
1.497003784179687500e+02
1.503504180908203125e+02
1.503030700683593750e+02
1.502550811767578125e+02
1.497075958251953125e+02
1.499185638427734375e+02
1.498328094482421875e+02
1.498969879150390625e+02
1.500385131835937500e+02
1.497937774658203125e+02
1.492329559326171875e+02
1.493368988037109375e+02
1.491810760498046875e+02
1.493269348144531250e+02
1.491069030761718750e+02
1.491256713867187500e+02
1.493181152343750000e+02
1.493414764404296875e+02
1.492370910644531250e+02
1.490604400634765625e+02
1.489419097900390625e+02
1.481443481445312500e+02
1.485853576660156250e+02
1.496808776855468750e+02
1.498100128173828125e+02
1.487922515869140625e+02
1.482874145507812500e+02
1.479235992431640625e+02
1.480895385742187500e+02
1.480771026611328125e+02
1.477984466552734375e+02
1.485085449218750000e+02
1.477043457031250000e+02
1.477274169921875000e+02
1.481382141113281250e+02
1.470514984130859375e+02
1.477038116455078125e+02
1.472014770507812500e+02
1.471997528076171875e+02
1.467030334472656250e+02
1.467035369873046875e+02
1.471673278808593750e+02
1.469916229248046875e+02
1.470616302490234375e+02
1.481519317626953125e+02
1.524028625488281250e+02
1.589271697998046875e+02
1.698833465576171875e+02
1.623114929199218750e+02
1.644790954589843750e+02
1.536738433837890625e+02
1.516546173095703125e+02
1.501457824707031250e+02
1.492206878662109375e+02
1.485854339599609375e+02
1.483364257812500000e+02
1.480427703857421875e+02
1.480241851806640625e+02
1.473579864501953125e+02
1.471304321289062500e+02
1.469542694091796875e+02
1.473826599121093750e+02
1.467408294677734375e+02
1.462470855712890625e+02
1.462064361572265625e+02
1.463825683593750000e+02
1.459469451904296875e+02
1.460038909912109375e+02
1.458202819824218750e+02
1.458663024902343750e+02
1.455762176513671875e+02
1.455611419677734375e+02
1.455826721191406250e+02
1.451965026855468750e+02
1.456758117675781250e+02
1.449842224121093750e+02
1.448585662841796875e+02
1.449926605224609375e+02
1.450068817138671875e+02
1.451900024414062500e+02
1.452487030029296875e+02
1.448952026367187500e+02
1.451828460693359375e+02
1.447887573242187500e+02
1.444978332519531250e+02
1.441230468750000000e+02
1.446466674804687500e+02
1.442332000732421875e+02
1.442700347900390625e+02
1.439762115478515625e+02
1.441444091796875000e+02
1.440128479003906250e+02
1.442236022949218750e+02
1.438261871337890625e+02
1.432375793457031250e+02
1.440210723876953125e+02
1.436553039550781250e+02
1.438428497314453125e+02
1.433202209472656250e+02
1.432009277343750000e+02
1.431422271728515625e+02
1.433508911132812500e+02
1.430641174316406250e+02
1.432402191162109375e+02
1.432429199218750000e+02
1.429287414550781250e+02
1.428665771484375000e+02
1.430269165039062500e+02
1.431174011230468750e+02
1.429521789550781250e+02
1.424744720458984375e+02
1.427933044433593750e+02
1.423274078369140625e+02
1.422555236816406250e+02
1.425492095947265625e+02
1.422508544921875000e+02
1.423366088867187500e+02
1.422780609130859375e+02
1.421225891113281250e+02
1.419821319580078125e+02
1.415654754638671875e+02
1.416451416015625000e+02
1.423285369873046875e+02
1.416862335205078125e+02
1.423322448730468750e+02
1.416219940185546875e+02
1.418367767333984375e+02
1.414798431396484375e+02
1.411061706542968750e+02
1.416363983154296875e+02
1.413908538818359375e+02
1.409766235351562500e+02
1.403780212402343750e+02
1.411829223632812500e+02
1.410226593017578125e+02
1.406743927001953125e+02
1.406475982666015625e+02
1.406187133789062500e+02
1.403488159179687500e+02
1.406567230224609375e+02
1.400591430664062500e+02
1.403608703613281250e+02
1.399283599853515625e+02
1.401789093017578125e+02
1.398538208007812500e+02
1.401066741943359375e+02
1.407023620605468750e+02
1.417091522216796875e+02
1.419746856689453125e+02
1.497385559082031250e+02
1.591206207275390625e+02
1.555971679687500000e+02
1.518014678955078125e+02
1.461063537597656250e+02
1.438427429199218750e+02
1.428499755859375000e+02
1.419096069335937500e+02
1.408234252929687500e+02
1.406201324462890625e+02
1.405219421386718750e+02
1.404583129882812500e+02
1.400778350830078125e+02
1.393634033203125000e+02
1.396346130371093750e+02
1.391099853515625000e+02
1.395148315429687500e+02
1.392749176025390625e+02
1.395072784423828125e+02
1.391893005371093750e+02
1.392274169921875000e+02
1.392007293701171875e+02
1.381375732421875000e+02
1.382639312744140625e+02
1.383844299316406250e+02
1.378262023925781250e+02
1.372585449218750000e+02
1.376859893798828125e+02
1.379707946777343750e+02
1.377899475097656250e+02
1.378620300292968750e+02
1.373099212646484375e+02
1.376144866943359375e+02
1.375076141357421875e+02
1.372398681640625000e+02
1.373172607421875000e+02
1.370204315185546875e+02
1.365427703857421875e+02
1.370052185058593750e+02
1.371429595947265625e+02
1.370764160156250000e+02
1.372113800048828125e+02
1.366149749755859375e+02
1.366815643310546875e+02
1.358102264404296875e+02
1.364235076904296875e+02
1.359355773925781250e+02
1.363467559814453125e+02
1.359582214355468750e+02
1.358766632080078125e+02
1.360504150390625000e+02
1.352016906738281250e+02
1.354477386474609375e+02
1.355208129882812500e+02
1.354214477539062500e+02
1.358136291503906250e+02
1.358153533935546875e+02
1.353281250000000000e+02
1.352463531494140625e+02
1.349684906005859375e+02
1.348363037109375000e+02
1.350209045410156250e+02
1.346022491455078125e+02
1.349127349853515625e+02
1.342496795654296875e+02
1.346174163818359375e+02
1.341876678466796875e+02
1.344814147949218750e+02
1.347662048339843750e+02
1.350050354003906250e+02
1.342324523925781250e+02
1.342254180908203125e+02
1.342237396240234375e+02
1.336662292480468750e+02
1.340664520263671875e+02
1.341407318115234375e+02
1.332864837646484375e+02
1.337668304443359375e+02
1.338383636474609375e+02
1.339472656250000000e+02
1.334324035644531250e+02
1.329275360107421875e+02
1.332084960937500000e+02
1.333692626953125000e+02
1.326691284179687500e+02
1.329476165771484375e+02
1.326903381347656250e+02
1.329510803222656250e+02
1.329151306152343750e+02
1.333739776611328125e+02
1.325910491943359375e+02
1.329126129150390625e+02
1.325943450927734375e+02
1.322597808837890625e+02
1.320839080810546875e+02
1.324264678955078125e+02
1.323503112792968750e+02
1.321546936035156250e+02
1.321513824462890625e+02
1.320115356445312500e+02
1.319020385742187500e+02
1.314629974365234375e+02
1.324065246582031250e+02
1.328014373779296875e+02
1.315025634765625000e+02
1.313872985839843750e+02
1.316084442138671875e+02
1.313341979980468750e+02
1.310903015136718750e+02
1.309955902099609375e+02
1.313570861816406250e+02
1.310497894287109375e+02
1.312824859619140625e+02
1.319503021240234375e+02
1.310903320312500000e+02
1.305396118164062500e+02
1.305680084228515625e+02
1.305510864257812500e+02
1.308855133056640625e+02
1.305531311035156250e+02
1.308182678222656250e+02
1.443985595703125000e+02
1.523316497802734375e+02
1.541732025146484375e+02
1.500461730957031250e+02
1.421795806884765625e+02
1.354665527343750000e+02
1.369183044433593750e+02
1.371304168701171875e+02
1.369964904785156250e+02
1.334267883300781250e+02
1.321484069824218750e+02
1.321989135742187500e+02
1.314576263427734375e+02
1.311028900146484375e+02
1.308316497802734375e+02
1.307278747558593750e+02
1.305496063232421875e+02
1.300000762939453125e+02
1.298988037109375000e+02
1.300778656005859375e+02
1.302650756835937500e+02
1.294656219482421875e+02
1.298488464355468750e+02
1.296154327392578125e+02
1.293612518310546875e+02
1.292393951416015625e+02
1.292614593505859375e+02
1.289192810058593750e+02
1.288426361083984375e+02
1.287381439208984375e+02
1.290188140869140625e+02
1.288788909912109375e+02
1.286791381835937500e+02
1.282907867431640625e+02
1.283339385986328125e+02
1.281827697753906250e+02
1.282836303710937500e+02
