7.101483154296875000e+02
6.207200927734375000e+02
5.036844787597656250e+02
3.833635864257812500e+02
3.075611572265625000e+02
2.756662597656250000e+02
2.624291992187500000e+02
2.545494689941406250e+02
2.499377746582031250e+02
2.467016754150390625e+02
2.442089538574218750e+02
2.419491119384765625e+02
2.393803253173828125e+02
2.360074310302734375e+02
2.322949218750000000e+02
2.288881835937500000e+02
2.285757141113281250e+02
2.297481689453125000e+02
2.357094268798828125e+02
2.364228363037109375e+02
2.387112426757812500e+02
2.389275360107421875e+02
2.386726989746093750e+02
2.360038146972656250e+02
2.335160675048828125e+02
2.321145935058593750e+02
2.311574401855468750e+02
2.311532897949218750e+02
2.303239288330078125e+02
2.294104156494140625e+02
2.291688690185546875e+02
2.281886138916015625e+02
2.279085845947265625e+02
2.276129455566406250e+02
2.272733764648437500e+02
2.266546020507812500e+02
2.273108062744140625e+02
2.267967376708984375e+02
2.265320129394531250e+02
2.262151031494140625e+02
2.258096313476562500e+02
2.253889160156250000e+02
2.256001739501953125e+02
2.254322357177734375e+02
2.250003204345703125e+02
2.250694885253906250e+02
2.246343688964843750e+02
2.250769042968750000e+02
2.251759948730468750e+02
2.245594482421875000e+02
2.245838928222656250e+02
2.251742095947265625e+02
2.251577148437500000e+02
2.244304351806640625e+02
2.245552978515625000e+02
2.242022857666015625e+02
2.241123809814453125e+02
2.238427276611328125e+02
2.244367065429687500e+02
2.237049713134765625e+02
2.241366119384765625e+02
2.239150085449218750e+02
2.242351837158203125e+02
2.238546295166015625e+02
2.238456268310546875e+02
2.241395874023437500e+02
2.236056823730468750e+02
2.237175598144531250e+02
2.239235534667968750e+02
2.235059967041015625e+02
2.235612792968750000e+02
2.237863159179687500e+02
2.241085357666015625e+02
2.238469238281250000e+02
2.239800720214843750e+02
2.240391693115234375e+02
2.234599304199218750e+02
2.234070281982421875e+02
2.235319061279296875e+02
2.237381744384765625e+02
2.241193084716796875e+02
2.233870239257812500e+02
2.233566589355468750e+02
2.231578979492187500e+02
2.234269866943359375e+02
2.235045776367187500e+02
2.238311157226562500e+02
2.234317474365234375e+02
2.231928863525390625e+02
2.233302917480468750e+02
2.233858032226562500e+02
2.229334259033203125e+02
2.230265960693359375e+02
2.232983245849609375e+02
2.231673736572265625e+02
2.230708160400390625e+02
2.232446136474609375e+02
2.234465637207031250e+02
2.237368011474609375e+02
2.235453033447265625e+02
2.236151885986328125e+02
2.233510437011718750e+02
2.235030670166015625e+02
2.234251403808593750e+02
2.234750976562500000e+02
2.232343902587890625e+02
2.237626190185546875e+02
2.229295654296875000e+02
2.227559967041015625e+02
2.230849304199218750e+02
2.229722900390625000e+02
2.232283630371093750e+02
2.227087707519531250e+02
2.226836090087890625e+02
2.227707824707031250e+02
2.230348052978515625e+02
2.229199523925781250e+02
2.227447662353515625e+02
2.229126739501953125e+02
2.229479827880859375e+02
2.235818176269531250e+02
2.224780578613281250e+02
2.232241668701171875e+02
2.225730438232421875e+02
2.224488983154296875e+02
2.229127349853515625e+02
2.227574462890625000e+02
2.233211669921875000e+02
2.230115356445312500e+02
2.225672912597656250e+02
2.230722808837890625e+02
2.229947052001953125e+02
2.225561218261718750e+02
2.226483917236328125e+02
2.230780792236328125e+02
2.230152435302734375e+02
2.230392608642578125e+02
2.227530212402343750e+02
2.229755096435546875e+02
2.235881958007812500e+02
2.229944915771484375e+02
2.225788726806640625e+02
2.224916839599609375e+02
2.229329223632812500e+02
2.225750427246093750e+02
2.228434753417968750e+02
2.226290130615234375e+02
2.227917480468750000e+02
2.227444610595703125e+02
2.231112365722656250e+02
2.221611175537109375e+02
2.230628356933593750e+02
2.224217681884765625e+02
2.229064025878906250e+02
2.222874908447265625e+02
2.229532623291015625e+02
2.225071411132812500e+02
2.225497741699218750e+02
2.226558837890625000e+02
2.222748565673828125e+02
2.226150665283203125e+02
2.229694976806640625e+02
2.224373474121093750e+02
2.224850463867187500e+02
2.232342834472656250e+02
2.237121734619140625e+02
2.234460296630859375e+02
2.231760559082031250e+02
2.222207031250000000e+02
2.223242187500000000e+02
2.226976623535156250e+02
2.226369781494140625e+02
2.220864715576171875e+02
2.233922424316406250e+02
2.230026855468750000e+02
2.227378234863281250e+02
2.227277526855468750e+02
2.229783630371093750e+02
2.226392822265625000e+02
2.227582550048828125e+02
2.223280944824218750e+02
2.223410797119140625e+02
2.224681549072265625e+02
2.226691894531250000e+02
2.222170410156250000e+02
2.222249145507812500e+02
2.221398773193359375e+02
2.227822418212890625e+02
2.227446441650390625e+02
2.227669372558593750e+02
2.222670898437500000e+02
2.222145538330078125e+02
2.224282379150390625e+02
2.226785430908203125e+02
2.225905456542968750e+02
2.222855834960937500e+02
2.226840515136718750e+02
2.224443054199218750e+02
2.225413360595703125e+02
2.225602264404296875e+02
2.225875244140625000e+02
2.226278076171875000e+02
2.222170410156250000e+02
2.220327453613281250e+02
2.225204620361328125e+02
2.224203643798828125e+02
2.221470642089843750e+02
2.228013000488281250e+02
2.225885467529296875e+02
2.219179992675781250e+02
2.222841949462890625e+02
2.224799194335937500e+02
2.225936737060546875e+02
2.225916137695312500e+02
2.227127075195312500e+02
2.226935119628906250e+02
2.222767639160156250e+02
2.224776763916015625e+02
2.229517517089843750e+02
2.226056671142578125e+02
2.223337554931640625e+02
2.225946502685546875e+02
2.217074279785156250e+02
2.224349212646484375e+02
2.223177032470703125e+02
2.225700225830078125e+02
2.225567932128906250e+02
2.226285858154296875e+02
2.225201568603515625e+02
2.226424560546875000e+02
2.223467864990234375e+02
2.223276672363281250e+02
2.229225463867187500e+02
2.229422912597656250e+02
2.222445220947265625e+02
2.222907257080078125e+02
2.221380920410156250e+02
2.220102996826171875e+02
2.225914306640625000e+02
2.224845428466796875e+02
2.224514923095703125e+02
2.219117126464843750e+02
2.224017791748046875e+02
2.222531127929687500e+02
2.227369232177734375e+02
2.223485412597656250e+02
2.223064575195312500e+02
2.222219848632812500e+02
2.226996459960937500e+02
2.226667785644531250e+02
2.221495819091796875e+02
2.220810394287109375e+02
2.224082336425781250e+02
2.218552398681640625e+02
2.225412597656250000e+02
2.223138122558593750e+02
2.226896820068359375e+02
2.222524108886718750e+02
2.224894104003906250e+02
2.219011535644531250e+02
2.221683807373046875e+02
2.226915893554687500e+02
2.227745056152343750e+02
2.229387512207031250e+02
2.221629943847656250e+02
2.222323608398437500e+02
2.217042388916015625e+02
2.219757843017578125e+02
2.222005767822265625e+02
2.221716918945312500e+02
2.219776916503906250e+02
2.217420196533203125e+02
2.219758453369140625e+02
2.223992309570312500e+02
2.221159362792968750e+02
2.223220520019531250e+02
2.222817382812500000e+02
2.221194000244140625e+02
2.219791564941406250e+02
2.219428558349609375e+02
2.223813934326171875e+02
2.220565185546875000e+02
2.222925567626953125e+02
2.218345489501953125e+02
2.220764465332031250e+02
2.221999511718750000e+02
2.222979431152343750e+02
2.224514923095703125e+02
2.222027282714843750e+02
2.222896881103515625e+02
2.221414947509765625e+02
2.225478363037109375e+02
2.220751342773437500e+02
2.221133880615234375e+02
2.219237365722656250e+02
2.223170928955078125e+02
2.223546600341796875e+02
2.222946624755859375e+02
2.215498657226562500e+02
2.218329010009765625e+02
2.223224029541015625e+02
2.220346069335937500e+02
2.219643554687500000e+02
2.217807464599609375e+02
2.223945617675781250e+02
2.220291900634765625e+02
2.219623565673828125e+02
2.223301391601562500e+02
2.222122497558593750e+02
2.220699768066406250e+02
2.217051849365234375e+02
2.220804290771484375e+02
2.220913085937500000e+02
2.220969085693359375e+02
2.221659851074218750e+02
2.219871520996093750e+02
2.224273223876953125e+02
2.218892669677734375e+02
2.221109008789062500e+02
2.223424377441406250e+02
2.222627410888671875e+02
2.220479583740234375e+02
2.222469024658203125e+02
2.224398193359375000e+02
2.220429534912109375e+02
2.217927703857421875e+02
2.217905426025390625e+02
2.217633361816406250e+02
2.219088745117187500e+02
2.218563690185546875e+02
2.217193145751953125e+02
2.222864990234375000e+02
2.223577117919921875e+02
2.231828002929687500e+02
2.224295959472656250e+02
2.220219268798828125e+02
2.219928588867187500e+02
2.219872589111328125e+02
2.219634552001953125e+02
2.218774719238281250e+02
2.216780548095703125e+02
2.220529785156250000e+02
2.218596801757812500e+02
2.215884857177734375e+02
2.223528594970703125e+02
2.218222503662109375e+02
2.220850524902343750e+02
2.217044525146484375e+02
2.219249877929687500e+02
2.216934356689453125e+02
2.221487274169921875e+02
2.221083679199218750e+02
2.217326202392578125e+02
2.215518493652343750e+02
2.217088623046875000e+02
2.217503509521484375e+02
2.216624755859375000e+02
2.215507507324218750e+02
2.219631347656250000e+02
2.217577056884765625e+02
2.215839996337890625e+02
2.216492004394531250e+02
2.217915802001953125e+02
2.213177490234375000e+02
2.218789672851562500e+02
2.216696624755859375e+02
2.211049041748046875e+02
2.211509552001953125e+02
2.215612487792968750e+02
2.215175018310546875e+02
2.221902160644531250e+02
2.217610321044921875e+02
2.222703552246093750e+02
2.227149505615234375e+02
2.219927825927734375e+02
2.225431213378906250e+02
2.222333374023437500e+02
2.221988220214843750e+02
2.220907440185546875e+02
2.221202392578125000e+02
2.220235290527343750e+02
2.224098663330078125e+02
2.221283111572265625e+02
2.217939453125000000e+02
2.223241729736328125e+02
2.217919921875000000e+02
2.214822235107421875e+02
2.217695007324218750e+02
2.219765625000000000e+02
2.217174377441406250e+02
2.214471740722656250e+02
2.220422363281250000e+02
2.211360778808593750e+02
2.215797729492187500e+02
2.214667358398437500e+02
2.216687469482421875e+02
2.217023468017578125e+02
2.214537811279296875e+02
2.215542449951171875e+02
2.216096496582031250e+02
2.213628997802734375e+02
2.214774780273437500e+02
2.214524383544921875e+02
2.214359130859375000e+02
2.216287994384765625e+02
2.213162536621093750e+02
2.216399383544921875e+02
2.219765777587890625e+02
2.220052490234375000e+02
2.225553588867187500e+02
2.218581237792968750e+02
2.219846496582031250e+02
2.225545501708984375e+02
2.230802001953125000e+02
2.228765258789062500e+02
2.221713256835937500e+02
2.222756500244140625e+02
2.216275177001953125e+02
2.223691101074218750e+02
2.222560729980468750e+02
2.219264831542968750e+02
2.216569366455078125e+02
2.211749267578125000e+02
2.218045349121093750e+02
2.217095336914062500e+02
2.215820159912109375e+02
2.216077117919921875e+02
2.213276519775390625e+02
2.216922607421875000e+02
2.217991333007812500e+02
2.207990264892578125e+02
2.220576171875000000e+02
2.218823852539062500e+02
2.215961608886718750e+02
2.217807312011718750e+02
2.217942352294921875e+02
2.217109985351562500e+02
2.216049957275390625e+02
2.217589874267578125e+02
2.216208496093750000e+02
2.217082824707031250e+02
2.213725128173828125e+02
2.216767425537109375e+02
2.219165191650390625e+02
2.210461425781250000e+02
2.210890045166015625e+02
2.212453308105468750e+02
2.213557434082031250e+02
2.216917114257812500e+02
2.214980773925781250e+02
2.212932586669921875e+02
2.214330139160156250e+02
2.215212707519531250e+02
2.212471466064453125e+02
2.212612762451171875e+02
2.209219970703125000e+02
2.211036834716796875e+02
2.217055053710937500e+02
2.217982788085937500e+02
2.214915618896484375e+02
2.220205535888671875e+02
2.221408843994140625e+02
2.220447845458984375e+02
2.214340057373046875e+02
2.218502655029296875e+02
2.215717010498046875e+02
2.216599578857421875e+02
2.216251831054687500e+02
2.218104095458984375e+02
2.215950775146484375e+02
2.215884857177734375e+02
2.219100799560546875e+02
2.215385894775390625e+02
2.214210205078125000e+02
2.216674804687500000e+02
2.211912994384765625e+02
2.211701507568359375e+02
2.212332153320312500e+02
2.218491973876953125e+02
2.222265014648437500e+02
2.213986663818359375e+02
2.218836212158203125e+02
2.215494384765625000e+02
2.215229644775390625e+02
2.212189636230468750e+02
2.213733825683593750e+02
2.213721008300781250e+02
2.216009063720703125e+02
2.218911895751953125e+02
2.215408172607421875e+02
2.216076049804687500e+02
2.214739532470703125e+02
2.211217651367187500e+02
2.213380737304687500e+02
2.215943908691406250e+02
2.215356597900390625e+02
2.212602996826171875e+02
2.211879882812500000e+02
2.212851867675781250e+02
2.209017791748046875e+02
2.214765167236328125e+02
2.211542358398437500e+02
2.212875366210937500e+02
2.212794647216796875e+02
2.211902618408203125e+02
2.211687011718750000e+02
2.217846527099609375e+02
2.215729064941406250e+02
2.220313415527343750e+02
2.215119323730468750e+02
2.214796447753906250e+02
2.216619415283203125e+02
2.213295288085937500e+02
2.210263214111328125e+02
2.208874664306640625e+02
2.214985351562500000e+02
2.211996765136718750e+02
2.210154266357421875e+02
2.210141296386718750e+02
2.213511810302734375e+02
2.212196350097656250e+02
2.212178039550781250e+02
2.211059722900390625e+02
2.211082000732421875e+02
2.215186614990234375e+02
2.212569122314453125e+02
2.212374877929687500e+02
2.211518249511718750e+02
2.214584197998046875e+02
2.220920257568359375e+02
2.217601165771484375e+02
2.219882965087890625e+02
2.230244598388671875e+02
2.236354370117187500e+02
2.220320739746093750e+02
2.214147949218750000e+02
2.212774658203125000e+02
2.214443054199218750e+02
2.213690032958984375e+02
2.211952819824218750e+02
2.211483917236328125e+02
2.211659393310546875e+02
2.213379364013671875e+02
2.208230438232421875e+02
2.210800476074218750e+02
2.205736236572265625e+02
2.210902404785156250e+02
2.212514801025390625e+02
2.214272308349609375e+02
2.211249389648437500e+02
2.208794860839843750e+02
2.212457733154296875e+02
2.210915679931640625e+02
2.213490753173828125e+02
2.211286621093750000e+02
2.212787170410156250e+02
2.213431396484375000e+02
2.211336975097656250e+02
2.213198852539062500e+02
2.212201232910156250e+02
2.212618865966796875e+02
2.211917266845703125e+02
2.214030761718750000e+02
2.214206695556640625e+02
2.213039398193359375e+02
2.212866668701171875e+02
2.215816192626953125e+02
2.214087829589843750e+02
2.211589965820312500e+02
2.211906738281250000e+02
2.211295623779296875e+02
2.212611999511718750e+02
2.212323608398437500e+02
2.214904937744140625e+02
2.218132171630859375e+02
2.214262237548828125e+02
2.211476287841796875e+02
2.211738586425781250e+02
2.211570587158203125e+02
2.212910919189453125e+02
2.209763488769531250e+02
2.211813049316406250e+02
2.213638000488281250e+02
2.212821502685546875e+02
2.214645996093750000e+02
2.214066314697265625e+02
2.218785247802734375e+02
2.210445709228515625e+02
2.214052734375000000e+02
2.211730804443359375e+02
2.210711669921875000e+02
2.209855804443359375e+02
2.211909637451171875e+02
2.212012786865234375e+02
2.213783416748046875e+02
2.210693817138671875e+02
2.209233398437500000e+02
2.209919738769531250e+02
2.211964416503906250e+02
2.209404144287109375e+02
2.212139282226562500e+02
2.207871856689453125e+02
2.210803680419921875e+02
2.213154602050781250e+02
2.212445068359375000e+02
2.211421356201171875e+02
2.207579650878906250e+02
2.208417663574218750e+02
2.211597137451171875e+02
2.213191680908203125e+02
2.211394042968750000e+02
2.215148773193359375e+02
2.213762664794921875e+02
2.210156097412109375e+02
2.217100524902343750e+02
2.211793518066406250e+02
2.213017883300781250e+02
2.213333892822265625e+02
2.213606414794921875e+02
2.214820556640625000e+02
2.211798095703125000e+02
2.215683135986328125e+02
2.211391296386718750e+02
2.213838195800781250e+02
2.210157775878906250e+02
2.211791076660156250e+02
2.208978576660156250e+02
2.207252960205078125e+02
2.218028106689453125e+02
2.240787506103515625e+02
2.240135345458984375e+02
2.226311950683593750e+02
2.220125885009765625e+02
2.215430450439453125e+02
2.215998535156250000e+02
2.218308105468750000e+02
2.214014739990234375e+02
2.212234954833984375e+02
2.212877349853515625e+02
2.212127838134765625e+02
2.206408081054687500e+02
2.210785522460937500e+02
2.212444305419921875e+02
2.213534851074218750e+02
2.209642944335937500e+02
2.208397674560546875e+02
2.209135742187500000e+02
2.208260345458984375e+02
2.209366912841796875e+02
2.211481781005859375e+02
2.208467102050781250e+02
2.212139282226562500e+02
2.207770843505859375e+02
2.209496459960937500e+02
2.211251983642578125e+02
2.209642333984375000e+02
2.208206634521484375e+02
2.208175811767578125e+02
2.205066223144531250e+02
2.211073150634765625e+02
2.208822784423828125e+02
2.209421539306640625e+02
2.207496948242187500e+02
2.208293457031250000e+02
2.209608764648437500e+02
2.207885742187500000e+02
2.207789764404296875e+02
2.207311553955078125e+02
2.209292755126953125e+02
2.209109497070312500e+02
2.208136291503906250e+02
2.207968444824218750e+02
2.206298828125000000e+02
2.210687866210937500e+02
2.210862274169921875e+02
2.208663330078125000e+02
2.209918518066406250e+02
2.208084869384765625e+02
2.204606323242187500e+02
2.208433685302734375e+02
2.211883697509765625e+02
2.221171569824218750e+02
2.211973419189453125e+02
2.211632690429687500e+02
2.211836395263671875e+02
2.208420867919921875e+02
2.208397064208984375e+02
2.206602020263671875e+02
2.207534027099609375e+02
2.207228240966796875e+02
2.209882812500000000e+02
2.208001556396484375e+02
2.209080047607421875e+02
2.207862701416015625e+02
2.208515319824218750e+02
2.210641326904296875e+02
2.208242034912109375e+02
2.207520141601562500e+02
2.209404144287109375e+02
2.208182220458984375e+02
2.206799316406250000e+02
2.205947265625000000e+02
2.207028350830078125e+02
2.209483642578125000e+02
2.207671203613281250e+02
2.205396118164062500e+02
2.209213256835937500e+02
2.208868408203125000e+02
2.205202026367187500e+02
2.205469970703125000e+02
2.206947784423828125e+02
2.203748168945312500e+02
2.208520965576171875e+02
2.206317901611328125e+02
2.215823516845703125e+02
2.217424011230468750e+02
2.211639709472656250e+02
2.207265319824218750e+02
2.205864257812500000e+02
2.206757507324218750e+02
2.202328491210937500e+02
2.206955261230468750e+02
2.206735229492187500e+02
2.206790313720703125e+02
2.206418914794921875e+02
2.205847778320312500e+02
2.212575683593750000e+02
2.213141784667968750e+02
2.214378967285156250e+02
2.211756896972656250e+02
2.215846405029296875e+02
2.213470764160156250e+02
2.211619262695312500e+02
2.206707763671875000e+02
2.208863220214843750e+02
2.207352600097656250e+02
2.205899505615234375e+02
2.209962921142578125e+02
2.211036071777343750e+02
2.209781494140625000e+02
2.210060272216796875e+02
2.207637481689453125e+02
2.205838470458984375e+02
2.212483062744140625e+02
2.209775543212890625e+02
2.207791442871093750e+02
2.208339538574218750e+02
2.210287475585937500e+02
2.204796295166015625e+02
2.207458801269531250e+02
2.210946197509765625e+02
2.213735198974609375e+02
2.212616271972656250e+02
2.208972625732421875e+02
2.208353729248046875e+02
2.211248016357421875e+02
2.209387969970703125e+02
2.209231872558593750e+02
2.209083251953125000e+02
2.205881500244140625e+02
2.208102569580078125e+02
2.208327636718750000e+02
2.204980316162109375e+02
2.206774139404296875e+02
2.207787017822265625e+02
2.202731170654296875e+02
2.209989929199218750e+02
2.206987915039062500e+02
2.205370941162109375e+02
2.208515014648437500e+02
2.205274810791015625e+02
2.201079559326171875e+02
2.205272369384765625e+02
2.203875885009765625e+02
2.200510559082031250e+02
2.207349243164062500e+02
2.203645172119140625e+02
2.205611877441406250e+02
2.203310699462890625e+02
2.207514648437500000e+02
2.205557098388671875e+02
2.202361755371093750e+02
2.201345520019531250e+02
2.204062500000000000e+02
2.199701843261718750e+02
2.205189361572265625e+02
2.204264831542968750e+02
2.205350952148437500e+02
2.205352325439453125e+02
2.200527038574218750e+02
2.204900817871093750e+02
2.205040283203125000e+02
2.201970977783203125e+02
2.202775573730468750e+02
2.206549377441406250e+02
2.200959625244140625e+02
2.202340850830078125e+02
2.203249359130859375e+02
2.203229370117187500e+02
2.211415710449218750e+02
2.208207092285156250e+02
2.208571014404296875e+02
2.207416229248046875e+02
2.209057159423828125e+02
2.202958679199218750e+02
2.206293334960937500e+02
2.201513671875000000e+02
2.201235504150390625e+02
2.203973236083984375e+02
2.207418212890625000e+02
2.207636413574218750e+02
2.204617309570312500e+02
2.196874084472656250e+02
2.202490997314453125e+02
2.201534118652343750e+02
2.206916809082031250e+02
2.204700775146484375e+02
2.213904724121093750e+02
2.204265594482421875e+02
2.206279754638671875e+02
2.210632934570312500e+02
2.212705230712890625e+02
2.207499694824218750e+02
2.202977294921875000e+02
2.205402679443359375e+02
2.207006835937500000e+02
2.204142303466796875e+02
2.206136779785156250e+02
2.204493408203125000e+02
2.197995758056640625e+02
2.202010040283203125e+02
2.201904449462890625e+02
2.199803009033203125e+02
2.200826873779296875e+02
2.199183197021484375e+02
2.201651458740234375e+02
2.201203765869140625e+02
2.199315643310546875e+02
2.200540313720703125e+02
2.198418273925781250e+02
2.203264160156250000e+02
2.207406005859375000e+02
2.204535522460937500e+02
2.201641845703125000e+02
2.202953033447265625e+02
2.200811920166015625e+02
2.199895629882812500e+02
2.201526184082031250e+02
2.202257537841796875e+02
2.204431457519531250e+02
2.210229187011718750e+02
2.215883636474609375e+02
2.210132141113281250e+02
2.206362457275390625e+02
2.205584869384765625e+02
2.207647247314453125e+02
2.204473571777343750e+02
2.204261474609375000e+02
2.205804290771484375e+02
2.199310760498046875e+02
2.202694854736328125e+02
2.199472503662109375e+02
2.203617095947265625e+02
2.200054168701171875e+02
2.198990783691406250e+02
2.203246612548828125e+02
2.200655517578125000e+02
2.203685760498046875e+02
2.204088134765625000e+02
2.205693817138671875e+02
2.202128295898437500e+02
2.204109649658203125e+02
2.199414062500000000e+02
2.199398956298828125e+02
2.199374389648437500e+02
2.197040100097656250e+02
2.202257690429687500e+02
2.201918334960937500e+02
2.195467987060546875e+02
2.203265686035156250e+02
2.200200347900390625e+02
2.198515319824218750e+02
2.199944915771484375e+02
2.201585540771484375e+02
2.199429931640625000e+02
2.206666259765625000e+02
2.205305938720703125e+02
2.207528839111328125e+02
2.206963043212890625e+02
2.203681793212890625e+02
2.210314788818359375e+02
2.216931762695312500e+02
2.213036956787109375e+02
2.203101348876953125e+02
2.202331390380859375e+02
2.200544891357421875e+02
2.201570129394531250e+02
2.198464508056640625e+02
2.198804626464843750e+02
2.201015625000000000e+02
2.201502685546875000e+02
2.200854492187500000e+02
2.198967437744140625e+02
2.201800842285156250e+02
2.198253936767578125e+02
2.199104919433593750e+02
2.197734680175781250e+02
2.195824279785156250e+02
2.198959960937500000e+02
2.198495178222656250e+02
2.199891815185546875e+02
2.198404388427734375e+02
2.195799865722656250e+02
2.195565032958984375e+02
2.199090881347656250e+02
2.198737335205078125e+02
2.199305572509765625e+02
2.202666931152343750e+02
2.197477111816406250e+02
2.203478240966796875e+02
2.196234436035156250e+02
2.207015686035156250e+02
2.204978179931640625e+02
2.212420959472656250e+02
2.218932342529296875e+02
2.228569793701171875e+02
2.215730590820312500e+02
2.218835144042968750e+02
2.213588256835937500e+02
2.203474884033203125e+02
2.202678070068359375e+02
2.204693450927734375e+02
2.202360687255859375e+02
2.201743011474609375e+02
2.197547912597656250e+02
2.199072418212890625e+02
2.198479614257812500e+02
2.195671844482421875e+02
2.199067687988281250e+02
2.195754699707031250e+02
2.196617889404296875e+02
2.195611724853515625e+02
2.197165069580078125e+02
2.195641479492187500e+02
2.194936523437500000e+02
2.196742095947265625e+02
2.193148803710937500e+02
2.197958374023437500e+02
2.197895812988281250e+02
2.197169647216796875e+02
2.199481811523437500e+02
2.201855316162109375e+02
2.197373199462890625e+02
2.196468658447265625e+02
2.190166168212890625e+02
2.198579254150390625e+02
2.195650177001953125e+02
2.193984527587890625e+02
2.196198120117187500e+02
2.195231323242187500e+02
2.198852844238281250e+02
2.195562896728515625e+02
2.199626770019531250e+02
2.194479827880859375e+02
2.197576446533203125e+02
2.198903350830078125e+02
2.196249389648437500e+02
2.196472167968750000e+02
2.195417938232421875e+02
2.194441070556640625e+02
2.197758178710937500e+02
2.194693145751953125e+02
2.195054016113281250e+02
2.195945587158203125e+02
2.194214019775390625e+02
2.196063842773437500e+02
2.201988830566406250e+02
2.197803649902343750e+02
2.196835174560546875e+02
2.195138092041015625e+02
2.200299072265625000e+02
2.193268737792968750e+02
2.188848419189453125e+02
2.196662597656250000e+02
2.193419952392578125e+02
2.195142669677734375e+02
2.193547363281250000e+02
2.193646850585937500e+02
2.198473052978515625e+02
2.195650024414062500e+02
2.195321807861328125e+02
2.197115783691406250e+02
2.195767059326171875e+02
2.197597198486328125e+02
2.195081481933593750e+02
2.196472930908203125e+02
2.194138031005859375e+02
2.193994445800781250e+02
2.191799468994140625e+02
2.198383178710937500e+02
