8.668203735351562500e+02
8.158682250976562500e+02
7.346358642578125000e+02
5.987291870117187500e+02
3.962837829589843750e+02
2.917642822265625000e+02
2.632293395996093750e+02
2.533287963867187500e+02
2.499601745605468750e+02
2.470959014892578125e+02
2.493917999267578125e+02
2.457473602294921875e+02
2.424745788574218750e+02
2.392146759033203125e+02
2.373578948974609375e+02
2.350912780761718750e+02
2.314453582763671875e+02
2.288962707519531250e+02
2.261496734619140625e+02
2.252373657226562500e+02
2.234073333740234375e+02
2.218345642089843750e+02
2.211797485351562500e+02
2.206570434570312500e+02
2.198199005126953125e+02
2.193511199951171875e+02
2.179481658935546875e+02
2.168536987304687500e+02
2.162887725830078125e+02
2.157214508056640625e+02
2.150056304931640625e+02
2.143411865234375000e+02
2.139354858398437500e+02
2.127012176513671875e+02
2.117539672851562500e+02
2.108921203613281250e+02
2.102234954833984375e+02
2.097584686279296875e+02
2.078707885742187500e+02
2.077664489746093750e+02
2.068399505615234375e+02
2.057651977539062500e+02
2.042151794433593750e+02
2.039495697021484375e+02
2.032000885009765625e+02
2.020988464355468750e+02
2.011142425537109375e+02
1.999682006835937500e+02
1.994512023925781250e+02
1.986688537597656250e+02
1.981938476562500000e+02
1.967277679443359375e+02
1.964315185546875000e+02
1.952065734863281250e+02
1.945037078857421875e+02
1.941536560058593750e+02
1.932433624267578125e+02
1.931206512451171875e+02
1.918872222900390625e+02
1.917436065673828125e+02
1.913993835449218750e+02
1.905133056640625000e+02
1.891709747314453125e+02
1.886928558349609375e+02
1.880524291992187500e+02
1.877806701660156250e+02
1.873524169921875000e+02
1.868427276611328125e+02
1.863688812255859375e+02
1.866342315673828125e+02
1.864178771972656250e+02
1.859297332763671875e+02
1.852882537841796875e+02
1.845032196044921875e+02
1.840690917968750000e+02
1.839754028320312500e+02
1.832373046875000000e+02
1.830135345458984375e+02
1.831619262695312500e+02
1.819686889648437500e+02
1.814664916992187500e+02
1.822767333984375000e+02
1.824264221191406250e+02
1.813117065429687500e+02
1.810533294677734375e+02
1.811877899169921875e+02
1.805791473388671875e+02
1.803970947265625000e+02
1.799940032958984375e+02
1.794214782714843750e+02
1.793299560546875000e+02
1.789970550537109375e+02
1.785826416015625000e+02
1.784902496337890625e+02
1.781894836425781250e+02
1.776421051025390625e+02
1.773621826171875000e+02
1.772996673583984375e+02
1.770766143798828125e+02
1.771163177490234375e+02
1.779136810302734375e+02
1.762303619384765625e+02
1.752628936767578125e+02
1.750162353515625000e+02
1.748877716064453125e+02
1.746112976074218750e+02
1.747488098144531250e+02
1.739533386230468750e+02
1.736773529052734375e+02
1.735160675048828125e+02
1.734553527832031250e+02
1.733595428466796875e+02
1.731623229980468750e+02
1.725654754638671875e+02
1.726941528320312500e+02
1.719483337402343750e+02
1.717057495117187500e+02
1.715221710205078125e+02
1.712454071044921875e+02
1.711748657226562500e+02
1.715223083496093750e+02
1.701908569335937500e+02
1.701071777343750000e+02
1.696257476806640625e+02
1.686393280029296875e+02
1.683580932617187500e+02
1.683177642822265625e+02
1.682593383789062500e+02
1.682384185791015625e+02
1.677071990966796875e+02
1.673160247802734375e+02
1.685000762939453125e+02
1.668993225097656250e+02
1.672802124023437500e+02
1.663688507080078125e+02
1.656502380371093750e+02
1.650777587890625000e+02
1.650064086914062500e+02
1.650383453369140625e+02
1.649405670166015625e+02
1.639436187744140625e+02
1.639353942871093750e+02
1.626774902343750000e+02
1.635243225097656250e+02
1.646833343505859375e+02
1.642750091552734375e+02
1.634402923583984375e+02
1.631397857666015625e+02
1.619913940429687500e+02
1.620152435302734375e+02
1.612387542724609375e+02
1.609633789062500000e+02
1.605637207031250000e+02
1.597293701171875000e+02
1.585816345214843750e+02
1.591151733398437500e+02
1.589777984619140625e+02
1.576194305419921875e+02
1.571790771484375000e+02
1.578356933593750000e+02
1.568267669677734375e+02
1.566563110351562500e+02
1.571876373291015625e+02
1.575436706542968750e+02
1.558797302246093750e+02
1.553627624511718750e+02
1.551486206054687500e+02
1.545435028076171875e+02
1.536866149902343750e+02
1.532023925781250000e+02
1.527334442138671875e+02
1.527478790283203125e+02
1.522341003417968750e+02
1.525043182373046875e+02
1.517875823974609375e+02
1.514243011474609375e+02
1.519776458740234375e+02
1.511515197753906250e+02
1.508601989746093750e+02
1.503516540527343750e+02
1.498072967529296875e+02
1.483175659179687500e+02
1.481896514892578125e+02
1.477620391845703125e+02
1.478379669189453125e+02
1.469495697021484375e+02
1.465337829589843750e+02
1.464725341796875000e+02
1.461784210205078125e+02
1.458653717041015625e+02
1.454688415527343750e+02
1.449643554687500000e+02
1.442109375000000000e+02
1.441970977783203125e+02
1.442450561523437500e+02
1.429925079345703125e+02
1.427299499511718750e+02
1.424342346191406250e+02
1.416140289306640625e+02
1.416406097412109375e+02
1.418055114746093750e+02
1.410426025390625000e+02
1.405997772216796875e+02
1.397695159912109375e+02
1.414364318847656250e+02
1.420383453369140625e+02
1.414755249023437500e+02
1.421155242919921875e+02
1.439894866943359375e+02
1.434759521484375000e+02
1.450595092773437500e+02
1.445454254150390625e+02
1.421797790527343750e+02
1.413481140136718750e+02
1.428849182128906250e+02
1.424284057617187500e+02
1.401513061523437500e+02
1.388946838378906250e+02
1.380162963867187500e+02
1.373633728027343750e+02
1.370443267822265625e+02
1.363575286865234375e+02
1.360954132080078125e+02
1.356415710449218750e+02
1.352433929443359375e+02
1.352335510253906250e+02
1.343502502441406250e+02
1.343155975341796875e+02
1.339474945068359375e+02
1.340509338378906250e+02
1.336489715576171875e+02
1.333601989746093750e+02
1.328554229736328125e+02
1.327612609863281250e+02
1.325820007324218750e+02
1.318802337646484375e+02
1.319560699462890625e+02
1.315225372314453125e+02
1.317511444091796875e+02
1.311214294433593750e+02
1.305236053466796875e+02
1.307602691650390625e+02
1.303629302978515625e+02
1.302604217529296875e+02
1.301619110107421875e+02
1.302067108154296875e+02
1.291943969726562500e+02
1.291089782714843750e+02
1.289261322021484375e+02
1.288636016845703125e+02
1.286671905517578125e+02
1.279585113525390625e+02
1.285913391113281250e+02
1.277591018676757812e+02
1.272438507080078125e+02
1.272123641967773438e+02
1.272909622192382812e+02
1.266961669921875000e+02
1.264703140258789062e+02
1.266693725585937500e+02
1.270517044067382812e+02
1.263013916015625000e+02
1.260765151977539062e+02
1.256825561523437500e+02
1.253787918090820312e+02
1.247694320678710938e+02
1.244239425659179688e+02
1.248039779663085938e+02
1.237849426269531250e+02
1.238429107666015625e+02
1.239501037597656250e+02
1.242215270996093750e+02
1.231871490478515625e+02
1.236557617187500000e+02
1.231009750366210938e+02
1.230264968872070312e+02
1.225997772216796875e+02
1.224394378662109375e+02
1.221236953735351562e+02
1.215250167846679688e+02
1.216916656494140625e+02
1.215815887451171875e+02
1.207268600463867188e+02
1.226254806518554688e+02
1.360102386474609375e+02
1.391991424560546875e+02
1.397731933593750000e+02
1.328402252197265625e+02
1.296513366699218750e+02
1.319542541503906250e+02
1.268622894287109375e+02
1.243756790161132812e+02
1.231070404052734375e+02
1.221168289184570312e+02
1.223556365966796875e+02
1.209560317993164062e+02
1.202525634765625000e+02
1.202597198486328125e+02
1.198344345092773438e+02
1.198255310058593750e+02
1.190728302001953125e+02
1.184179687500000000e+02
1.184403228759765625e+02
1.180663452148437500e+02
1.183252792358398438e+02
1.175604248046875000e+02
1.170339965820312500e+02
1.173212738037109375e+02
1.169280624389648438e+02
1.159524612426757812e+02
1.161935348510742188e+02
1.155041961669921875e+02
1.156077880859375000e+02
1.149030761718750000e+02
1.151000900268554688e+02
1.141516189575195312e+02
1.135816726684570312e+02
1.132548294067382812e+02
1.127758102416992188e+02
1.118646545410156250e+02
1.114838867187500000e+02
1.113060150146484375e+02
1.108714675903320312e+02
1.108836898803710938e+02
1.098714599609375000e+02
1.096563491821289062e+02
1.093330841064453125e+02
1.092601776123046875e+02
1.093053131103515625e+02
1.090647811889648438e+02
1.089067306518554688e+02
1.086741104125976562e+02
1.079234848022460938e+02
1.079778137207031250e+02
1.081244049072265625e+02
1.070097427368164062e+02
1.072688293457031250e+02
1.069580078125000000e+02
1.067233200073242188e+02
1.062944717407226562e+02
1.071955108642578125e+02
1.077021255493164062e+02
1.078269348144531250e+02
1.067254028320312500e+02
1.085808715820312500e+02
1.227170333862304688e+02
1.317926483154296875e+02
1.199582290649414062e+02
1.133718032836914062e+02
1.097832489013671875e+02
1.073009338378906250e+02
1.062347869873046875e+02
1.062054443359375000e+02
1.056881713867187500e+02
1.052866744995117188e+02
1.051536254882812500e+02
1.049019699096679688e+02
1.040869903564453125e+02
1.050184783935546875e+02
1.046664276123046875e+02
1.047913894653320312e+02
1.042840194702148438e+02
1.038521347045898438e+02
1.042573547363281250e+02
1.033817367553710938e+02
1.031588821411132812e+02
1.027202835083007812e+02
1.028889999389648438e+02
1.027551803588867188e+02
1.022588653564453125e+02
1.028558044433593750e+02
1.028426361083984375e+02
1.024365386962890625e+02
1.018890991210937500e+02
1.020976028442382812e+02
1.026035232543945312e+02
1.021277465820312500e+02
1.013156738281250000e+02
1.015222167968750000e+02
1.019840774536132812e+02
1.020608520507812500e+02
1.011602478027343750e+02
1.027235107421875000e+02
1.010293655395507812e+02
1.003945312500000000e+02
1.005547714233398438e+02
1.001016387939453125e+02
1.010628128051757812e+02
1.018314819335937500e+02
1.055176696777343750e+02
1.262947692871093750e+02
1.354359741210937500e+02
1.261134185791015625e+02
1.189261322021484375e+02
1.126944351196289062e+02
1.107157440185546875e+02
1.098237457275390625e+02
1.084658355712890625e+02
1.052962265014648438e+02
1.048151626586914062e+02
1.038866271972656250e+02
1.029736557006835938e+02
1.028604278564453125e+02
1.024771728515625000e+02
1.016948928833007812e+02
1.014182815551757812e+02
1.011952819824218750e+02
1.011960830688476562e+02
1.007071151733398438e+02
1.001652069091796875e+02
1.002451629638671875e+02
1.001627960205078125e+02
9.974047088623046875e+01
9.967579650878906250e+01
9.944847106933593750e+01
9.902451324462890625e+01
9.871481323242187500e+01
9.818927764892578125e+01
9.797840118408203125e+01
9.819837951660156250e+01
9.811530303955078125e+01
9.752584838867187500e+01
9.746478271484375000e+01
9.749404907226562500e+01
9.774530029296875000e+01
9.721498870849609375e+01
9.704145812988281250e+01
9.739921569824218750e+01
9.733937835693359375e+01
9.731919860839843750e+01
9.724765014648437500e+01
9.663382720947265625e+01
9.604103851318359375e+01
9.619902801513671875e+01
9.592268371582031250e+01
9.556333160400390625e+01
9.597091674804687500e+01
9.629103088378906250e+01
9.594313049316406250e+01
9.594066619873046875e+01
9.572683715820312500e+01
9.540772247314453125e+01
9.507334899902343750e+01
9.492683410644531250e+01
9.479894256591796875e+01
9.466567230224609375e+01
9.426052093505859375e+01
9.452955627441406250e+01
9.459529876708984375e+01
9.469473266601562500e+01
9.498660278320312500e+01
9.541033172607421875e+01
9.536245727539062500e+01
9.481298065185546875e+01
9.465966033935546875e+01
9.469077301025390625e+01
9.381946563720703125e+01
9.342393493652343750e+01
9.370436096191406250e+01
9.360174560546875000e+01
9.296320343017578125e+01
9.293933868408203125e+01
9.275133514404296875e+01
9.279129791259765625e+01
9.256749725341796875e+01
9.241818237304687500e+01
9.227553558349609375e+01
9.330158233642578125e+01
9.317771911621093750e+01
9.283371734619140625e+01
9.918436431884765625e+01
1.214415130615234375e+02
1.196115875244140625e+02
1.188943023681640625e+02
1.168589401245117188e+02
1.042637481689453125e+02
1.044049682617187500e+02
9.933951568603515625e+01
9.697886657714843750e+01
9.577162933349609375e+01
9.519789123535156250e+01
9.560614776611328125e+01
9.444550323486328125e+01
9.378845977783203125e+01
9.362523651123046875e+01
9.376052093505859375e+01
9.342127227783203125e+01
9.326873779296875000e+01
9.400048828125000000e+01
9.322885131835937500e+01
9.245345306396484375e+01
9.205492401123046875e+01
9.165261840820312500e+01
9.204230499267578125e+01
9.196566772460937500e+01
9.221557617187500000e+01
9.173123931884765625e+01
9.142429351806640625e+01
9.148870849609375000e+01
9.176100158691406250e+01
9.080793762207031250e+01
9.068119812011718750e+01
9.095227813720703125e+01
9.079115295410156250e+01
9.048280334472656250e+01
9.034188842773437500e+01
9.051525115966796875e+01
8.966484832763671875e+01
8.963921356201171875e+01
8.955267333984375000e+01
8.947111511230468750e+01
8.952160644531250000e+01
9.012179565429687500e+01
8.958678436279296875e+01
8.960387420654296875e+01
8.908391571044921875e+01
8.911168670654296875e+01
8.939227294921875000e+01
8.901195526123046875e+01
8.869812774658203125e+01
8.872663879394531250e+01
8.840991973876953125e+01
8.847406005859375000e+01
8.833046722412109375e+01
8.824745941162109375e+01
8.816979980468750000e+01
8.824271392822265625e+01
8.798609924316406250e+01
8.790502166748046875e+01
8.775072479248046875e+01
8.821904754638671875e+01
8.781045532226562500e+01
8.738539123535156250e+01
8.752954101562500000e+01
8.763083648681640625e+01
8.764096069335937500e+01
8.751436614990234375e+01
8.896365356445312500e+01
8.877827453613281250e+01
8.882083129882812500e+01
8.989736175537109375e+01
8.931761169433593750e+01
8.927820587158203125e+01
8.923354339599609375e+01
9.887038421630859375e+01
1.049401702880859375e+02
1.169046173095703125e+02
1.126206207275390625e+02
1.234308700561523438e+02
1.086335144042968750e+02
9.930745697021484375e+01
9.482320404052734375e+01
9.204460906982421875e+01
9.047260284423828125e+01
8.981289672851562500e+01
9.020046997070312500e+01
8.970416259765625000e+01
8.929870605468750000e+01
8.874003601074218750e+01
8.887000274658203125e+01
8.815854644775390625e+01
8.762123107910156250e+01
8.768907165527343750e+01
8.760163116455078125e+01
8.727479553222656250e+01
8.691179656982421875e+01
8.697356414794921875e+01
8.682074737548828125e+01
8.668564605712890625e+01
8.634001922607421875e+01
8.626548767089843750e+01
8.641527557373046875e+01
8.613719177246093750e+01
8.627403259277343750e+01
8.599792480468750000e+01
8.588130187988281250e+01
8.628621673583984375e+01
8.622911071777343750e+01
8.605782318115234375e+01
8.625360107421875000e+01
8.610481262207031250e+01
8.566971588134765625e+01
8.574603271484375000e+01
8.522018432617187500e+01
8.546144866943359375e+01
8.500614929199218750e+01
8.540838623046875000e+01
8.508887481689453125e+01
8.530088043212890625e+01
8.526124572753906250e+01
8.494279479980468750e+01
8.505720520019531250e+01
8.502571868896484375e+01
8.479122161865234375e+01
8.518714141845703125e+01
8.480338287353515625e+01
8.468316650390625000e+01
8.474610900878906250e+01
8.452142333984375000e+01
8.440676879882812500e+01
8.500708007812500000e+01
8.455871582031250000e+01
8.425782012939453125e+01
8.434487152099609375e+01
8.448238372802734375e+01
8.418656921386718750e+01
8.424736785888671875e+01
8.394162750244140625e+01
8.413491821289062500e+01
8.401646423339843750e+01
8.414855194091796875e+01
8.393861389160156250e+01
8.373979949951171875e+01
8.370076751708984375e+01
8.378884887695312500e+01
8.354510498046875000e+01
8.360344696044921875e+01
8.344594573974609375e+01
8.337920379638671875e+01
8.338493347167968750e+01
8.379702758789062500e+01
8.343896484375000000e+01
8.329454040527343750e+01
8.388889312744140625e+01
8.314539337158203125e+01
8.315961456298828125e+01
8.305306243896484375e+01
8.325450897216796875e+01
8.303211212158203125e+01
8.294266510009765625e+01
8.319945526123046875e+01
8.306644439697265625e+01
8.312716674804687500e+01
8.287981414794921875e+01
8.275771331787109375e+01
8.264365386962890625e+01
8.273027801513671875e+01
8.298255920410156250e+01
8.266494750976562500e+01
8.303367614746093750e+01
8.307215881347656250e+01
8.327314758300781250e+01
8.237693786621093750e+01
8.225879669189453125e+01
8.233946990966796875e+01
8.230605316162109375e+01
8.285887145996093750e+01
8.293984985351562500e+01
8.333811187744140625e+01
8.455586242675781250e+01
1.043906478881835938e+02
1.206896057128906250e+02
1.200934371948242188e+02
1.348822937011718750e+02
1.116163330078125000e+02
1.037922210693359375e+02
9.981688690185546875e+01
9.502621459960937500e+01
9.059349822998046875e+01
9.066014099121093750e+01
8.835977172851562500e+01
8.784898376464843750e+01
8.688611602783203125e+01
8.656459808349609375e+01
8.613610839843750000e+01
8.581690216064453125e+01
8.543663024902343750e+01
8.516382598876953125e+01
8.490257263183593750e+01
8.463057708740234375e+01
8.443186187744140625e+01
8.412654876708984375e+01
8.393146514892578125e+01
8.378959655761718750e+01
8.380107879638671875e+01
8.379545593261718750e+01
8.340766143798828125e+01
8.363687896728515625e+01
8.317953491210937500e+01
8.293270111083984375e+01
8.310691833496093750e+01
8.317653656005859375e+01
8.283787536621093750e+01
8.264846038818359375e+01
8.243474578857421875e+01
8.231417846679687500e+01
8.215207672119140625e+01
8.218704986572265625e+01
8.253266906738281250e+01
8.272743988037109375e+01
8.212957763671875000e+01
8.201869964599609375e+01
8.226131439208984375e+01
8.194789123535156250e+01
8.217883300781250000e+01
8.194377899169921875e+01
8.209113311767578125e+01
8.184115600585937500e+01
8.171866607666015625e+01
8.169097137451171875e+01
8.169406127929687500e+01
8.141796112060546875e+01
8.151657104492187500e+01
8.131037139892578125e+01
8.149975585937500000e+01
8.136913299560546875e+01
8.115831756591796875e+01
8.110886383056640625e+01
8.139318084716796875e+01
8.138019561767578125e+01
8.109824371337890625e+01
8.124163818359375000e+01
8.096351623535156250e+01
8.108679962158203125e+01
8.102263641357421875e+01
8.088463592529296875e+01
8.089815521240234375e+01
8.057105255126953125e+01
8.075320434570312500e+01
8.096081542968750000e+01
8.076126098632812500e+01
8.058257293701171875e+01
8.044983673095703125e+01
8.044056701660156250e+01
8.049723815917968750e+01
8.052211761474609375e+01
8.027376556396484375e+01
8.045212554931640625e+01
8.025321197509765625e+01
8.048155975341796875e+01
8.045699310302734375e+01
8.003276062011718750e+01
8.026334381103515625e+01
8.000151824951171875e+01
8.010364532470703125e+01
8.015022277832031250e+01
8.012541198730468750e+01
8.002149200439453125e+01
8.014088439941406250e+01
8.004772186279296875e+01
7.994785308837890625e+01
7.988306427001953125e+01
7.979930114746093750e+01
7.958740997314453125e+01
7.986829376220703125e+01
7.995851898193359375e+01
7.967765045166015625e+01
7.958490753173828125e+01
7.962203979492187500e+01
7.967430114746093750e+01
7.954270172119140625e+01
7.967871856689453125e+01
7.932750701904296875e+01
7.946260070800781250e+01
7.951789855957031250e+01
7.942657470703125000e+01
7.993690490722656250e+01
7.973980712890625000e+01
7.936255645751953125e+01
7.969747161865234375e+01
7.994863891601562500e+01
7.955905151367187500e+01
7.965811920166015625e+01
7.951280975341796875e+01
7.961877441406250000e+01
7.920056152343750000e+01
7.917037963867187500e+01
7.912758636474609375e+01
7.940621948242187500e+01
7.961383056640625000e+01
7.995973205566406250e+01
8.379146575927734375e+01
1.079297714233398438e+02
1.214951782226562500e+02
1.119199752807617188e+02
1.072145843505859375e+02
1.012609252929687500e+02
1.065795745849609375e+02
1.019145736694335938e+02
9.211093902587890625e+01
8.863304138183593750e+01
8.800780487060546875e+01
8.528351593017578125e+01
8.402658843994140625e+01
8.307670593261718750e+01
8.286676788330078125e+01
8.233100128173828125e+01
8.212409210205078125e+01
8.191902923583984375e+01
8.162866973876953125e+01
8.135501861572265625e+01
8.132508087158203125e+01
8.115917968750000000e+01
8.118074035644531250e+01
8.084878540039062500e+01
8.058203887939453125e+01
8.054406738281250000e+01
8.031381988525390625e+01
8.017006683349609375e+01
8.032694244384765625e+01
8.021315765380859375e+01
8.005490875244140625e+01
7.984495544433593750e+01
7.967504882812500000e+01
7.977871704101562500e+01
7.968468475341796875e+01
7.962157440185546875e+01
7.990328979492187500e+01
7.958603668212890625e+01
7.927959442138671875e+01
7.945957946777343750e+01
7.945635986328125000e+01
7.927532958984375000e+01
7.928704833984375000e+01
7.923487854003906250e+01
7.901980590820312500e+01
7.911170959472656250e+01
7.906452178955078125e+01
7.892598724365234375e+01
7.880929565429687500e+01
7.872724914550781250e+01
7.891770935058593750e+01
7.879302215576171875e+01
7.889387512207031250e+01
7.848873138427734375e+01
7.912104034423828125e+01
7.862913513183593750e+01
7.840292358398437500e+01
7.837290954589843750e+01
7.836666107177734375e+01
7.860072326660156250e+01
7.851313781738281250e+01
7.818048858642578125e+01
7.831040191650390625e+01
7.822190856933593750e+01
7.836479949951171875e+01
7.833201599121093750e+01
7.828423309326171875e+01
7.818297576904296875e+01
7.797090911865234375e+01
7.819638824462890625e+01
7.800743865966796875e+01
7.817147064208984375e+01
7.813903045654296875e+01
7.787040710449218750e+01
7.790363311767578125e+01
7.793674468994140625e+01
7.797576141357421875e+01
7.789812469482421875e+01
7.809829711914062500e+01
7.778797912597656250e+01
7.785322570800781250e+01
7.792433166503906250e+01
7.775024414062500000e+01
7.761045837402343750e+01
7.771271514892578125e+01
7.755588531494140625e+01
7.792478179931640625e+01
7.775173950195312500e+01
7.771872711181640625e+01
7.757318115234375000e+01
7.769638061523437500e+01
7.776221466064453125e+01
7.748348236083984375e+01
7.728412628173828125e+01
7.754083251953125000e+01
7.735921478271484375e+01
7.760414123535156250e+01
7.728245544433593750e+01
7.742969512939453125e+01
7.755867004394531250e+01
7.730212402343750000e+01
7.751132965087890625e+01
7.750668334960937500e+01
7.729893493652343750e+01
7.739468383789062500e+01
7.740085601806640625e+01
7.709436798095703125e+01
7.725415039062500000e+01
7.693424987792968750e+01
7.724353790283203125e+01
7.704812622070312500e+01
7.693877410888671875e+01
7.722973632812500000e+01
7.680300903320312500e+01
7.705193328857421875e+01
7.694766998291015625e+01
7.694364929199218750e+01
7.684579467773437500e+01
7.699788665771484375e+01
7.683683776855468750e+01
7.672775268554687500e+01
7.708979797363281250e+01
7.669725799560546875e+01
7.661676025390625000e+01
7.679620361328125000e+01
7.663489532470703125e+01
7.697308349609375000e+01
7.683053588867187500e+01
7.694438171386718750e+01
7.677317810058593750e+01
7.696315002441406250e+01
7.631393432617187500e+01
7.642186737060546875e+01
7.689428710937500000e+01
7.650916290283203125e+01
7.658253479003906250e+01
7.676889801025390625e+01
7.715970611572265625e+01
7.674167633056640625e+01
7.672080230712890625e+01
7.635057067871093750e+01
7.623243713378906250e+01
7.639417266845703125e+01
7.651956176757812500e+01
7.657752990722656250e+01
7.612876892089843750e+01
7.606403350830078125e+01
7.618945312500000000e+01
7.630330657958984375e+01
7.623801422119140625e+01
7.661588287353515625e+01
7.635655212402343750e+01
7.615046691894531250e+01
7.613772583007812500e+01
7.613580322265625000e+01
7.643718719482421875e+01
7.584648132324218750e+01
7.628192901611328125e+01
7.640462493896484375e+01
7.629783630371093750e+01
7.620713806152343750e+01
7.590993499755859375e+01
7.634774780273437500e+01
7.635470581054687500e+01
7.687675476074218750e+01
7.621272277832031250e+01
7.696250915527343750e+01
7.727478027343750000e+01
8.012876129150390625e+01
8.538788604736328125e+01
1.166410446166992188e+02
1.163787994384765625e+02
1.182241210937500000e+02
1.012042999267578125e+02
9.459593200683593750e+01
9.260980987548828125e+01
9.334991455078125000e+01
9.911206054687500000e+01
9.144549560546875000e+01
8.692972564697265625e+01
8.314596557617187500e+01
8.126197052001953125e+01
8.011858367919921875e+01
7.951786041259765625e+01
7.933705139160156250e+01
7.859403991699218750e+01
7.875089263916015625e+01
7.837391662597656250e+01
7.791577148437500000e+01
7.761732482910156250e+01
7.770011138916015625e+01
7.725927734375000000e+01
7.720575714111328125e+01
7.730175781250000000e+01
7.755422973632812500e+01
7.710918426513671875e+01
7.705541992187500000e+01
7.695173645019531250e+01
7.699356079101562500e+01
7.637974548339843750e+01
7.640628814697265625e+01
7.648383331298828125e+01
7.641631317138671875e+01
7.645376586914062500e+01
7.629851531982421875e+01
7.610670471191406250e+01
7.577902984619140625e+01
7.576695251464843750e+01
7.595475006103515625e+01
7.581462860107421875e+01
7.577872467041015625e+01
7.572114562988281250e+01
7.571289825439453125e+01
7.569037628173828125e+01
7.557660675048828125e+01
7.547693634033203125e+01
7.572372436523437500e+01
7.538713836669921875e+01
7.537361145019531250e+01
7.520099639892578125e+01
7.528320312500000000e+01
7.536402130126953125e+01
7.524863433837890625e+01
7.526609039306640625e+01
7.509063720703125000e+01
7.530523681640625000e+01
7.518490600585937500e+01
7.489526367187500000e+01
7.517033386230468750e+01
