9.014508666992187500e+02
8.626026000976562500e+02
8.035853271484375000e+02
6.966823730468750000e+02
5.199813232421875000e+02
3.060303955078125000e+02
2.715026245117187500e+02
2.614569702148437500e+02
2.569065551757812500e+02
2.534620971679687500e+02
2.500386962890625000e+02
2.437206726074218750e+02
2.360872650146484375e+02
2.304956512451171875e+02
2.268432312011718750e+02
2.264683837890625000e+02
2.283199005126953125e+02
2.278018341064453125e+02
2.239785308837890625e+02
2.223384552001953125e+02
2.177691345214843750e+02
2.158285369873046875e+02
2.141957855224609375e+02
2.122114562988281250e+02
2.107743988037109375e+02
2.092369079589843750e+02
2.078158569335937500e+02
2.066919708251953125e+02
2.053160400390625000e+02
2.042046356201171875e+02
2.036268920898437500e+02
2.030510864257812500e+02
2.020201873779296875e+02
2.014277496337890625e+02
1.999812164306640625e+02
1.998770904541015625e+02
1.998766937255859375e+02
1.989374847412109375e+02
1.980950469970703125e+02
1.985332183837890625e+02
1.974377746582031250e+02
1.969786071777343750e+02
1.970400085449218750e+02
1.962107238769531250e+02
1.960998382568359375e+02
1.957211303710937500e+02
1.956207275390625000e+02
1.952167816162109375e+02
1.945256500244140625e+02
1.940093078613281250e+02
1.941901397705078125e+02
1.937164459228515625e+02
1.933389587402343750e+02
1.935923767089843750e+02
1.927650299072265625e+02
1.924987792968750000e+02
1.929868774414062500e+02
1.922895812988281250e+02
1.920872039794921875e+02
1.920564727783203125e+02
1.919937744140625000e+02
1.915610046386718750e+02
1.918071136474609375e+02
1.918706359863281250e+02
1.909844970703125000e+02
1.913323364257812500e+02
1.909215240478515625e+02
1.904979705810546875e+02
1.905196380615234375e+02
1.903547973632812500e+02
1.906352996826171875e+02
1.901362304687500000e+02
1.903751678466796875e+02
1.902218627929687500e+02
1.897843322753906250e+02
1.895373840332031250e+02
1.904063262939453125e+02
1.902098693847656250e+02
1.894737548828125000e+02
1.895326385498046875e+02
1.891509246826171875e+02
1.893951873779296875e+02
1.894022064208984375e+02
1.889488525390625000e+02
1.889288330078125000e+02
1.890413055419921875e+02
1.891580657958984375e+02
1.887014770507812500e+02
1.885679931640625000e+02
1.885664825439453125e+02
1.888288879394531250e+02
1.890062255859375000e+02
1.884412841796875000e+02
1.888612213134765625e+02
1.882531585693359375e+02
1.879083557128906250e+02
1.880623931884765625e+02
1.882489624023437500e+02
1.885375213623046875e+02
1.887761993408203125e+02
1.878329620361328125e+02
1.878295288085937500e+02
1.883428039550781250e+02
1.878811492919921875e+02
1.877185058593750000e+02
1.883101043701171875e+02
1.890293426513671875e+02
1.871773834228515625e+02
1.873498687744140625e+02
1.874706726074218750e+02
1.872290496826171875e+02
1.874454956054687500e+02
1.900712280273437500e+02
1.876876220703125000e+02
1.882064971923828125e+02
1.870534973144531250e+02
1.873336181640625000e+02
1.862754058837890625e+02
1.865670318603515625e+02
1.866896362304687500e+02
1.861565704345703125e+02
1.873811645507812500e+02
1.861057739257812500e+02
1.870672149658203125e+02
1.867706146240234375e+02
1.861479339599609375e+02
1.862164306640625000e+02
1.857636871337890625e+02
1.856460113525390625e+02
1.855298919677734375e+02
1.855240783691406250e+02
1.848989257812500000e+02
1.851409301757812500e+02
1.850271301269531250e+02
1.853758697509765625e+02
1.853949890136718750e+02
1.854273986816406250e+02
1.848742065429687500e+02
1.839134368896484375e+02
1.841525421142578125e+02
1.844522552490234375e+02
1.844272460937500000e+02
1.836873168945312500e+02
1.834702606201171875e+02
1.833948516845703125e+02
1.830400543212890625e+02
1.828005676269531250e+02
1.827774200439453125e+02
1.828041534423828125e+02
1.822630462646484375e+02
1.823772735595703125e+02
1.822802429199218750e+02
1.820219879150390625e+02
1.820388641357421875e+02
1.814417114257812500e+02
1.813476867675781250e+02
1.806849060058593750e+02
1.807794494628906250e+02
1.810488739013671875e+02
1.807486877441406250e+02
1.812191619873046875e+02
1.813096771240234375e+02
1.815102691650390625e+02
1.817195281982421875e+02
1.813654785156250000e+02
1.804778594970703125e+02
1.797647094726562500e+02
1.794017639160156250e+02
1.794766082763671875e+02
1.791670074462890625e+02
1.788197174072265625e+02
1.787932434082031250e+02
1.784197082519531250e+02
1.783613739013671875e+02
1.781927032470703125e+02
1.781638946533203125e+02
1.780245666503906250e+02
1.775247039794921875e+02
1.771024627685546875e+02
1.774413146972656250e+02
1.770755615234375000e+02
1.768500823974609375e+02
1.765484619140625000e+02
1.763464813232421875e+02
1.762308959960937500e+02
1.763042602539062500e+02
1.757073516845703125e+02
1.755164337158203125e+02
1.752773284912109375e+02
1.749185028076171875e+02
1.749633483886718750e+02
1.747961730957031250e+02
1.746387176513671875e+02
1.740576782226562500e+02
1.737666778564453125e+02
1.731035003662109375e+02
1.736942443847656250e+02
1.734363861083984375e+02
1.729149475097656250e+02
1.723927917480468750e+02
1.724741058349609375e+02
1.721589508056640625e+02
1.722295837402343750e+02
1.713861999511718750e+02
1.710423278808593750e+02
1.710931549072265625e+02
1.707313995361328125e+02
1.709194183349609375e+02
1.703350219726562500e+02
1.702100982666015625e+02
1.700982055664062500e+02
1.707085571289062500e+02
1.703921813964843750e+02
1.742487487792968750e+02
1.734008178710937500e+02
1.720274505615234375e+02
1.700989837646484375e+02
1.700998535156250000e+02
1.689109649658203125e+02
1.684589538574218750e+02
1.677936553955078125e+02
1.681711883544921875e+02
1.668926086425781250e+02
1.666431884765625000e+02
1.662797546386718750e+02
1.658789825439453125e+02
1.658135375976562500e+02
1.655819702148437500e+02
1.652610321044921875e+02
1.652849273681640625e+02
1.644589233398437500e+02
1.648771209716796875e+02
1.651720275878906250e+02
1.648942718505859375e+02
1.643462829589843750e+02
1.653274536132812500e+02
1.707608032226562500e+02
1.734933319091796875e+02
1.699565734863281250e+02
1.723949737548828125e+02
1.704987792968750000e+02
1.669379882812500000e+02
1.643872985839843750e+02
1.640077667236328125e+02
1.636810455322265625e+02
1.633504486083984375e+02
1.623150787353515625e+02
1.621218414306640625e+02
1.612161102294921875e+02
1.608648986816406250e+02
1.611439666748046875e+02
1.604034729003906250e+02
1.607457122802734375e+02
1.598903198242187500e+02
1.593594970703125000e+02
1.590307922363281250e+02
1.587800292968750000e+02
1.592734527587890625e+02
1.584931030273437500e+02
1.581900939941406250e+02
1.577463226318359375e+02
1.571228485107421875e+02
1.574777984619140625e+02
1.575823516845703125e+02
1.573772125244140625e+02
1.559918365478515625e+02
1.563235168457031250e+02
1.556430969238281250e+02
1.550069122314453125e+02
1.554881286621093750e+02
1.551169586181640625e+02
1.558323669433593750e+02
1.548018951416015625e+02
1.543773345947265625e+02
1.543740997314453125e+02
1.537795867919921875e+02
1.532294769287109375e+02
1.533013458251953125e+02
1.529369659423828125e+02
1.531463928222656250e+02
1.562780761718750000e+02
1.591880493164062500e+02
1.548395690917968750e+02
1.536477203369140625e+02
1.542108306884765625e+02
1.549429016113281250e+02
1.532021026611328125e+02
1.515883026123046875e+02
1.515504150390625000e+02
1.516470489501953125e+02
1.506965179443359375e+02
1.505604095458984375e+02
1.497365112304687500e+02
1.500812683105468750e+02
1.496023864746093750e+02
1.486969909667968750e+02
1.485312347412109375e+02
1.483382873535156250e+02
1.484432678222656250e+02
1.482495117187500000e+02
1.479111175537109375e+02
1.476470031738281250e+02
1.482313690185546875e+02
1.483140411376953125e+02
1.480180358886718750e+02
1.473884429931640625e+02
1.466355895996093750e+02
1.471813964843750000e+02
1.456621856689453125e+02
1.457567749023437500e+02
1.468254241943359375e+02
1.457519836425781250e+02
1.450555419921875000e+02
1.451047973632812500e+02
1.451679229736328125e+02
1.449709777832031250e+02
1.453202667236328125e+02
1.445743255615234375e+02
1.443471984863281250e+02
1.438264160156250000e+02
1.445026397705078125e+02
1.441993560791015625e+02
1.438454132080078125e+02
1.455325012207031250e+02
1.502164916992187500e+02
1.510687408447265625e+02
1.477667846679687500e+02
1.454887084960937500e+02
1.466984405517578125e+02
1.469653320312500000e+02
1.446147003173828125e+02
1.431524047851562500e+02
1.430831756591796875e+02
1.424617767333984375e+02
1.421635284423828125e+02
1.420973968505859375e+02
1.419996948242187500e+02
1.418718566894531250e+02
1.410764770507812500e+02
1.411197052001953125e+02
1.413660888671875000e+02
1.404745635986328125e+02
1.405870208740234375e+02
1.406765594482421875e+02
1.402942962646484375e+02
1.394883880615234375e+02
1.400126037597656250e+02
1.390309295654296875e+02
1.391991424560546875e+02
1.401443634033203125e+02
1.394205780029296875e+02
1.394140625000000000e+02
1.397096862792968750e+02
1.396651306152343750e+02
1.387526092529296875e+02
1.384194488525390625e+02
1.388093414306640625e+02
1.386017608642578125e+02
1.377205047607421875e+02
1.381814270019531250e+02
1.373103332519531250e+02
1.379483337402343750e+02
1.374203796386718750e+02
1.373160705566406250e+02
1.375752105712890625e+02
1.366334991455078125e+02
1.367484588623046875e+02
1.374748687744140625e+02
1.378743286132812500e+02
1.376316375732421875e+02
1.385734558105468750e+02
1.471361541748046875e+02
1.496251220703125000e+02
1.464323425292968750e+02
1.454260253906250000e+02
1.434633331298828125e+02
1.474566955566406250e+02
1.427478179931640625e+02
1.388531799316406250e+02
1.378575744628906250e+02
1.376205139160156250e+02
1.367362213134765625e+02
1.367006378173828125e+02
1.363631439208984375e+02
1.358361968994140625e+02
1.354557800292968750e+02
1.353129425048828125e+02
1.351616058349609375e+02
1.352630157470703125e+02
1.355213317871093750e+02
1.352705230712890625e+02
1.346079254150390625e+02
1.348883056640625000e+02
1.340315399169921875e+02
1.336473693847656250e+02
1.340605621337890625e+02
1.340880889892578125e+02
1.337996063232421875e+02
1.329562835693359375e+02
1.337858734130859375e+02
1.333082122802734375e+02
1.326603088378906250e+02
1.330381469726562500e+02
1.330901489257812500e+02
1.324340209960937500e+02
1.320507659912109375e+02
1.335776519775390625e+02
1.337387695312500000e+02
1.376362152099609375e+02
1.483977508544921875e+02
1.480388488769531250e+02
1.399837646484375000e+02
1.362489624023437500e+02
1.353373870849609375e+02
1.347598724365234375e+02
1.337631988525390625e+02
1.330448760986328125e+02
1.321640777587890625e+02
1.325643615722656250e+02
1.317641906738281250e+02
1.320089263916015625e+02
1.318052368164062500e+02
1.310787200927734375e+02
1.314713745117187500e+02
1.310146179199218750e+02
1.310705718994140625e+02
1.307862548828125000e+02
1.303128051757812500e+02
1.306569824218750000e+02
1.306319580078125000e+02
1.302755126953125000e+02
1.298857727050781250e+02
1.301653900146484375e+02
1.291201324462890625e+02
1.296758880615234375e+02
1.296289672851562500e+02
1.297194366455078125e+02
1.290871582031250000e+02
1.295537261962890625e+02
1.289060516357421875e+02
1.288047027587890625e+02
1.290788726806640625e+02
1.284824218750000000e+02
1.289977416992187500e+02
1.280656738281250000e+02
1.285726776123046875e+02
1.278057632446289062e+02
1.283631896972656250e+02
1.280791473388671875e+02
1.274704818725585938e+02
1.284919738769531250e+02
1.278866882324218750e+02
1.278436813354492188e+02
1.280616302490234375e+02
1.275551528930664062e+02
1.273977661132812500e+02
1.269190826416015625e+02
1.270401611328125000e+02
1.270782089233398438e+02
1.274580383300781250e+02
1.265978698730468750e+02
1.262353439331054688e+02
1.262240829467773438e+02
1.267725982666015625e+02
1.260285720825195312e+02
1.257103805541992188e+02
1.262851486206054688e+02
1.262758255004882812e+02
1.258620300292968750e+02
1.254376525878906250e+02
1.260139846801757812e+02
1.253382797241210938e+02
1.256286468505859375e+02
1.251202392578125000e+02
1.250044708251953125e+02
1.263798065185546875e+02
1.254242095947265625e+02
1.257764511108398438e+02
1.257910842895507812e+02
1.257620391845703125e+02
1.250731048583984375e+02
1.255094757080078125e+02
1.242762680053710938e+02
1.247560882568359375e+02
1.244253234863281250e+02
1.244486846923828125e+02
1.246859893798828125e+02
1.242350158691406250e+02
1.244532928466796875e+02
1.237561264038085938e+02
1.237668304443359375e+02
1.240739517211914062e+02
1.238177337646484375e+02
1.233733673095703125e+02
1.239138031005859375e+02
1.244906463623046875e+02
1.315403900146484375e+02
1.422462768554687500e+02
1.582325744628906250e+02
1.461475524902343750e+02
1.366950531005859375e+02
1.347005615234375000e+02
1.317628173828125000e+02
1.319308471679687500e+02
1.285648193359375000e+02
1.280641937255859375e+02
1.258463973999023438e+02
1.250750656127929688e+02
1.247454452514648438e+02
1.239632263183593750e+02
1.238054351806640625e+02
1.239391479492187500e+02
1.232200546264648438e+02
1.236391830444335938e+02
1.231120147705078125e+02
1.230081176757812500e+02
1.229657821655273438e+02
1.229969329833984375e+02
1.226559524536132812e+02
1.223389968872070312e+02
1.220980224609375000e+02
1.229861984252929688e+02
1.219886245727539062e+02
1.220320587158203125e+02
1.219879913330078125e+02
1.215858230590820312e+02
1.213772430419921875e+02
1.216878662109375000e+02
1.213233642578125000e+02
1.221479415893554688e+02
1.216020812988281250e+02
1.214212417602539062e+02
1.216015548706054688e+02
1.214681930541992188e+02
1.213481445312500000e+02
1.209750137329101562e+02
1.212213363647460938e+02
1.206428527832031250e+02
1.207388381958007812e+02
1.206965255737304688e+02
1.209341964721679688e+02
1.207795715332031250e+02
1.203502273559570312e+02
1.202981719970703125e+02
1.202456817626953125e+02
1.203372039794921875e+02
1.200009613037109375e+02
1.199001312255859375e+02
1.197759475708007812e+02
1.201562652587890625e+02
1.198595581054687500e+02
1.199081268310546875e+02
1.199978103637695312e+02
1.199011459350585938e+02
1.202575836181640625e+02
1.195740585327148438e+02
1.192468490600585938e+02
1.197702484130859375e+02
1.191993942260742188e+02
1.193985748291015625e+02
1.194165802001953125e+02
1.196442031860351562e+02
1.192225875854492188e+02
1.193259887695312500e+02
1.196048278808593750e+02
1.189110488891601562e+02
1.184903411865234375e+02
1.190469741821289062e+02
1.187230606079101562e+02
1.188535003662109375e+02
1.187298507690429688e+02
1.185689544677734375e+02
1.189259185791015625e+02
1.187732925415039062e+02
1.187663269042968750e+02
1.184456100463867188e+02
1.185027999877929688e+02
1.188888778686523438e+02
1.182550735473632812e+02
1.181826095581054688e+02
1.181627426147460938e+02
1.187855911254882812e+02
1.179587631225585938e+02
1.180247192382812500e+02
1.180486145019531250e+02
1.177848663330078125e+02
1.179582138061523438e+02
1.179262466430664062e+02
1.179568328857421875e+02
1.179806823730468750e+02
1.172277297973632812e+02
1.174689102172851562e+02
1.182225036621093750e+02
1.177458343505859375e+02
1.178628311157226562e+02
1.175656967163085938e+02
1.173145065307617188e+02
1.176261901855468750e+02
1.177727584838867188e+02
1.168819427490234375e+02
1.171721572875976562e+02
1.172420196533203125e+02
1.165192642211914062e+02
1.175902557373046875e+02
1.170424270629882812e+02
1.161808395385742188e+02
1.168340377807617188e+02
1.166530227661132812e+02
1.168975448608398438e+02
1.171890258789062500e+02
1.164861145019531250e+02
1.175965652465820312e+02
1.168177566528320312e+02
1.167786865234375000e+02
1.166574020385742188e+02
1.168065109252929688e+02
1.269606018066406250e+02
1.416222229003906250e+02
1.409911651611328125e+02
1.411687469482421875e+02
1.350538482666015625e+02
1.293385925292968750e+02
1.241391067504882812e+02
1.227662811279296875e+02
1.198418273925781250e+02
1.198461456298828125e+02
1.186578216552734375e+02
1.181600570678710938e+02
1.170653762817382812e+02
1.173805770874023438e+02
1.171963577270507812e+02
1.166417541503906250e+02
1.164520874023437500e+02
1.161797637939453125e+02
1.163491897583007812e+02
1.159103012084960938e+02
1.158900680541992188e+02
1.160281524658203125e+02
1.158460159301757812e+02
1.157358016967773438e+02
1.150334091186523438e+02
1.152110443115234375e+02
1.151235427856445312e+02
1.146744232177734375e+02
1.151045837402343750e+02
1.147443618774414062e+02
1.150608749389648438e+02
1.152817230224609375e+02
1.146141967773437500e+02
1.144190368652343750e+02
1.146415100097656250e+02
1.143162231445312500e+02
1.142100677490234375e+02
1.143694381713867188e+02
1.137726593017578125e+02
1.140793457031250000e+02
1.138092575073242188e+02
1.142045822143554688e+02
1.137146072387695312e+02
1.137321166992187500e+02
1.138721923828125000e+02
1.137052459716796875e+02
1.138051223754882812e+02
1.132304763793945312e+02
1.136492462158203125e+02
1.134351806640625000e+02
1.137075729370117188e+02
1.133528289794921875e+02
1.138774490356445312e+02
1.132213821411132812e+02
1.136161956787109375e+02
1.128270111083984375e+02
1.124512863159179688e+02
1.127394561767578125e+02
1.130722579956054688e+02
1.130466918945312500e+02
1.126794281005859375e+02
1.129993209838867188e+02
1.131159439086914062e+02
1.129932098388671875e+02
1.121968917846679688e+02
1.120035095214843750e+02
1.119104461669921875e+02
1.122506027221679688e+02
1.126100616455078125e+02
1.120831756591796875e+02
1.118512649536132812e+02
1.118222351074218750e+02
1.120125122070312500e+02
1.124403991699218750e+02
1.121104660034179688e+02
1.120834426879882812e+02
1.113643035888671875e+02
1.116920776367187500e+02
1.115815505981445312e+02
1.114456481933593750e+02
1.118255310058593750e+02
1.115664825439453125e+02
1.117257690429687500e+02
1.112587585449218750e+02
1.117114334106445312e+02
1.114813003540039062e+02
1.116602478027343750e+02
1.114666824340820312e+02
1.109124374389648438e+02
1.111048812866210938e+02
1.115308761596679688e+02
1.113250122070312500e+02
1.110239410400390625e+02
1.115788040161132812e+02
1.109408645629882812e+02
1.110231857299804688e+02
1.113509826660156250e+02
1.110460586547851562e+02
1.115759048461914062e+02
1.167976303100585938e+02
1.196630783081054688e+02
1.259743576049804688e+02
1.777947235107421875e+02
1.526713104248046875e+02
1.326121215820312500e+02
1.259179229736328125e+02
1.224753036499023438e+02
1.203670806884765625e+02
1.176759948730468750e+02
1.191370544433593750e+02
1.185203933715820312e+02
1.151216735839843750e+02
1.141654815673828125e+02
1.139949035644531250e+02
1.129306488037109375e+02
1.131339187622070312e+02
1.126604537963867188e+02
1.126735534667968750e+02
1.121430358886718750e+02
1.122228622436523438e+02
1.115845565795898438e+02
1.119416656494140625e+02
1.115724411010742188e+02
1.114535293579101562e+02
1.108477630615234375e+02
1.114795684814453125e+02
1.112120132446289062e+02
1.109095993041992188e+02
1.109450531005859375e+02
1.100811691284179688e+02
1.107319869995117188e+02
1.104660873413085938e+02
1.099658050537109375e+02
1.097631225585937500e+02
1.101888351440429688e+02
1.099711990356445312e+02
1.097070465087890625e+02
1.097823638916015625e+02
1.099647445678710938e+02
1.095481719970703125e+02
1.091110229492187500e+02
1.091887664794921875e+02
1.097055664062500000e+02
1.096026382446289062e+02
1.091470794677734375e+02
1.090154876708984375e+02
1.095852737426757812e+02
1.092664031982421875e+02
1.090980377197265625e+02
1.088957519531250000e+02
1.088529815673828125e+02
1.087609176635742188e+02
1.086197433471679688e+02
1.086736068725585938e+02
1.090145874023437500e+02
1.091831283569335938e+02
1.087726211547851562e+02
1.088591079711914062e+02
1.086898422241210938e+02
1.088144226074218750e+02
1.079517898559570312e+02
1.084015045166015625e+02
1.083735046386718750e+02
1.086581192016601562e+02
1.080369949340820312e+02
1.080583190917968750e+02
1.086894912719726562e+02
1.084426574707031250e+02
1.080080261230468750e+02
1.079568023681640625e+02
1.076067352294921875e+02
1.075245132446289062e+02
1.082264862060546875e+02
1.079595413208007812e+02
1.080604095458984375e+02
1.076106948852539062e+02
1.076258850097656250e+02
1.073269271850585938e+02
1.077614440917968750e+02
1.078523559570312500e+02
1.074567108154296875e+02
1.071508178710937500e+02
1.075594406127929688e+02
1.072465438842773438e+02
1.068424224853515625e+02
1.074272308349609375e+02
1.075795974731445312e+02
1.070330657958984375e+02
1.069223327636718750e+02
1.072537460327148438e+02
1.067591781616210938e+02
1.070533447265625000e+02
1.070476531982421875e+02
1.073441085815429688e+02
1.065213928222656250e+02
1.070288085937500000e+02
1.065513839721679688e+02
1.069210281372070312e+02
1.071856842041015625e+02
1.074231185913085938e+02
1.069178619384765625e+02
1.067978286743164062e+02
1.068803253173828125e+02
1.065023498535156250e+02
1.071261901855468750e+02
1.068003845214843750e+02
1.066791458129882812e+02
1.065460815429687500e+02
1.065718841552734375e+02
1.063549880981445312e+02
1.064887008666992188e+02
1.063768157958984375e+02
1.063440246582031250e+02
1.064962844848632812e+02
1.065321426391601562e+02
1.060764083862304688e+02
1.058933868408203125e+02
1.061191329956054688e+02
1.057875366210937500e+02
1.059126358032226562e+02
1.061555328369140625e+02
1.060840835571289062e+02
1.052354507446289062e+02
1.058466949462890625e+02
1.058344345092773438e+02
1.064618377685546875e+02
1.067892532348632812e+02
1.064397201538085938e+02
1.059537429809570312e+02
1.058243713378906250e+02
1.062286987304687500e+02
1.053170242309570312e+02
1.053669128417968750e+02
1.054853134155273438e+02
1.056082229614257812e+02
1.050569915771484375e+02
1.056022033691406250e+02
1.056831817626953125e+02
1.055605163574218750e+02
1.057053527832031250e+02
1.061993026733398438e+02
1.056405944824218750e+02
1.063083190917968750e+02
1.063291702270507812e+02
1.089673995971679688e+02
1.072070236206054688e+02
1.061739959716796875e+02
1.046722793579101562e+02
1.052291488647460938e+02
1.052804794311523438e+02
1.056571350097656250e+02
1.060901565551757812e+02
1.052835311889648438e+02
1.050477523803710938e+02
1.044770202636718750e+02
1.047884445190429688e+02
1.044489517211914062e+02
1.050647659301757812e+02
1.045377044677734375e+02
1.042363433837890625e+02
1.045282669067382812e+02
1.041324539184570312e+02
1.044063186645507812e+02
1.048832550048828125e+02
1.046401672363281250e+02
1.041737823486328125e+02
1.045805664062500000e+02
1.045021820068359375e+02
1.046736831665039062e+02
1.041683425903320312e+02
1.045450210571289062e+02
1.050919647216796875e+02
1.058201293945312500e+02
1.053929367065429688e+02
1.330225067138671875e+02
1.373782958984375000e+02
1.348216400146484375e+02
1.197810592651367188e+02
1.157952957153320312e+02
1.160678558349609375e+02
1.152667388916015625e+02
1.120559082031250000e+02
1.102431793212890625e+02
1.108758163452148438e+02
1.107681808471679688e+02
1.107220001220703125e+02
1.090867614746093750e+02
1.070628509521484375e+02
1.061487503051757812e+02
1.060588150024414062e+02
1.058421630859375000e+02
1.055375595092773438e+02
1.047311706542968750e+02
1.051570968627929688e+02
1.043319854736328125e+02
1.043786010742187500e+02
1.042220764160156250e+02
1.040811386108398438e+02
1.043434448242187500e+02
1.037708129882812500e+02
1.035783386230468750e+02
1.036451950073242188e+02
1.035644073486328125e+02
1.036923141479492188e+02
1.034490737915039062e+02
1.034470672607421875e+02
1.033019790649414062e+02
1.030365219116210938e+02
1.028685073852539062e+02
1.033163604736328125e+02
1.033028259277343750e+02
1.033667907714843750e+02
1.026352005004882812e+02
1.022974548339843750e+02
1.023823089599609375e+02
1.022528533935546875e+02
1.026340789794921875e+02
1.022500991821289062e+02
1.024561462402343750e+02
1.022168655395507812e+02
1.021525421142578125e+02
1.021981658935546875e+02
1.025805816650390625e+02
1.025631484985351562e+02
1.023627166748046875e+02
1.025869369506835938e+02
1.020400772094726562e+02
1.020850753784179688e+02
1.019078063964843750e+02
1.020859451293945312e+02
1.014902954101562500e+02
1.016443176269531250e+02
1.016398468017578125e+02
1.016555099487304688e+02
1.010004806518554688e+02
1.015916976928710938e+02
1.014609375000000000e+02
1.008654479980468750e+02
1.013787078857421875e+02
1.015244903564453125e+02
1.013982543945312500e+02
1.010260848999023438e+02
1.010092468261718750e+02
1.015832824707031250e+02
1.016236648559570312e+02
1.012617797851562500e+02
1.018285140991210938e+02
1.014705810546875000e+02
1.006746978759765625e+02
1.009245605468750000e+02
1.002209930419921875e+02
1.016781387329101562e+02
1.013553085327148438e+02
1.008998031616210938e+02
1.013380737304687500e+02
1.013661804199218750e+02
1.010891876220703125e+02
1.007455978393554688e+02
1.010348281860351562e+02
1.007604598999023438e+02
1.004041976928710938e+02
1.003442306518554688e+02
1.003061904907226562e+02
1.005020446777343750e+02
9.994655609130859375e+01
1.007849655151367188e+02
1.012869873046875000e+02
1.009640655517578125e+02
1.006091766357421875e+02
1.003089904785156250e+02
1.007335662841796875e+02
1.004454116821289062e+02
1.000905761718750000e+02
1.007316131591796875e+02
1.005192565917968750e+02
9.953237915039062500e+01
1.000134429931640625e+02
9.998933410644531250e+01
9.999564361572265625e+01
1.003390502929687500e+02
9.909419250488281250e+01
9.968704986572265625e+01
9.987238311767578125e+01
9.952004241943359375e+01
