5.586500644683837891e+00
2.677303314208984375e+00
1.714056611061096191e+00
1.172707200050354004e+00
1.199684500694274902e+00
1.346410155296325684e+00
1.793330550193786621e+00
2.491341352462768555e+00
3.294489383697509766e+00
4.468852043151855469e+00
6.265057563781738281e+00
9.217043876647949219e+00
1.494011878967285156e+01
2.083730888366699219e+01
2.632332420349121094e+01
3.017310905456542969e+01
3.259754562377929688e+01
3.342066192626953125e+01
3.342517852783203125e+01
3.337784194946289062e+01
3.410313034057617188e+01
3.564163589477539062e+01
3.399433135986328125e+01
3.376971817016601562e+01
3.606025695800781250e+01
3.560252761840820312e+01
3.786780929565429688e+01
3.851180648803710938e+01
3.826277160644531250e+01
3.810407638549804688e+01
3.823601150512695312e+01
3.973931884765625000e+01
3.944581222534179688e+01
3.942752075195312500e+01
3.945959854125976562e+01
3.917937850952148438e+01
4.009741592407226562e+01
3.843327713012695312e+01
4.015679931640625000e+01
4.028615570068359375e+01
4.018168640136718750e+01
3.938976669311523438e+01
4.074210739135742188e+01
4.030082702636718750e+01
3.959723281860351562e+01
4.021411514282226562e+01
4.166272735595703125e+01
4.250273132324218750e+01
4.437306594848632812e+01
4.644835662841796875e+01
5.031944274902343750e+01
5.191360855102539062e+01
6.001197052001953125e+01
7.068079376220703125e+01
8.102248382568359375e+01
1.038659667968750000e+02
1.155573959350585938e+02
1.255023422241210938e+02
1.318813629150390625e+02
1.370489654541015625e+02
1.286198425292968750e+02
1.282554016113281250e+02
1.241314697265625000e+02
1.220630950927734375e+02
1.216746978759765625e+02
1.255688171386718750e+02
1.170863571166992188e+02
1.171510238647460938e+02
1.166517333984375000e+02
1.183826904296875000e+02
1.101128005981445312e+02
1.118761672973632812e+02
1.138644027709960938e+02
1.113788452148437500e+02
1.113254699707031250e+02
1.097944259643554688e+02
1.078147583007812500e+02
1.043092651367187500e+02
1.082191772460937500e+02
1.048676147460937500e+02
1.025322341918945312e+02
1.009727630615234375e+02
1.045092544555664062e+02
1.021603088378906250e+02
1.011632919311523438e+02
1.035192184448242188e+02
9.805851745605468750e+01
9.992480468750000000e+01
9.793289947509765625e+01
9.962701416015625000e+01
9.722937011718750000e+01
9.758001708984375000e+01
9.507527923583984375e+01
9.598224639892578125e+01
9.779568481445312500e+01
9.541198730468750000e+01
9.497225952148437500e+01
9.257667541503906250e+01
9.364871978759765625e+01
9.330995178222656250e+01
9.152762603759765625e+01
9.000871276855468750e+01
8.878314208984375000e+01
8.978738403320312500e+01
8.818061828613281250e+01
8.878940582275390625e+01
8.913450622558593750e+01
8.930372619628906250e+01
8.887984466552734375e+01
8.857502746582031250e+01
8.499391174316406250e+01
8.713697052001953125e+01
8.738732910156250000e+01
8.616570281982421875e+01
8.846324920654296875e+01
8.567596435546875000e+01
8.445487976074218750e+01
8.500384521484375000e+01
8.359375762939453125e+01
8.528890228271484375e+01
8.424713897705078125e+01
8.380306243896484375e+01
8.582823181152343750e+01
8.370852661132812500e+01
8.182268524169921875e+01
8.359226989746093750e+01
8.171005249023437500e+01
8.300922393798828125e+01
8.140996551513671875e+01
7.836365509033203125e+01
8.261335754394531250e+01
8.064447021484375000e+01
7.962933349609375000e+01
7.884321594238281250e+01
8.053961181640625000e+01
7.951065826416015625e+01
7.926150512695312500e+01
7.938227081298828125e+01
7.853657531738281250e+01
7.733146667480468750e+01
7.839889526367187500e+01
7.673138427734375000e+01
7.838002014160156250e+01
7.606795501708984375e+01
7.677032470703125000e+01
7.623449707031250000e+01
7.686628723144531250e+01
7.582198333740234375e+01
7.603784942626953125e+01
7.637679290771484375e+01
7.516921234130859375e+01
7.514022827148437500e+01
7.489557647705078125e+01
7.492450714111328125e+01
7.556674957275390625e+01
7.467906951904296875e+01
7.356761169433593750e+01
7.570394897460937500e+01
7.399319458007812500e+01
7.500585174560546875e+01
7.289788818359375000e+01
7.299269104003906250e+01
7.286344909667968750e+01
7.626819610595703125e+01
7.207214355468750000e+01
7.312583160400390625e+01
7.415220642089843750e+01
7.205012512207031250e+01
7.239671325683593750e+01
7.328858947753906250e+01
7.329028320312500000e+01
7.204148864746093750e+01
7.130922698974609375e+01
7.211445617675781250e+01
7.209459686279296875e+01
7.105733489990234375e+01
6.950427246093750000e+01
6.988557434082031250e+01
7.084318542480468750e+01
7.214240264892578125e+01
6.732411956787109375e+01
7.254180145263671875e+01
6.572041320800781250e+01
6.831458282470703125e+01
6.973832702636718750e+01
7.402013397216796875e+01
6.959954071044921875e+01
7.213056182861328125e+01
7.043098449707031250e+01
7.061131286621093750e+01
6.919950103759765625e+01
6.779870605468750000e+01
6.964497375488281250e+01
6.790216827392578125e+01
6.819673156738281250e+01
6.879609680175781250e+01
6.797518920898437500e+01
6.892041015625000000e+01
7.084136199951171875e+01
6.794130706787109375e+01
6.532616424560546875e+01
6.933699798583984375e+01
6.786162567138671875e+01
6.775657653808593750e+01
6.623568725585937500e+01
6.663623809814453125e+01
6.747093963623046875e+01
6.699021911621093750e+01
6.677136993408203125e+01
6.770162963867187500e+01
6.599651336669921875e+01
6.571752166748046875e+01
6.655824279785156250e+01
6.578683471679687500e+01
6.577356719970703125e+01
6.583526611328125000e+01
6.508654022216796875e+01
6.556462097167968750e+01
6.527017974853515625e+01
6.629755401611328125e+01
6.303889083862304688e+01
6.505078125000000000e+01
6.389855194091796875e+01
6.534313201904296875e+01
6.715090179443359375e+01
6.597512817382812500e+01
6.148226928710937500e+01
6.797537994384765625e+01
6.797924041748046875e+01
6.101748275756835938e+01
6.272489166259765625e+01
6.226799774169921875e+01
6.488794708251953125e+01
6.517422485351562500e+01
6.356667327880859375e+01
6.153122711181640625e+01
6.301235198974609375e+01
6.345957183837890625e+01
6.368542480468750000e+01
6.178993225097656250e+01
5.992145919799804688e+01
6.391490936279296875e+01
6.157544708251953125e+01
6.334613418579101562e+01
6.223619079589843750e+01
6.044575881958007812e+01
6.056658935546875000e+01
6.440750122070312500e+01
6.454286193847656250e+01
6.194819641113281250e+01
6.101834869384765625e+01
6.223774719238281250e+01
6.169081878662109375e+01
6.176531219482421875e+01
6.079179000854492188e+01
6.370908737182617188e+01
6.166744232177734375e+01
6.229838943481445312e+01
6.365141296386718750e+01
6.088362503051757812e+01
6.072334671020507812e+01
6.182183456420898438e+01
6.302447128295898438e+01
6.155729675292968750e+01
6.131676101684570312e+01
6.029436111450195312e+01
5.950075912475585938e+01
6.127515792846679688e+01
5.996960449218750000e+01
5.846111297607421875e+01
6.141379928588867188e+01
6.267277145385742188e+01
6.046908569335937500e+01
5.833623886108398438e+01
6.393276977539062500e+01
6.277447891235351562e+01
6.229825973510742188e+01
5.765479660034179688e+01
5.864757919311523438e+01
5.840925979614257812e+01
5.918952178955078125e+01
5.925698852539062500e+01
5.976644134521484375e+01
6.080898666381835938e+01
5.980790328979492188e+01
6.031684494018554688e+01
6.174272155761718750e+01
6.053242492675781250e+01
6.141662216186523438e+01
5.977117156982421875e+01
6.049285888671875000e+01
6.023823547363281250e+01
6.043840408325195312e+01
6.091408920288085938e+01
6.077322387695312500e+01
6.019889068603515625e+01
5.990811157226562500e+01
5.947957229614257812e+01
5.892876815795898438e+01
5.924193954467773438e+01
5.658462142944335938e+01
5.847145080566406250e+01
5.784850311279296875e+01
5.921232986450195312e+01
5.875351333618164062e+01
5.734270477294921875e+01
5.848775482177734375e+01
5.849788284301757812e+01
5.789134216308593750e+01
5.891770935058593750e+01
5.895421218872070312e+01
5.693900299072265625e+01
5.929213714599609375e+01
5.789791107177734375e+01
5.801308822631835938e+01
5.733806610107421875e+01
5.545169830322265625e+01
5.684888458251953125e+01
5.732286834716796875e+01
5.832908630371093750e+01
5.656215667724609375e+01
5.899872207641601562e+01
5.703219223022460938e+01
5.795468902587890625e+01
5.601572036743164062e+01
5.657462692260742188e+01
5.756183624267578125e+01
5.511048126220703125e+01
5.711528396606445312e+01
5.681505584716796875e+01
5.766358184814453125e+01
5.759168243408203125e+01
5.841073608398437500e+01
6.080561447143554688e+01
5.983381271362304688e+01
5.630021667480468750e+01
5.632382965087890625e+01
5.559563827514648438e+01
5.687028503417968750e+01
5.744508743286132812e+01
5.907371520996093750e+01
5.859832763671875000e+01
5.679598236083984375e+01
5.685655975341796875e+01
5.849492645263671875e+01
5.834627914428710938e+01
5.710495376586914062e+01
5.736949157714843750e+01
5.677634048461914062e+01
5.665071868896484375e+01
5.627347564697265625e+01
5.602826690673828125e+01
5.486283493041992188e+01
5.477516937255859375e+01
5.487594604492187500e+01
5.605309677124023438e+01
5.437813949584960938e+01
5.566473388671875000e+01
5.465482711791992188e+01
5.630049896240234375e+01
5.717149353027343750e+01
5.964878463745117188e+01
5.590742492675781250e+01
5.432259750366210938e+01
5.515692520141601562e+01
5.598017120361328125e+01
5.496356964111328125e+01
5.691022491455078125e+01
5.602399063110351562e+01
5.657049942016601562e+01
5.605924987792968750e+01
5.539994812011718750e+01
5.639793014526367188e+01
5.577942657470703125e+01
5.520333099365234375e+01
5.486494827270507812e+01
5.423007965087890625e+01
5.520109558105468750e+01
5.467065048217773438e+01
5.591357421875000000e+01
5.436552047729492188e+01
5.381507110595703125e+01
5.451093673706054688e+01
5.344975280761718750e+01
5.290268707275390625e+01
5.378563308715820312e+01
5.422627258300781250e+01
5.308260726928710938e+01
5.400088500976562500e+01
5.362664413452148438e+01
5.349570083618164062e+01
5.355535888671875000e+01
5.335947418212890625e+01
5.334555053710937500e+01
5.377462387084960938e+01
5.302484130859375000e+01
5.369771194458007812e+01
5.345059967041015625e+01
5.271907806396484375e+01
5.138745498657226562e+01
5.016549301147460938e+01
5.194526290893554688e+01
5.365831375122070312e+01
5.306053543090820312e+01
5.374161529541015625e+01
5.341969680786132812e+01
5.360056686401367188e+01
5.309364700317382812e+01
5.268132019042968750e+01
5.225028991699218750e+01
5.231280517578125000e+01
5.270832061767578125e+01
5.232434844970703125e+01
5.181745529174804688e+01
5.255621719360351562e+01
5.193986511230468750e+01
5.217568969726562500e+01
5.169454574584960938e+01
5.249961090087890625e+01
5.145756530761718750e+01
5.077555847167968750e+01
4.931845474243164062e+01
5.237814331054687500e+01
5.295407867431640625e+01
5.207466506958007812e+01
4.790130615234375000e+01
5.229105377197265625e+01
5.136396026611328125e+01
4.832111740112304688e+01
5.134186935424804688e+01
4.747812271118164062e+01
5.061822891235351562e+01
5.402479934692382812e+01
5.363220596313476562e+01
5.319281768798828125e+01
5.391265487670898438e+01
5.393101501464843750e+01
4.787434005737304688e+01
5.154604339599609375e+01
5.596439361572265625e+01
5.236543655395507812e+01
5.180754852294921875e+01
5.234860610961914062e+01
5.049124908447265625e+01
5.485641860961914062e+01
5.479834747314453125e+01
5.315472793579101562e+01
5.377769851684570312e+01
5.267851638793945312e+01
5.319673919677734375e+01
5.405472946166992188e+01
5.306633377075195312e+01
5.317531967163085938e+01
5.285749053955078125e+01
5.269642257690429688e+01
5.264091873168945312e+01
5.216111373901367188e+01
5.287727355957031250e+01
5.234447479248046875e+01
5.269379806518554688e+01
5.205295562744140625e+01
5.255186843872070312e+01
5.226780319213867188e+01
5.300744247436523438e+01
5.141428756713867188e+01
5.315839385986328125e+01
5.193037796020507812e+01
5.225586700439453125e+01
5.189120864868164062e+01
5.289986038208007812e+01
5.214697265625000000e+01
5.181673812866210938e+01
5.189520263671875000e+01
5.120708847045898438e+01
5.151060867309570312e+01
5.052855300903320312e+01
5.148242950439453125e+01
5.152346420288085938e+01
5.148556900024414062e+01
5.118153381347656250e+01
5.086350631713867188e+01
5.094870376586914062e+01
5.089418411254882812e+01
5.125328826904296875e+01
5.053789520263671875e+01
5.054466247558593750e+01
5.004965209960937500e+01
5.025874328613281250e+01
5.072345352172851562e+01
4.894684982299804688e+01
4.843784332275390625e+01
4.785027313232421875e+01
5.168256759643554688e+01
4.942992019653320312e+01
5.375110626220703125e+01
5.110381317138671875e+01
5.299404907226562500e+01
5.163957977294921875e+01
5.026819610595703125e+01
5.000759887695312500e+01
5.174713134765625000e+01
5.026056289672851562e+01
4.965060806274414062e+01
5.089825057983398438e+01
5.119709014892578125e+01
5.083953094482421875e+01
5.069626998901367188e+01
4.969193267822265625e+01
4.881399154663085938e+01
5.070372009277343750e+01
4.908489608764648438e+01
5.388405227661132812e+01
5.031235122680664062e+01
4.871262741088867188e+01
4.987420272827148438e+01
4.991522216796875000e+01
4.716186141967773438e+01
4.759749221801757812e+01
4.822634887695312500e+01
5.016629409790039062e+01
4.671735382080078125e+01
4.814465713500976562e+01
4.729527664184570312e+01
4.874222564697265625e+01
4.868515777587890625e+01
4.909098815917968750e+01
4.990126800537109375e+01
4.950780105590820312e+01
4.903139495849609375e+01
4.860311126708984375e+01
4.945644378662109375e+01
4.866789245605468750e+01
4.888365173339843750e+01
4.969438934326171875e+01
4.907646179199218750e+01
4.805804824829101562e+01
4.860666656494140625e+01
4.807974243164062500e+01
4.855401229858398438e+01
4.803015136718750000e+01
4.817184066772460938e+01
4.852632522583007812e+01
4.796851348876953125e+01
4.776191711425781250e+01
4.793569564819335938e+01
4.711641311645507812e+01
4.721275711059570312e+01
4.796620178222656250e+01
4.816072845458984375e+01
4.763122940063476562e+01
4.759239196777343750e+01
4.719230270385742188e+01
4.749147415161132812e+01
4.700138854980468750e+01
4.694258499145507812e+01
4.498536682128906250e+01
4.822074127197265625e+01
4.714472961425781250e+01
4.846931457519531250e+01
4.778407287597656250e+01
4.750505828857421875e+01
4.840939331054687500e+01
4.836182785034179688e+01
4.581225204467773438e+01
4.762712097167968750e+01
4.800025177001953125e+01
4.719231033325195312e+01
4.824583816528320312e+01
4.735979461669921875e+01
4.760459518432617188e+01
4.750307846069335938e+01
4.758269500732421875e+01
4.714671325683593750e+01
4.719870376586914062e+01
4.686069869995117188e+01
4.739142608642578125e+01
4.559951019287109375e+01
4.705461883544921875e+01
4.819594192504882812e+01
4.750981140136718750e+01
4.721426773071289062e+01
4.715755081176757812e+01
4.657823181152343750e+01
4.696128845214843750e+01
4.687485122680664062e+01
4.680406188964843750e+01
4.675633239746093750e+01
4.710832977294921875e+01
4.892178344726562500e+01
4.785910415649414062e+01
4.809075927734375000e+01
4.519623184204101562e+01
4.815978240966796875e+01
4.450782012939453125e+01
4.809905242919921875e+01
4.433210754394531250e+01
4.875502777099609375e+01
4.635750579833984375e+01
4.593515014648437500e+01
4.722401046752929688e+01
4.692780685424804688e+01
4.641033935546875000e+01
4.673649978637695312e+01
4.682102966308593750e+01
4.667070388793945312e+01
4.642292022705078125e+01
4.619072341918945312e+01
4.598235321044921875e+01
4.594892120361328125e+01
4.601394271850585938e+01
4.621369934082031250e+01
4.585766601562500000e+01
4.556427383422851562e+01
4.641618728637695312e+01
4.569143295288085938e+01
4.553547668457031250e+01
4.498660278320312500e+01
4.719235229492187500e+01
4.691895294189453125e+01
4.422178268432617188e+01
4.339067077636718750e+01
4.463831710815429688e+01
4.599761199951171875e+01
4.698988723754882812e+01
4.502396011352539062e+01
4.741745376586914062e+01
4.601016235351562500e+01
4.636705017089843750e+01
4.586973953247070312e+01
4.585614776611328125e+01
4.642136001586914062e+01
4.589978790283203125e+01
4.548652267456054688e+01
4.564376068115234375e+01
4.564374542236328125e+01
4.533068847656250000e+01
4.516990661621093750e+01
4.529122924804687500e+01
4.506143188476562500e+01
4.502600479125976562e+01
4.518891906738281250e+01
4.455652618408203125e+01
4.486589050292968750e+01
4.466290664672851562e+01
4.451674270629882812e+01
4.462968826293945312e+01
4.450252914428710938e+01
4.435916519165039062e+01
4.429540252685546875e+01
4.441031646728515625e+01
4.463479232788085938e+01
4.495458602905273438e+01
4.286865234375000000e+01
4.551708984375000000e+01
4.327380752563476562e+01
4.470046615600585938e+01
4.461131668090820312e+01
4.317858886718750000e+01
4.790362167358398438e+01
4.550969696044921875e+01
4.581933975219726562e+01
4.487243652343750000e+01
4.425574111938476562e+01
4.638368988037109375e+01
4.480281448364257812e+01
4.717453002929687500e+01
4.721588897705078125e+01
4.402125167846679688e+01
4.524471282958984375e+01
4.503233718872070312e+01
4.540977859497070312e+01
4.609079742431640625e+01
4.616043090820312500e+01
4.535850143432617188e+01
4.535040283203125000e+01
4.541640090942382812e+01
4.497277450561523438e+01
4.506111907958984375e+01
4.489977264404296875e+01
4.486146545410156250e+01
4.454434585571289062e+01
4.477509307861328125e+01
4.464762496948242188e+01
4.436870574951171875e+01
4.450344467163085938e+01
4.412053298950195312e+01
4.431918716430664062e+01
4.420574188232421875e+01
4.394956207275390625e+01
4.381851196289062500e+01
4.382046890258789062e+01
4.392569732666015625e+01
4.404357528686523438e+01
4.387210464477539062e+01
4.394993591308593750e+01
4.377787017822265625e+01
4.341101837158203125e+01
4.337193679809570312e+01
4.359592437744140625e+01
4.327482604980468750e+01
4.353073501586914062e+01
4.317720031738281250e+01
4.315685272216796875e+01
4.314194488525390625e+01
4.291667556762695312e+01
4.272612762451171875e+01
4.305534744262695312e+01
4.356388854980468750e+01
4.254666900634765625e+01
4.253925323486328125e+01
4.266320037841796875e+01
4.261074447631835938e+01
4.243975067138671875e+01
4.239678573608398438e+01
4.258013916015625000e+01
4.253583526611328125e+01
4.267981719970703125e+01
4.195908737182617188e+01
4.110403823852539062e+01
4.095753479003906250e+01
4.132741165161132812e+01
4.621612930297851562e+01
4.082398605346679688e+01
4.069597244262695312e+01
3.881153869628906250e+01
4.076105117797851562e+01
4.048923110961914062e+01
4.242749023437500000e+01
4.138044738769531250e+01
4.288788223266601562e+01
4.308188247680664062e+01
4.205082321166992188e+01
4.170426559448242188e+01
4.105105590820312500e+01
4.205723571777343750e+01
4.226248931884765625e+01
4.222442626953125000e+01
4.164520263671875000e+01
4.172888946533203125e+01
4.159037399291992188e+01
4.176905822753906250e+01
4.140443801879882812e+01
4.116464233398437500e+01
4.159383773803710938e+01
4.158684539794921875e+01
4.122748947143554688e+01
4.146629714965820312e+01
4.114143753051757812e+01
4.100949859619140625e+01
4.111457824707031250e+01
4.085374832153320312e+01
4.104338455200195312e+01
4.101869583129882812e+01
4.073113250732421875e+01
4.082492065429687500e+01
4.098350143432617188e+01
4.059630203247070312e+01
4.068643569946289062e+01
4.041794204711914062e+01
4.062317657470703125e+01
4.059058761596679688e+01
4.055823135375976562e+01
4.059246063232421875e+01
4.022208786010742188e+01
4.078490066528320312e+01
4.045945739746093750e+01
4.042642211914062500e+01
4.026904296875000000e+01
4.044041824340820312e+01
4.037965393066406250e+01
3.975583648681640625e+01
4.048236465454101562e+01
4.008144760131835938e+01
4.035532760620117188e+01
4.014838027954101562e+01
4.055253982543945312e+01
4.004591751098632812e+01
4.001606369018554688e+01
3.983852386474609375e+01
3.998770523071289062e+01
3.986149978637695312e+01
3.981660079956054688e+01
3.981842041015625000e+01
3.953913116455078125e+01
3.965161514282226562e+01
3.912054443359375000e+01
3.905623626708984375e+01
4.011098861694335938e+01
3.526090621948242188e+01
3.828755187988281250e+01
4.091755676269531250e+01
4.273643875122070312e+01
4.092646026611328125e+01
4.060432815551757812e+01
4.202651596069335938e+01
4.241580963134765625e+01
3.805868530273437500e+01
4.269400024414062500e+01
4.090451431274414062e+01
3.932144546508789062e+01
4.119358825683593750e+01
4.429749298095703125e+01
4.258875656127929688e+01
4.301116561889648438e+01
4.173232650756835938e+01
4.209544754028320312e+01
4.162242126464843750e+01
4.137085342407226562e+01
4.154583358764648438e+01
4.102429580688476562e+01
4.110857009887695312e+01
4.092282485961914062e+01
4.116391754150390625e+01
4.081472778320312500e+01
4.103155899047851562e+01
4.065784072875976562e+01
4.075696182250976562e+01
4.072627258300781250e+01
4.068320846557617188e+01
4.081195068359375000e+01
4.058443832397460938e+01
4.068987655639648438e+01
4.043149185180664062e+01
4.048770904541015625e+01
4.049180603027343750e+01
4.064516448974609375e+01
4.029238510131835938e+01
4.043675994873046875e+01
4.029077148437500000e+01
4.041320800781250000e+01
4.028564071655273438e+01
4.028940963745117188e+01
4.034971618652343750e+01
4.036704635620117188e+01
4.029340362548828125e+01
4.003891754150390625e+01
4.009396743774414062e+01
4.003774261474609375e+01
4.002692794799804688e+01
3.982907867431640625e+01
4.009365081787109375e+01
3.970898437500000000e+01
3.977859115600585938e+01
3.981273651123046875e+01
4.009782409667968750e+01
4.037876129150390625e+01
3.948976516723632812e+01
3.983052444458007812e+01
3.962814712524414062e+01
3.957435226440429688e+01
3.972163391113281250e+01
3.948166656494140625e+01
4.087925338745117188e+01
3.947540283203125000e+01
3.959264755249023438e+01
3.944388580322265625e+01
3.954432678222656250e+01
3.927595138549804688e+01
3.944763565063476562e+01
3.914981460571289062e+01
3.915206146240234375e+01
3.936126327514648438e+01
3.928115463256835938e+01
4.048089981079101562e+01
3.861833953857421875e+01
3.974047851562500000e+01
3.982626724243164062e+01
3.978396224975585938e+01
4.049271011352539062e+01
3.838971710205078125e+01
3.920024871826171875e+01
3.895180892944335938e+01
3.617695617675781250e+01
3.730642318725585938e+01
3.775017547607421875e+01
4.015375900268554688e+01
3.626787185668945312e+01
3.842454528808593750e+01
3.752038574218750000e+01
3.921922683715820312e+01
3.858348083496093750e+01
4.016228866577148438e+01
4.005834960937500000e+01
3.990345001220703125e+01
3.922163772583007812e+01
4.020438385009765625e+01
3.935416030883789062e+01
4.045219039916992188e+01
3.921810150146484375e+01
4.041883087158203125e+01
3.946723175048828125e+01
3.951232147216796875e+01
3.925659942626953125e+01
3.921210861206054688e+01
3.937182235717773438e+01
3.947200775146484375e+01
3.932441329956054688e+01
3.962908554077148438e+01
3.900364303588867188e+01
3.924810791015625000e+01
3.903709793090820312e+01
3.919142150878906250e+01
3.904389572143554688e+01
3.904955673217773438e+01
3.904373168945312500e+01
3.896738052368164062e+01
3.877862167358398438e+01
3.903471374511718750e+01
3.908569335937500000e+01
3.902813720703125000e+01
4.046637725830078125e+01
3.913964843750000000e+01
3.900242614746093750e+01
3.911804962158203125e+01
3.884455490112304688e+01
3.871923065185546875e+01
3.880914306640625000e+01
3.884863662719726562e+01
3.898194503784179688e+01
4.161483001708984375e+01
3.796995162963867188e+01
3.905052185058593750e+01
3.682368469238281250e+01
3.979137039184570312e+01
3.757902908325195312e+01
4.142899322509765625e+01
3.955158233642578125e+01
4.313534927368164062e+01
4.010005950927734375e+01
4.106579208374023438e+01
4.118992614746093750e+01
3.933404541015625000e+01
4.013764953613281250e+01
4.005141067504882812e+01
4.027341842651367188e+01
3.882645034790039062e+01
3.962218856811523438e+01
3.944563293457031250e+01
3.957667160034179688e+01
3.977027511596679688e+01
3.950109100341796875e+01
3.942496109008789062e+01
3.981786346435546875e+01
3.949469757080078125e+01
3.954953384399414062e+01
3.953668212890625000e+01
3.951661300659179688e+01
3.930877685546875000e+01
3.925400924682617188e+01
3.926023483276367188e+01
3.933988189697265625e+01
3.915472793579101562e+01
3.939223861694335938e+01
3.918535995483398438e+01
3.913077926635742188e+01
3.918453216552734375e+01
3.930648040771484375e+01
3.924210739135742188e+01
3.879036712646484375e+01
3.900816726684570312e+01
3.929133224487304688e+01
3.901020431518554688e+01
3.908420562744140625e+01
3.871743392944335938e+01
3.894607925415039062e+01
3.898302459716796875e+01
3.878594589233398438e+01
3.888559341430664062e+01
3.891470718383789062e+01
3.872786712646484375e+01
3.898527908325195312e+01
3.923225021362304688e+01
3.874568557739257812e+01
3.912097167968750000e+01
3.867351150512695312e+01
3.889301681518554688e+01
3.879900360107421875e+01
3.897905731201171875e+01
3.857546234130859375e+01
3.872883987426757812e+01
3.896431350708007812e+01
3.835952377319335938e+01
3.862268447875976562e+01
3.886941528320312500e+01
3.963676834106445312e+01
3.873076629638671875e+01
3.817647933959960938e+01
3.913533020019531250e+01
3.915898513793945312e+01
3.893296432495117188e+01
3.817627716064453125e+01
4.048194885253906250e+01
4.271614837646484375e+01
4.158892822265625000e+01
3.948923110961914062e+01
3.922594070434570312e+01
4.030110168457031250e+01
4.147761535644531250e+01
3.965826797485351562e+01
4.125692367553710938e+01
