3.012026023864746094e+01
1.475968456268310547e+01
1.312639331817626953e+01
3.803266906738281250e+01
1.920651855468750000e+02
1.217352981567382812e+02
7.111285400390625000e+01
3.959458541870117188e+01
1.851732826232910156e+01
1.467875576019287109e+01
1.475918674468994141e+01
1.448317718505859375e+01
1.538980388641357422e+01
1.777585601806640625e+01
2.206717491149902344e+01
2.999017906188964844e+01
3.802960586547851562e+01
5.413707733154296875e+01
6.903412628173828125e+01
8.360406494140625000e+01
9.892650604248046875e+01
1.196095657348632812e+02
1.441711578369140625e+02
1.630314483642578125e+02
1.600704345703125000e+02
1.639983062744140625e+02
1.633086700439453125e+02
1.571169433593750000e+02
1.543015136718750000e+02
1.521510772705078125e+02
1.474449310302734375e+02
1.479415893554687500e+02
1.472842864990234375e+02
1.441082611083984375e+02
1.466283111572265625e+02
1.414973297119140625e+02
1.387438049316406250e+02
1.416681060791015625e+02
1.418743743896484375e+02
1.386644439697265625e+02
1.356764984130859375e+02
1.385867767333984375e+02
1.345637817382812500e+02
1.348063201904296875e+02
1.318406829833984375e+02
1.352562561035156250e+02
1.350933380126953125e+02
1.304552917480468750e+02
1.318797607421875000e+02
1.346312866210937500e+02
1.365785522460937500e+02
1.311850280761718750e+02
1.332447052001953125e+02
1.314930419921875000e+02
1.324535369873046875e+02
1.352079010009765625e+02
1.324163208007812500e+02
1.272485427856445312e+02
1.296744842529296875e+02
1.329196319580078125e+02
1.306700134277343750e+02
1.292278747558593750e+02
1.289974975585937500e+02
1.287189941406250000e+02
1.293285064697265625e+02
1.286457214355468750e+02
1.255000991821289062e+02
1.289722747802734375e+02
1.270574951171875000e+02
1.265479049682617188e+02
1.246099777221679688e+02
1.221344299316406250e+02
1.224206771850585938e+02
1.223301315307617188e+02
1.222576904296875000e+02
1.217292327880859375e+02
1.212475509643554688e+02
1.174521179199218750e+02
1.157829971313476562e+02
1.164114837646484375e+02
1.188797912597656250e+02
1.172993164062500000e+02
1.163997573852539062e+02
1.142360534667968750e+02
1.166941757202148438e+02
1.126194763183593750e+02
1.117687759399414062e+02
1.129773788452148438e+02
1.130871429443359375e+02
1.116984176635742188e+02
1.106173095703125000e+02
1.084290161132812500e+02
1.092106323242187500e+02
1.055702743530273438e+02
1.088742599487304688e+02
1.107438507080078125e+02
1.069697113037109375e+02
1.045769195556640625e+02
1.063603057861328125e+02
1.074705123901367188e+02
