3.691892623901367188e+01
1.917660903930664062e+01
1.294163036346435547e+01
1.438615894317626953e+01
6.752611541748046875e+01
1.104388580322265625e+02
7.636251831054687500e+01
5.512731552124023438e+01
4.074568557739257812e+01
2.509067916870117188e+01
2.484281539916992188e+01
2.621575927734375000e+01
3.045487022399902344e+01
3.611973190307617188e+01
4.525893783569335938e+01
5.508611297607421875e+01
7.038022613525390625e+01
8.885739135742187500e+01
1.004022750854492188e+02
1.179590835571289062e+02
1.387445220947265625e+02
1.513727111816406250e+02
1.863036346435546875e+02
2.050402832031250000e+02
2.171489410400390625e+02
2.205895538330078125e+02
2.113757629394531250e+02
2.097847900390625000e+02
1.989925842285156250e+02
1.942700500488281250e+02
1.897019348144531250e+02
1.837862091064453125e+02
1.814057006835937500e+02
1.802774963378906250e+02
1.795748596191406250e+02
1.735707702636718750e+02
1.726393280029296875e+02
1.722260742187500000e+02
1.671883392333984375e+02
1.653916625976562500e+02
1.653771209716796875e+02
1.584483337402343750e+02
1.611753540039062500e+02
1.590161590576171875e+02
1.595565338134765625e+02
1.560659484863281250e+02
1.505743713378906250e+02
1.562277374267578125e+02
1.504112701416015625e+02
1.466464233398437500e+02
1.494195404052734375e+02
1.471618041992187500e+02
1.468233337402343750e+02
1.452645111083984375e+02
1.432949981689453125e+02
1.411451263427734375e+02
1.391945495605468750e+02
1.405940399169921875e+02
1.394620666503906250e+02
1.396316680908203125e+02
1.340986785888671875e+02
1.370442657470703125e+02
1.335934753417968750e+02
1.348720855712890625e+02
1.333592681884765625e+02
1.305251617431640625e+02
1.327765808105468750e+02
1.287557525634765625e+02
1.306094360351562500e+02
1.311755981445312500e+02
1.268733749389648438e+02
1.286346893310546875e+02
1.238482894897460938e+02
1.275244903564453125e+02
1.230583343505859375e+02
1.240670852661132812e+02
1.221729278564453125e+02
1.227304458618164062e+02
1.189506683349609375e+02
1.221245803833007812e+02
1.172110977172851562e+02
1.230307388305664062e+02
1.195816879272460938e+02
1.199476928710937500e+02
1.182268829345703125e+02
1.178572998046875000e+02
1.187221221923828125e+02
1.162846450805664062e+02
1.160873031616210938e+02
1.157067184448242188e+02
1.162401428222656250e+02
1.145414581298828125e+02
1.135358123779296875e+02
1.130161590576171875e+02
1.149288558959960938e+02
1.103053970336914062e+02
1.116788177490234375e+02
1.114345932006835938e+02
1.111294708251953125e+02
1.124453582763671875e+02
1.117288589477539062e+02
1.089024658203125000e+02
1.109557952880859375e+02
1.086819839477539062e+02
1.101930389404296875e+02
1.086306228637695312e+02
1.069609527587890625e+02
1.080828018188476562e+02
1.104212188720703125e+02
1.083771514892578125e+02
1.084238586425781250e+02
1.118418731689453125e+02
1.061399612426757812e+02
1.107613677978515625e+02
1.054940719604492188e+02
1.071992416381835938e+02
1.070368957519531250e+02
1.065492019653320312e+02
1.069325561523437500e+02
1.066680221557617188e+02
1.056320343017578125e+02
1.060358352661132812e+02
1.063603744506835938e+02
1.050181732177734375e+02
1.050293731689453125e+02
1.063389511108398438e+02
1.058990402221679688e+02
1.113565444946289062e+02
1.078454437255859375e+02
1.037405548095703125e+02
1.048451156616210938e+02
1.050732650756835938e+02
1.064155120849609375e+02
1.065570449829101562e+02
1.066531677246093750e+02
1.066415252685546875e+02
1.064721984863281250e+02
1.066190109252929688e+02
1.052462081909179688e+02
1.047937927246093750e+02
1.059226531982421875e+02
1.066586227416992188e+02
1.068928527832031250e+02
1.062543487548828125e+02
1.082697982788085938e+02
1.089715499877929688e+02
1.069785919189453125e+02
1.080198974609375000e+02
1.081437759399414062e+02
1.097106933593750000e+02
1.084865798950195312e+02
1.089099502563476562e+02
1.103190155029296875e+02
1.093221130371093750e+02
1.109136428833007812e+02
1.107918853759765625e+02
1.091436309814453125e+02
1.108693847656250000e+02
1.103100433349609375e+02
1.118760910034179688e+02
1.131381988525390625e+02
1.136043167114257812e+02
1.122066879272460938e+02
1.128588562011718750e+02
1.136559371948242188e+02
1.147291030883789062e+02
1.126886749267578125e+02
1.119551391601562500e+02
1.136686325073242188e+02
1.124517364501953125e+02
1.178086013793945312e+02
1.181706771850585938e+02
1.163971099853515625e+02
1.181639022827148438e+02
1.172746887207031250e+02
1.133136901855468750e+02
1.145332412719726562e+02
1.141750335693359375e+02
1.136752090454101562e+02
1.141980285644531250e+02
1.137414550781250000e+02
1.157699050903320312e+02
1.168368606567382812e+02
1.183311920166015625e+02
1.127161026000976562e+02
1.165268173217773438e+02
1.132960128784179688e+02
1.138834991455078125e+02
1.130334777832031250e+02
1.118079299926757812e+02
1.116736450195312500e+02
1.122686996459960938e+02
1.115332489013671875e+02
1.115729751586914062e+02
1.104927749633789062e+02
1.100657501220703125e+02
1.125291061401367188e+02
1.110035934448242188e+02
1.107920455932617188e+02
1.106161727905273438e+02
1.109171066284179688e+02
1.077831420898437500e+02
1.077798156738281250e+02
1.086973495483398438e+02
1.083655548095703125e+02
1.078076095581054688e+02
1.070397262573242188e+02
1.068736877441406250e+02
1.063165359497070312e+02
1.061136550903320312e+02
1.060823440551757812e+02
1.055459671020507812e+02
1.050438842773437500e+02
1.052431182861328125e+02
1.047406845092773438e+02
1.046021270751953125e+02
1.041500473022460938e+02
1.041190719604492188e+02
1.032040863037109375e+02
1.034852981567382812e+02
1.024950180053710938e+02
1.029763717651367188e+02
1.018455429077148438e+02
1.017049331665039062e+02
1.024393615722656250e+02
1.013015823364257812e+02
1.006551055908203125e+02
1.007136077880859375e+02
1.001727523803710938e+02
9.969435119628906250e+01
1.001373138427734375e+02
9.958460235595703125e+01
9.969430541992187500e+01
9.892752838134765625e+01
9.871190643310546875e+01
9.867382049560546875e+01
9.783735656738281250e+01
9.789706420898437500e+01
9.787744140625000000e+01
9.697135162353515625e+01
9.699444580078125000e+01
9.617790985107421875e+01
9.658919525146484375e+01
9.643658447265625000e+01
9.637918853759765625e+01
9.561689758300781250e+01
9.676113891601562500e+01
9.750603485107421875e+01
9.967874908447265625e+01
9.729988098144531250e+01
9.654749298095703125e+01
9.996632385253906250e+01
9.726171112060546875e+01
9.782396697998046875e+01
9.657812500000000000e+01
9.843802642822265625e+01
9.652248382568359375e+01
9.674120330810546875e+01
9.647737121582031250e+01
9.642654418945312500e+01
9.662260437011718750e+01
9.614216613769531250e+01
9.603902435302734375e+01
9.589153289794921875e+01
9.623673248291015625e+01
9.602937316894531250e+01
9.583837127685546875e+01
9.564943695068359375e+01
9.585476684570312500e+01
9.525971221923828125e+01
9.567827606201171875e+01
9.530167388916015625e+01
9.548068237304687500e+01
9.512767028808593750e+01
9.624792480468750000e+01
9.454319763183593750e+01
9.541384887695312500e+01
9.455104827880859375e+01
9.454102325439453125e+01
9.472774505615234375e+01
9.381850433349609375e+01
9.416973876953125000e+01
9.408106994628906250e+01
9.323503875732421875e+01
9.313953399658203125e+01
9.353481292724609375e+01
9.310279846191406250e+01
9.241769409179687500e+01
9.300640869140625000e+01
9.223993682861328125e+01
9.179828643798828125e+01
9.211596679687500000e+01
9.148862457275390625e+01
9.106024169921875000e+01
9.164045715332031250e+01
9.081118774414062500e+01
9.072840881347656250e+01
9.085265350341796875e+01
9.065672302246093750e+01
9.039053344726562500e+01
9.021302795410156250e+01
8.977528381347656250e+01
9.061135101318359375e+01
8.915045166015625000e+01
8.953524780273437500e+01
8.928367614746093750e+01
8.905860900878906250e+01
8.903116607666015625e+01
8.861184692382812500e+01
8.828889465332031250e+01
8.817312622070312500e+01
8.764583587646484375e+01
8.770205688476562500e+01
8.738079833984375000e+01
8.729997253417968750e+01
8.693522644042968750e+01
8.680090332031250000e+01
8.618226623535156250e+01
8.659790039062500000e+01
8.606608581542968750e+01
8.616551971435546875e+01
8.622377014160156250e+01
8.555297088623046875e+01
8.568193054199218750e+01
8.678086090087890625e+01
8.917108917236328125e+01
8.817708587646484375e+01
8.973892211914062500e+01
8.853435516357421875e+01
8.759275054931640625e+01
8.793875122070312500e+01
8.762458801269531250e+01
8.721102905273437500e+01
8.726161956787109375e+01
8.633331298828125000e+01
8.660681152343750000e+01
8.610604095458984375e+01
8.603248596191406250e+01
8.540714263916015625e+01
8.506285095214843750e+01
8.549642944335937500e+01
8.479358673095703125e+01
8.456331634521484375e+01
8.459140014648437500e+01
8.424011993408203125e+01
8.410410308837890625e+01
8.408995056152343750e+01
8.366538238525390625e+01
8.351770782470703125e+01
8.351364135742187500e+01
8.319239807128906250e+01
8.302503967285156250e+01
8.278578186035156250e+01
8.260357666015625000e+01
8.258542633056640625e+01
8.235057067871093750e+01
8.242675781250000000e+01
8.195462799072265625e+01
8.213496398925781250e+01
8.148365020751953125e+01
8.166666412353515625e+01
8.152437591552734375e+01
8.126195526123046875e+01
8.120071411132812500e+01
8.080554199218750000e+01
8.087647247314453125e+01
8.046247100830078125e+01
8.050849151611328125e+01
8.039612579345703125e+01
7.995001983642578125e+01
7.997367858886718750e+01
7.991872406005859375e+01
7.995596313476562500e+01
7.959020233154296875e+01
7.916577148437500000e+01
7.914936065673828125e+01
7.897335815429687500e+01
7.887812042236328125e+01
7.857542419433593750e+01
7.867041778564453125e+01
7.855711364746093750e+01
7.846869659423828125e+01
7.823513793945312500e+01
7.811166381835937500e+01
7.812271118164062500e+01
7.773365783691406250e+01
7.748673248291015625e+01
7.803791046142578125e+01
7.727390289306640625e+01
7.714468383789062500e+01
7.783531188964843750e+01
7.744026947021484375e+01
7.685225677490234375e+01
7.679283905029296875e+01
7.657984924316406250e+01
7.628437042236328125e+01
7.582701110839843750e+01
7.600608062744140625e+01
7.632532501220703125e+01
7.618019866943359375e+01
7.700825500488281250e+01
7.805837249755859375e+01
7.611804199218750000e+01
7.663991546630859375e+01
7.881166076660156250e+01
7.748448944091796875e+01
8.247416687011718750e+01
7.941212463378906250e+01
8.214342498779296875e+01
8.079965972900390625e+01
8.075232696533203125e+01
7.993773651123046875e+01
7.918740081787109375e+01
7.908679199218750000e+01
7.933458709716796875e+01
8.177997589111328125e+01
7.812945556640625000e+01
7.935341644287109375e+01
7.873407745361328125e+01
7.833570098876953125e+01
7.762599182128906250e+01
7.770710754394531250e+01
7.740585327148437500e+01
7.738980102539062500e+01
7.722391510009765625e+01
7.701007080078125000e+01
7.662002563476562500e+01
7.686239624023437500e+01
7.620793914794921875e+01
7.665619659423828125e+01
7.610218048095703125e+01
7.605361175537109375e+01
7.574208831787109375e+01
7.596383666992187500e+01
7.566127014160156250e+01
7.518820190429687500e+01
7.554805755615234375e+01
7.543019104003906250e+01
7.492074584960937500e+01
7.515316772460937500e+01
7.503030395507812500e+01
7.498570251464843750e+01
7.474269104003906250e+01
7.445129394531250000e+01
7.470222473144531250e+01
7.449686431884765625e+01
7.419061279296875000e+01
7.423292541503906250e+01
7.412519073486328125e+01
7.403094482421875000e+01
7.344250488281250000e+01
7.374365997314453125e+01
7.376303863525390625e+01
7.344493103027343750e+01
7.321376800537109375e+01
7.321310424804687500e+01
7.303011322021484375e+01
7.317610168457031250e+01
7.279183959960937500e+01
7.292839050292968750e+01
7.268977355957031250e+01
7.265184020996093750e+01
7.235685729980468750e+01
7.237981414794921875e+01
7.236873626708984375e+01
7.196739959716796875e+01
7.204682922363281250e+01
7.229652404785156250e+01
7.166275787353515625e+01
7.189170837402343750e+01
7.137471771240234375e+01
7.143025207519531250e+01
7.128188323974609375e+01
7.124495697021484375e+01
7.118434143066406250e+01
7.100685882568359375e+01
7.070919036865234375e+01
7.086843109130859375e+01
7.066507720947265625e+01
7.083312988281250000e+01
7.036312103271484375e+01
7.011103820800781250e+01
7.023659515380859375e+01
7.003847503662109375e+01
6.991780090332031250e+01
6.993047332763671875e+01
6.958988952636718750e+01
6.950804901123046875e+01
6.968083190917968750e+01
6.940114593505859375e+01
6.908758544921875000e+01
6.925051116943359375e+01
6.897734069824218750e+01
6.937402343750000000e+01
6.911701202392578125e+01
6.901425170898437500e+01
6.877262115478515625e+01
6.926342010498046875e+01
6.801646423339843750e+01
6.891765594482421875e+01
6.881489562988281250e+01
6.814012145996093750e+01
6.873791503906250000e+01
6.820268249511718750e+01
6.841014099121093750e+01
6.940998840332031250e+01
6.967300415039062500e+01
7.000035095214843750e+01
7.152765655517578125e+01
7.376207733154296875e+01
7.490872192382812500e+01
7.287419128417968750e+01
7.346553802490234375e+01
7.308779144287109375e+01
7.197371673583984375e+01
7.229044342041015625e+01
7.207260131835937500e+01
7.176403045654296875e+01
7.128775787353515625e+01
7.150780487060546875e+01
7.109685516357421875e+01
7.089578247070312500e+01
7.081311035156250000e+01
7.070913696289062500e+01
7.049472808837890625e+01
7.036769866943359375e+01
7.019895172119140625e+01
7.051301574707031250e+01
6.999869537353515625e+01
6.989701080322265625e+01
6.974333953857421875e+01
6.975438690185546875e+01
6.917027282714843750e+01
6.935622406005859375e+01
6.938189697265625000e+01
6.934918975830078125e+01
6.899155426025390625e+01
6.892955017089843750e+01
6.874758148193359375e+01
6.871718597412109375e+01
6.867374420166015625e+01
6.854254913330078125e+01
6.849522399902343750e+01
6.796462249755859375e+01
6.827947998046875000e+01
6.803431701660156250e+01
6.787696838378906250e+01
6.785283660888671875e+01
6.767111968994140625e+01
6.770440673828125000e+01
6.746629333496093750e+01
6.750917053222656250e+01
6.746479034423828125e+01
6.717079162597656250e+01
6.711465454101562500e+01
6.701092529296875000e+01
6.691703033447265625e+01
6.719268035888671875e+01
6.696579742431640625e+01
6.670800018310546875e+01
6.668572235107421875e+01
6.697290802001953125e+01
6.614852142333984375e+01
6.637902069091796875e+01
6.597979736328125000e+01
6.617026519775390625e+01
6.630496215820312500e+01
6.576387023925781250e+01
6.570082855224609375e+01
6.558845520019531250e+01
6.587495422363281250e+01
6.564548492431640625e+01
6.520239257812500000e+01
6.532198333740234375e+01
6.511415863037109375e+01
6.533874511718750000e+01
6.499398040771484375e+01
6.471286773681640625e+01
6.528376770019531250e+01
6.486454772949218750e+01
6.412265777587890625e+01
6.433563232421875000e+01
6.461830139160156250e+01
6.542668151855468750e+01
6.433729553222656250e+01
6.419751739501953125e+01
6.407652282714843750e+01
6.390437698364257812e+01
6.381744384765625000e+01
6.374016952514648438e+01
6.397391128540039062e+01
6.333193206787109375e+01
6.334104537963867188e+01
6.394536590576171875e+01
6.546778106689453125e+01
6.279390335083007812e+01
6.375749206542968750e+01
6.355158996582031250e+01
6.317534255981445312e+01
6.328773498535156250e+01
6.285116577148437500e+01
6.343822860717773438e+01
6.227096176147460938e+01
6.267947769165039062e+01
6.307577514648437500e+01
6.280559158325195312e+01
6.266227340698242188e+01
6.254653167724609375e+01
6.263974761962890625e+01
6.247712707519531250e+01
6.232997512817382812e+01
6.213432693481445312e+01
6.197073745727539062e+01
6.179874420166015625e+01
6.222772216796875000e+01
6.146822738647460938e+01
6.183437347412109375e+01
6.212339401245117188e+01
6.168232727050781250e+01
6.175932693481445312e+01
6.126063919067382812e+01
6.158926773071289062e+01
6.123226928710937500e+01
6.161832809448242188e+01
6.150706863403320312e+01
6.075725555419921875e+01
6.089747238159179688e+01
6.109550094604492188e+01
6.100415039062500000e+01
6.067624664306640625e+01
6.067410278320312500e+01
6.076784515380859375e+01
6.053864669799804688e+01
6.042029953002929688e+01
6.022566223144531250e+01
6.013813400268554688e+01
6.016439437866210938e+01
6.015868759155273438e+01
5.996687698364257812e+01
6.005978012084960938e+01
5.937645339965820312e+01
5.989328002929687500e+01
6.025318908691406250e+01
6.171863174438476562e+01
6.390619659423828125e+01
6.369859313964843750e+01
6.424633026123046875e+01
6.403666687011718750e+01
6.324743270874023438e+01
6.279495239257812500e+01
6.225932693481445312e+01
6.212610626220703125e+01
6.184173583984375000e+01
6.176436233520507812e+01
6.156895446777343750e+01
6.161243438720703125e+01
6.121369552612304688e+01
6.133765792846679688e+01
6.110007476806640625e+01
6.118706130981445312e+01
6.087512588500976562e+01
6.089023590087890625e+01
6.080055999755859375e+01
6.049661254882812500e+01
6.066960144042968750e+01
6.038578414916992188e+01
6.044665527343750000e+01
5.997301101684570312e+01
6.028527832031250000e+01
6.004683685302734375e+01
6.020757675170898438e+01
5.990617370605468750e+01
5.964418029785156250e+01
5.987259292602539062e+01
5.999763107299804688e+01
5.951934432983398438e+01
5.942636871337890625e+01
5.952394104003906250e+01
5.941101074218750000e+01
5.964320755004882812e+01
5.914830780029296875e+01
5.907762527465820312e+01
5.905423355102539062e+01
5.923883438110351562e+01
5.890724945068359375e+01
5.874371719360351562e+01
5.861204910278320312e+01
5.875710678100585938e+01
5.872688674926757812e+01
5.854183959960937500e+01
5.832775115966796875e+01
5.856826019287109375e+01
5.827944183349609375e+01
5.836415863037109375e+01
5.812735366821289062e+01
5.836791229248046875e+01
5.793600845336914062e+01
5.783874893188476562e+01
5.830614089965820312e+01
5.772813415527343750e+01
5.788836288452148438e+01
5.739799499511718750e+01
5.799744796752929688e+01
5.756062698364257812e+01
5.759642410278320312e+01
5.747520446777343750e+01
5.743749618530273438e+01
5.716392135620117188e+01
5.737369155883789062e+01
5.702433776855468750e+01
5.735290145874023438e+01
5.717986297607421875e+01
5.723206329345703125e+01
5.699489593505859375e+01
5.737061691284179688e+01
5.719714736938476562e+01
5.703068542480468750e+01
5.679421234130859375e+01
5.680840682983398438e+01
5.672889328002929688e+01
5.664853668212890625e+01
5.677114105224609375e+01
5.645660400390625000e+01
5.662287902832031250e+01
5.624026107788085938e+01
5.632735443115234375e+01
5.652699661254882812e+01
5.648711395263671875e+01
5.609277343750000000e+01
5.622429656982421875e+01
5.620486831665039062e+01
5.634062194824218750e+01
5.558440399169921875e+01
5.624267959594726562e+01
5.584159851074218750e+01
5.561879730224609375e+01
5.596508026123046875e+01
5.585928344726562500e+01
5.559354782104492188e+01
5.584941864013671875e+01
5.545377349853515625e+01
5.619957351684570312e+01
5.901770401000976562e+01
6.094041824340820312e+01
6.071146011352539062e+01
6.056538391113281250e+01
5.851252365112304688e+01
5.864644622802734375e+01
5.828010177612304688e+01
5.792514801025390625e+01
5.801583099365234375e+01
5.772320556640625000e+01
5.756908798217773438e+01
5.745365905761718750e+01
5.734246826171875000e+01
5.725373840332031250e+01
5.704357528686523438e+01
5.704462432861328125e+01
5.705115509033203125e+01
5.679930877685546875e+01
5.688454818725585938e+01
5.668649291992187500e+01
5.665153121948242188e+01
5.659120941162109375e+01
5.638524246215820312e+01
5.652320098876953125e+01
5.627124786376953125e+01
5.613520050048828125e+01
5.623302459716796875e+01
5.592597579956054688e+01
5.603550720214843750e+01
5.617015075683593750e+01
5.584498596191406250e+01
5.586076736450195312e+01
5.584446716308593750e+01
5.570801162719726562e+01
5.566260910034179688e+01
5.569923782348632812e+01
5.548401641845703125e+01
5.563657379150390625e+01
5.551014709472656250e+01
5.529108428955078125e+01
5.536737442016601562e+01
5.528433227539062500e+01
5.519313430786132812e+01
5.485175704956054688e+01
5.514819717407226562e+01
5.497803115844726562e+01
5.502276229858398438e+01
5.524428939819335938e+01
5.470613479614257812e+01
5.484979629516601562e+01
5.479275512695312500e+01
5.454248428344726562e+01
5.469499206542968750e+01
5.459526443481445312e+01
5.453089141845703125e+01
5.449641799926757812e+01
5.444374084472656250e+01
5.441756057739257812e+01
5.411247634887695312e+01
5.440465164184570312e+01
5.413010406494140625e+01
5.393630218505859375e+01
5.430339431762695312e+01
5.402142333984375000e+01
5.377089691162109375e+01
5.405549240112304688e+01
5.397129058837890625e+01
5.348279953002929688e+01
5.418470764160156250e+01
5.464728927612304688e+01
5.452016830444335938e+01
5.447010803222656250e+01
5.532232284545898438e+01
5.813763427734375000e+01
5.589971160888671875e+01
5.662380981445312500e+01
5.566912078857421875e+01
5.483138656616210938e+01
5.483273696899414062e+01
5.476625823974609375e+01
5.453553771972656250e+01
5.453396987915039062e+01
5.446071243286132812e+01
5.443026351928710938e+01
5.430653381347656250e+01
5.410419845581054688e+01
5.411745071411132812e+01
5.417178726196289062e+01
5.390930557250976562e+01
5.408032608032226562e+01
5.369583129882812500e+01
5.396674346923828125e+01
5.363718414306640625e+01
5.373366928100585938e+01
5.384649658203125000e+01
5.371489334106445312e+01
5.357353591918945312e+01
5.366382217407226562e+01
5.328584289550781250e+01
5.358946609497070312e+01
5.346650314331054688e+01
5.342802047729492188e+01
5.322073364257812500e+01
5.317079544067382812e+01
5.323805999755859375e+01
5.333510208129882812e+01
5.307064819335937500e+01
5.312873840332031250e+01
5.303888702392578125e+01
5.305167388916015625e+01
5.287941360473632812e+01
5.299382400512695312e+01
5.285764312744140625e+01
5.287612152099609375e+01
5.283943557739257812e+01
5.285877990722656250e+01
5.255134201049804688e+01
5.258481597900390625e+01
5.269134521484375000e+01
5.246362686157226562e+01
5.263283538818359375e+01
5.232112121582031250e+01
5.243124389648437500e+01
5.232183074951171875e+01
5.228556060791015625e+01
5.222572326660156250e+01
5.215426254272460938e+01
5.210185623168945312e+01
5.216371154785156250e+01
5.204441833496093750e+01
5.190352630615234375e+01
5.203781509399414062e+01
5.178504180908203125e+01
5.220294952392578125e+01
5.195684814453125000e+01
5.176978302001953125e+01
5.197131729125976562e+01
5.163695144653320312e+01
5.175613021850585938e+01
5.169461441040039062e+01
5.150920486450195312e+01
5.158005905151367188e+01
5.140534973144531250e+01
5.140041351318359375e+01
5.127962875366210938e+01
5.150996017456054688e+01
5.128215408325195312e+01
5.121012496948242188e+01
5.129701995849609375e+01
5.114826583862304688e+01
5.121644210815429688e+01
5.114334106445312500e+01
5.131687927246093750e+01
5.117275238037109375e+01
5.129672622680664062e+01
5.110753631591796875e+01
5.100895690917968750e+01
5.114844131469726562e+01
5.077920150756835938e+01
5.091334533691406250e+01
5.088312149047851562e+01
5.072834014892578125e+01
5.071163177490234375e+01
5.076683425903320312e+01
5.063019180297851562e+01
5.062214660644531250e+01
5.052280807495117188e+01
5.055981826782226562e+01
5.032727432250976562e+01
5.042641067504882812e+01
5.039247131347656250e+01
5.017864990234375000e+01
5.031457901000976562e+01
5.025520706176757812e+01
5.029926681518554688e+01
5.003596496582031250e+01
5.003323745727539062e+01
5.029676055908203125e+01
5.011041259765625000e+01
5.004706192016601562e+01
5.009466171264648438e+01
4.993307495117187500e+01
4.974179077148437500e+01
5.022714614868164062e+01
4.982780838012695312e+01
4.987209701538085938e+01
4.967653656005859375e+01
5.118336868286132812e+01
5.814890289306640625e+01
5.647449111938476562e+01
5.415937042236328125e+01
5.693317413330078125e+01
5.448781967163085938e+01
5.403592681884765625e+01
5.385948944091796875e+01
5.342093276977539062e+01
5.335699462890625000e+01
5.302944564819335938e+01
5.292190170288085938e+01
5.266905593872070312e+01
5.253779602050781250e+01
5.252641296386718750e+01
5.243705368041992188e+01
5.214460754394531250e+01
5.211771392822265625e+01
5.212417984008789062e+01
5.193583297729492188e+01
5.193043899536132812e+01
5.182272338867187500e+01
5.176044464111328125e+01
5.172656631469726562e+01
5.174309158325195312e+01
5.155386352539062500e+01
5.158317184448242188e+01
5.157682418823242188e+01
5.143112945556640625e+01
5.137331390380859375e+01
5.150093460083007812e+01
5.122175979614257812e+01
5.123917388916015625e+01
5.114112472534179688e+01
5.112266921997070312e+01
5.103819656372070312e+01
5.103648757934570312e+01
5.102130889892578125e+01
5.091767883300781250e+01
5.089675140380859375e+01
5.082373428344726562e+01
5.078377151489257812e+01
5.064743041992187500e+01
5.073117446899414062e+01
5.065754318237304688e+01
5.048945236206054688e+01
5.057019042968750000e+01
5.050499343872070312e+01
5.039604949951171875e+01
5.039766693115234375e+01
5.025026321411132812e+01
5.038274765014648438e+01
5.025508499145507812e+01
5.017591094970703125e+01
5.014737701416015625e+01
5.005487060546875000e+01
5.006650543212890625e+01
5.006922912597656250e+01
4.990572738647460938e+01
4.999970245361328125e+01
4.992306900024414062e+01
4.989497375488281250e+01
4.991298294067382812e+01
4.959033966064453125e+01
4.970291900634765625e+01
4.969586944580078125e+01
4.965673065185546875e+01
4.960669326782226562e+01
4.961899566650390625e+01
4.945610809326171875e+01
4.935636520385742188e+01
