2.634981155395507812e+01
1.503464889526367188e+01
1.056954002380371094e+01
6.913424968719482422e+00
5.686798095703125000e+00
6.765202999114990234e+00
6.031916141510009766e+00
7.030364036560058594e+00
8.307438850402832031e+00
1.063311100006103516e+01
1.389620685577392578e+01
2.029006576538085938e+01
3.112579154968261719e+01
4.529771804809570312e+01
6.349274063110351562e+01
8.241493225097656250e+01
9.797403717041015625e+01
1.201361999511718750e+02
1.451012268066406250e+02
1.659050445556640625e+02
1.917649993896484375e+02
2.011471252441406250e+02
2.001363525390625000e+02
2.011681060791015625e+02
1.983662414550781250e+02
1.935925598144531250e+02
1.892872009277343750e+02
1.808919677734375000e+02
1.786418457031250000e+02
1.755549468994140625e+02
1.753821258544921875e+02
1.729476470947265625e+02
1.687666320800781250e+02
1.620841979980468750e+02
1.633920745849609375e+02
1.625152282714843750e+02
1.628315429687500000e+02
1.581123199462890625e+02
1.539674835205078125e+02
1.579019012451171875e+02
1.563704681396484375e+02
1.526826324462890625e+02
1.493252410888671875e+02
1.471159210205078125e+02
1.457033996582031250e+02
1.461902618408203125e+02
1.438256378173828125e+02
1.432656250000000000e+02
1.433581390380859375e+02
1.385080871582031250e+02
1.426401367187500000e+02
1.370013122558593750e+02
1.402528381347656250e+02
1.350298004150390625e+02
1.341445007324218750e+02
1.338062591552734375e+02
1.338463745117187500e+02
1.324266967773437500e+02
1.302062530517578125e+02
1.291537780761718750e+02
1.307218627929687500e+02
1.302456817626953125e+02
1.302635040283203125e+02
1.268987350463867188e+02
1.277856903076171875e+02
1.251538848876953125e+02
1.276282348632812500e+02
1.244355163574218750e+02
1.221831970214843750e+02
1.201164703369140625e+02
1.214896697998046875e+02
1.220469207763671875e+02
1.190298919677734375e+02
1.236183166503906250e+02
1.180602722167968750e+02
1.173333511352539062e+02
1.145179443359375000e+02
1.189904937744140625e+02
1.152641220092773438e+02
1.151504745483398438e+02
1.128702087402343750e+02
1.172242965698242188e+02
1.136719894409179688e+02
1.122234497070312500e+02
1.145496597290039062e+02
1.135358581542968750e+02
1.135387420654296875e+02
1.125932083129882812e+02
1.102535552978515625e+02
1.143084793090820312e+02
1.128750000000000000e+02
1.095643768310546875e+02
1.144995803833007812e+02
1.061963577270507812e+02
1.103692245483398438e+02
1.085363769531250000e+02
1.104686203002929688e+02
1.093679199218750000e+02
1.100456466674804688e+02
1.119469909667968750e+02
