1.923845481872558594e+01
7.535891056060791016e+00
6.989004611968994141e+00
1.753771972656250000e+01
5.761020278930664062e+01
3.671553039550781250e+01
3.410514831542968750e+01
7.970040130615234375e+01
1.612284545898437500e+02
1.727264862060546875e+02
2.449389038085937500e+02
3.569492492675781250e+02
4.660396423339843750e+02
5.379064331054687500e+02
5.321292724609375000e+02
5.058315124511718750e+02
4.739726562500000000e+02
4.324800720214843750e+02
3.980029602050781250e+02
3.738953247070312500e+02
3.553906250000000000e+02
3.370399780273437500e+02
3.226325378417968750e+02
3.133785400390625000e+02
3.091118774414062500e+02
2.999561462402343750e+02
2.840787963867187500e+02
2.817169494628906250e+02
2.760620422363281250e+02
2.714496459960937500e+02
2.678881530761718750e+02
2.665455322265625000e+02
2.607251281738281250e+02
2.546761779785156250e+02
2.549360809326171875e+02
2.564197692871093750e+02
2.525900726318359375e+02
2.519563140869140625e+02
2.488557586669921875e+02
2.477180328369140625e+02
2.444829406738281250e+02
2.474655303955078125e+02
2.398494720458984375e+02
2.400488433837890625e+02
2.469137115478515625e+02
2.415397338867187500e+02
2.393152923583984375e+02
2.446866760253906250e+02
2.388631591796875000e+02
2.418486328125000000e+02
2.385260009765625000e+02
2.382217712402343750e+02
2.399719848632812500e+02
2.401549072265625000e+02
2.365088500976562500e+02
2.348292083740234375e+02
2.397785949707031250e+02
2.363471221923828125e+02
2.354924316406250000e+02
2.346107025146484375e+02
2.330997161865234375e+02
2.317340087890625000e+02
2.309348754882812500e+02
2.298285827636718750e+02
2.283780975341796875e+02
2.273042755126953125e+02
2.247837219238281250e+02
2.272693176269531250e+02
2.263355712890625000e+02
2.232081604003906250e+02
2.215348052978515625e+02
2.204675140380859375e+02
2.188578338623046875e+02
2.169873504638671875e+02
2.174696502685546875e+02
2.153414001464843750e+02
2.144539794921875000e+02
2.160025939941406250e+02
2.177643890380859375e+02
2.159346466064453125e+02
2.136778717041015625e+02
2.117291564941406250e+02
2.112771301269531250e+02
2.120356597900390625e+02
2.110912170410156250e+02
2.075985565185546875e+02
2.090438995361328125e+02
2.106088409423828125e+02
2.108699798583984375e+02
2.097235412597656250e+02
2.044642791748046875e+02
2.041864624023437500e+02
2.059963073730468750e+02
2.043185729980468750e+02
2.103905029296875000e+02
2.049073638916015625e+02
2.030118408203125000e+02
1.986439361572265625e+02
2.012013397216796875e+02
2.005949401855468750e+02
1.995917358398437500e+02
2.014742736816406250e+02
1.992825012207031250e+02
1.980926513671875000e+02
1.971365509033203125e+02
1.969693145751953125e+02
1.971817321777343750e+02
1.958619689941406250e+02
1.946666259765625000e+02
1.946964721679687500e+02
1.949993896484375000e+02
1.930847778320312500e+02
1.939557037353515625e+02
1.945343322753906250e+02
1.904599761962890625e+02
1.917686004638671875e+02
1.918679504394531250e+02
1.916233978271484375e+02
1.901822662353515625e+02
1.880165252685546875e+02
1.881657257080078125e+02
1.886685638427734375e+02
1.875710449218750000e+02
1.865470428466796875e+02
1.883054962158203125e+02
1.859105072021484375e+02
1.855621795654296875e+02
1.854425659179687500e+02
1.856129913330078125e+02
1.836652984619140625e+02
1.827544555664062500e+02
1.851397552490234375e+02
1.829239959716796875e+02
1.834573364257812500e+02
1.869183349609375000e+02
1.832942199707031250e+02
1.823044281005859375e+02
1.842044219970703125e+02
1.819039611816406250e+02
1.825076293945312500e+02
1.800644683837890625e+02
1.778135986328125000e+02
1.807043304443359375e+02
1.780258941650390625e+02
1.796586303710937500e+02
1.817297515869140625e+02
1.869605407714843750e+02
1.809938201904296875e+02
1.825470886230468750e+02
1.809433593750000000e+02
1.812004547119140625e+02
1.787922973632812500e+02
1.801581726074218750e+02
1.781332244873046875e+02
1.799180908203125000e+02
1.780871734619140625e+02
1.787453460693359375e+02
1.784807891845703125e+02
1.800700836181640625e+02
1.783517303466796875e+02
1.769487609863281250e+02
1.762299194335937500e+02
1.754886322021484375e+02
1.752316741943359375e+02
1.749404602050781250e+02
1.750732574462890625e+02
1.749041748046875000e+02
1.745148162841796875e+02
1.742837371826171875e+02
1.749055480957031250e+02
1.736260833740234375e+02
1.751089172363281250e+02
1.733387298583984375e+02
1.762164764404296875e+02
1.745287017822265625e+02
1.705354919433593750e+02
1.751177673339843750e+02
1.721822662353515625e+02
1.731080627441406250e+02
1.733976440429687500e+02
1.778932952880859375e+02
1.751539154052734375e+02
1.732980651855468750e+02
1.724392852783203125e+02
1.729222564697265625e+02
1.786665344238281250e+02
1.790550384521484375e+02
1.832987518310546875e+02
1.818036041259765625e+02
1.812199554443359375e+02
1.751317901611328125e+02
1.765468139648437500e+02
1.750369873046875000e+02
1.742989044189453125e+02
1.739494018554687500e+02
1.731616210937500000e+02
1.717634277343750000e+02
1.725755462646484375e+02
1.709417419433593750e+02
1.697581024169921875e+02
1.694217681884765625e+02
1.701147918701171875e+02
1.685420532226562500e+02
1.673042907714843750e+02
1.673855285644531250e+02
1.665475769042968750e+02
1.659001770019531250e+02
1.650947418212890625e+02
1.644553070068359375e+02
1.642116088867187500e+02
1.636950836181640625e+02
1.633943481445312500e+02
1.625955200195312500e+02
1.624691772460937500e+02
1.619382476806640625e+02
1.612954711914062500e+02
1.610798187255859375e+02
1.611072387695312500e+02
1.607887725830078125e+02
1.611398620605468750e+02
1.596474609375000000e+02
1.603725891113281250e+02
1.594857482910156250e+02
1.582534484863281250e+02
1.589111328125000000e+02
1.584570922851562500e+02
1.585945281982421875e+02
1.573025665283203125e+02
1.575155334472656250e+02
1.569275817871093750e+02
1.575619812011718750e+02
1.575070495605468750e+02
1.574392242431640625e+02
1.564947662353515625e+02
1.560375518798828125e+02
1.561864013671875000e+02
1.554180450439453125e+02
1.566502227783203125e+02
1.549579620361328125e+02
1.550777587890625000e+02
1.542610931396484375e+02
1.546338958740234375e+02
1.538528747558593750e+02
1.547352447509765625e+02
1.530295715332031250e+02
1.529949035644531250e+02
1.538883209228515625e+02
1.531329498291015625e+02
1.554205627441406250e+02
1.534943847656250000e+02
1.527316894531250000e+02
1.534832916259765625e+02
1.528151855468750000e+02
1.522191314697265625e+02
1.526685638427734375e+02
1.518825988769531250e+02
1.515807037353515625e+02
1.513205108642578125e+02
1.520270538330078125e+02
1.509779968261718750e+02
1.522826690673828125e+02
1.511326446533203125e+02
1.516015472412109375e+02
1.506019592285156250e+02
1.509148101806640625e+02
1.510922851562500000e+02
1.493196716308593750e+02
1.503083190917968750e+02
1.503019866943359375e+02
1.492903289794921875e+02
1.504987335205078125e+02
1.495547332763671875e+02
1.493064270019531250e+02
1.499279937744140625e+02
1.481917724609375000e+02
1.471767272949218750e+02
1.507530364990234375e+02
1.503959350585937500e+02
1.492860870361328125e+02
1.483504638671875000e+02
1.487116546630859375e+02
1.465170898437500000e+02
1.470081329345703125e+02
1.460620422363281250e+02
1.468932952880859375e+02
1.463570251464843750e+02
1.459030456542968750e+02
1.457760009765625000e+02
1.454450683593750000e+02
1.457523498535156250e+02
1.473477783203125000e+02
1.549595947265625000e+02
1.493271789550781250e+02
1.520848693847656250e+02
1.543361053466796875e+02
1.543205871582031250e+02
1.526566467285156250e+02
1.511617736816406250e+02
1.508628845214843750e+02
1.496722564697265625e+02
1.491674041748046875e+02
1.491692352294921875e+02
1.483180541992187500e+02
1.473202209472656250e+02
1.479014129638671875e+02
1.473785552978515625e+02
1.467893829345703125e+02
1.461555633544921875e+02
1.460900268554687500e+02
1.460367279052734375e+02
1.458658752441406250e+02
1.452961273193359375e+02
1.448623657226562500e+02
1.448093719482421875e+02
1.442721862792968750e+02
1.442317810058593750e+02
1.444538879394531250e+02
1.432266540527343750e+02
1.436681976318359375e+02
1.429679870605468750e+02
1.427669677734375000e+02
1.424466094970703125e+02
1.428592529296875000e+02
1.420568389892578125e+02
1.421874389648437500e+02
1.416446075439453125e+02
1.416639251708984375e+02
1.409671020507812500e+02
1.411213531494140625e+02
1.408293609619140625e+02
1.405930633544921875e+02
1.400052642822265625e+02
1.402290802001953125e+02
1.394780731201171875e+02
1.398637542724609375e+02
1.388596801757812500e+02
1.390247802734375000e+02
1.387110137939453125e+02
1.378272705078125000e+02
1.382228698730468750e+02
1.382444458007812500e+02
1.372098541259765625e+02
1.376959686279296875e+02
1.364745941162109375e+02
1.366934814453125000e+02
1.364748229980468750e+02
1.362481536865234375e+02
1.357844238281250000e+02
1.353056640625000000e+02
1.352884674072265625e+02
1.348520812988281250e+02
1.348496551513671875e+02
1.343380432128906250e+02
1.340344390869140625e+02
1.336490173339843750e+02
1.340102691650390625e+02
1.333868713378906250e+02
1.329915771484375000e+02
1.328361206054687500e+02
1.324488220214843750e+02
1.321502990722656250e+02
1.319290466308593750e+02
1.321493377685546875e+02
1.314011077880859375e+02
1.315802459716796875e+02
1.308877716064453125e+02
1.306661376953125000e+02
1.302974853515625000e+02
1.302003631591796875e+02
1.296766815185546875e+02
1.294706115722656250e+02
1.292473449707031250e+02
1.289386749267578125e+02
1.287844390869140625e+02
1.283714752197265625e+02
1.282993164062500000e+02
1.278569869995117188e+02
1.277336578369140625e+02
1.268791427612304688e+02
1.271193542480468750e+02
1.266387405395507812e+02
1.265802230834960938e+02
1.261469802856445312e+02
1.257564315795898438e+02
1.252179412841796875e+02
1.250737762451171875e+02
1.252144927978515625e+02
1.246985931396484375e+02
1.245927047729492188e+02
1.238546752929687500e+02
1.233843765258789062e+02
1.235491561889648438e+02
1.233179855346679688e+02
1.230009002685546875e+02
1.225979156494140625e+02
1.219182815551757812e+02
1.218113555908203125e+02
1.220465698242187500e+02
1.214434814453125000e+02
1.208683395385742188e+02
1.213987884521484375e+02
1.204526214599609375e+02
1.204443359375000000e+02
1.199813995361328125e+02
1.192617950439453125e+02
1.195588912963867188e+02
1.195078582763671875e+02
1.188286666870117188e+02
1.185900344848632812e+02
1.183126754760742188e+02
1.180058288574218750e+02
1.178913345336914062e+02
1.173061828613281250e+02
1.170955276489257812e+02
1.169208755493164062e+02
1.168362960815429688e+02
1.163176651000976562e+02
1.161470565795898438e+02
1.158357315063476562e+02
1.155331192016601562e+02
1.151331863403320312e+02
1.153051986694335938e+02
1.144667129516601562e+02
1.141765365600585938e+02
1.143596878051757812e+02
1.139438323974609375e+02
1.136104354858398438e+02
1.135069503784179688e+02
1.131067276000976562e+02
1.132197189331054688e+02
1.123680572509765625e+02
1.133467254638671875e+02
1.122158966064453125e+02
1.134587402343750000e+02
1.140465240478515625e+02
1.124516448974609375e+02
1.119760360717773438e+02
1.117351913452148438e+02
1.112151336669921875e+02
1.108204650878906250e+02
1.104155578613281250e+02
1.111397933959960938e+02
1.096701507568359375e+02
1.097347488403320312e+02
1.099916305541992188e+02
1.092672576904296875e+02
1.089383468627929688e+02
1.085799713134765625e+02
1.087378692626953125e+02
1.085527191162109375e+02
1.081763610839843750e+02
1.079613876342773438e+02
1.078541336059570312e+02
1.075517349243164062e+02
1.078083190917968750e+02
1.073723602294921875e+02
1.069477691650390625e+02
1.067013702392578125e+02
1.065723724365234375e+02
1.059647140502929688e+02
1.063591384887695312e+02
1.060415115356445312e+02
1.054642333984375000e+02
1.050307464599609375e+02
1.055386123657226562e+02
1.050285110473632812e+02
1.050141220092773438e+02
1.039071502685546875e+02
1.047102584838867188e+02
1.042527313232421875e+02
1.040560150146484375e+02
1.036352310180664062e+02
1.036686553955078125e+02
1.029485702514648438e+02
1.033582534790039062e+02
1.028817062377929688e+02
1.025330352783203125e+02
1.022137298583984375e+02
1.026284942626953125e+02
1.023549041748046875e+02
1.025256042480468750e+02
1.042855682373046875e+02
1.128455734252929688e+02
1.132670288085937500e+02
1.091871109008789062e+02
1.121062545776367188e+02
1.125916824340820312e+02
1.095657806396484375e+02
1.101444625854492188e+02
1.097504806518554688e+02
1.097273178100585938e+02
1.093178253173828125e+02
1.087364654541015625e+02
1.086376495361328125e+02
1.082506027221679688e+02
1.079386444091796875e+02
1.077784652709960938e+02
1.079066314697265625e+02
1.071483840942382812e+02
1.073001632690429688e+02
1.069573211669921875e+02
1.068770294189453125e+02
1.066162338256835938e+02
1.066891555786132812e+02
1.062025070190429688e+02
1.061749649047851562e+02
1.058486251831054688e+02
1.057378921508789062e+02
1.056573104858398438e+02
1.053361206054687500e+02
1.051551895141601562e+02
1.051162414550781250e+02
1.047059783935546875e+02
1.047211532592773438e+02
1.044479217529296875e+02
1.043929901123046875e+02
1.042424240112304688e+02
1.039196395874023438e+02
1.038391952514648438e+02
1.037160110473632812e+02
1.035017242431640625e+02
1.031577453613281250e+02
1.035325317382812500e+02
1.029345169067382812e+02
1.029145050048828125e+02
1.030049133300781250e+02
1.025828399658203125e+02
1.024181518554687500e+02
1.021147460937500000e+02
1.023393859863281250e+02
1.018653106689453125e+02
1.016950836181640625e+02
1.017688446044921875e+02
1.014764480590820312e+02
1.013868560791015625e+02
1.013124542236328125e+02
1.013252258300781250e+02
1.010551528930664062e+02
1.008823242187500000e+02
1.008756713867187500e+02
1.005764007568359375e+02
1.006215667724609375e+02
1.002947769165039062e+02
1.003349380493164062e+02
1.002331008911132812e+02
1.000126647949218750e+02
9.983274078369140625e+01
9.974307250976562500e+01
9.967034912109375000e+01
9.951233673095703125e+01
9.937879943847656250e+01
9.917572021484375000e+01
9.920757293701171875e+01
9.893750000000000000e+01
9.900438690185546875e+01
9.884216308593750000e+01
9.854490661621093750e+01
9.863643646240234375e+01
9.823995971679687500e+01
9.825485229492187500e+01
9.811509704589843750e+01
9.814818572998046875e+01
9.784803009033203125e+01
9.783304595947265625e+01
9.782355499267578125e+01
9.754930877685546875e+01
9.736898803710937500e+01
9.702554321289062500e+01
9.721231079101562500e+01
9.690311431884765625e+01
9.690238189697265625e+01
9.692800903320312500e+01
9.662697601318359375e+01
9.650102996826171875e+01
9.643224334716796875e+01
9.636701202392578125e+01
9.636606597900390625e+01
9.596951293945312500e+01
9.594600677490234375e+01
9.593856811523437500e+01
9.573559570312500000e+01
9.544060516357421875e+01
9.541799926757812500e+01
9.527053070068359375e+01
9.519841003417968750e+01
9.497218322753906250e+01
9.507667541503906250e+01
9.495269775390625000e+01
9.462841033935546875e+01
9.449298095703125000e+01
9.485325622558593750e+01
9.445941162109375000e+01
9.418400573730468750e+01
9.405146789550781250e+01
9.394071960449218750e+01
9.400817871093750000e+01
9.363402557373046875e+01
9.370549011230468750e+01
9.360807800292968750e+01
9.345344543457031250e+01
9.333232116699218750e+01
9.308687591552734375e+01
9.312450408935546875e+01
9.274028778076171875e+01
9.261202239990234375e+01
9.257091522216796875e+01
9.240621948242187500e+01
9.224866485595703125e+01
9.231623840332031250e+01
9.201101684570312500e+01
9.215876770019531250e+01
9.222525787353515625e+01
9.190220642089843750e+01
9.167950439453125000e+01
9.166310119628906250e+01
9.141262817382812500e+01
9.126459503173828125e+01
9.112002563476562500e+01
9.086639404296875000e+01
9.089978790283203125e+01
9.084985351562500000e+01
9.074678039550781250e+01
9.044621276855468750e+01
9.021055603027343750e+01
9.035654449462890625e+01
9.016113281250000000e+01
9.015522003173828125e+01
8.963068389892578125e+01
8.998346710205078125e+01
8.998308563232421875e+01
8.961222076416015625e+01
8.954978942871093750e+01
8.930891418457031250e+01
8.911740112304687500e+01
8.904289245605468750e+01
8.913507080078125000e+01
8.873669433593750000e+01
8.878643035888671875e+01
8.847885131835937500e+01
8.841175842285156250e+01
8.838016510009765625e+01
8.833094787597656250e+01
8.820880126953125000e+01
8.806477355957031250e+01
8.800024414062500000e+01
8.781273651123046875e+01
8.752586364746093750e+01
8.739493560791015625e+01
8.760515594482421875e+01
8.718440246582031250e+01
8.688873291015625000e+01
8.696868133544921875e+01
8.732332611083984375e+01
8.679379272460937500e+01
8.670672607421875000e+01
8.668610382080078125e+01
8.630664825439453125e+01
8.621949768066406250e+01
8.632158660888671875e+01
8.616328430175781250e+01
8.611796569824218750e+01
8.599023437500000000e+01
8.582688903808593750e+01
8.595574951171875000e+01
8.581989288330078125e+01
8.540449523925781250e+01
8.520101928710937500e+01
8.514117431640625000e+01
8.492717742919921875e+01
8.513876342773437500e+01
8.479106140136718750e+01
8.486357879638671875e+01
8.451216125488281250e+01
8.477143096923828125e+01
8.443885803222656250e+01
8.416101837158203125e+01
8.477262115478515625e+01
8.438304138183593750e+01
8.461127471923828125e+01
8.425121307373046875e+01
8.435327911376953125e+01
8.404261779785156250e+01
8.397156524658203125e+01
8.343613433837890625e+01
8.345339965820312500e+01
8.327956390380859375e+01
8.301284027099609375e+01
8.280129241943359375e+01
8.267177581787109375e+01
8.284974670410156250e+01
8.264228820800781250e+01
8.268682861328125000e+01
8.247753143310546875e+01
8.217351531982421875e+01
8.177089691162109375e+01
8.195662689208984375e+01
8.190886688232421875e+01
8.148001098632812500e+01
8.172787475585937500e+01
8.156597137451171875e+01
8.138167572021484375e+01
8.111845397949218750e+01
8.097854614257812500e+01
8.119436645507812500e+01
8.097289276123046875e+01
8.094804382324218750e+01
8.050194549560546875e+01
8.084131622314453125e+01
8.068497467041015625e+01
8.077899169921875000e+01
8.021954345703125000e+01
8.028738403320312500e+01
8.017587280273437500e+01
7.982398986816406250e+01
8.039955902099609375e+01
8.018464660644531250e+01
7.966925048828125000e+01
7.951346588134765625e+01
7.966711425781250000e+01
7.936510467529296875e+01
7.970334625244140625e+01
7.956399536132812500e+01
8.020989227294921875e+01
9.722628784179687500e+01
8.055557250976562500e+01
8.570170593261718750e+01
8.414388275146484375e+01
8.651630401611328125e+01
8.715120697021484375e+01
8.661626434326171875e+01
8.838852691650390625e+01
8.849591827392578125e+01
8.785060882568359375e+01
8.792502593994140625e+01
8.737187957763671875e+01
8.700992584228515625e+01
8.671257019042968750e+01
8.658686828613281250e+01
8.627803802490234375e+01
8.623438262939453125e+01
8.597315216064453125e+01
8.582314300537109375e+01
8.567712402343750000e+01
8.548764038085937500e+01
8.539871215820312500e+01
8.527105712890625000e+01
8.512835693359375000e+01
8.494820404052734375e+01
8.489577484130859375e+01
8.472594451904296875e+01
8.466488647460937500e+01
8.456751251220703125e+01
8.447596740722656250e+01
8.433355712890625000e+01
8.414209747314453125e+01
8.412226867675781250e+01
8.409330749511718750e+01
8.406951904296875000e+01
8.384610748291015625e+01
8.377380371093750000e+01
8.365591430664062500e+01
8.378038024902343750e+01
8.343114471435546875e+01
8.345810699462890625e+01
8.331919097900390625e+01
8.326562500000000000e+01
8.323529052734375000e+01
8.315447998046875000e+01
8.297539520263671875e+01
8.303417205810546875e+01
8.277655792236328125e+01
8.276946258544921875e+01
8.264716339111328125e+01
8.267147064208984375e+01
8.245501708984375000e+01
8.243363189697265625e+01
8.238939666748046875e+01
8.228637695312500000e+01
8.221788024902343750e+01
8.209960937500000000e+01
8.201842498779296875e+01
8.206938934326171875e+01
8.184020996093750000e+01
8.197507476806640625e+01
8.181480407714843750e+01
8.166169738769531250e+01
8.154238891601562500e+01
8.159363555908203125e+01
8.136323547363281250e+01
8.134484863281250000e+01
8.121469879150390625e+01
8.119793701171875000e+01
8.107134246826171875e+01
8.086125946044921875e+01
8.105308532714843750e+01
8.086767578125000000e+01
8.079148864746093750e+01
8.073593139648437500e+01
8.065685272216796875e+01
8.067329406738281250e+01
8.048448181152343750e+01
8.034666442871093750e+01
8.033168029785156250e+01
8.028096771240234375e+01
8.026031494140625000e+01
8.008384704589843750e+01
7.995954895019531250e+01
7.994209289550781250e+01
7.999377441406250000e+01
7.989588165283203125e+01
7.974577331542968750e+01
7.971193695068359375e+01
7.975811767578125000e+01
7.963603210449218750e+01
7.950302124023437500e+01
7.928124237060546875e+01
7.936025238037109375e+01
7.938380432128906250e+01
7.908741760253906250e+01
7.913367462158203125e+01
7.894761657714843750e+01
7.877743530273437500e+01
7.874192047119140625e+01
7.881673431396484375e+01
7.875130462646484375e+01
7.856319427490234375e+01
7.848484802246093750e+01
7.844375610351562500e+01
7.841513061523437500e+01
7.831142425537109375e+01
7.825913238525390625e+01
7.814886474609375000e+01
7.802491760253906250e+01
7.800765228271484375e+01
7.791383361816406250e+01
7.790921020507812500e+01
7.771421051025390625e+01
7.758720397949218750e+01
7.754447937011718750e+01
7.744945526123046875e+01
7.745632934570312500e+01
7.722490692138671875e+01
7.714353942871093750e+01
7.712486267089843750e+01
7.694091796875000000e+01
7.700093078613281250e+01
7.668393707275390625e+01
7.692948913574218750e+01
7.675387573242187500e+01
7.682325744628906250e+01
7.650344848632812500e+01
7.659448242187500000e+01
7.647348022460937500e+01
7.639139556884765625e+01
7.623816680908203125e+01
7.614247131347656250e+01
7.613752746582031250e+01
7.609258270263671875e+01
7.584262847900390625e+01
7.586853027343750000e+01
7.577152252197265625e+01
7.575042724609375000e+01
7.554270172119140625e+01
7.546849822998046875e+01
7.543214416503906250e+01
7.541166687011718750e+01
7.522841644287109375e+01
7.536726379394531250e+01
7.500444030761718750e+01
7.488507080078125000e+01
7.492716979980468750e+01
7.494904327392578125e+01
7.476544189453125000e+01
7.488137054443359375e+01
7.466574096679687500e+01
7.473847198486328125e+01
7.439453887939453125e+01
7.441439819335937500e+01
7.438275909423828125e+01
7.448954010009765625e+01
7.404579925537109375e+01
7.418510437011718750e+01
7.414060211181640625e+01
7.400536346435546875e+01
7.423587799072265625e+01
7.376042175292968750e+01
7.389974212646484375e+01
7.386253356933593750e+01
7.375128936767578125e+01
7.367198181152343750e+01
7.369419860839843750e+01
7.342609405517578125e+01
7.357733917236328125e+01
7.341145324707031250e+01
7.333235168457031250e+01
7.331059265136718750e+01
7.304182434082031250e+01
7.297689819335937500e+01
7.298983764648437500e+01
7.291670227050781250e+01
7.302902984619140625e+01
7.270386505126953125e+01
7.255362701416015625e+01
7.264322662353515625e+01
7.254950714111328125e+01
7.247433471679687500e+01
7.222836303710937500e+01
7.244989013671875000e+01
7.222822570800781250e+01
7.199816131591796875e+01
7.196885681152343750e+01
7.213033294677734375e+01
7.207146453857421875e+01
7.195920562744140625e+01
7.171855926513671875e+01
7.200820922851562500e+01
7.164174652099609375e+01
7.171071624755859375e+01
7.146684265136718750e+01
7.144975280761718750e+01
7.161001586914062500e+01
7.148274993896484375e+01
7.144384002685546875e+01
7.139567565917968750e+01
7.138116455078125000e+01
7.149654388427734375e+01
7.106941223144531250e+01
7.088896942138671875e+01
7.087656402587890625e+01
7.061018371582031250e+01
7.093667602539062500e+01
7.040489196777343750e+01
7.070588684082031250e+01
7.062154388427734375e+01
7.036534118652343750e+01
7.017281341552734375e+01
7.039385986328125000e+01
7.020886230468750000e+01
7.013375854492187500e+01
7.031369018554687500e+01
6.994522094726562500e+01
6.998242950439453125e+01
6.996570587158203125e+01
6.988614654541015625e+01
6.974749755859375000e+01
7.003704071044921875e+01
6.987960052490234375e+01
6.994915008544921875e+01
6.943906402587890625e+01
6.934581756591796875e+01
6.950355529785156250e+01
6.946655273437500000e+01
6.951341247558593750e+01
6.912319946289062500e+01
6.931626129150390625e+01
6.923304748535156250e+01
6.969088745117187500e+01
6.909117126464843750e+01
6.933481597900390625e+01
6.878771972656250000e+01
6.882902526855468750e+01
6.884133911132812500e+01
6.895394897460937500e+01
6.886585235595703125e+01
6.865155792236328125e+01
6.848360443115234375e+01
6.838261413574218750e+01
6.811861419677734375e+01
6.833815765380859375e+01
6.806502532958984375e+01
6.803476715087890625e+01
6.785894012451171875e+01
6.815995788574218750e+01
6.852854919433593750e+01
6.790473937988281250e+01
6.783790588378906250e+01
6.807451629638671875e+01
6.756337738037109375e+01
6.757622528076171875e+01
6.746937561035156250e+01
6.738994598388671875e+01
6.771312713623046875e+01
6.706172180175781250e+01
6.722499847412109375e+01
6.717237854003906250e+01
6.717285919189453125e+01
6.691446685791015625e+01
6.727975463867187500e+01
6.682457733154296875e+01
6.691556549072265625e+01
6.676526641845703125e+01
6.667216491699218750e+01
6.633480834960937500e+01
6.663256835937500000e+01
6.637090301513671875e+01
6.666995239257812500e+01
6.643984222412109375e+01
6.622488403320312500e+01
6.616252136230468750e+01
6.607551574707031250e+01
