6.859401226043701172e+00
3.795489311218261719e+00
3.096164941787719727e+00
5.757372379302978516e+00
3.662698745727539062e+01
2.011267700195312500e+02
1.191050720214843750e+02
9.155323791503906250e+01
7.322853088378906250e+01
5.576653671264648438e+01
3.420008468627929688e+01
3.283532714843750000e+01
4.428815460205078125e+01
5.738252639770507812e+01
6.713565063476562500e+01
9.103102111816406250e+01
1.218828353881835938e+02
1.514420471191406250e+02
1.713750457763671875e+02
1.721013793945312500e+02
1.680206146240234375e+02
1.654653015136718750e+02
1.611622314453125000e+02
1.599983825683593750e+02
1.569886322021484375e+02
1.536251678466796875e+02
1.570915222167968750e+02
1.514602355957031250e+02
1.512439880371093750e+02
1.516525726318359375e+02
1.543337097167968750e+02
1.485714263916015625e+02
1.458614044189453125e+02
1.456155853271484375e+02
1.490286254882812500e+02
1.454908142089843750e+02
1.403842468261718750e+02
1.420229187011718750e+02
1.431877746582031250e+02
1.341463928222656250e+02
1.402479858398437500e+02
1.371874389648437500e+02
1.353072204589843750e+02
1.341376495361328125e+02
1.307500000000000000e+02
1.315274047851562500e+02
1.303651275634765625e+02
1.290288543701171875e+02
1.274562683105468750e+02
1.287683105468750000e+02
1.283283996582031250e+02
1.210156021118164062e+02
1.247684020996093750e+02
1.206331787109375000e+02
1.208638763427734375e+02
1.208149871826171875e+02
1.185935668945312500e+02
1.192859420776367188e+02
1.186287612915039062e+02
1.145696258544921875e+02
1.145981369018554688e+02
1.165908889770507812e+02
1.134599685668945312e+02
1.132167053222656250e+02
1.121795272827148438e+02
1.136251373291015625e+02
1.104080581665039062e+02
1.101848449707031250e+02
1.089288330078125000e+02
1.091099166870117188e+02
1.061135177612304688e+02
1.107018508911132812e+02
1.081738510131835938e+02
1.053669204711914062e+02
1.065287857055664062e+02
1.052949905395507812e+02
1.044257659912109375e+02
1.012556915283203125e+02
1.008379516601562500e+02
1.033658981323242188e+02
1.033389739990234375e+02
1.020264587402343750e+02
1.020822448730468750e+02
1.035256347656250000e+02
1.007466888427734375e+02
9.883396911621093750e+01
9.770295715332031250e+01
9.874980926513671875e+01
9.710424804687500000e+01
9.758483123779296875e+01
9.777000427246093750e+01
9.511766052246093750e+01
9.682373809814453125e+01
9.567238616943359375e+01
9.561476135253906250e+01
9.672012329101562500e+01
9.496451568603515625e+01
9.658970642089843750e+01
9.673332977294921875e+01
9.680033874511718750e+01
9.148440551757812500e+01
9.454482269287109375e+01
9.504388427734375000e+01
9.559963226318359375e+01
9.572981262207031250e+01
9.421922302246093750e+01
9.384436035156250000e+01
9.377289581298828125e+01
9.677831268310546875e+01
9.363500213623046875e+01
9.460882568359375000e+01
9.480107116699218750e+01
9.580070495605468750e+01
9.583764648437500000e+01
9.781183624267578125e+01
9.392032623291015625e+01
9.600100708007812500e+01
9.374919891357421875e+01
9.535362243652343750e+01
9.411238098144531250e+01
9.136167144775390625e+01
9.416368865966796875e+01
9.333282470703125000e+01
9.281858825683593750e+01
9.516500854492187500e+01
9.381164550781250000e+01
9.079917144775390625e+01
9.097155761718750000e+01
8.927815246582031250e+01
9.060232543945312500e+01
9.193926239013671875e+01
9.100949859619140625e+01
8.893663787841796875e+01
8.965294647216796875e+01
9.113769531250000000e+01
8.660881042480468750e+01
8.957866668701171875e+01
9.033454895019531250e+01
8.724208831787109375e+01
8.910855102539062500e+01
8.860365295410156250e+01
8.575437164306640625e+01
8.775344085693359375e+01
8.541397094726562500e+01
8.537825012207031250e+01
8.532176208496093750e+01
8.491444396972656250e+01
8.371198272705078125e+01
8.481645202636718750e+01
8.320427703857421875e+01
8.502872467041015625e+01
8.154872894287109375e+01
8.372303009033203125e+01
8.146166992187500000e+01
8.281690979003906250e+01
8.224659729003906250e+01
8.077603912353515625e+01
8.053471374511718750e+01
8.084821319580078125e+01
7.901438140869140625e+01
7.931266784667968750e+01
8.016924285888671875e+01
8.578044128417968750e+01
7.902487945556640625e+01
7.920280456542968750e+01
7.965113067626953125e+01
7.910160064697265625e+01
7.793234252929687500e+01
7.785794067382812500e+01
7.737213897705078125e+01
7.742924499511718750e+01
7.668292236328125000e+01
7.697009277343750000e+01
7.670308685302734375e+01
7.653459167480468750e+01
7.614703369140625000e+01
7.622639465332031250e+01
7.638523101806640625e+01
7.543784332275390625e+01
7.477453613281250000e+01
7.500526428222656250e+01
7.533931732177734375e+01
7.444918823242187500e+01
7.444293975830078125e+01
7.396988677978515625e+01
7.485122680664062500e+01
7.390589141845703125e+01
7.454471588134765625e+01
7.317443084716796875e+01
7.467057037353515625e+01
7.326937103271484375e+01
7.341961669921875000e+01
7.285688018798828125e+01
7.328311157226562500e+01
7.306786346435546875e+01
7.282489013671875000e+01
7.354083251953125000e+01
7.281829833984375000e+01
7.240570068359375000e+01
7.243623352050781250e+01
7.206629943847656250e+01
7.166121673583984375e+01
7.213299560546875000e+01
7.210234069824218750e+01
7.157688903808593750e+01
7.161563873291015625e+01
7.192897796630859375e+01
7.171144866943359375e+01
7.207756805419921875e+01
7.088077545166015625e+01
7.196469116210937500e+01
7.122761535644531250e+01
7.210650634765625000e+01
7.603260803222656250e+01
7.096533203125000000e+01
7.451261138916015625e+01
7.267412567138671875e+01
7.416564941406250000e+01
7.286610412597656250e+01
7.403054046630859375e+01
7.254545593261718750e+01
7.339351654052734375e+01
7.301198577880859375e+01
7.251979827880859375e+01
7.344229125976562500e+01
7.304328155517578125e+01
7.314318847656250000e+01
7.233728027343750000e+01
7.300782012939453125e+01
7.299082183837890625e+01
7.340193176269531250e+01
7.327813720703125000e+01
7.125388336181640625e+01
7.314661407470703125e+01
7.344122314453125000e+01
7.356751251220703125e+01
7.445005798339843750e+01
7.467736053466796875e+01
8.053944396972656250e+01
8.302522277832031250e+01
7.765547943115234375e+01
7.940322113037109375e+01
7.765146636962890625e+01
7.651383209228515625e+01
7.633138275146484375e+01
7.642770385742187500e+01
7.657032012939453125e+01
7.615105438232421875e+01
7.637223815917968750e+01
7.591853332519531250e+01
7.548103332519531250e+01
7.618890380859375000e+01
7.598422241210937500e+01
7.668927001953125000e+01
7.487317657470703125e+01
7.515167999267578125e+01
7.649515533447265625e+01
7.506529235839843750e+01
7.559899902343750000e+01
7.659164428710937500e+01
7.670671081542968750e+01
7.535023498535156250e+01
7.594924926757812500e+01
7.687436676025390625e+01
7.540613555908203125e+01
7.542248535156250000e+01
7.579917144775390625e+01
7.557863616943359375e+01
7.603147888183593750e+01
7.596101379394531250e+01
7.555888366699218750e+01
7.664279174804687500e+01
7.553343200683593750e+01
7.613555908203125000e+01
7.604399871826171875e+01
7.607814788818359375e+01
7.563290405273437500e+01
7.639424896240234375e+01
7.592799377441406250e+01
7.673545837402343750e+01
7.891799163818359375e+01
7.653197479248046875e+01
7.661029052734375000e+01
7.706977081298828125e+01
7.631104278564453125e+01
7.687714385986328125e+01
7.617957305908203125e+01
7.625294494628906250e+01
7.593368530273437500e+01
7.540272521972656250e+01
7.565109252929687500e+01
7.646207427978515625e+01
7.648821258544921875e+01
7.624096679687500000e+01
7.651520538330078125e+01
7.582032012939453125e+01
7.669274139404296875e+01
7.630180358886718750e+01
7.656966400146484375e+01
7.622380065917968750e+01
7.669265747070312500e+01
7.781383514404296875e+01
7.587753295898437500e+01
7.669294738769531250e+01
7.667096710205078125e+01
7.638644409179687500e+01
7.620153045654296875e+01
7.612934875488281250e+01
7.742588043212890625e+01
7.672180938720703125e+01
7.616731262207031250e+01
7.727390289306640625e+01
7.585498809814453125e+01
7.612158966064453125e+01
7.671126556396484375e+01
7.625976562500000000e+01
7.571942901611328125e+01
7.627114868164062500e+01
7.637516021728515625e+01
7.577349853515625000e+01
7.613467407226562500e+01
7.677900695800781250e+01
7.665665435791015625e+01
7.619193267822265625e+01
8.190418243408203125e+01
7.538511657714843750e+01
7.730104064941406250e+01
7.590488433837890625e+01
7.638581085205078125e+01
7.813612365722656250e+01
7.556073760986328125e+01
7.672623443603515625e+01
7.565594482421875000e+01
7.681999969482421875e+01
7.587271881103515625e+01
7.594080352783203125e+01
7.694912719726562500e+01
7.582139587402343750e+01
7.607434082031250000e+01
7.604000091552734375e+01
7.626314544677734375e+01
7.590735626220703125e+01
7.672827148437500000e+01
7.614833831787109375e+01
7.622576141357421875e+01
7.669026184082031250e+01
7.642778778076171875e+01
7.587504577636718750e+01
7.625444793701171875e+01
7.718380737304687500e+01
7.666790771484375000e+01
7.684026336669921875e+01
7.564128875732421875e+01
7.715483856201171875e+01
7.634706878662109375e+01
7.620664978027343750e+01
7.615147399902343750e+01
7.642642974853515625e+01
7.636098480224609375e+01
7.639553833007812500e+01
7.609927368164062500e+01
7.640470123291015625e+01
7.625551605224609375e+01
7.557946014404296875e+01
7.584961700439453125e+01
7.612868499755859375e+01
7.589802551269531250e+01
7.565129852294921875e+01
7.618192291259765625e+01
7.624951171875000000e+01
7.712201690673828125e+01
7.501564788818359375e+01
7.885701751708984375e+01
7.755869293212890625e+01
7.902994537353515625e+01
7.696035003662109375e+01
8.097253417968750000e+01
7.620450592041015625e+01
7.718514251708984375e+01
7.624785614013671875e+01
7.601972198486328125e+01
7.618065643310546875e+01
7.539372253417968750e+01
7.587486267089843750e+01
7.582736968994140625e+01
7.597309875488281250e+01
7.590128326416015625e+01
7.571075439453125000e+01
7.566796875000000000e+01
7.613565063476562500e+01
7.588669586181640625e+01
7.581786346435546875e+01
7.548798370361328125e+01
7.605756378173828125e+01
7.547866821289062500e+01
7.557178497314453125e+01
7.592466735839843750e+01
7.552841186523437500e+01
7.543083190917968750e+01
7.560934448242187500e+01
7.538713073730468750e+01
7.568516540527343750e+01
7.512164306640625000e+01
7.528576660156250000e+01
7.631481170654296875e+01
7.529870605468750000e+01
7.649877929687500000e+01
7.548069000244140625e+01
7.657407379150390625e+01
7.860459136962890625e+01
7.494216156005859375e+01
7.809770965576171875e+01
7.627231597900390625e+01
7.688386535644531250e+01
7.590789794921875000e+01
7.619889831542968750e+01
7.587738800048828125e+01
7.590705871582031250e+01
7.589977264404296875e+01
7.592129516601562500e+01
7.586137390136718750e+01
7.560504913330078125e+01
7.565161132812500000e+01
7.596841430664062500e+01
7.597032165527343750e+01
7.532247161865234375e+01
7.593758392333984375e+01
7.582816314697265625e+01
7.576035308837890625e+01
7.587960052490234375e+01
7.606330108642578125e+01
7.579084777832031250e+01
7.597148132324218750e+01
7.569120025634765625e+01
7.566188049316406250e+01
7.556628417968750000e+01
7.563696289062500000e+01
7.572116088867187500e+01
7.528090667724609375e+01
7.568309783935546875e+01
7.556298065185546875e+01
7.540162658691406250e+01
7.562189483642578125e+01
7.540772247314453125e+01
7.569738006591796875e+01
7.535632324218750000e+01
7.547023010253906250e+01
7.515491485595703125e+01
7.518828582763671875e+01
7.508995819091796875e+01
7.544189453125000000e+01
7.503369140625000000e+01
7.513359832763671875e+01
7.511425781250000000e+01
7.517161560058593750e+01
7.493469238281250000e+01
7.507868957519531250e+01
7.513658905029296875e+01
7.515260314941406250e+01
7.478568267822265625e+01
7.489624786376953125e+01
7.487682342529296875e+01
7.477399444580078125e+01
7.468669128417968750e+01
7.462369537353515625e+01
7.514484405517578125e+01
7.463823699951171875e+01
7.458595275878906250e+01
7.457584381103515625e+01
7.456728363037109375e+01
7.483544158935546875e+01
7.459588623046875000e+01
7.448251342773437500e+01
7.448715972900390625e+01
7.447957611083984375e+01
7.428782653808593750e+01
7.437361145019531250e+01
7.359207916259765625e+01
7.406218719482421875e+01
7.432754516601562500e+01
7.406350708007812500e+01
7.390262603759765625e+01
7.406631469726562500e+01
7.397734832763671875e+01
7.369535827636718750e+01
7.403050231933593750e+01
7.337020111083984375e+01
7.397997283935546875e+01
7.380294799804687500e+01
7.384631347656250000e+01
7.338994598388671875e+01
7.327738189697265625e+01
7.316786956787109375e+01
7.325309753417968750e+01
7.321633148193359375e+01
7.308017730712890625e+01
7.328798675537109375e+01
7.474981689453125000e+01
7.645355987548828125e+01
7.473596191406250000e+01
7.542700195312500000e+01
7.521200561523437500e+01
7.730244445800781250e+01
7.718157958984375000e+01
7.728694152832031250e+01
7.521116638183593750e+01
7.521500396728515625e+01
7.509639739990234375e+01
7.510624694824218750e+01
7.512590026855468750e+01
7.470503234863281250e+01
7.456963348388671875e+01
7.470481109619140625e+01
7.473352813720703125e+01
7.446664428710937500e+01
7.429345703125000000e+01
7.443383789062500000e+01
7.433509826660156250e+01
7.439747619628906250e+01
7.421855163574218750e+01
7.393953704833984375e+01
7.385737609863281250e+01
7.381023406982421875e+01
7.363455963134765625e+01
7.391243743896484375e+01
7.353573608398437500e+01
7.372731781005859375e+01
7.361441040039062500e+01
7.341676330566406250e+01
7.332201385498046875e+01
7.318876647949218750e+01
7.309803009033203125e+01
7.290136718750000000e+01
7.285437774658203125e+01
7.304257202148437500e+01
7.257405853271484375e+01
7.280895233154296875e+01
7.260881805419921875e+01
7.259905242919921875e+01
7.242836761474609375e+01
7.224957275390625000e+01
7.238459014892578125e+01
7.220690155029296875e+01
7.210814666748046875e+01
7.215794372558593750e+01
7.185591125488281250e+01
7.198738098144531250e+01
7.185768890380859375e+01
7.160075378417968750e+01
7.166586303710937500e+01
7.182193756103515625e+01
7.133064270019531250e+01
7.144085693359375000e+01
7.149881744384765625e+01
7.131661987304687500e+01
7.123173522949218750e+01
7.110884857177734375e+01
7.125508880615234375e+01
7.100247192382812500e+01
7.083303070068359375e+01
7.079784393310546875e+01
7.061738586425781250e+01
7.069194793701171875e+01
7.051676940917968750e+01
7.049453735351562500e+01
7.010780334472656250e+01
7.053319549560546875e+01
7.029769897460937500e+01
7.015929412841796875e+01
7.008531951904296875e+01
6.996826171875000000e+01
6.976451873779296875e+01
7.026681518554687500e+01
6.963270568847656250e+01
6.997906494140625000e+01
6.981378173828125000e+01
6.937071990966796875e+01
6.940063476562500000e+01
6.954302215576171875e+01
6.933014678955078125e+01
6.927442932128906250e+01
6.905554962158203125e+01
6.912767028808593750e+01
6.878227996826171875e+01
6.905903625488281250e+01
6.862387084960937500e+01
6.876687622070312500e+01
6.839134979248046875e+01
6.853401184082031250e+01
6.857324981689453125e+01
6.827406311035156250e+01
6.834880065917968750e+01
6.815723419189453125e+01
6.827079772949218750e+01
6.822660064697265625e+01
6.796692657470703125e+01
6.773638916015625000e+01
6.757395935058593750e+01
6.766333770751953125e+01
6.777423095703125000e+01
6.760919952392578125e+01
6.738639831542968750e+01
6.726556396484375000e+01
6.717077636718750000e+01
6.697089385986328125e+01
6.690937042236328125e+01
6.733460998535156250e+01
6.669071197509765625e+01
6.689959716796875000e+01
6.650637817382812500e+01
6.671565246582031250e+01
6.656124114990234375e+01
6.648701477050781250e+01
6.618601226806640625e+01
6.681058502197265625e+01
6.653027343750000000e+01
6.671197509765625000e+01
6.630029296875000000e+01
7.128577423095703125e+01
6.548757934570312500e+01
6.543035888671875000e+01
6.680539703369140625e+01
6.953418731689453125e+01
6.876696014404296875e+01
7.005004882812500000e+01
6.899385070800781250e+01
6.879283142089843750e+01
6.867590332031250000e+01
6.862944030761718750e+01
6.858435058593750000e+01
6.852883911132812500e+01
6.828022766113281250e+01
6.837924194335937500e+01
6.808236694335937500e+01
6.842839050292968750e+01
6.795989990234375000e+01
6.775919342041015625e+01
6.777070617675781250e+01
6.786274719238281250e+01
6.779911804199218750e+01
6.756565093994140625e+01
6.767052459716796875e+01
6.752046966552734375e+01
6.752811431884765625e+01
6.726672363281250000e+01
6.715090179443359375e+01
6.702886962890625000e+01
6.702560424804687500e+01
6.715242004394531250e+01
6.675611114501953125e+01
6.684457397460937500e+01
6.665917205810546875e+01
6.683668518066406250e+01
6.653278350830078125e+01
6.663302612304687500e+01
6.649645233154296875e+01
6.636688995361328125e+01
6.627597808837890625e+01
6.623045349121093750e+01
6.619915008544921875e+01
6.623625183105468750e+01
6.607962799072265625e+01
6.605608367919921875e+01
6.615784454345703125e+01
6.592266845703125000e+01
6.589467620849609375e+01
6.581509399414062500e+01
6.593498992919921875e+01
6.590735626220703125e+01
6.556155395507812500e+01
6.564585876464843750e+01
6.573783874511718750e+01
6.544481658935546875e+01
6.571697998046875000e+01
6.535282135009765625e+01
6.550308990478515625e+01
6.519216918945312500e+01
6.520378112792968750e+01
6.515122222900390625e+01
6.527047729492187500e+01
6.515792083740234375e+01
6.505879211425781250e+01
6.492562866210937500e+01
6.487773895263671875e+01
6.489562988281250000e+01
6.483502960205078125e+01
6.491294097900390625e+01
6.478844451904296875e+01
6.470149993896484375e+01
6.430070495605468750e+01
6.470683288574218750e+01
6.453345489501953125e+01
6.440863800048828125e+01
6.433335113525390625e+01
6.427623748779296875e+01
6.431027984619140625e+01
6.410227966308593750e+01
6.421582031250000000e+01
6.419313812255859375e+01
6.419637298583984375e+01
6.403406524658203125e+01
6.401033782958984375e+01
6.378532409667968750e+01
6.369119262695312500e+01
6.391560745239257812e+01
6.376440811157226562e+01
6.380875396728515625e+01
6.380804824829101562e+01
6.365428161621093750e+01
6.364728927612304688e+01
6.361954116821289062e+01
6.335935974121093750e+01
6.371348953247070312e+01
6.347385025024414062e+01
6.350500106811523438e+01
6.270886611938476562e+01
6.350358581542968750e+01
6.465051269531250000e+01
6.475462341308593750e+01
6.027341842651367188e+01
6.627104187011718750e+01
6.307301712036132812e+01
6.560386657714843750e+01
6.555316925048828125e+01
6.544345855712890625e+01
6.552216339111328125e+01
6.430123138427734375e+01
6.616282653808593750e+01
6.525033569335937500e+01
6.499662780761718750e+01
6.517471313476562500e+01
6.521693420410156250e+01
6.509502410888671875e+01
6.508515930175781250e+01
6.521116638183593750e+01
6.493112182617187500e+01
6.494863128662109375e+01
6.474906158447265625e+01
6.489958953857421875e+01
6.488769531250000000e+01
6.466539764404296875e+01
6.457703399658203125e+01
6.464304351806640625e+01
6.449519348144531250e+01
6.451328277587890625e+01
6.453934478759765625e+01
6.449359893798828125e+01
6.427510833740234375e+01
6.423163604736328125e+01
6.414478302001953125e+01
6.426373291015625000e+01
6.411960601806640625e+01
6.411962890625000000e+01
6.402836608886718750e+01
6.396691513061523438e+01
6.393045425415039062e+01
6.397101593017578125e+01
6.389788818359375000e+01
6.394987487792968750e+01
6.367411804199218750e+01
6.374510955810546875e+01
6.343197631835937500e+01
6.365478515625000000e+01
6.345709228515625000e+01
6.352027511596679688e+01
6.346816253662109375e+01
6.339251708984375000e+01
6.331328964233398438e+01
6.324396896362304688e+01
6.330820846557617188e+01
6.324574661254882812e+01
6.309793090820312500e+01
6.313139724731445312e+01
6.313092803955078125e+01
6.306822967529296875e+01
6.301480102539062500e+01
6.288387298583984375e+01
6.289748382568359375e+01
6.280233383178710938e+01
6.284624099731445312e+01
6.281724548339843750e+01
6.280081176757812500e+01
6.270443344116210938e+01
6.254820632934570312e+01
6.256752014160156250e+01
6.245302963256835938e+01
6.250026321411132812e+01
6.259600830078125000e+01
6.233774566650390625e+01
6.229066467285156250e+01
6.222713851928710938e+01
6.224401855468750000e+01
6.216354751586914062e+01
6.234013748168945312e+01
6.214941406250000000e+01
6.199161911010742188e+01
6.212861633300781250e+01
6.191150283813476562e+01
6.190703964233398438e+01
6.196848678588867188e+01
6.183187103271484375e+01
6.172661972045898438e+01
6.186071014404296875e+01
6.183487319946289062e+01
6.171651077270507812e+01
6.155603790283203125e+01
6.170639801025390625e+01
6.157132720947265625e+01
6.157815170288085938e+01
6.137054443359375000e+01
6.151715850830078125e+01
6.149952697753906250e+01
6.142876052856445312e+01
6.139371490478515625e+01
6.110880279541015625e+01
6.142966842651367188e+01
6.114320755004882812e+01
6.137400817871093750e+01
6.106719970703125000e+01
6.116860198974609375e+01
6.086169815063476562e+01
6.133538436889648438e+01
6.094827651977539062e+01
6.117647171020507812e+01
6.076978683471679688e+01
6.065547180175781250e+01
6.104645919799804688e+01
6.064304733276367188e+01
6.056926727294921875e+01
6.055087661743164062e+01
6.041821289062500000e+01
6.071698760986328125e+01
6.073742294311523438e+01
6.038928604125976562e+01
6.051597976684570312e+01
6.029179000854492188e+01
6.033856201171875000e+01
6.039332962036132812e+01
6.036489486694335938e+01
6.006906509399414062e+01
6.045174026489257812e+01
6.029291534423828125e+01
6.010398864746093750e+01
6.024614715576171875e+01
5.976215362548828125e+01
6.026387023925781250e+01
6.005300521850585938e+01
5.990664291381835938e+01
6.002454376220703125e+01
6.000209426879882812e+01
5.984986114501953125e+01
6.007675933837890625e+01
5.988347244262695312e+01
5.964074325561523438e+01
5.996076965332031250e+01
5.981253051757812500e+01
5.991347122192382812e+01
5.946018981933593750e+01
5.987010192871093750e+01
5.973054885864257812e+01
5.934148788452148438e+01
6.006987762451171875e+01
5.931993865966796875e+01
5.955963516235351562e+01
5.949654388427734375e+01
5.969298934936523438e+01
5.970100021362304688e+01
5.933712768554687500e+01
5.945155334472656250e+01
5.938166809082031250e+01
5.942110443115234375e+01
5.934333801269531250e+01
5.957481384277343750e+01
5.955294799804687500e+01
5.940964126586914062e+01
5.938119506835937500e+01
5.931772994995117188e+01
5.924166107177734375e+01
5.907414627075195312e+01
5.908282852172851562e+01
5.898097229003906250e+01
5.877308654785156250e+01
5.908035278320312500e+01
5.885987472534179688e+01
5.905393981933593750e+01
5.888846969604492188e+01
5.908570861816406250e+01
5.890320587158203125e+01
5.863496017456054688e+01
5.872317504882812500e+01
6.207349014282226562e+01
6.229817962646484375e+01
5.973334503173828125e+01
6.106025695800781250e+01
6.240272903442382812e+01
6.191981124877929688e+01
6.214064788818359375e+01
6.289517211914062500e+01
6.226014328002929688e+01
6.210548019409179688e+01
6.112467956542968750e+01
6.166776275634765625e+01
6.128579330444335938e+01
6.143865585327148438e+01
6.185237884521484375e+01
6.144049072265625000e+01
6.152795028686523438e+01
6.143606185913085938e+01
6.119609832763671875e+01
6.130607604980468750e+01
6.109751129150390625e+01
6.117415237426757812e+01
6.094611740112304688e+01
6.104900360107421875e+01
6.098468780517578125e+01
6.094628143310546875e+01
6.087136077880859375e+01
6.069537734985351562e+01
6.071577072143554688e+01
6.068048095703125000e+01
6.053551864624023438e+01
6.037477111816406250e+01
6.055292510986328125e+01
6.026304244995117188e+01
6.062133789062500000e+01
6.028801727294921875e+01
6.045574569702148438e+01
6.027733993530273438e+01
6.031699371337890625e+01
6.031943511962890625e+01
6.015833282470703125e+01
6.017930984497070312e+01
6.019075012207031250e+01
6.014495086669921875e+01
6.010752487182617188e+01
6.013697052001953125e+01
6.003765487670898438e+01
6.007575225830078125e+01
5.985745239257812500e+01
6.002605438232421875e+01
5.979312515258789062e+01
6.001170349121093750e+01
5.980961608886718750e+01
5.988681030273437500e+01
5.980085372924804688e+01
5.984434127807617188e+01
5.971755218505859375e+01
5.962834548950195312e+01
5.966893768310546875e+01
5.958925247192382812e+01
5.962101745605468750e+01
5.949600982666015625e+01
5.941949081420898438e+01
5.964804840087890625e+01
5.933384323120117188e+01
5.939141082763671875e+01
5.950308609008789062e+01
5.915364837646484375e+01
5.936191177368164062e+01
5.928546524047851562e+01
5.930253219604492188e+01
5.929047012329101562e+01
5.911883544921875000e+01
5.931444549560546875e+01
5.926970291137695312e+01
5.926094818115234375e+01
5.913106918334960938e+01
5.916453933715820312e+01
5.894931030273437500e+01
5.908234024047851562e+01
5.917570114135742188e+01
5.899288558959960938e+01
5.895665359497070312e+01
5.894762420654296875e+01
5.883474349975585938e+01
5.898222732543945312e+01
5.900410842895507812e+01
5.878501892089843750e+01
5.879714965820312500e+01
5.889723587036132812e+01
5.878668594360351562e+01
5.870657730102539062e+01
5.862310791015625000e+01
5.847751617431640625e+01
5.853124618530273438e+01
5.858023834228515625e+01
5.863481521606445312e+01
5.850299835205078125e+01
5.856838989257812500e+01
5.842432785034179688e+01
5.839841461181640625e+01
5.846867370605468750e+01
5.832836532592773438e+01
5.842181015014648438e+01
5.832131576538085938e+01
5.824679946899414062e+01
5.839127349853515625e+01
5.812240982055664062e+01
5.824615859985351562e+01
5.822325515747070312e+01
