3.155053520202636719e+01
1.321916770935058594e+01
1.116716194152832031e+01
2.719794845581054688e+01
1.337655181884765625e+02
1.113275375366210938e+02
6.490274810791015625e+01
3.816690826416015625e+01
1.937554550170898438e+01
9.923992156982421875e+00
1.110458564758300781e+01
1.402291011810302734e+01
2.027599334716796875e+01
3.027380180358886719e+01
4.665466308593750000e+01
6.442572021484375000e+01
7.416517639160156250e+01
7.941792297363281250e+01
8.657981109619140625e+01
9.741808319091796875e+01
1.194417266845703125e+02
1.541013641357421875e+02
1.837749481201171875e+02
1.996783752441406250e+02
1.960119934082031250e+02
1.945546722412109375e+02
1.948098602294921875e+02
1.868171386718750000e+02
1.828873138427734375e+02
1.837001037597656250e+02
1.867598114013671875e+02
1.784379577636718750e+02
1.748906707763671875e+02
1.771604614257812500e+02
1.726490783691406250e+02
1.727572174072265625e+02
1.709671783447265625e+02
1.699807891845703125e+02
1.683786315917968750e+02
1.662628631591796875e+02
1.670554199218750000e+02
1.645497131347656250e+02
1.635633239746093750e+02
1.628265533447265625e+02
1.585790405273437500e+02
1.601800842285156250e+02
1.578764495849609375e+02
1.568264160156250000e+02
1.545931396484375000e+02
1.579744110107421875e+02
1.560148162841796875e+02
1.526148681640625000e+02
1.509580230712890625e+02
1.524807891845703125e+02
1.502075347900390625e+02
1.488675842285156250e+02
1.506443481445312500e+02
1.483830871582031250e+02
1.473843994140625000e+02
1.452842254638671875e+02
1.428398590087890625e+02
1.456350097656250000e+02
1.433173980712890625e+02
1.436947784423828125e+02
1.414858856201171875e+02
1.405169830322265625e+02
1.414994506835937500e+02
1.413350830078125000e+02
1.399602661132812500e+02
1.398009948730468750e+02
1.411134338378906250e+02
1.378313598632812500e+02
1.414371185302734375e+02
1.400319213867187500e+02
1.396547088623046875e+02
1.411523895263671875e+02
1.408308715820312500e+02
1.402973785400390625e+02
1.402342224121093750e+02
1.423011016845703125e+02
1.401709747314453125e+02
1.380351104736328125e+02
1.389048309326171875e+02
1.405473632812500000e+02
1.411058349609375000e+02
1.383129272460937500e+02
1.388204803466796875e+02
1.396197357177734375e+02
1.377627258300781250e+02
1.379802703857421875e+02
1.387605895996093750e+02
1.355043182373046875e+02
1.369295654296875000e+02
1.353253326416015625e+02
1.342779693603515625e+02
1.327875213623046875e+02
1.341689758300781250e+02
1.349440612792968750e+02
1.357892913818359375e+02
1.310471038818359375e+02
1.306649017333984375e+02
1.323971099853515625e+02
1.329149780273437500e+02
1.316092071533203125e+02
1.296252746582031250e+02
1.286351165771484375e+02
1.304053039550781250e+02
1.298436889648437500e+02
1.292273864746093750e+02
1.287330322265625000e+02
1.300084533691406250e+02
1.279640731811523438e+02
1.281212463378906250e+02
1.279990997314453125e+02
1.275962295532226562e+02
1.250619354248046875e+02
1.259000701904296875e+02
1.262008132934570312e+02
1.237619934082031250e+02
1.260033187866210938e+02
1.246425399780273438e+02
1.243809051513671875e+02
1.246047058105468750e+02
1.240965347290039062e+02
1.238267517089843750e+02
1.241590728759765625e+02
1.240407104492187500e+02
1.234867401123046875e+02
1.225734634399414062e+02
1.229161453247070312e+02
1.230078659057617188e+02
1.235655212402343750e+02
1.221683044433593750e+02
1.223867568969726562e+02
1.218389587402343750e+02
1.218328781127929688e+02
1.217384643554687500e+02
1.218871765136718750e+02
1.220749282836914062e+02
1.215307769775390625e+02
1.223752746582031250e+02
1.213690948486328125e+02
1.203631286621093750e+02
1.216082763671875000e+02
1.216830215454101562e+02
1.205257034301757812e+02
1.195420227050781250e+02
1.203197402954101562e+02
1.191493759155273438e+02
1.195558166503906250e+02
1.188300399780273438e+02
1.187277450561523438e+02
1.179302978515625000e+02
1.175214157104492188e+02
1.163363800048828125e+02
1.170389022827148438e+02
1.159925537109375000e+02
1.160990905761718750e+02
1.152907028198242188e+02
1.143091354370117188e+02
1.152756271362304688e+02
1.136851119995117188e+02
1.136702880859375000e+02
1.134554061889648438e+02
1.123341522216796875e+02
1.121806488037109375e+02
1.115912780761718750e+02
1.120393295288085938e+02
1.108641357421875000e+02
1.103625946044921875e+02
1.098177947998046875e+02
1.091831207275390625e+02
1.089458694458007812e+02
1.087975006103515625e+02
1.085691146850585938e+02
1.072016220092773438e+02
1.070301895141601562e+02
1.071461563110351562e+02
1.067530441284179688e+02
1.058814086914062500e+02
1.064111099243164062e+02
1.060118637084960938e+02
1.058242797851562500e+02
1.041301727294921875e+02
1.041834945678710938e+02
1.043563919067382812e+02
1.038663330078125000e+02
1.052777786254882812e+02
1.057122421264648438e+02
1.050650405883789062e+02
1.055080032348632812e+02
1.053165664672851562e+02
1.045051193237304688e+02
1.039909133911132812e+02
1.032070388793945312e+02
1.021580123901367188e+02
1.020663986206054688e+02
1.015874252319335938e+02
1.012357330322265625e+02
1.009054336547851562e+02
1.001389007568359375e+02
1.000906143188476562e+02
9.926250457763671875e+01
9.902186584472656250e+01
9.862996673583984375e+01
9.947669982910156250e+01
9.867857360839843750e+01
9.778555297851562500e+01
9.779126739501953125e+01
9.832050323486328125e+01
9.779576873779296875e+01
9.699814605712890625e+01
1.009986343383789062e+02
9.736791992187500000e+01
1.020123672485351562e+02
1.012024917602539062e+02
9.868896484375000000e+01
1.002832641601562500e+02
9.820932769775390625e+01
9.675706481933593750e+01
9.634803009033203125e+01
9.652810668945312500e+01
9.651049041748046875e+01
9.540235900878906250e+01
9.549064636230468750e+01
9.476213836669921875e+01
9.428827667236328125e+01
9.465316772460937500e+01
9.357039642333984375e+01
9.362612915039062500e+01
9.302649688720703125e+01
9.288280487060546875e+01
9.301864624023437500e+01
9.290274810791015625e+01
9.214678955078125000e+01
9.167424011230468750e+01
9.185864257812500000e+01
9.209480285644531250e+01
9.070458221435546875e+01
9.095465850830078125e+01
9.076634979248046875e+01
9.116956329345703125e+01
9.095971679687500000e+01
9.053659820556640625e+01
9.052838134765625000e+01
9.012988281250000000e+01
8.958995819091796875e+01
8.902278137207031250e+01
8.889979553222656250e+01
8.961669921875000000e+01
8.820147705078125000e+01
8.857287597656250000e+01
8.789669036865234375e+01
8.848253631591796875e+01
8.787258911132812500e+01
9.068218231201171875e+01
8.950424957275390625e+01
8.814373779296875000e+01
8.858043670654296875e+01
8.815412902832031250e+01
8.743685150146484375e+01
8.704747009277343750e+01
8.664056396484375000e+01
8.666741180419921875e+01
8.842339324951171875e+01
8.834338378906250000e+01
8.709189605712890625e+01
8.893894195556640625e+01
8.807602691650390625e+01
8.933013153076171875e+01
8.791983795166015625e+01
8.657582855224609375e+01
8.607966613769531250e+01
8.565426635742187500e+01
8.541259002685546875e+01
8.533567810058593750e+01
8.502910614013671875e+01
8.451216888427734375e+01
8.455657196044921875e+01
8.424455261230468750e+01
8.427344512939453125e+01
8.404125976562500000e+01
8.346387481689453125e+01
8.343677520751953125e+01
8.338722229003906250e+01
8.302256011962890625e+01
8.303757476806640625e+01
8.301431274414062500e+01
8.249517822265625000e+01
8.291658782958984375e+01
8.257348632812500000e+01
8.234982299804687500e+01
8.220376586914062500e+01
8.157994079589843750e+01
8.207069396972656250e+01
8.149605560302734375e+01
8.201869964599609375e+01
8.146417999267578125e+01
8.126885223388671875e+01
8.100507354736328125e+01
8.147407531738281250e+01
8.077631378173828125e+01
8.035813140869140625e+01
8.032746124267578125e+01
8.017270660400390625e+01
8.228616333007812500e+01
8.199997711181640625e+01
8.582057952880859375e+01
8.583674621582031250e+01
8.450892639160156250e+01
8.405421447753906250e+01
8.740224456787109375e+01
8.655560302734375000e+01
8.621029663085937500e+01
8.596824645996093750e+01
8.432061767578125000e+01
8.560211944580078125e+01
8.396168518066406250e+01
8.332209014892578125e+01
8.280512237548828125e+01
8.227629852294921875e+01
8.209189605712890625e+01
8.160864257812500000e+01
8.122989654541015625e+01
8.110643005371093750e+01
8.079933166503906250e+01
8.059060668945312500e+01
8.029331970214843750e+01
8.015588378906250000e+01
7.996806335449218750e+01
7.979501342773437500e+01
7.955154418945312500e+01
7.918175506591796875e+01
7.929061126708984375e+01
7.892060089111328125e+01
7.883157348632812500e+01
7.852980041503906250e+01
7.843532562255859375e+01
7.831143188476562500e+01
7.839239501953125000e+01
7.778659820556640625e+01
7.802091979980468750e+01
7.758926391601562500e+01
7.774340057373046875e+01
7.741187286376953125e+01
7.729063415527343750e+01
7.664710235595703125e+01
7.736235809326171875e+01
7.721820831298828125e+01
7.666140747070312500e+01
7.706185913085937500e+01
7.631753540039062500e+01
7.616372680664062500e+01
7.653963470458984375e+01
7.646028900146484375e+01
7.610984039306640625e+01
7.574170684814453125e+01
7.602333068847656250e+01
7.579786682128906250e+01
7.480881500244140625e+01
7.528305053710937500e+01
7.514155578613281250e+01
7.492073059082031250e+01
7.523601531982421875e+01
7.496891784667968750e+01
7.573943328857421875e+01
7.522314453125000000e+01
7.537458038330078125e+01
7.436603546142578125e+01
7.457782745361328125e+01
7.484776306152343750e+01
7.409087371826171875e+01
7.390550231933593750e+01
7.365266418457031250e+01
7.366389465332031250e+01
7.333394622802734375e+01
7.366095733642578125e+01
7.368461608886718750e+01
7.331290435791015625e+01
7.314013671875000000e+01
7.381982421875000000e+01
7.443875885009765625e+01
7.268624877929687500e+01
7.729365539550781250e+01
8.224092102050781250e+01
7.832240295410156250e+01
7.917469787597656250e+01
7.766921997070312500e+01
7.899236297607421875e+01
7.767917633056640625e+01
7.650999450683593750e+01
7.585746765136718750e+01
7.562316894531250000e+01
7.507840728759765625e+01
7.473669433593750000e+01
7.409751892089843750e+01
7.413543701171875000e+01
7.395522308349609375e+01
7.382565307617187500e+01
7.384562683105468750e+01
7.350022888183593750e+01
7.315248870849609375e+01
7.299286651611328125e+01
7.291967773437500000e+01
7.270870208740234375e+01
7.254645538330078125e+01
7.256014251708984375e+01
7.238067626953125000e+01
7.244918823242187500e+01
7.115220642089843750e+01
7.229734802246093750e+01
7.226954650878906250e+01
7.126663208007812500e+01
7.203970336914062500e+01
7.191181945800781250e+01
7.141403198242187500e+01
7.102042388916015625e+01
7.148303222656250000e+01
7.096434783935546875e+01
7.109222412109375000e+01
7.076959228515625000e+01
7.110536956787109375e+01
7.053690338134765625e+01
7.091069030761718750e+01
7.104010772705078125e+01
7.070320892333984375e+01
7.030985260009765625e+01
7.026479339599609375e+01
7.148004150390625000e+01
7.044325256347656250e+01
7.041951751708984375e+01
6.941880798339843750e+01
7.069084167480468750e+01
7.088716888427734375e+01
7.051325988769531250e+01
6.982527923583984375e+01
7.124536895751953125e+01
7.193604278564453125e+01
7.522020721435546875e+01
7.265049743652343750e+01
7.463687896728515625e+01
7.302570343017578125e+01
7.292107391357421875e+01
7.305147552490234375e+01
7.168450164794921875e+01
7.140833282470703125e+01
7.094051361083984375e+01
7.075518035888671875e+01
7.111934661865234375e+01
7.136750793457031250e+01
7.219201660156250000e+01
7.155773162841796875e+01
7.183727264404296875e+01
6.997731018066406250e+01
7.058776092529296875e+01
7.095764923095703125e+01
7.067539978027343750e+01
7.057726287841796875e+01
7.014665985107421875e+01
7.043180084228515625e+01
6.978507995605468750e+01
7.002551269531250000e+01
7.002745819091796875e+01
7.049188232421875000e+01
6.940032196044921875e+01
6.990756225585937500e+01
7.090943145751953125e+01
7.035648345947265625e+01
7.223306274414062500e+01
7.346610260009765625e+01
7.175219726562500000e+01
7.066175842285156250e+01
6.999582672119140625e+01
7.025550842285156250e+01
6.992127227783203125e+01
7.011651611328125000e+01
6.941793823242187500e+01
6.897286987304687500e+01
7.013262939453125000e+01
6.947953033447265625e+01
6.885420227050781250e+01
6.991160583496093750e+01
6.907907104492187500e+01
6.899937438964843750e+01
6.892384338378906250e+01
6.825999450683593750e+01
6.827460479736328125e+01
6.868434143066406250e+01
6.862948608398437500e+01
6.816395568847656250e+01
6.842723846435546875e+01
6.896130371093750000e+01
6.875627899169921875e+01
6.830831909179687500e+01
6.954434204101562500e+01
6.953456878662109375e+01
6.856862640380859375e+01
7.223406982421875000e+01
7.386347961425781250e+01
7.573362731933593750e+01
7.276055908203125000e+01
7.098886108398437500e+01
7.205261230468750000e+01
7.096697998046875000e+01
7.067591857910156250e+01
7.070928955078125000e+01
6.999816131591796875e+01
6.974445343017578125e+01
6.932254028320312500e+01
6.920719909667968750e+01
6.897156524658203125e+01
6.900830841064453125e+01
6.867472076416015625e+01
6.852149963378906250e+01
6.864521026611328125e+01
6.850895690917968750e+01
6.818349456787109375e+01
6.839615631103515625e+01
6.851004791259765625e+01
6.782196807861328125e+01
6.862836456298828125e+01
6.862193298339843750e+01
6.887487030029296875e+01
6.818039703369140625e+01
6.780242156982421875e+01
6.900971221923828125e+01
6.869383239746093750e+01
6.786707305908203125e+01
6.800215911865234375e+01
6.773520660400390625e+01
6.723985290527343750e+01
6.757280731201171875e+01
6.744483947753906250e+01
6.736334228515625000e+01
6.695777893066406250e+01
6.718650817871093750e+01
6.797135162353515625e+01
6.691706848144531250e+01
6.766983032226562500e+01
6.664747619628906250e+01
6.712677001953125000e+01
6.685742950439453125e+01
6.683823394775390625e+01
6.713092041015625000e+01
6.676082611083984375e+01
6.677114868164062500e+01
6.626837158203125000e+01
6.640288543701171875e+01
6.661341094970703125e+01
6.572547149658203125e+01
6.567771911621093750e+01
6.722094726562500000e+01
6.613516998291015625e+01
6.699829101562500000e+01
6.879682159423828125e+01
7.069919586181640625e+01
7.172750091552734375e+01
7.206409454345703125e+01
7.556204986572265625e+01
7.365460205078125000e+01
7.344037628173828125e+01
7.199401855468750000e+01
7.066503143310546875e+01
7.087584686279296875e+01
7.165180206298828125e+01
7.095227050781250000e+01
7.069950866699218750e+01
6.972489166259765625e+01
6.902433776855468750e+01
6.884840393066406250e+01
6.877758026123046875e+01
6.826187896728515625e+01
6.810783386230468750e+01
6.863242340087890625e+01
6.832226562500000000e+01
6.799291229248046875e+01
6.781821441650390625e+01
6.788690948486328125e+01
6.758659362792968750e+01
6.755876159667968750e+01
6.731475830078125000e+01
6.717466735839843750e+01
6.715026855468750000e+01
6.698817443847656250e+01
6.684031677246093750e+01
6.692317199707031250e+01
6.677208709716796875e+01
6.656008148193359375e+01
6.639772796630859375e+01
6.628973388671875000e+01
6.633499908447265625e+01
6.618719482421875000e+01
6.590718078613281250e+01
6.611510467529296875e+01
6.599817657470703125e+01
6.578919982910156250e+01
6.552145385742187500e+01
6.560663604736328125e+01
6.542909240722656250e+01
6.543571472167968750e+01
6.540287017822265625e+01
6.514514923095703125e+01
6.512992858886718750e+01
6.488943481445312500e+01
6.487376403808593750e+01
6.501015472412109375e+01
6.456548309326171875e+01
6.458766937255859375e+01
6.467286682128906250e+01
6.442963409423828125e+01
6.450862884521484375e+01
6.430636596679687500e+01
6.429803466796875000e+01
6.425538635253906250e+01
6.424475097656250000e+01
6.430099487304687500e+01
6.413307952880859375e+01
6.376077651977539062e+01
6.403377532958984375e+01
6.393425750732421875e+01
6.355300140380859375e+01
6.415235137939453125e+01
6.356206893920898438e+01
6.325091552734375000e+01
6.343727111816406250e+01
6.385277557373046875e+01
6.359231185913085938e+01
6.388490676879882812e+01
6.504550933837890625e+01
6.770630645751953125e+01
6.719969940185546875e+01
7.107813262939453125e+01
7.187824249267578125e+01
6.899372100830078125e+01
6.924593353271484375e+01
6.729549407958984375e+01
6.686235809326171875e+01
6.660355377197265625e+01
6.628188323974609375e+01
6.550301361083984375e+01
6.559521484375000000e+01
6.530339813232421875e+01
6.521459197998046875e+01
6.488839721679687500e+01
6.474901580810546875e+01
6.458401489257812500e+01
6.447264862060546875e+01
6.413983154296875000e+01
6.408072662353515625e+01
6.400264739990234375e+01
6.378097915649414062e+01
6.368151092529296875e+01
6.361426162719726562e+01
6.352440643310546875e+01
6.334338378906250000e+01
6.329058074951171875e+01
6.332484054565429688e+01
6.313069915771484375e+01
6.302879333496093750e+01
6.293273925781250000e+01
6.287052917480468750e+01
6.269684600830078125e+01
6.255165100097656250e+01
6.255502319335937500e+01
6.249848937988281250e+01
6.234136199951171875e+01
6.224626541137695312e+01
6.219996643066406250e+01
6.219495391845703125e+01
6.206312942504882812e+01
6.199108886718750000e+01
6.183789062500000000e+01
6.167124557495117188e+01
6.173298645019531250e+01
6.173423004150390625e+01
6.163347244262695312e+01
6.158906173706054688e+01
6.140027236938476562e+01
6.135403442382812500e+01
6.122801208496093750e+01
6.117825317382812500e+01
6.108254241943359375e+01
6.126726531982421875e+01
6.100722503662109375e+01
6.091759872436523438e+01
6.092409896850585938e+01
6.080747222900390625e+01
6.065704727172851562e+01
6.064721679687500000e+01
6.053530883789062500e+01
6.048402786254882812e+01
6.046739578247070312e+01
6.039352416992187500e+01
6.028170394897460938e+01
6.014146041870117188e+01
6.006802749633789062e+01
5.999063491821289062e+01
5.998872756958007812e+01
5.990690994262695312e+01
5.963304901123046875e+01
5.964588546752929688e+01
5.960276031494140625e+01
5.941498565673828125e+01
5.958763885498046875e+01
5.924932098388671875e+01
5.941646575927734375e+01
5.912879943847656250e+01
5.883934402465820312e+01
5.931087493896484375e+01
6.011143875122070312e+01
6.215509033203125000e+01
7.522447204589843750e+01
6.651207733154296875e+01
6.427310180664062500e+01
6.522673034667968750e+01
6.386717605590820312e+01
6.665812683105468750e+01
6.562672424316406250e+01
6.511879730224609375e+01
6.439981079101562500e+01
6.419861602783203125e+01
6.398285293579101562e+01
6.364307785034179688e+01
6.321341323852539062e+01
6.289851760864257812e+01
6.248973846435546875e+01
6.293035125732421875e+01
6.228086090087890625e+01
6.217137527465820312e+01
6.209643554687500000e+01
6.187081909179687500e+01
6.167118072509765625e+01
6.161740112304687500e+01
6.146625518798828125e+01
6.137551116943359375e+01
6.120262145996093750e+01
6.109699630737304688e+01
6.098471069335937500e+01
6.087580108642578125e+01
6.068461608886718750e+01
6.069386291503906250e+01
6.058412170410156250e+01
6.056074142456054688e+01
6.041829681396484375e+01
6.015421676635742188e+01
6.020399856567382812e+01
6.009740066528320312e+01
6.004556655883789062e+01
5.995449447631835938e+01
5.995568847656250000e+01
5.972046661376953125e+01
5.966193008422851562e+01
5.969332504272460938e+01
5.949089431762695312e+01
5.948545837402343750e+01
5.935447311401367188e+01
5.941090774536132812e+01
5.930495452880859375e+01
5.914880371093750000e+01
5.898284912109375000e+01
5.891160583496093750e+01
5.892207336425781250e+01
5.873031997680664062e+01
5.889204406738281250e+01
5.868395614624023438e+01
5.863214874267578125e+01
5.852920913696289062e+01
5.849471282958984375e+01
5.826988601684570312e+01
5.835337066650390625e+01
5.836491012573242188e+01
5.804427719116210938e+01
5.817818069458007812e+01
5.793224716186523438e+01
5.804559707641601562e+01
5.794918823242187500e+01
5.781229400634765625e+01
5.774222564697265625e+01
5.790141677856445312e+01
5.764975738525390625e+01
5.747626495361328125e+01
5.756041336059570312e+01
5.752725219726562500e+01
5.738816452026367188e+01
5.778085327148437500e+01
5.758956527709960938e+01
5.929899597167968750e+01
6.001015090942382812e+01
6.228146743774414062e+01
6.052486801147460938e+01
6.033248138427734375e+01
6.129726409912109375e+01
6.241427230834960938e+01
6.329191207885742188e+01
6.232795715332031250e+01
6.259486007690429688e+01
6.176941299438476562e+01
6.136765670776367188e+01
6.100878143310546875e+01
6.063763809204101562e+01
6.056604766845703125e+01
6.031957244873046875e+01
6.005412292480468750e+01
5.980850982666015625e+01
5.960929107666015625e+01
5.956412887573242188e+01
5.940556335449218750e+01
5.926376724243164062e+01
5.912859725952148438e+01
5.878250122070312500e+01
5.870384979248046875e+01
5.864017105102539062e+01
5.850211715698242188e+01
5.844723510742187500e+01
5.815533828735351562e+01
5.814916610717773438e+01
5.797697830200195312e+01
5.782789611816406250e+01
5.772972106933593750e+01
5.764772796630859375e+01
5.763019561767578125e+01
5.760268783569335938e+01
5.736612319946289062e+01
5.731439208984375000e+01
5.713624191284179688e+01
5.717665863037109375e+01
5.705198287963867188e+01
5.674693679809570312e+01
5.686662292480468750e+01
5.695134353637695312e+01
5.666854476928710938e+01
5.662092590332031250e+01
5.652124404907226562e+01
5.647231292724609375e+01
5.630465698242187500e+01
5.629124069213867188e+01
5.611400604248046875e+01
5.612364959716796875e+01
5.608047485351562500e+01
5.596360778808593750e+01
5.603953170776367188e+01
5.580502319335937500e+01
5.564359664916992188e+01
5.564492797851562500e+01
5.567531585693359375e+01
5.549919509887695312e+01
5.556338500976562500e+01
5.537093353271484375e+01
5.533195877075195312e+01
5.533778381347656250e+01
5.536687469482421875e+01
5.531785202026367188e+01
5.521362686157226562e+01
5.503816604614257812e+01
5.508557128906250000e+01
5.490274047851562500e+01
5.478470993041992188e+01
5.477941131591796875e+01
5.466006088256835938e+01
5.459056091308593750e+01
5.437594985961914062e+01
5.431510162353515625e+01
5.437002563476562500e+01
5.429293823242187500e+01
5.431604385375976562e+01
5.407095336914062500e+01
5.412376403808593750e+01
5.397951889038085938e+01
5.398863983154296875e+01
5.397554016113281250e+01
5.407797622680664062e+01
5.382394409179687500e+01
5.390652465820312500e+01
5.367135238647460938e+01
5.382878875732421875e+01
5.360929870605468750e+01
5.355475616455078125e+01
5.347388458251953125e+01
5.328376770019531250e+01
5.329121780395507812e+01
5.325275802612304688e+01
5.322621536254882812e+01
5.320303344726562500e+01
5.314294815063476562e+01
5.312400817871093750e+01
5.294927597045898438e+01
5.288590240478515625e+01
5.293533325195312500e+01
5.263397216796875000e+01
5.278054428100585938e+01
5.253591156005859375e+01
5.240499114990234375e+01
5.258431625366210938e+01
5.232764816284179688e+01
5.249827575683593750e+01
5.249190139770507812e+01
5.229225921630859375e+01
5.247467041015625000e+01
5.227453231811523438e+01
5.198491668701171875e+01
5.216735458374023438e+01
5.204454803466796875e+01
5.196277999877929688e+01
5.175732421875000000e+01
5.194897842407226562e+01
5.190548324584960938e+01
5.170058822631835938e+01
5.175239562988281250e+01
5.174393081665039062e+01
5.151096725463867188e+01
5.156759643554687500e+01
5.162837600708007812e+01
5.140258026123046875e+01
5.129870986938476562e+01
5.117438888549804688e+01
5.119654464721679688e+01
5.109845352172851562e+01
5.111770248413085938e+01
5.117250061035156250e+01
5.113965606689453125e+01
5.104428100585937500e+01
5.101061630249023438e+01
5.276247406005859375e+01
5.403564834594726562e+01
5.882700347900390625e+01
5.762143325805664062e+01
6.013576507568359375e+01
5.907791519165039062e+01
6.146779251098632812e+01
5.934447097778320312e+01
5.855367660522460938e+01
5.875161361694335938e+01
5.753542709350585938e+01
5.767584228515625000e+01
5.758007812500000000e+01
5.720473861694335938e+01
5.676723480224609375e+01
5.658568954467773438e+01
5.615765380859375000e+01
5.600337219238281250e+01
5.572260284423828125e+01
5.567800521850585938e+01
5.522798156738281250e+01
5.518591308593750000e+01
5.499318313598632812e+01
5.479045104980468750e+01
5.472632217407226562e+01
5.445571136474609375e+01
5.441665267944335938e+01
5.421427536010742188e+01
5.419631958007812500e+01
5.411132431030273438e+01
5.392277908325195312e+01
5.374938964843750000e+01
5.375180435180664062e+01
5.363135910034179688e+01
5.355490875244140625e+01
5.339475631713867188e+01
5.339134979248046875e+01
5.330657577514648438e+01
5.317769241333007812e+01
5.301773452758789062e+01
5.301087570190429688e+01
5.284463882446289062e+01
5.284380340576171875e+01
5.275484848022460938e+01
5.271759414672851562e+01
5.264175415039062500e+01
5.255967330932617188e+01
5.252981185913085938e+01
5.237290954589843750e+01
5.227795028686523438e+01
5.226656341552734375e+01
5.217344284057617188e+01
5.209455871582031250e+01
5.205080795288085938e+01
5.195107650756835938e+01
5.195008087158203125e+01
5.177072906494140625e+01
5.171666717529296875e+01
5.171623229980468750e+01
5.166369628906250000e+01
5.142277908325195312e+01
5.147813415527343750e+01
5.134417343139648438e+01
5.139697265625000000e+01
5.133132553100585938e+01
5.133100509643554688e+01
5.111889266967773438e+01
5.114072036743164062e+01
5.103681182861328125e+01
5.102997207641601562e+01
5.103728485107421875e+01
5.097923278808593750e+01
5.087190246582031250e+01
5.079401016235351562e+01
5.085836410522460938e+01
5.081114578247070312e+01
5.057833099365234375e+01
5.065468215942382812e+01
