3.961963653564453125e+01
1.536476516723632812e+01
1.065554714202880859e+01
8.770318984985351562e+00
7.959624290466308594e+00
7.534059047698974609e+00
1.336909961700439453e+01
1.643219566345214844e+01
1.648099899291992188e+01
1.944620895385742188e+01
2.563531112670898438e+01
3.550577163696289062e+01
5.199641799926757812e+01
6.825038909912109375e+01
7.898291015625000000e+01
8.294075012207031250e+01
8.555794525146484375e+01
8.741287231445312500e+01
8.986713409423828125e+01
9.202902984619140625e+01
9.595488739013671875e+01
1.007566070556640625e+02
1.087244567871093750e+02
1.191615753173828125e+02
1.347685546875000000e+02
1.644263916015625000e+02
2.114742736816406250e+02
2.354078216552734375e+02
2.426809997558593750e+02
2.354231262207031250e+02
2.263248443603515625e+02
2.245811157226562500e+02
2.113220825195312500e+02
2.118384552001953125e+02
2.053490753173828125e+02
1.996461944580078125e+02
1.959916076660156250e+02
1.938451080322265625e+02
1.887253417968750000e+02
1.852190856933593750e+02
1.837229919433593750e+02
1.792613372802734375e+02
1.755373535156250000e+02
1.747154846191406250e+02
1.710099487304687500e+02
1.678701019287109375e+02
1.701904144287109375e+02
1.656566009521484375e+02
1.625252532958984375e+02
1.613479003906250000e+02
1.573831787109375000e+02
1.551119537353515625e+02
1.591540374755859375e+02
1.542627716064453125e+02
1.536888885498046875e+02
1.517843170166015625e+02
1.506244812011718750e+02
1.477991485595703125e+02
1.455860443115234375e+02
1.445450744628906250e+02
1.428912811279296875e+02
1.406448364257812500e+02
1.423946380615234375e+02
1.399374237060546875e+02
1.385639648437500000e+02
1.365644531250000000e+02
1.389709472656250000e+02
1.358401794433593750e+02
1.340103912353515625e+02
1.317859191894531250e+02
1.309039306640625000e+02
1.337698364257812500e+02
1.319615631103515625e+02
1.331853332519531250e+02
1.262139816284179688e+02
1.252653427124023438e+02
1.270457000732421875e+02
1.239929504394531250e+02
1.238717422485351562e+02
1.236460418701171875e+02
1.221916732788085938e+02
1.222435989379882812e+02
1.208443527221679688e+02
1.184847793579101562e+02
1.200998535156250000e+02
1.173741912841796875e+02
1.178199691772460938e+02
1.177958984375000000e+02
1.151461715698242188e+02
1.150600051879882812e+02
1.141578369140625000e+02
1.141254653930664062e+02
1.142461776733398438e+02
1.138316574096679688e+02
1.133688507080078125e+02
1.108091583251953125e+02
1.114040145874023438e+02
1.088545532226562500e+02
1.119640655517578125e+02
1.104906921386718750e+02
1.087152099609375000e+02
1.087735290527343750e+02
1.068758544921875000e+02
1.073905639648437500e+02
1.070771255493164062e+02
1.086726684570312500e+02
1.054430160522460938e+02
1.064922561645507812e+02
1.053924484252929688e+02
1.051703872680664062e+02
1.054033813476562500e+02
1.046364746093750000e+02
1.055205917358398438e+02
1.023369293212890625e+02
1.038439559936523438e+02
1.048810958862304688e+02
1.023753890991210938e+02
1.025825576782226562e+02
1.041537017822265625e+02
1.033410339355468750e+02
1.030307617187500000e+02
1.016503753662109375e+02
1.023039245605468750e+02
1.010643539428710938e+02
1.015161743164062500e+02
1.008625259399414062e+02
1.019381256103515625e+02
1.009761123657226562e+02
9.952478790283203125e+01
1.003661117553710938e+02
9.945919799804687500e+01
9.988686370849609375e+01
9.598445129394531250e+01
9.998856353759765625e+01
9.948284149169921875e+01
9.853874969482421875e+01
9.882252502441406250e+01
9.955290985107421875e+01
9.686728668212890625e+01
9.763566589355468750e+01
9.827715301513671875e+01
9.713869476318359375e+01
9.611251068115234375e+01
9.650994110107421875e+01
9.759151458740234375e+01
9.604988098144531250e+01
9.572716522216796875e+01
9.649067687988281250e+01
9.678373718261718750e+01
9.370495605468750000e+01
9.890888214111328125e+01
9.579155731201171875e+01
9.443296051025390625e+01
9.478352355957031250e+01
9.599591064453125000e+01
9.454335021972656250e+01
9.443713378906250000e+01
9.512734222412109375e+01
9.264734649658203125e+01
9.449854278564453125e+01
9.239841461181640625e+01
9.331419372558593750e+01
9.256712341308593750e+01
9.162972259521484375e+01
9.503698730468750000e+01
9.451824951171875000e+01
9.090504455566406250e+01
9.454563140869140625e+01
8.984590911865234375e+01
9.337737274169921875e+01
9.138696289062500000e+01
9.170835113525390625e+01
9.362264251708984375e+01
9.246615600585937500e+01
8.907129669189453125e+01
9.036548614501953125e+01
8.966836547851562500e+01
8.927912139892578125e+01
9.091355895996093750e+01
8.784319305419921875e+01
9.004137420654296875e+01
9.032565307617187500e+01
8.863655090332031250e+01
8.827995300292968750e+01
8.830057525634765625e+01
8.942192077636718750e+01
8.595037078857421875e+01
8.907540893554687500e+01
8.868138885498046875e+01
8.846044158935546875e+01
8.783579254150390625e+01
8.686600494384765625e+01
8.869666290283203125e+01
9.090941619873046875e+01
8.314006805419921875e+01
8.817481231689453125e+01
8.980952453613281250e+01
8.694379425048828125e+01
8.740319824218750000e+01
8.782250976562500000e+01
8.854847717285156250e+01
8.769522094726562500e+01
8.693138122558593750e+01
8.734636688232421875e+01
8.760269927978515625e+01
8.762915039062500000e+01
8.861924743652343750e+01
8.752808380126953125e+01
8.726494598388671875e+01
8.842884063720703125e+01
8.761814880371093750e+01
8.707042694091796875e+01
8.694152069091796875e+01
8.606891632080078125e+01
8.759542083740234375e+01
8.856967163085937500e+01
8.947132873535156250e+01
8.727343750000000000e+01
8.869355010986328125e+01
8.650933074951171875e+01
8.652542877197265625e+01
8.575763702392578125e+01
8.593560028076171875e+01
8.618836975097656250e+01
8.575015258789062500e+01
8.508784484863281250e+01
8.484689331054687500e+01
8.471034240722656250e+01
8.465646362304687500e+01
8.380389404296875000e+01
8.415298461914062500e+01
8.355078887939453125e+01
8.413584136962890625e+01
8.352496337890625000e+01
8.346495819091796875e+01
8.296481323242187500e+01
8.253009033203125000e+01
8.245491027832031250e+01
8.226310729980468750e+01
8.218999481201171875e+01
8.223027801513671875e+01
8.207688903808593750e+01
8.198254394531250000e+01
8.156644439697265625e+01
8.165019226074218750e+01
8.326413726806640625e+01
8.121161651611328125e+01
8.358386230468750000e+01
8.530062866210937500e+01
8.115045166015625000e+01
8.626873779296875000e+01
8.425563049316406250e+01
8.590654754638671875e+01
8.492246246337890625e+01
8.565924835205078125e+01
8.258946228027343750e+01
8.484121704101562500e+01
8.251411437988281250e+01
8.432648468017578125e+01
8.281797790527343750e+01
8.234112548828125000e+01
8.194200134277343750e+01
8.261444854736328125e+01
8.182706451416015625e+01
8.163306427001953125e+01
8.160955047607421875e+01
8.130617523193359375e+01
8.115069580078125000e+01
8.084788513183593750e+01
8.064112854003906250e+01
8.053781127929687500e+01
8.019229125976562500e+01
8.039879608154296875e+01
7.989351654052734375e+01
8.002281188964843750e+01
7.962474060058593750e+01
7.945716857910156250e+01
7.985601806640625000e+01
7.925908660888671875e+01
7.947563171386718750e+01
7.919653320312500000e+01
7.905822753906250000e+01
7.865415954589843750e+01
7.899713897705078125e+01
7.904956054687500000e+01
7.883276367187500000e+01
7.858784484863281250e+01
7.836258697509765625e+01
7.841742706298828125e+01
7.847407531738281250e+01
7.826264190673828125e+01
7.776146697998046875e+01
7.830162811279296875e+01
7.865165710449218750e+01
7.698698425292968750e+01
7.960945129394531250e+01
7.805725097656250000e+01
7.921913146972656250e+01
8.129772186279296875e+01
8.134686279296875000e+01
8.325151824951171875e+01
7.673690795898437500e+01
7.734760284423828125e+01
7.972206115722656250e+01
7.855304718017578125e+01
7.894120788574218750e+01
7.855786895751953125e+01
7.870800018310546875e+01
7.899224853515625000e+01
7.896250152587890625e+01
7.860605621337890625e+01
7.876726531982421875e+01
7.885192871093750000e+01
7.919016265869140625e+01
7.858306121826171875e+01
7.847185516357421875e+01
7.884072875976562500e+01
7.869330596923828125e+01
7.867558288574218750e+01
7.902429962158203125e+01
7.887069702148437500e+01
7.913898468017578125e+01
7.911669158935546875e+01
7.894355010986328125e+01
7.918750000000000000e+01
7.911125183105468750e+01
7.964290618896484375e+01
7.911437988281250000e+01
7.957251739501953125e+01
7.924085235595703125e+01
7.976643371582031250e+01
7.955905151367187500e+01
7.955432891845703125e+01
7.957591247558593750e+01
7.985516357421875000e+01
8.000317382812500000e+01
7.983566284179687500e+01
8.042211914062500000e+01
8.050650787353515625e+01
8.080377197265625000e+01
8.097990417480468750e+01
8.081221771240234375e+01
8.163553619384765625e+01
8.099227905273437500e+01
8.109575653076171875e+01
8.171624755859375000e+01
8.160906982421875000e+01
8.210423278808593750e+01
8.177826690673828125e+01
8.322682189941406250e+01
8.548082733154296875e+01
8.436623382568359375e+01
8.575766754150390625e+01
8.572594451904296875e+01
8.432057189941406250e+01
8.575846099853515625e+01
8.579341888427734375e+01
8.590408325195312500e+01
8.614712524414062500e+01
8.681568908691406250e+01
8.620908355712890625e+01
8.685359954833984375e+01
8.732702636718750000e+01
8.695985412597656250e+01
8.704800415039062500e+01
8.758378601074218750e+01
8.770694732666015625e+01
8.760580444335937500e+01
8.797412872314453125e+01
8.738838195800781250e+01
8.873555755615234375e+01
8.879645538330078125e+01
8.939017486572265625e+01
8.837563323974609375e+01
8.870556640625000000e+01
8.865927124023437500e+01
8.875443267822265625e+01
8.927421569824218750e+01
8.872174835205078125e+01
8.953981018066406250e+01
8.977708435058593750e+01
8.958998870849609375e+01
9.083863830566406250e+01
8.988569641113281250e+01
9.006225585937500000e+01
8.989546966552734375e+01
9.006497955322265625e+01
9.026036071777343750e+01
9.010782623291015625e+01
9.090583038330078125e+01
9.054457855224609375e+01
9.096340179443359375e+01
9.108583831787109375e+01
9.136184692382812500e+01
9.139298248291015625e+01
9.101322937011718750e+01
9.044342041015625000e+01
9.182212829589843750e+01
9.178788757324218750e+01
9.106432342529296875e+01
9.202542877197265625e+01
9.183795928955078125e+01
9.158138275146484375e+01
9.145260620117187500e+01
9.131354522705078125e+01
9.189334106445312500e+01
9.178607177734375000e+01
9.102996826171875000e+01
9.055493164062500000e+01
9.143288421630859375e+01
9.305523681640625000e+01
9.250942993164062500e+01
8.994055175781250000e+01
9.399419403076171875e+01
9.344592285156250000e+01
9.258943939208984375e+01
9.082887268066406250e+01
9.424739837646484375e+01
9.152059936523437500e+01
9.253883361816406250e+01
9.335331726074218750e+01
9.300614166259765625e+01
9.285877990722656250e+01
9.253173828125000000e+01
9.260982513427734375e+01
9.244680023193359375e+01
9.234046173095703125e+01
9.237700653076171875e+01
9.211135864257812500e+01
9.235463714599609375e+01
9.234081268310546875e+01
9.199674987792968750e+01
9.175550079345703125e+01
9.257471466064453125e+01
9.189443969726562500e+01
9.187528228759765625e+01
9.263058471679687500e+01
9.244556427001953125e+01
9.252941894531250000e+01
9.356478118896484375e+01
9.228653717041015625e+01
9.215480804443359375e+01
9.226406860351562500e+01
9.186317443847656250e+01
9.261006164550781250e+01
9.234729003906250000e+01
9.245798492431640625e+01
9.156278228759765625e+01
9.240730285644531250e+01
9.191783905029296875e+01
9.141020965576171875e+01
9.203209686279296875e+01
9.175267791748046875e+01
9.182096862792968750e+01
9.158370971679687500e+01
9.193182373046875000e+01
9.173284912109375000e+01
9.192918395996093750e+01
9.218154144287109375e+01
9.166059112548828125e+01
9.201362609863281250e+01
9.082161712646484375e+01
9.042930603027343750e+01
8.702613067626953125e+01
9.169573974609375000e+01
9.196545410156250000e+01
9.095224761962890625e+01
9.170547485351562500e+01
9.143398284912109375e+01
9.124996948242187500e+01
9.148934173583984375e+01
9.152461242675781250e+01
9.129449462890625000e+01
9.154657745361328125e+01
9.123175811767578125e+01
9.140773010253906250e+01
9.145304107666015625e+01
9.137120056152343750e+01
9.104106140136718750e+01
9.115380859375000000e+01
9.136812591552734375e+01
9.139647674560546875e+01
9.122051239013671875e+01
9.147931671142578125e+01
9.083261871337890625e+01
9.150928497314453125e+01
9.088082885742187500e+01
9.124954986572265625e+01
9.102339935302734375e+01
9.098020172119140625e+01
9.107892608642578125e+01
9.034454345703125000e+01
9.125625610351562500e+01
9.071825408935546875e+01
9.076412963867187500e+01
9.052987670898437500e+01
9.074908447265625000e+01
9.028117370605468750e+01
9.051026916503906250e+01
9.042956542968750000e+01
9.050493621826171875e+01
9.024682617187500000e+01
9.036418914794921875e+01
9.035066223144531250e+01
9.023103332519531250e+01
9.011456298828125000e+01
8.962329101562500000e+01
9.022761535644531250e+01
8.996965026855468750e+01
9.035508728027343750e+01
9.054040527343750000e+01
8.935296630859375000e+01
8.993425750732421875e+01
8.956181335449218750e+01
8.982100677490234375e+01
8.924549865722656250e+01
9.025527191162109375e+01
8.960644531250000000e+01
8.984809112548828125e+01
9.307980346679687500e+01
8.798691558837890625e+01
9.006242370605468750e+01
9.123950195312500000e+01
9.189172363281250000e+01
9.432048034667968750e+01
9.195534515380859375e+01
9.209848785400390625e+01
9.074976348876953125e+01
9.167591857910156250e+01
9.065106964111328125e+01
9.101910400390625000e+01
9.077713012695312500e+01
9.045787048339843750e+01
9.043906402587890625e+01
9.044722747802734375e+01
9.026681518554687500e+01
9.036951446533203125e+01
9.007687377929687500e+01
9.010263061523437500e+01
8.968589019775390625e+01
9.021724700927734375e+01
8.984660339355468750e+01
8.953510284423828125e+01
8.964008331298828125e+01
8.941537475585937500e+01
8.957685089111328125e+01
8.951394653320312500e+01
8.921192932128906250e+01
8.940071105957031250e+01
8.903665924072265625e+01
8.913743591308593750e+01
8.900545501708984375e+01
8.912168121337890625e+01
8.859421539306640625e+01
8.896370697021484375e+01
8.814661407470703125e+01
8.900755310058593750e+01
8.857921600341796875e+01
8.845558166503906250e+01
8.824143218994140625e+01
8.834405517578125000e+01
8.829538726806640625e+01
8.817168426513671875e+01
8.819097137451171875e+01
8.796733093261718750e+01
8.798239898681640625e+01
8.793032836914062500e+01
8.784280395507812500e+01
8.771266937255859375e+01
8.751512145996093750e+01
8.815403747558593750e+01
8.745635986328125000e+01
8.766407012939453125e+01
8.789832305908203125e+01
8.684490966796875000e+01
8.703534698486328125e+01
8.735833740234375000e+01
8.724542236328125000e+01
8.695259857177734375e+01
8.714263153076171875e+01
8.681090545654296875e+01
8.689744567871093750e+01
8.647926330566406250e+01
8.676734924316406250e+01
8.666117095947265625e+01
8.636614227294921875e+01
8.652237701416015625e+01
8.604901885986328125e+01
8.644470214843750000e+01
8.604077148437500000e+01
8.696491241455078125e+01
8.964845275878906250e+01
8.651737213134765625e+01
8.846381378173828125e+01
8.728557586669921875e+01
8.850627899169921875e+01
8.749405670166015625e+01
8.753220367431640625e+01
8.775463104248046875e+01
8.825017547607421875e+01
8.818286132812500000e+01
8.811776733398437500e+01
8.792615509033203125e+01
8.785151672363281250e+01
8.753967285156250000e+01
8.765448760986328125e+01
8.737402343750000000e+01
8.723081207275390625e+01
8.710871124267578125e+01
8.722266387939453125e+01
8.698574066162109375e+01
8.705860900878906250e+01
8.668878936767578125e+01
8.695277404785156250e+01
8.641567993164062500e+01
8.665928649902343750e+01
8.650446319580078125e+01
8.612892913818359375e+01
8.635749816894531250e+01
8.603462982177734375e+01
8.592816925048828125e+01
8.631742858886718750e+01
8.585897827148437500e+01
8.566654968261718750e+01
8.566717529296875000e+01
8.531408691406250000e+01
8.557041168212890625e+01
8.544165802001953125e+01
8.536702728271484375e+01
8.542680358886718750e+01
8.505654907226562500e+01
8.515061950683593750e+01
8.489565277099609375e+01
8.509381866455078125e+01
8.477837371826171875e+01
8.484767913818359375e+01
8.477169036865234375e+01
8.446867370605468750e+01
8.460417175292968750e+01
8.448297882080078125e+01
8.432051849365234375e+01
8.421267700195312500e+01
8.423503112792968750e+01
8.444001770019531250e+01
8.389928436279296875e+01
8.431023406982421875e+01
8.383981323242187500e+01
8.402344512939453125e+01
8.382420349121093750e+01
8.343256378173828125e+01
8.401807403564453125e+01
8.360113525390625000e+01
8.344969177246093750e+01
8.352775573730468750e+01
8.394366455078125000e+01
8.332034301757812500e+01
8.326403808593750000e+01
8.325177764892578125e+01
8.308146667480468750e+01
8.321275329589843750e+01
8.316067504882812500e+01
8.272118377685546875e+01
8.293741607666015625e+01
8.279013061523437500e+01
8.281982421875000000e+01
8.293133544921875000e+01
8.263952636718750000e+01
8.247369384765625000e+01
8.258485412597656250e+01
8.257577514648437500e+01
8.246428680419921875e+01
8.248371887207031250e+01
8.197174072265625000e+01
8.236870574951171875e+01
8.211714935302734375e+01
8.188858795166015625e+01
8.188253021240234375e+01
8.181932830810546875e+01
8.178121948242187500e+01
8.175771331787109375e+01
8.188986968994140625e+01
8.175670623779296875e+01
8.181681060791015625e+01
8.153797912597656250e+01
8.135771179199218750e+01
8.148477172851562500e+01
8.138187408447265625e+01
8.134304046630859375e+01
8.086443328857421875e+01
8.112689208984375000e+01
8.101908874511718750e+01
8.059542846679687500e+01
8.102257537841796875e+01
8.063655090332031250e+01
8.070200347900390625e+01
8.072601318359375000e+01
8.040254211425781250e+01
8.042993164062500000e+01
8.033605957031250000e+01
8.015262603759765625e+01
8.043519592285156250e+01
8.010578918457031250e+01
7.996422576904296875e+01
8.004409027099609375e+01
7.989839172363281250e+01
7.992100524902343750e+01
7.974218750000000000e+01
7.977159118652343750e+01
7.943328094482421875e+01
7.966959381103515625e+01
7.950559997558593750e+01
7.923051452636718750e+01
7.918335723876953125e+01
7.927351379394531250e+01
7.908835601806640625e+01
7.886465454101562500e+01
8.017573547363281250e+01
7.914828491210937500e+01
7.653000640869140625e+01
8.361184692382812500e+01
7.660484313964843750e+01
8.317262268066406250e+01
8.221126556396484375e+01
8.128733062744140625e+01
8.282262420654296875e+01
7.988751220703125000e+01
8.082661437988281250e+01
8.133818817138671875e+01
8.091676330566406250e+01
8.088575744628906250e+01
8.108554077148437500e+01
8.076088714599609375e+01
8.081658935546875000e+01
8.074192810058593750e+01
8.068723297119140625e+01
8.061831665039062500e+01
8.027201080322265625e+01
8.023439025878906250e+01
7.990105438232421875e+01
8.060135650634765625e+01
8.009979248046875000e+01
7.969233703613281250e+01
7.984774017333984375e+01
7.984439086914062500e+01
7.963765716552734375e+01
7.947826385498046875e+01
7.973220062255859375e+01
7.929132080078125000e+01
7.940436553955078125e+01
7.919905853271484375e+01
7.917382812500000000e+01
7.925157928466796875e+01
7.896690368652343750e+01
7.881799316406250000e+01
7.904050445556640625e+01
7.872402191162109375e+01
7.881785583496093750e+01
7.871861267089843750e+01
7.863865661621093750e+01
7.861018371582031250e+01
7.842233276367187500e+01
7.845194244384765625e+01
7.831481933593750000e+01
7.823963928222656250e+01
7.815563964843750000e+01
7.809751892089843750e+01
7.820854187011718750e+01
7.797425842285156250e+01
7.819828796386718750e+01
7.782187652587890625e+01
7.772747039794921875e+01
7.770462799072265625e+01
7.765095520019531250e+01
7.736433410644531250e+01
7.773040008544921875e+01
7.738757324218750000e+01
7.735785675048828125e+01
7.737186431884765625e+01
7.714747619628906250e+01
7.756175994873046875e+01
7.696807098388671875e+01
7.717594146728515625e+01
7.720688629150390625e+01
7.684934997558593750e+01
7.693767547607421875e+01
7.679097747802734375e+01
7.684976959228515625e+01
7.660768127441406250e+01
7.658763885498046875e+01
7.658724975585937500e+01
7.634156036376953125e+01
7.627054595947265625e+01
7.612355804443359375e+01
7.646852111816406250e+01
7.626124572753906250e+01
7.611131286621093750e+01
7.577930450439453125e+01
7.605368804931640625e+01
7.580561828613281250e+01
7.605631256103515625e+01
7.584573364257812500e+01
7.564094543457031250e+01
7.581050109863281250e+01
7.561077117919921875e+01
7.560215759277343750e+01
7.542006683349609375e+01
7.573249053955078125e+01
7.569612121582031250e+01
7.516571044921875000e+01
7.828343200683593750e+01
7.365503692626953125e+01
7.814517211914062500e+01
7.769321441650390625e+01
7.699787902832031250e+01
7.761791229248046875e+01
7.753402709960937500e+01
7.704002380371093750e+01
7.717209625244140625e+01
7.710923004150390625e+01
7.694685363769531250e+01
7.691767883300781250e+01
7.689111328125000000e+01
7.666075897216796875e+01
7.671274566650390625e+01
7.632571411132812500e+01
7.650643920898437500e+01
7.642021942138671875e+01
7.623941802978515625e+01
7.629421234130859375e+01
7.609120178222656250e+01
7.618825531005859375e+01
7.585000610351562500e+01
7.586116027832031250e+01
7.588430786132812500e+01
7.578439331054687500e+01
7.576461791992187500e+01
7.573703765869140625e+01
7.548837280273437500e+01
7.541857910156250000e+01
7.550382995605468750e+01
7.533479309082031250e+01
7.518759918212890625e+01
7.542610931396484375e+01
7.522743225097656250e+01
7.507739257812500000e+01
7.511867523193359375e+01
7.520747375488281250e+01
7.487404632568359375e+01
7.480039215087890625e+01
7.479796600341796875e+01
7.487535095214843750e+01
7.475075531005859375e+01
7.481533050537109375e+01
7.461181640625000000e+01
7.455142974853515625e+01
7.448728179931640625e+01
7.440411376953125000e+01
7.434571075439453125e+01
7.432318878173828125e+01
7.400772857666015625e+01
7.423898315429687500e+01
7.400459289550781250e+01
7.412821960449218750e+01
7.402892303466796875e+01
7.381802368164062500e+01
7.384286499023437500e+01
7.389602661132812500e+01
7.359890747070312500e+01
7.361790466308593750e+01
7.355817413330078125e+01
7.348836517333984375e+01
7.363440704345703125e+01
7.326293945312500000e+01
7.321538543701171875e+01
7.342609405517578125e+01
7.306157684326171875e+01
7.328923034667968750e+01
7.309855651855468750e+01
7.314836120605468750e+01
7.272150421142578125e+01
7.312283325195312500e+01
7.282476806640625000e+01
7.296157073974609375e+01
7.267896270751953125e+01
7.254216766357421875e+01
7.255896759033203125e+01
7.259423065185546875e+01
7.237002563476562500e+01
7.239246368408203125e+01
7.240322113037109375e+01
7.222626495361328125e+01
7.226966094970703125e+01
7.217261505126953125e+01
7.222744750976562500e+01
7.202082061767578125e+01
7.213114166259765625e+01
7.195361328125000000e+01
7.178800964355468750e+01
7.182447814941406250e+01
7.181192016601562500e+01
7.192691040039062500e+01
7.142270660400390625e+01
7.161047363281250000e+01
7.156288146972656250e+01
7.137788391113281250e+01
7.141825866699218750e+01
7.137291717529296875e+01
7.129409790039062500e+01
7.124945831298828125e+01
7.128570556640625000e+01
7.112135314941406250e+01
7.123675537109375000e+01
7.101634979248046875e+01
7.107614135742187500e+01
7.077268981933593750e+01
7.078895568847656250e+01
7.095146179199218750e+01
7.067900848388671875e+01
7.059482574462890625e+01
7.071802520751953125e+01
7.061103820800781250e+01
7.042632293701171875e+01
7.043808746337890625e+01
7.032572937011718750e+01
6.999517822265625000e+01
7.020985412597656250e+01
7.015762329101562500e+01
7.029724121093750000e+01
6.998719787597656250e+01
7.009184265136718750e+01
6.991166687011718750e+01
6.992889404296875000e+01
6.972554016113281250e+01
6.992625427246093750e+01
6.939822387695312500e+01
6.977555084228515625e+01
6.968166351318359375e+01
6.970725250244140625e+01
6.955647277832031250e+01
6.945849609375000000e+01
6.937696075439453125e+01
6.953878784179687500e+01
6.932038116455078125e+01
6.913103485107421875e+01
6.935187530517578125e+01
6.911055755615234375e+01
6.915919494628906250e+01
6.889522552490234375e+01
6.908139038085937500e+01
6.838466644287109375e+01
7.552478790283203125e+01
7.111064910888671875e+01
7.616011810302734375e+01
7.252209472656250000e+01
7.202877807617187500e+01
7.314611053466796875e+01
7.295433044433593750e+01
7.452288818359375000e+01
7.782409667968750000e+01
6.904484558105468750e+01
7.388935089111328125e+01
7.326336669921875000e+01
7.291262054443359375e+01
7.301960754394531250e+01
7.337750244140625000e+01
7.288544464111328125e+01
7.284930419921875000e+01
7.273833465576171875e+01
7.272864532470703125e+01
7.276168060302734375e+01
7.265853881835937500e+01
7.262638854980468750e+01
7.244173431396484375e+01
7.241354370117187500e+01
7.242597198486328125e+01
7.239015197753906250e+01
7.222111511230468750e+01
7.223635864257812500e+01
7.220598602294921875e+01
7.200577545166015625e+01
7.207707977294921875e+01
7.178450775146484375e+01
7.183552551269531250e+01
7.180437469482421875e+01
7.168361663818359375e+01
7.162806701660156250e+01
7.171144104003906250e+01
7.146315765380859375e+01
7.152936553955078125e+01
7.142896270751953125e+01
7.123744201660156250e+01
7.128382873535156250e+01
7.111480712890625000e+01
7.100630950927734375e+01
7.121759796142578125e+01
7.092782592773437500e+01
7.080667877197265625e+01
7.084855651855468750e+01
7.071011352539062500e+01
7.081527709960937500e+01
