2.642449378967285156e+01
1.285729789733886719e+01
9.645367622375488281e+00
7.750361442565917969e+00
8.095367431640625000e+00
2.205556297302246094e+01
8.476706695556640625e+01
3.982305526733398438e+01
1.105600452423095703e+01
7.899874210357666016e+00
7.276778697967529297e+00
7.050856590270996094e+00
6.858711719512939453e+00
6.683278083801269531e+00
6.815743923187255859e+00
7.308676719665527344e+00
8.206488609313964844e+00
9.721421241760253906e+00
1.194576168060302734e+01
1.604227447509765625e+01
2.451922798156738281e+01
4.325359725952148438e+01
6.817009735107421875e+01
8.496894073486328125e+01
9.208533477783203125e+01
1.006921386718750000e+02
1.118164291381835938e+02
1.383347015380859375e+02
1.807878570556640625e+02
2.162364044189453125e+02
2.141732940673828125e+02
2.061300659179687500e+02
1.984660797119140625e+02
1.923427429199218750e+02
1.891910705566406250e+02
1.811984405517578125e+02
1.763610992431640625e+02
1.768186950683593750e+02
1.701843566894531250e+02
1.673233032226562500e+02
1.653551635742187500e+02
1.642277221679687500e+02
1.591744995117187500e+02
1.568209838867187500e+02
1.575721588134765625e+02
1.596364288330078125e+02
1.530664215087890625e+02
1.504236297607421875e+02
1.523708648681640625e+02
1.459637908935546875e+02
1.437397308349609375e+02
1.449824066162109375e+02
1.405776824951171875e+02
1.409127807617187500e+02
1.379835815429687500e+02
1.375521240234375000e+02
1.391374969482421875e+02
1.353377990722656250e+02
1.370901489257812500e+02
1.322042846679687500e+02
1.327100677490234375e+02
1.287467193603515625e+02
1.306456909179687500e+02
1.288129119873046875e+02
1.295665283203125000e+02
1.245744476318359375e+02
1.245120086669921875e+02
1.275175476074218750e+02
1.262811050415039062e+02
1.248172302246093750e+02
1.225271453857421875e+02
1.201303176879882812e+02
1.249934158325195312e+02
1.218643035888671875e+02
1.246067199707031250e+02
1.212617187500000000e+02
1.213540802001953125e+02
1.200413665771484375e+02
1.183332214355468750e+02
1.185787963867187500e+02
1.195876388549804688e+02
1.180870361328125000e+02
1.165918273925781250e+02
1.219839859008789062e+02
1.182838516235351562e+02
1.172368545532226562e+02
1.186935806274414062e+02
1.164025726318359375e+02
1.189464492797851562e+02
1.198139953613281250e+02
1.171923446655273438e+02
1.159743118286132812e+02
1.197855529785156250e+02
1.172618713378906250e+02
1.158731307983398438e+02
1.168375015258789062e+02
1.172265853881835938e+02
1.185392990112304688e+02
1.126321868896484375e+02
1.118612976074218750e+02
1.151247940063476562e+02
1.134975662231445312e+02
1.164380493164062500e+02
1.119044036865234375e+02
1.120942077636718750e+02
1.136845092773437500e+02
1.122854766845703125e+02
1.127464752197265625e+02
1.123816452026367188e+02
1.135478820800781250e+02
1.102982254028320312e+02
1.101765136718750000e+02
1.099039382934570312e+02
1.089886474609375000e+02
1.090919265747070312e+02
1.078105392456054688e+02
1.079464263916015625e+02
1.065739593505859375e+02
1.074500732421875000e+02
1.058325119018554688e+02
1.052159118652343750e+02
1.083674163818359375e+02
1.135235214233398438e+02
1.077682418823242188e+02
1.015816421508789062e+02
1.023710174560546875e+02
1.038919219970703125e+02
1.039363098144531250e+02
1.030885543823242188e+02
1.019843521118164062e+02
1.020486602783203125e+02
1.021792907714843750e+02
1.018320617675781250e+02
1.015466766357421875e+02
1.015379791259765625e+02
1.009285964965820312e+02
1.008515014648437500e+02
1.004294815063476562e+02
1.017279510498046875e+02
9.913924407958984375e+01
1.012242431640625000e+02
9.993429565429687500e+01
1.000458526611328125e+02
9.954331207275390625e+01
1.009831085205078125e+02
9.863800811767578125e+01
1.002068405151367188e+02
1.011456832885742188e+02
9.952295684814453125e+01
9.988808441162109375e+01
1.004876480102539062e+02
9.815712738037109375e+01
9.986808776855468750e+01
9.841224670410156250e+01
1.010261306762695312e+02
9.915731811523437500e+01
1.013033828735351562e+02
1.006630096435546875e+02
1.021918029785156250e+02
9.752169799804687500e+01
9.998905181884765625e+01
1.010899047851562500e+02
1.000882263183593750e+02
9.884769439697265625e+01
1.009148941040039062e+02
1.025852432250976562e+02
1.014730453491210938e+02
9.904905700683593750e+01
1.021219558715820312e+02
1.015865173339843750e+02
1.004343261718750000e+02
1.024108276367187500e+02
9.996399688720703125e+01
1.006958084106445312e+02
1.004246292114257812e+02
1.012548599243164062e+02
9.998471832275390625e+01
1.011447601318359375e+02
1.011649551391601562e+02
1.020343017578125000e+02
1.008038711547851562e+02
9.973557281494140625e+01
1.013957366943359375e+02
1.004486923217773438e+02
1.003956222534179688e+02
9.985370635986328125e+01
1.000108795166015625e+02
1.039656982421875000e+02
9.960969543457031250e+01
1.021426544189453125e+02
9.900073242187500000e+01
1.009914474487304688e+02
1.007629547119140625e+02
1.007920150756835938e+02
1.004794158935546875e+02
1.001219558715820312e+02
1.001861190795898438e+02
1.005883941650390625e+02
1.013994827270507812e+02
1.001191024780273438e+02
1.006597518920898438e+02
1.001007995605468750e+02
1.009268875122070312e+02
9.965594482421875000e+01
9.970986175537109375e+01
9.997295379638671875e+01
9.945701599121093750e+01
1.003068542480468750e+02
1.002791748046875000e+02
9.925713348388671875e+01
1.002290344238281250e+02
1.000029373168945312e+02
9.956790924072265625e+01
1.002877120971679688e+02
1.002477951049804688e+02
9.973329162597656250e+01
9.986972045898437500e+01
9.982974243164062500e+01
9.917276763916015625e+01
9.979836273193359375e+01
9.959161376953125000e+01
1.007435379028320312e+02
1.001798629760742188e+02
9.926477813720703125e+01
1.003862533569335938e+02
9.977590942382812500e+01
1.014599533081054688e+02
1.029579772949218750e+02
1.005018310546875000e+02
1.071125640869140625e+02
9.953102874755859375e+01
9.896017456054687500e+01
1.011407089233398438e+02
1.039029235839843750e+02
9.931858825683593750e+01
1.027957534790039062e+02
1.030437469482421875e+02
1.024376602172851562e+02
1.019522018432617188e+02
1.011617889404296875e+02
1.016567611694335938e+02
1.013925857543945312e+02
1.015778427124023438e+02
1.009283905029296875e+02
1.021700820922851562e+02
1.010637435913085938e+02
1.011024322509765625e+02
1.010528717041015625e+02
1.011818237304687500e+02
1.008202285766601562e+02
1.010400009155273438e+02
1.009725036621093750e+02
1.007826538085937500e+02
1.006335449218750000e+02
1.007289352416992188e+02
1.004192123413085938e+02
1.004889831542968750e+02
1.011716079711914062e+02
1.000966567993164062e+02
1.011585388183593750e+02
1.010368118286132812e+02
1.003007812500000000e+02
1.001252212524414062e+02
9.995046234130859375e+01
9.987264251708984375e+01
9.981583404541015625e+01
9.970976257324218750e+01
9.987717437744140625e+01
9.978967285156250000e+01
9.962710571289062500e+01
9.893966674804687500e+01
9.976031494140625000e+01
9.874144744873046875e+01
9.878660583496093750e+01
9.903034973144531250e+01
9.883888244628906250e+01
9.894399261474609375e+01
9.860831451416015625e+01
9.843788909912109375e+01
9.837346649169921875e+01
9.826782226562500000e+01
9.864217376708984375e+01
9.830200958251953125e+01
9.814918518066406250e+01
9.818387603759765625e+01
9.785688781738281250e+01
9.787114715576171875e+01
9.821497344970703125e+01
9.789654541015625000e+01
9.764688873291015625e+01
9.773208618164062500e+01
9.715786743164062500e+01
9.715828704833984375e+01
9.724590301513671875e+01
9.701464080810546875e+01
9.792015838623046875e+01
9.660795593261718750e+01
9.372725677490234375e+01
9.862366485595703125e+01
9.709236907958984375e+01
9.575021362304687500e+01
9.587835693359375000e+01
9.622769927978515625e+01
9.591079711914062500e+01
9.565464019775390625e+01
9.540120697021484375e+01
9.546726989746093750e+01
9.496446228027343750e+01
9.501781463623046875e+01
9.489730072021484375e+01
9.464220428466796875e+01
9.459518432617187500e+01
9.399977111816406250e+01
9.416846466064453125e+01
9.386737060546875000e+01
9.368433380126953125e+01
9.365264129638671875e+01
9.326726531982421875e+01
9.291138458251953125e+01
9.315856933593750000e+01
9.253170776367187500e+01
9.254247283935546875e+01
9.206472778320312500e+01
9.217919921875000000e+01
9.220844268798828125e+01
9.155680084228515625e+01
9.127058410644531250e+01
9.157804107666015625e+01
9.137929534912109375e+01
9.126464080810546875e+01
9.069221496582031250e+01
9.054306030273437500e+01
9.017677307128906250e+01
9.023587799072265625e+01
9.004091644287109375e+01
8.955636596679687500e+01
8.951136016845703125e+01
8.936693572998046875e+01
8.914350128173828125e+01
8.902182769775390625e+01
8.902693939208984375e+01
8.849300384521484375e+01
8.882136535644531250e+01
8.841176605224609375e+01
8.781357574462890625e+01
8.782075500488281250e+01
8.764486694335937500e+01
8.764678955078125000e+01
8.703237152099609375e+01
8.745141601562500000e+01
8.691767883300781250e+01
8.666561889648437500e+01
8.640152740478515625e+01
8.651287841796875000e+01
8.623512268066406250e+01
8.639257812500000000e+01
8.585320281982421875e+01
8.585741424560546875e+01
8.540186309814453125e+01
8.554039764404296875e+01
8.505425262451171875e+01
8.497887420654296875e+01
8.489518737792968750e+01
8.460946655273437500e+01
8.447524261474609375e+01
8.416725921630859375e+01
8.419909667968750000e+01
8.400416564941406250e+01
8.389100646972656250e+01
8.371984863281250000e+01
8.327229309082031250e+01
8.333496856689453125e+01
8.310272216796875000e+01
8.301802062988281250e+01
8.300536346435546875e+01
8.274494934082031250e+01
8.236284637451171875e+01
8.281565856933593750e+01
8.523689270019531250e+01
8.624916076660156250e+01
8.493952941894531250e+01
8.785181427001953125e+01
8.504920959472656250e+01
8.518103790283203125e+01
8.656507873535156250e+01
8.603608703613281250e+01
8.500601196289062500e+01
8.444550323486328125e+01
8.358242034912109375e+01
8.364393615722656250e+01
8.312983703613281250e+01
8.328952789306640625e+01
8.274533081054687500e+01
8.242127227783203125e+01
8.258137512207031250e+01
8.246784973144531250e+01
8.169933319091796875e+01
8.195254516601562500e+01
8.172499084472656250e+01
8.164465332031250000e+01
8.148999023437500000e+01
8.121201324462890625e+01
8.120056915283203125e+01
8.105646514892578125e+01
8.078429412841796875e+01
8.087111663818359375e+01
8.052616119384765625e+01
8.048928833007812500e+01
8.020595550537109375e+01
8.044847106933593750e+01
8.023559570312500000e+01
7.989932250976562500e+01
7.984141540527343750e+01
7.959392547607421875e+01
7.975286865234375000e+01
7.953373718261718750e+01
7.942724609375000000e+01
7.918414306640625000e+01
7.899790191650390625e+01
7.887123870849609375e+01
7.904355621337890625e+01
7.878095245361328125e+01
7.859904479980468750e+01
7.863809204101562500e+01
7.827747344970703125e+01
7.809294128417968750e+01
7.817466735839843750e+01
7.805632019042968750e+01
7.801271820068359375e+01
7.779771423339843750e+01
7.763735198974609375e+01
7.750530242919921875e+01
7.752976226806640625e+01
7.714485931396484375e+01
7.718313598632812500e+01
7.695068359375000000e+01
7.702636718750000000e+01
7.671084594726562500e+01
7.671313476562500000e+01
7.641351318359375000e+01
7.646049499511718750e+01
7.617150878906250000e+01
7.627885437011718750e+01
7.605751800537109375e+01
7.598361206054687500e+01
7.624555969238281250e+01
7.573364257812500000e+01
7.565560913085937500e+01
7.548596191406250000e+01
7.563481140136718750e+01
7.553077697753906250e+01
7.507516479492187500e+01
7.488273620605468750e+01
7.498759460449218750e+01
7.463193511962890625e+01
7.483842468261718750e+01
7.458252716064453125e+01
7.444558715820312500e+01
7.434780883789062500e+01
7.407717895507812500e+01
7.413600158691406250e+01
7.398046875000000000e+01
7.377322387695312500e+01
7.398110961914062500e+01
7.369696044921875000e+01
7.378139495849609375e+01
7.347691345214843750e+01
7.319087219238281250e+01
7.353038787841796875e+01
7.307825469970703125e+01
7.338800048828125000e+01
7.278098297119140625e+01
7.282070922851562500e+01
7.266236877441406250e+01
7.280551910400390625e+01
7.233660888671875000e+01
7.240769958496093750e+01
7.229496002197265625e+01
7.234871673583984375e+01
7.190422821044921875e+01
7.215213012695312500e+01
7.208724212646484375e+01
7.190759277343750000e+01
7.169145202636718750e+01
7.146296691894531250e+01
7.132517242431640625e+01
7.157710266113281250e+01
7.141883850097656250e+01
7.116519927978515625e+01
7.118407440185546875e+01
7.099530792236328125e+01
7.111110687255859375e+01
7.145764923095703125e+01
7.058992767333984375e+01
7.096897125244140625e+01
7.066143035888671875e+01
7.073041534423828125e+01
7.080234527587890625e+01
6.999804687500000000e+01
7.025920867919921875e+01
7.026254272460937500e+01
6.995549011230468750e+01
6.998256683349609375e+01
6.981230163574218750e+01
6.951783752441406250e+01
6.929006195068359375e+01
6.930253601074218750e+01
6.923043060302734375e+01
6.939405822753906250e+01
6.917604827880859375e+01
6.898596191406250000e+01
6.889966583251953125e+01
6.890760040283203125e+01
6.872181701660156250e+01
6.871025085449218750e+01
6.857924652099609375e+01
6.872150421142578125e+01
6.845120239257812500e+01
6.810102844238281250e+01
6.819990539550781250e+01
6.780158996582031250e+01
6.779274749755859375e+01
6.788951110839843750e+01
6.795665740966796875e+01
6.847457885742187500e+01
6.800500488281250000e+01
6.791109466552734375e+01
6.756190490722656250e+01
6.762380218505859375e+01
6.725347137451171875e+01
6.701615905761718750e+01
6.724868774414062500e+01
6.712924194335937500e+01
6.700547027587890625e+01
6.691963195800781250e+01
6.652140808105468750e+01
6.708693695068359375e+01
6.638231658935546875e+01
6.679815673828125000e+01
6.638709259033203125e+01
6.615277099609375000e+01
6.611259460449218750e+01
6.629888153076171875e+01
6.627156066894531250e+01
6.632077789306640625e+01
6.602493286132812500e+01
6.604035186767578125e+01
6.560153961181640625e+01
6.558287811279296875e+01
6.543810272216796875e+01
6.529888153076171875e+01
6.526059722900390625e+01
6.502574920654296875e+01
6.513145446777343750e+01
6.517786407470703125e+01
6.510646820068359375e+01
6.527674865722656250e+01
6.488323974609375000e+01
6.626636505126953125e+01
6.963995361328125000e+01
6.701529693603515625e+01
6.829221343994140625e+01
6.671920776367187500e+01
6.865797424316406250e+01
6.912055969238281250e+01
6.803121185302734375e+01
6.861226654052734375e+01
6.753860473632812500e+01
6.745900726318359375e+01
6.706710815429687500e+01
6.685591888427734375e+01
6.677335357666015625e+01
6.657751464843750000e+01
6.632894897460937500e+01
6.628164672851562500e+01
6.622030639648437500e+01
6.601934051513671875e+01
6.576778411865234375e+01
6.572084808349609375e+01
6.570715332031250000e+01
6.550616455078125000e+01
6.535643768310546875e+01
6.532524108886718750e+01
6.537887573242187500e+01
6.490021514892578125e+01
6.504464721679687500e+01
6.502146911621093750e+01
6.474596405029296875e+01
6.481209564208984375e+01
6.465662384033203125e+01
6.454608917236328125e+01
6.432936096191406250e+01
6.430821228027343750e+01
6.441747283935546875e+01
6.430662536621093750e+01
6.408323669433593750e+01
6.408575439453125000e+01
6.396742630004882812e+01
6.396926498413085938e+01
6.368199157714843750e+01
6.363932800292968750e+01
6.368877029418945312e+01
6.333994293212890625e+01
6.339027404785156250e+01
6.353071594238281250e+01
6.330625915527343750e+01
6.313111877441406250e+01
6.304426956176757812e+01
6.295290756225585938e+01
6.286633682250976562e+01
6.280300521850585938e+01
6.266882705688476562e+01
6.238987731933593750e+01
6.245468902587890625e+01
6.236614227294921875e+01
6.251661682128906250e+01
6.205896759033203125e+01
6.228639984130859375e+01
6.202219009399414062e+01
6.200574493408203125e+01
6.196229171752929688e+01
6.183999252319335938e+01
6.174165344238281250e+01
6.167438507080078125e+01
6.168666458129882812e+01
6.158695602416992188e+01
6.155731201171875000e+01
6.121831130981445312e+01
6.138567733764648438e+01
6.120101547241210938e+01
6.111169433593750000e+01
6.114335632324218750e+01
6.113172912597656250e+01
6.101384735107421875e+01
6.086312866210937500e+01
6.083771896362304688e+01
6.073435211181640625e+01
6.055345916748046875e+01
6.081650543212890625e+01
6.043450164794921875e+01
6.068188476562500000e+01
6.034851074218750000e+01
6.033631896972656250e+01
6.027136230468750000e+01
6.021486663818359375e+01
6.025741577148437500e+01
6.013584518432617188e+01
5.990431594848632812e+01
5.975024414062500000e+01
5.990535736083984375e+01
5.974349212646484375e+01
5.981405258178710938e+01
5.964422607421875000e+01
5.967875289916992188e+01
5.973243331909179688e+01
6.001219558715820312e+01
5.987312698364257812e+01
5.945602798461914062e+01
5.962598419189453125e+01
5.932006835937500000e+01
5.930815124511718750e+01
5.911285781860351562e+01
5.916653060913085938e+01
5.901667404174804688e+01
5.892630004882812500e+01
5.878301239013671875e+01
5.880740356445312500e+01
5.868779373168945312e+01
5.849112701416015625e+01
5.852091598510742188e+01
5.844366836547851562e+01
5.847124862670898438e+01
5.839157104492187500e+01
5.852856445312500000e+01
5.816844940185546875e+01
5.829904174804687500e+01
5.791830062866210938e+01
5.851346588134765625e+01
5.822784805297851562e+01
5.839594650268554688e+01
5.816744232177734375e+01
5.813714599609375000e+01
5.800385284423828125e+01
5.804417800903320312e+01
5.793291091918945312e+01
5.757866668701171875e+01
5.764450073242187500e+01
5.761870956420898438e+01
5.741676330566406250e+01
5.749160003662109375e+01
5.731008529663085938e+01
5.732752609252929688e+01
5.724686813354492188e+01
5.710400009155273438e+01
5.705464935302734375e+01
5.713813781738281250e+01
5.676173782348632812e+01
5.693711853027343750e+01
5.674761199951171875e+01
5.694122314453125000e+01
5.644309616088867188e+01
5.650896835327148438e+01
5.662323379516601562e+01
5.647194671630859375e+01
5.632438278198242188e+01
5.619997406005859375e+01
5.619103240966796875e+01
5.613474655151367188e+01
5.596939849853515625e+01
5.597262954711914062e+01
5.594468307495117188e+01
5.578432083129882812e+01
5.578710937500000000e+01
5.582048797607421875e+01
5.563511276245117188e+01
5.554793167114257812e+01
5.555353164672851562e+01
5.558410263061523438e+01
5.563536453247070312e+01
5.582648468017578125e+01
6.018835067749023438e+01
6.359318542480468750e+01
5.804822158813476562e+01
6.280295181274414062e+01
6.017886352539062500e+01
6.046248626708984375e+01
6.051391220092773438e+01
5.998109054565429688e+01
5.959272384643554688e+01
5.927955245971679688e+01
5.902482986450195312e+01
5.897993469238281250e+01
5.869754791259765625e+01
5.861183166503906250e+01
5.845451736450195312e+01
5.832260513305664062e+01
5.795573043823242188e+01
5.804553985595703125e+01
5.776496887207031250e+01
5.767815017700195312e+01
5.749578857421875000e+01
5.750085449218750000e+01
5.723257827758789062e+01
5.720335006713867188e+01
5.697373580932617188e+01
5.704570770263671875e+01
5.688277435302734375e+01
5.682644271850585938e+01
5.681888961791992188e+01
5.666796875000000000e+01
5.668554687500000000e+01
5.648404312133789062e+01
5.648028945922851562e+01
5.634144592285156250e+01
5.628980636596679688e+01
5.611398315429687500e+01
5.614125442504882812e+01
5.614532852172851562e+01
5.587569427490234375e+01
5.584498977661132812e+01
5.587868118286132812e+01
5.575141143798828125e+01
5.584115219116210938e+01
5.556307983398437500e+01
5.564117813110351562e+01
5.546183013916015625e+01
5.544409561157226562e+01
5.534439468383789062e+01
5.532491302490234375e+01
5.510202789306640625e+01
5.522177124023437500e+01
5.504797744750976562e+01
5.512846374511718750e+01
5.516604232788085938e+01
5.493091201782226562e+01
5.481433868408203125e+01
5.489459991455078125e+01
5.480871963500976562e+01
5.466798019409179688e+01
5.459817504882812500e+01
5.451244735717773438e+01
5.446470260620117188e+01
5.450809478759765625e+01
5.433093643188476562e+01
5.428276062011718750e+01
5.438876724243164062e+01
5.396128082275390625e+01
5.409912872314453125e+01
5.394776153564453125e+01
5.403892517089843750e+01
5.391958236694335938e+01
5.363631057739257812e+01
5.396503067016601562e+01
5.369293212890625000e+01
5.363556289672851562e+01
5.360808944702148438e+01
5.351571655273437500e+01
5.357445907592773438e+01
5.345008850097656250e+01
5.350875473022460938e+01
5.330285644531250000e+01
5.349968719482421875e+01
5.359799194335937500e+01
5.315287399291992188e+01
5.334104919433593750e+01
5.307540512084960938e+01
5.292777252197265625e+01
5.305022811889648438e+01
5.288389205932617188e+01
5.279924392700195312e+01
5.277656936645507812e+01
5.279862976074218750e+01
5.268622207641601562e+01
5.280492401123046875e+01
5.254595184326171875e+01
5.242602157592773438e+01
5.248605346679687500e+01
5.240269088745117188e+01
5.242086410522460938e+01
5.230221939086914062e+01
5.213123321533203125e+01
5.227120971679687500e+01
5.205559921264648438e+01
5.219726181030273438e+01
5.201428222656250000e+01
5.218936538696289062e+01
5.192282104492187500e+01
5.158819961547851562e+01
5.204344940185546875e+01
5.185350799560546875e+01
5.185654067993164062e+01
5.161446380615234375e+01
5.148563766479492188e+01
5.184978866577148438e+01
5.146170043945312500e+01
5.138179779052734375e+01
5.150516128540039062e+01
5.128254318237304688e+01
5.140010452270507812e+01
5.127659606933593750e+01
5.138935089111328125e+01
5.144047164916992188e+01
5.131641006469726562e+01
5.109518051147460938e+01
5.107596588134765625e+01
5.088570022583007812e+01
5.101947021484375000e+01
5.093032073974609375e+01
5.100343322753906250e+01
5.082469558715820312e+01
5.101824188232421875e+01
5.087584686279296875e+01
5.074859237670898438e+01
5.076705932617187500e+01
5.069110870361328125e+01
5.042775344848632812e+01
5.080228042602539062e+01
5.047659683227539062e+01
5.061554718017578125e+01
5.031345748901367188e+01
5.038216018676757812e+01
5.020734024047851562e+01
5.027335739135742188e+01
5.020586395263671875e+01
5.035194396972656250e+01
5.014528274536132812e+01
5.023627471923828125e+01
5.027737808227539062e+01
5.020476150512695312e+01
5.001547622680664062e+01
4.994785690307617188e+01
5.005702590942382812e+01
4.986266326904296875e+01
4.984789276123046875e+01
4.987572479248046875e+01
4.968947601318359375e+01
4.968635940551757812e+01
4.951491928100585938e+01
4.964551544189453125e+01
4.933102035522460938e+01
4.950629425048828125e+01
4.946699905395507812e+01
4.927243804931640625e+01
4.921853637695312500e+01
4.918722152709960938e+01
4.906194686889648438e+01
4.897053909301757812e+01
4.882686614990234375e+01
4.902166748046875000e+01
4.891097640991210938e+01
4.883747482299804688e+01
4.883561325073242188e+01
4.859418487548828125e+01
4.892792892456054688e+01
4.872567367553710938e+01
4.891917419433593750e+01
4.873367309570312500e+01
4.905503463745117188e+01
4.869400405883789062e+01
4.860781097412109375e+01
4.850690460205078125e+01
4.856694793701171875e+01
4.847815704345703125e+01
4.839817047119140625e+01
4.848551559448242188e+01
4.831412506103515625e+01
4.832188796997070312e+01
4.831074523925781250e+01
4.813961410522460938e+01
4.821055984497070312e+01
4.799706649780273438e+01
4.808798980712890625e+01
4.796627807617187500e+01
4.782042694091796875e+01
4.790735626220703125e+01
4.788795852661132812e+01
4.992156600952148438e+01
5.040847396850585938e+01
5.326054382324218750e+01
5.118656158447265625e+01
5.120663070678710938e+01
5.291028594970703125e+01
5.463134765625000000e+01
5.247577667236328125e+01
5.241916656494140625e+01
5.190283203125000000e+01
5.184664154052734375e+01
5.134502792358398438e+01
5.121385192871093750e+01
5.096838760375976562e+01
5.101005172729492188e+01
5.079951477050781250e+01
5.085324478149414062e+01
5.072581481933593750e+01
5.063710021972656250e+01
5.050370788574218750e+01
5.032423019409179688e+01
5.034178924560546875e+01
5.027298355102539062e+01
5.003187942504882812e+01
5.017701721191406250e+01
5.006720352172851562e+01
5.000925064086914062e+01
4.982042694091796875e+01
4.991249847412109375e+01
4.969418716430664062e+01
4.977830886840820312e+01
4.969997024536132812e+01
4.957134246826171875e+01
4.945838165283203125e+01
4.941812133789062500e+01
4.939984512329101562e+01
4.934238815307617188e+01
4.936349868774414062e+01
4.910009002685546875e+01
4.929009246826171875e+01
4.910113525390625000e+01
4.908546447753906250e+01
4.905740356445312500e+01
4.891282653808593750e+01
4.896255874633789062e+01
4.889048767089843750e+01
4.869662857055664062e+01
4.881349563598632812e+01
4.872467803955078125e+01
4.869429016113281250e+01
4.858687210083007812e+01
4.868223571777343750e+01
4.857480621337890625e+01
4.850815582275390625e+01
4.853178405761718750e+01
4.838124084472656250e+01
4.820522308349609375e+01
4.839556884765625000e+01
4.813752365112304688e+01
4.838681793212890625e+01
4.807155227661132812e+01
4.805752563476562500e+01
4.808437728881835938e+01
4.818181991577148438e+01
4.800086593627929688e+01
4.791544723510742188e+01
4.790437316894531250e+01
4.793201065063476562e+01
4.776007080078125000e+01
4.779026412963867188e+01
4.770232391357421875e+01
4.769262313842773438e+01
4.762200546264648438e+01
4.762191772460937500e+01
4.751505279541015625e+01
4.753148651123046875e+01
4.748138046264648438e+01
4.753577041625976562e+01
4.746473693847656250e+01
4.723477172851562500e+01
4.732371139526367188e+01
4.726759719848632812e+01
4.728187561035156250e+01
4.710796356201171875e+01
