9.145913124084472656e+00
5.811181068420410156e+00
6.314934730529785156e+00
5.492001056671142578e+00
6.400547504425048828e+00
9.263829231262207031e+00
1.083855533599853516e+01
1.210434532165527344e+01
1.246124458312988281e+01
1.522631263732910156e+01
1.797772598266601562e+01
2.281965637207031250e+01
2.679180145263671875e+01
3.181600761413574219e+01
3.738303756713867188e+01
4.162774658203125000e+01
4.715814208984375000e+01
5.320348358154296875e+01
5.621088027954101562e+01
5.884612655639648438e+01
5.942734527587890625e+01
6.132596206665039062e+01
6.294181442260742188e+01
6.395724105834960938e+01
6.525667572021484375e+01
6.768173217773437500e+01
7.306357574462890625e+01
7.903438568115234375e+01
8.789633178710937500e+01
1.031508941650390625e+02
1.180830001831054688e+02
1.297088317871093750e+02
1.421390686035156250e+02
1.503709564208984375e+02
1.550882568359375000e+02
1.559017639160156250e+02
1.573498992919921875e+02
1.482216644287109375e+02
1.462774963378906250e+02
1.427592010498046875e+02
1.370634002685546875e+02
1.424365997314453125e+02
1.344312744140625000e+02
1.340364837646484375e+02
1.305668334960937500e+02
1.245102462768554688e+02
1.309404754638671875e+02
1.250977096557617188e+02
1.206640930175781250e+02
1.187859725952148438e+02
1.192951736450195312e+02
1.215339050292968750e+02
1.162185058593750000e+02
1.116452713012695312e+02
1.123930664062500000e+02
1.112680206298828125e+02
1.096424560546875000e+02
1.104781646728515625e+02
1.085978927612304688e+02
1.085081253051757812e+02
1.077159118652343750e+02
1.054018630981445312e+02
1.041220321655273438e+02
1.019405288696289062e+02
1.037250289916992188e+02
1.007750091552734375e+02
1.009386520385742188e+02
9.827392578125000000e+01
9.945521545410156250e+01
9.884574127197265625e+01
9.778338623046875000e+01
9.531166839599609375e+01
9.508218383789062500e+01
9.289254760742187500e+01
9.348948669433593750e+01
9.378565979003906250e+01
9.346697235107421875e+01
9.213236999511718750e+01
9.252198028564453125e+01
9.026471710205078125e+01
9.077555847167968750e+01
8.884691619873046875e+01
8.781569671630859375e+01
8.807754516601562500e+01
8.769677734375000000e+01
8.631382751464843750e+01
8.699517822265625000e+01
8.644796752929687500e+01
8.551931762695312500e+01
8.685635375976562500e+01
8.546989440917968750e+01
8.290920257568359375e+01
8.352138519287109375e+01
8.168257904052734375e+01
8.237574005126953125e+01
8.254642486572265625e+01
8.207256317138671875e+01
8.194847106933593750e+01
8.138034057617187500e+01
8.119335174560546875e+01
8.142667388916015625e+01
7.868859863281250000e+01
8.018206787109375000e+01
7.968373107910156250e+01
7.962024688720703125e+01
7.771592712402343750e+01
7.869313049316406250e+01
7.781676483154296875e+01
7.879580688476562500e+01
7.701727294921875000e+01
7.603742218017578125e+01
7.720031738281250000e+01
7.644448089599609375e+01
7.617774963378906250e+01
7.528717041015625000e+01
7.532704925537109375e+01
7.430874633789062500e+01
7.461283111572265625e+01
7.377352142333984375e+01
7.409912872314453125e+01
7.343212890625000000e+01
7.408944702148437500e+01
7.347677612304687500e+01
7.346266174316406250e+01
7.274159240722656250e+01
7.299835205078125000e+01
7.071836090087890625e+01
7.148599243164062500e+01
7.206659698486328125e+01
7.066764068603515625e+01
7.142514801025390625e+01
7.168304443359375000e+01
7.015740966796875000e+01
7.106172180175781250e+01
7.115964508056640625e+01
7.166545104980468750e+01
7.051399993896484375e+01
7.055937957763671875e+01
6.978104400634765625e+01
6.957631683349609375e+01
6.983327484130859375e+01
7.089919281005859375e+01
6.921322631835937500e+01
6.681629180908203125e+01
6.985036468505859375e+01
6.734457397460937500e+01
6.712739562988281250e+01
6.992927551269531250e+01
6.821552276611328125e+01
6.752154541015625000e+01
6.854047393798828125e+01
6.674584197998046875e+01
6.746701812744140625e+01
6.757237243652343750e+01
6.729422760009765625e+01
6.653133392333984375e+01
6.650816345214843750e+01
6.839375305175781250e+01
6.711071777343750000e+01
6.503473663330078125e+01
6.774104309082031250e+01
6.491593170166015625e+01
6.525508117675781250e+01
6.706449890136718750e+01
6.641206359863281250e+01
6.569419097900390625e+01
6.544830322265625000e+01
6.497061920166015625e+01
6.567778778076171875e+01
6.576599884033203125e+01
6.577986145019531250e+01
6.510546112060546875e+01
6.179846191406250000e+01
6.509523010253906250e+01
6.378224182128906250e+01
6.541645812988281250e+01
6.578912353515625000e+01
6.583995056152343750e+01
6.410262298583984375e+01
6.361550521850585938e+01
6.546727752685546875e+01
6.483585357666015625e+01
6.380955123901367188e+01
6.394353485107421875e+01
6.458152770996093750e+01
6.446130371093750000e+01
6.478604125976562500e+01
6.290702056884765625e+01
6.443540954589843750e+01
6.381014251708984375e+01
6.310155868530273438e+01
6.320280456542968750e+01
6.293297958374023438e+01
6.305594253540039062e+01
6.210908508300781250e+01
6.156513214111328125e+01
6.464221191406250000e+01
6.178904724121093750e+01
5.965550994873046875e+01
6.154551315307617188e+01
6.047782897949218750e+01
6.053203582763671875e+01
6.176635360717773438e+01
6.111592864990234375e+01
6.119520187377929688e+01
6.103603363037109375e+01
6.136435699462890625e+01
6.088487243652343750e+01
6.127548599243164062e+01
6.120184707641601562e+01
6.136801528930664062e+01
6.109860229492187500e+01
5.995575332641601562e+01
6.132244491577148438e+01
6.037514877319335938e+01
6.042621612548828125e+01
6.151807785034179688e+01
6.258467483520507812e+01
5.769087982177734375e+01
5.928511047363281250e+01
5.728694152832031250e+01
5.788370513916015625e+01
6.030286788940429688e+01
5.893011093139648438e+01
5.862789154052734375e+01
5.915977859497070312e+01
5.902940368652343750e+01
5.933735656738281250e+01
5.969898223876953125e+01
6.027705764770507812e+01
5.979962158203125000e+01
5.961811828613281250e+01
5.954022216796875000e+01
6.098392105102539062e+01
5.960264968872070312e+01
5.988652801513671875e+01
5.971929168701171875e+01
5.982593536376953125e+01
5.975067901611328125e+01
5.876748275756835938e+01
5.901490020751953125e+01
5.954898452758789062e+01
5.940513610839843750e+01
5.957771301269531250e+01
5.904710006713867188e+01
5.918561172485351562e+01
5.903096389770507812e+01
5.885126876831054688e+01
5.866789627075195312e+01
5.876250457763671875e+01
5.868446350097656250e+01
5.796364974975585938e+01
5.807291412353515625e+01
5.858695983886718750e+01
5.810456466674804688e+01
5.850022506713867188e+01
5.780458450317382812e+01
5.819994354248046875e+01
5.693652725219726562e+01
5.739525985717773438e+01
5.792681121826171875e+01
5.713979721069335938e+01
5.705365371704101562e+01
5.742443847656250000e+01
5.677447891235351562e+01
5.711740875244140625e+01
5.704700851440429688e+01
5.655724334716796875e+01
5.669538116455078125e+01
5.627105331420898438e+01
5.644282531738281250e+01
5.600712203979492188e+01
5.639227294921875000e+01
5.542454147338867188e+01
5.640813446044921875e+01
5.553431701660156250e+01
5.559722137451171875e+01
5.494585037231445312e+01
5.578665161132812500e+01
5.450804138183593750e+01
5.527882766723632812e+01
5.460240173339843750e+01
5.453361129760742188e+01
5.473727416992187500e+01
5.461886215209960938e+01
5.523774337768554688e+01
5.386089324951171875e+01
5.505157089233398438e+01
5.354374694824218750e+01
5.379632949829101562e+01
5.532917785644531250e+01
5.598525619506835938e+01
5.245689010620117188e+01
5.560894012451171875e+01
5.182196807861328125e+01
5.374315261840820312e+01
5.419580078125000000e+01
5.434605407714843750e+01
5.443873214721679688e+01
5.431473541259765625e+01
5.478825759887695312e+01
5.454468536376953125e+01
5.479878997802734375e+01
5.512843322753906250e+01
5.469935607910156250e+01
5.414089202880859375e+01
5.478100585937500000e+01
5.455423355102539062e+01
5.467686080932617188e+01
5.455397796630859375e+01
5.453791427612304688e+01
5.461777496337890625e+01
5.426725387573242188e+01
5.460007095336914062e+01
5.386161041259765625e+01
5.433705139160156250e+01
5.591820907592773438e+01
5.436470794677734375e+01
5.414980697631835938e+01
5.441045379638671875e+01
5.458635330200195312e+01
5.499561691284179688e+01
5.365637207031250000e+01
5.414891052246093750e+01
5.447450637817382812e+01
5.663103103637695312e+01
5.476165008544921875e+01
5.276967620849609375e+01
5.236882019042968750e+01
5.223616790771484375e+01
5.287218093872070312e+01
5.377968597412109375e+01
5.363011550903320312e+01
5.448072814941406250e+01
5.398199462890625000e+01
5.393941879272460938e+01
5.438648605346679688e+01
5.418946075439453125e+01
5.366801071166992188e+01
5.373787689208984375e+01
5.406366348266601562e+01
5.383504104614257812e+01
5.348591613769531250e+01
5.385949325561523438e+01
5.438573074340820312e+01
5.397374725341796875e+01
5.425463867187500000e+01
5.496666717529296875e+01
5.441872024536132812e+01
5.510692596435546875e+01
5.459705352783203125e+01
5.511339187622070312e+01
5.436315155029296875e+01
5.471080398559570312e+01
5.491775512695312500e+01
5.463736343383789062e+01
5.505603027343750000e+01
5.463547897338867188e+01
5.449298858642578125e+01
5.505715179443359375e+01
5.466651535034179688e+01
5.412191009521484375e+01
5.544485092163085938e+01
5.774028396606445312e+01
5.448034667968750000e+01
5.345935058593750000e+01
5.437871551513671875e+01
5.532559585571289062e+01
5.556253433227539062e+01
5.443178176879882812e+01
5.388898849487304688e+01
5.381627273559570312e+01
5.367620086669921875e+01
5.395825576782226562e+01
5.419051742553710938e+01
5.419329452514648438e+01
5.452669143676757812e+01
5.438400268554687500e+01
5.436373519897460938e+01
5.433654403686523438e+01
5.457215118408203125e+01
5.443977355957031250e+01
5.458883666992187500e+01
5.433867263793945312e+01
5.433652877807617188e+01
5.459636688232421875e+01
5.416736984252929688e+01
5.391502380371093750e+01
5.426816177368164062e+01
5.412152862548828125e+01
5.391271972656250000e+01
5.377753067016601562e+01
5.379354476928710938e+01
5.405197143554687500e+01
5.374624252319335938e+01
5.374776840209960938e+01
5.382018280029296875e+01
5.373293304443359375e+01
5.342607116699218750e+01
5.384192276000976562e+01
5.364000701904296875e+01
5.372924804687500000e+01
5.349158859252929688e+01
5.339870071411132812e+01
5.351193618774414062e+01
5.305193710327148438e+01
5.308766174316406250e+01
5.394520187377929688e+01
5.300104522705078125e+01
5.308819580078125000e+01
5.260535430908203125e+01
5.368778228759765625e+01
5.415907669067382812e+01
5.543314743041992188e+01
5.418606948852539062e+01
5.476803207397460938e+01
5.258483123779296875e+01
5.400094985961914062e+01
5.503383636474609375e+01
5.497983932495117188e+01
5.508627700805664062e+01
5.534204864501953125e+01
5.477544403076171875e+01
5.396710586547851562e+01
5.402432632446289062e+01
5.405710983276367188e+01
5.432608413696289062e+01
5.420206069946289062e+01
5.439780426025390625e+01
5.454884719848632812e+01
5.441064834594726562e+01
5.435312271118164062e+01
5.427801895141601562e+01
5.451881408691406250e+01
5.434920883178710938e+01
5.467839050292968750e+01
5.445738983154296875e+01
5.441473007202148438e+01
5.425870132446289062e+01
5.418370056152343750e+01
5.450184249877929688e+01
5.434913253784179688e+01
5.407777786254882812e+01
5.414148712158203125e+01
5.489215469360351562e+01
5.422804260253906250e+01
5.387654495239257812e+01
5.409864807128906250e+01
5.376803588867187500e+01
5.350932312011718750e+01
5.336388015747070312e+01
5.361603164672851562e+01
5.329405593872070312e+01
5.340259933471679688e+01
5.340679931640625000e+01
5.315848541259765625e+01
5.299808883666992188e+01
5.300021362304687500e+01
5.298844909667968750e+01
5.304690551757812500e+01
5.304304504394531250e+01
5.280676269531250000e+01
5.286636352539062500e+01
5.254520034790039062e+01
5.283288192749023438e+01
5.242045593261718750e+01
5.251687240600585938e+01
5.230676269531250000e+01
5.224918746948242188e+01
5.229810333251953125e+01
5.224505996704101562e+01
5.195508193969726562e+01
5.184457397460937500e+01
5.193907928466796875e+01
5.183771133422851562e+01
5.188068389892578125e+01
5.149288177490234375e+01
5.171063232421875000e+01
5.160454940795898438e+01
5.141998291015625000e+01
5.138670349121093750e+01
5.124738311767578125e+01
5.111458969116210938e+01
5.115298080444335938e+01
5.087760543823242188e+01
5.112161636352539062e+01
5.124136734008789062e+01
5.054161834716796875e+01
5.092963409423828125e+01
5.033940124511718750e+01
5.047970199584960938e+01
5.046798706054687500e+01
5.008110427856445312e+01
5.018370437622070312e+01
5.015982818603515625e+01
5.005019378662109375e+01
5.007574844360351562e+01
5.000344848632812500e+01
4.978907394409179688e+01
4.974889373779296875e+01
4.952634811401367188e+01
4.964635467529296875e+01
4.939066696166992188e+01
4.948266983032226562e+01
4.919082260131835938e+01
4.948739624023437500e+01
4.906447219848632812e+01
4.888359832763671875e+01
4.910744094848632812e+01
4.895038223266601562e+01
4.905844116210937500e+01
4.907581329345703125e+01
4.892643737792968750e+01
4.904363632202148438e+01
4.926961898803710938e+01
5.277746963500976562e+01
4.990267562866210938e+01
5.226020050048828125e+01
5.484995269775390625e+01
5.322599411010742188e+01
5.306505203247070312e+01
5.167430877685546875e+01
5.190017318725585938e+01
5.244887924194335938e+01
5.188076400756835938e+01
5.153250885009765625e+01
5.153489303588867188e+01
5.129742431640625000e+01
5.119641113281250000e+01
5.116960906982421875e+01
5.107728576660156250e+01
5.093954849243164062e+01
5.083423614501953125e+01
5.082481002807617188e+01
5.074917221069335938e+01
5.076539993286132812e+01
5.056030273437500000e+01
5.045310211181640625e+01
5.051084899902343750e+01
5.025752639770507812e+01
5.030540847778320312e+01
5.012918472290039062e+01
5.015430831909179688e+01
5.011803054809570312e+01
4.991312789916992188e+01
4.981056594848632812e+01
4.979507064819335938e+01
4.971837234497070312e+01
4.956856918334960938e+01
4.959566879272460938e+01
4.959527969360351562e+01
4.944775390625000000e+01
4.928734588623046875e+01
4.931567001342773438e+01
4.923029708862304688e+01
4.904921722412109375e+01
4.907189559936523438e+01
4.903289031982421875e+01
4.888597488403320312e+01
4.869725036621093750e+01
4.869493865966796875e+01
4.865537261962890625e+01
4.851811599731445312e+01
4.825493621826171875e+01
4.840155792236328125e+01
4.824186325073242188e+01
4.821810531616210938e+01
4.816231536865234375e+01
4.802753829956054688e+01
4.790921401977539062e+01
4.782644271850585938e+01
4.778076934814453125e+01
4.786241531372070312e+01
4.778710556030273438e+01
4.739619827270507812e+01
4.762495803833007812e+01
4.745169067382812500e+01
4.734142303466796875e+01
4.725481414794921875e+01
4.735194015502929688e+01
4.701282501220703125e+01
4.708462524414062500e+01
4.696475219726562500e+01
4.689945602416992188e+01
4.689509582519531250e+01
4.670534515380859375e+01
4.678976821899414062e+01
4.675168228149414062e+01
4.647432327270507812e+01
4.659466171264648438e+01
4.654717254638671875e+01
4.668101119995117188e+01
4.616442871093750000e+01
4.617855453491210938e+01
4.638668823242187500e+01
4.603826141357421875e+01
4.600790786743164062e+01
4.605086517333984375e+01
4.586035537719726562e+01
4.589698791503906250e+01
4.584882736206054688e+01
4.558125305175781250e+01
4.561164474487304688e+01
4.576650238037109375e+01
4.558642196655273438e+01
4.558681106567382812e+01
4.536969375610351562e+01
4.545981216430664062e+01
4.533598327636718750e+01
4.511179733276367188e+01
4.524061203002929688e+01
4.497181701660156250e+01
4.512568283081054688e+01
4.486797332763671875e+01
4.507253265380859375e+01
4.492372512817382812e+01
4.471252822875976562e+01
4.501350021362304688e+01
4.485157012939453125e+01
4.466134643554687500e+01
4.457592010498046875e+01
4.450711822509765625e+01
4.469522094726562500e+01
4.485203170776367188e+01
4.442849731445312500e+01
4.428976821899414062e+01
4.430524444580078125e+01
4.439689636230468750e+01
4.383813476562500000e+01
4.418042373657226562e+01
4.384552764892578125e+01
4.422237014770507812e+01
4.397865676879882812e+01
4.416955184936523438e+01
4.379158401489257812e+01
4.373252487182617188e+01
4.358269500732421875e+01
4.363029861450195312e+01
4.379655456542968750e+01
4.340851974487304688e+01
4.350891876220703125e+01
4.337931442260742188e+01
4.338429641723632812e+01
4.337734985351562500e+01
4.300485992431640625e+01
4.312697982788085938e+01
4.344799423217773438e+01
4.293374252319335938e+01
4.337573242187500000e+01
5.067455673217773438e+01
4.717457199096679688e+01
4.568598175048828125e+01
5.005253601074218750e+01
4.691334152221679688e+01
4.873195266723632812e+01
4.868491744995117188e+01
4.686643600463867188e+01
5.000870895385742188e+01
4.938177108764648438e+01
4.918840026855468750e+01
4.893123245239257812e+01
4.870445632934570312e+01
4.855224990844726562e+01
4.858098983764648438e+01
4.839926147460937500e+01
4.824872970581054688e+01
4.829295349121093750e+01
4.809090805053710938e+01
4.798994064331054688e+01
4.797708892822265625e+01
4.776123428344726562e+01
4.764986801147460938e+01
4.768639755249023438e+01
4.767210769653320312e+01
4.757646179199218750e+01
4.768766403198242188e+01
4.758816909790039062e+01
4.759334564208984375e+01
4.761984252929687500e+01
4.745598602294921875e+01
4.736452865600585938e+01
4.736849975585937500e+01
4.743483734130859375e+01
4.718849182128906250e+01
4.705593872070312500e+01
4.699595642089843750e+01
4.700852584838867188e+01
4.681845092773437500e+01
4.701951980590820312e+01
4.674435424804687500e+01
4.681536102294921875e+01
4.684482574462890625e+01
4.648096084594726562e+01
4.656917572021484375e+01
4.636311721801757812e+01
4.615549468994140625e+01
4.634386062622070312e+01
4.626501464843750000e+01
4.614156723022460938e+01
4.616779327392578125e+01
4.606910324096679688e+01
4.593185424804687500e+01
4.599607086181640625e+01
4.617668914794921875e+01
4.591436386108398438e+01
4.563475418090820312e+01
4.580380630493164062e+01
4.559234237670898438e+01
4.551719665527343750e+01
4.540678405761718750e+01
4.541820526123046875e+01
4.535694122314453125e+01
4.540021133422851562e+01
4.529232025146484375e+01
4.486546707153320312e+01
4.523833465576171875e+01
4.499481582641601562e+01
4.509440994262695312e+01
4.494445419311523438e+01
4.469756698608398438e+01
4.487702941894531250e+01
4.467628479003906250e+01
4.471973419189453125e+01
4.458474731445312500e+01
4.442467117309570312e+01
4.448121261596679688e+01
4.432964706420898438e+01
4.460227966308593750e+01
4.424831390380859375e+01
4.449352264404296875e+01
4.422661590576171875e+01
4.404043579101562500e+01
4.414089584350585938e+01
4.413636779785156250e+01
4.395469665527343750e+01
4.386301803588867188e+01
4.387084960937500000e+01
4.356449127197265625e+01
4.395309066772460938e+01
4.359350204467773438e+01
4.364257431030273438e+01
4.320279312133789062e+01
4.349029922485351562e+01
4.354335784912109375e+01
4.309495925903320312e+01
4.340354156494140625e+01
4.328898239135742188e+01
4.319475555419921875e+01
4.325698089599609375e+01
4.308275222778320312e+01
4.299352264404296875e+01
4.311865997314453125e+01
4.282425308227539062e+01
4.301102828979492188e+01
4.277908706665039062e+01
4.279455947875976562e+01
4.269580078125000000e+01
4.307904434204101562e+01
4.660450363159179688e+01
4.474107360839843750e+01
4.529867553710937500e+01
4.695442199707031250e+01
4.628620147705078125e+01
4.597105789184570312e+01
4.520644378662109375e+01
4.500946807861328125e+01
4.512425613403320312e+01
4.500113296508789062e+01
4.495053100585937500e+01
4.486961364746093750e+01
4.488495254516601562e+01
4.470927429199218750e+01
4.461773681640625000e+01
4.457277297973632812e+01
4.448523330688476562e+01
4.424670410156250000e+01
4.411196136474609375e+01
4.425516891479492188e+01
4.417797470092773438e+01
4.408856582641601562e+01
4.394242858886718750e+01
4.368109512329101562e+01
4.376416397094726562e+01
4.354092407226562500e+01
4.360780334472656250e+01
4.355662155151367188e+01
4.351647949218750000e+01
4.334161376953125000e+01
4.330776214599609375e+01
4.318013000488281250e+01
4.316510772705078125e+01
4.323678588867187500e+01
4.313894271850585938e+01
4.301261520385742188e+01
4.305015563964843750e+01
4.303705215454101562e+01
4.281516265869140625e+01
4.291857910156250000e+01
4.286282348632812500e+01
4.271381378173828125e+01
4.277758407592773438e+01
4.249305725097656250e+01
4.262875366210937500e+01
4.242806243896484375e+01
4.237957763671875000e+01
4.245660781860351562e+01
4.252449035644531250e+01
4.239617919921875000e+01
4.238985443115234375e+01
4.218035125732421875e+01
4.210036468505859375e+01
4.218617248535156250e+01
4.228258132934570312e+01
4.207825088500976562e+01
4.205215072631835938e+01
4.220386505126953125e+01
4.201270675659179688e+01
4.195170974731445312e+01
4.189688873291015625e+01
4.192750549316406250e+01
4.171778869628906250e+01
4.177272796630859375e+01
4.159300994873046875e+01
4.173490142822265625e+01
4.172749328613281250e+01
4.151746368408203125e+01
4.153366851806640625e+01
4.149127578735351562e+01
4.146094894409179688e+01
4.142302322387695312e+01
4.136182403564453125e+01
4.147586822509765625e+01
4.114104843139648438e+01
4.127165603637695312e+01
4.122607803344726562e+01
4.131732177734375000e+01
4.102959823608398438e+01
4.122277832031250000e+01
4.082429504394531250e+01
4.111094284057617188e+01
4.106424331665039062e+01
4.095914840698242188e+01
4.067952346801757812e+01
4.097644805908203125e+01
4.073210144042968750e+01
4.070228576660156250e+01
4.069909286499023438e+01
4.085264205932617188e+01
4.049169158935546875e+01
4.053628540039062500e+01
4.034137344360351562e+01
4.077038192749023438e+01
4.023003768920898438e+01
4.041754531860351562e+01
4.055106735229492188e+01
4.030141067504882812e+01
4.041191482543945312e+01
4.028562927246093750e+01
4.019469833374023438e+01
4.003570556640625000e+01
4.016387176513671875e+01
4.025969696044921875e+01
3.985957336425781250e+01
3.993962860107421875e+01
4.003269958496093750e+01
3.989636230468750000e+01
3.985484695434570312e+01
3.991414642333984375e+01
3.988568496704101562e+01
3.968103790283203125e+01
3.979253005981445312e+01
3.960153961181640625e+01
3.959209442138671875e+01
3.963107681274414062e+01
3.962570190429687500e+01
3.954570007324218750e+01
3.957336044311523438e+01
3.947963714599609375e+01
4.240394210815429688e+01
4.479208374023437500e+01
4.465177154541015625e+01
4.274933624267578125e+01
4.267918777465820312e+01
4.391201019287109375e+01
4.289626312255859375e+01
4.387199401855468750e+01
4.265304946899414062e+01
4.264144897460937500e+01
4.287857818603515625e+01
4.266238403320312500e+01
4.256354141235351562e+01
4.251257324218750000e+01
4.255132293701171875e+01
4.228957748413085938e+01
4.214931488037109375e+01
4.222507095336914062e+01
4.197191619873046875e+01
4.196685409545898438e+01
4.182725143432617188e+01
4.191760635375976562e+01
4.161771392822265625e+01
4.175051116943359375e+01
4.165993881225585938e+01
4.151414871215820312e+01
4.131219482421875000e+01
4.142894363403320312e+01
4.132211685180664062e+01
4.130990982055664062e+01
4.115361785888671875e+01
4.109928512573242188e+01
4.104064178466796875e+01
4.095224761962890625e+01
4.094429016113281250e+01
4.100444030761718750e+01
4.073191833496093750e+01
4.084387588500976562e+01
4.073815536499023438e+01
4.063615417480468750e+01
4.079159545898437500e+01
4.063974380493164062e+01
4.051080322265625000e+01
4.061055755615234375e+01
4.042829513549804688e+01
4.047866058349609375e+01
4.042859649658203125e+01
4.031479644775390625e+01
4.043775939941406250e+01
4.025133514404296875e+01
4.026178359985351562e+01
4.022037124633789062e+01
4.023832702636718750e+01
4.002048110961914062e+01
4.008024978637695312e+01
3.999491119384765625e+01
4.005773925781250000e+01
3.996170425415039062e+01
3.989352798461914062e+01
3.966974639892578125e+01
4.003494262695312500e+01
3.969599914550781250e+01
3.978166198730468750e+01
3.983446502685546875e+01
3.972371673583984375e+01
3.951206588745117188e+01
3.958373641967773438e+01
3.969134902954101562e+01
3.959480285644531250e+01
3.934613037109375000e+01
3.961539459228515625e+01
3.932741165161132812e+01
3.947800445556640625e+01
3.929627227783203125e+01
3.924599456787109375e+01
3.937360382080078125e+01
3.914611053466796875e+01
3.917882919311523438e+01
3.925632476806640625e+01
3.906764602661132812e+01
3.909623336791992188e+01
3.910966110229492188e+01
3.925482559204101562e+01
3.877346420288085938e+01
3.907968902587890625e+01
3.888394165039062500e+01
3.891951751708984375e+01
3.898072814941406250e+01
3.874616241455078125e+01
3.890217971801757812e+01
3.871311950683593750e+01
3.894059753417968750e+01
3.846035003662109375e+01
3.898782348632812500e+01
3.854415512084960938e+01
3.859090423583984375e+01
3.854233551025390625e+01
3.869512557983398438e+01
3.864189910888671875e+01
3.846311569213867188e+01
3.847603988647460938e+01
3.859239196777343750e+01
3.831954574584960938e+01
3.846109771728515625e+01
3.847531127929687500e+01
3.814875793457031250e+01
3.834378433227539062e+01
3.820221710205078125e+01
3.840711975097656250e+01
3.774168014526367188e+01
3.845156860351562500e+01
3.794521331787109375e+01
3.798217773437500000e+01
3.805098342895507812e+01
3.795643615722656250e+01
3.792287445068359375e+01
3.800175094604492188e+01
3.784896469116210938e+01
3.770333862304687500e+01
3.806729888916015625e+01
3.796536636352539062e+01
3.831809616088867188e+01
