8.242853458684223922e-01
7.587518461872465592e-01
6.554144138219550886e-01
6.216774912267842845e-01
8.055551545873570474e-01
1.274283848842969746e-01
4.257695626539106382e-01
5.327607326460286341e-01
5.243392577596330817e-01
9.623966400439922797e-01
7.780446414656650989e-01
6.060070315590844192e-01
8.423341870881043691e-01
7.757061182592923654e-01
2.259864013355512014e-01
7.006499671574252242e-01
6.175144656221024375e-01
1.978123147281831418e-01
5.198649064315339352e-01
5.516609708563640080e-01
5.636332060496967999e-01
9.134419938692679430e-01
8.472228562459349632e-01
6.737441344526954312e-01
7.669669613242149353e-01
7.404453952868397248e-01
4.485278219844286429e-01
7.716127937802901293e-01
8.708653748035430908e-01
8.375199378575556297e-01
6.103909713431046047e-01
8.145116642117500305e-01
7.869843221627749186e-01
9.731789919046255344e-01
7.831791181547137493e-01
7.882251846962250452e-01
8.344675560410206305e-01
5.924976475026386691e-01
5.058309972429504420e-01
5.807438161640535723e-01
6.668727327890408008e-01
6.110931415683947820e-01
4.035323955077518843e-01
5.609949914729580600e-01
7.210018525746328955e-01
6.469284427077861555e-01
6.020877941672762024e-01
5.958677524109728951e-01
3.293209259505741615e-01
5.469533546543411395e-01
5.766219959186855704e-01
5.017692000195054236e-01
4.003718811884307560e-01
5.188186679677948554e-01
6.495854094145425695e-01
5.545645379178005818e-01
5.085746554630952154e-01
5.839314360371365975e-01
8.799868042652423394e-01
7.691979318713912939e-01
3.980275148552699371e-01
7.937725484371185303e-01
6.713880122854158916e-01
9.483089126073397379e-01
6.429531263756171899e-01
7.123644202410315263e-01
8.392295739971674662e-01
7.441410892284833212e-01
5.979264900804712735e-01
7.480463626293035739e-01
7.525073415957964640e-01
8.969863607333257161e-01
6.607913131100269233e-01
7.241914240070260744e-01
8.336187922037564535e-01
6.772804360684508973e-01
6.292178648738906421e-01
6.067613243268659140e-01
8.696731380545176249e-01
6.451874565906249304e-01
6.749484188711414312e-01
4.035502201138744804e-01
5.149518937524379947e-01
7.533243513260878821e-01
5.405667529977598029e-01
4.731275143836123354e-01
5.937685070012566069e-01
6.680082320593870859e-01
6.915859420998737850e-01
4.304503520151439222e-01
5.253789416299416981e-01
4.534932672798346887e-01
6.926820328315863584e-01
5.832379578527112640e-01
5.565851978026330471e-01
5.372949468258482186e-01
7.555009211198642216e-01
8.536892059044196568e-01
5.440675627055148178e-01
6.305168743453507529e-01
7.190808557117214228e-01
