6.199597716331481934e-01
5.048183202743530273e-01
2.842508256435394287e-01
3.401463925838470459e-01
1.397650241851806641e-01
2.651342153549194336e-01
4.233375787734985352e-01
6.726674735546112061e-02
6.559805572032928467e-02
4.312523603439331055e-01
2.833338081836700439e-01
4.496855661273002625e-03
7.738288491964340210e-02
8.973275870084762573e-02
1.181887164711952209e-01
1.176386401057243347e-01
1.045694351196289062e-01
2.112314403057098389e-01
3.530540466308593750e-01
1.700488775968551636e-01
7.036779820919036865e-02
5.728446319699287415e-02
7.728549838066101074e-02
2.475244849920272827e-01
8.186057955026626587e-02
2.352927811443805695e-02
8.675405383110046387e-02
7.833427190780639648e-02
1.933049261569976807e-01
8.192011117935180664e-01
4.166100546717643738e-02
2.664131522178649902e-01
6.507184505462646484e-01
2.671498060226440430e-01
6.550574302673339844e-02
6.014473736286163330e-02
1.908484399318695068e-01
5.835800170898437500e-01
4.222202599048614502e-01
2.759568765759468079e-02
4.824979975819587708e-02
4.328465759754180908e-01
3.571859002113342285e-01
6.673871874809265137e-01
1.996220648288726807e-01
2.252673506736755371e-01
4.257149100303649902e-01
5.844473242759704590e-01
4.443706572055816650e-01
4.718848690390586853e-02
2.348851561546325684e-01
6.795225143432617188e-01
5.157009959220886230e-01
2.799793705344200134e-02
1.913728564977645874e-02
4.376929998397827148e-01
2.543662786483764648e-01
9.699563980102539062e-01
1.722031086683273315e-01
6.531837582588195801e-01
7.235847115516662598e-01
2.387046515941619873e-01
4.879680573940277100e-01
1.173327118158340454e-02
5.778416991233825684e-01
5.157699584960937500e-01
3.869444131851196289e-01
7.469634525477886200e-03
1.629387959837913513e-02
5.242126062512397766e-02
2.330432236194610596e-01
7.335765957832336426e-01
6.202585697174072266e-01
1.469299942255020142e-01
2.285905033349990845e-01
1.439037770032882690e-01
4.490325599908828735e-02
3.318623080849647522e-02
5.988866835832595825e-02
5.303886160254478455e-02
1.416027247905731201e-01
6.397417187690734863e-02
3.896841034293174744e-02
4.092792421579360962e-02
2.297956869006156921e-02
5.891435146331787109e-01
3.360303342342376709e-01
2.529054284095764160e-01
1.360082179307937622e-01
4.473969936370849609e-01
3.779073655605316162e-01
1.291755959391593933e-02
3.379601836204528809e-01
3.130798637866973877e-01
5.285155177116394043e-01
3.443392738699913025e-02
7.933716289699077606e-03
2.259304523468017578e-01
1.715068519115447998e-01
8.429497480392456055e-01
1.992396414279937744e-01
1.907308697700500488e-01
1.916026175022125244e-01
5.497569441795349121e-01
2.238620817661285400e-01
4.313147068023681641e-02
3.443614840507507324e-01
2.763487398624420166e-01
4.339023232460021973e-01
2.421419508755207062e-02
4.427481442689895630e-02
4.100871086120605469e-01
3.016923964023590088e-01
7.298541665077209473e-01
5.428628325462341309e-01
3.899502456188201904e-01
1.888599246740341187e-01
5.885057449340820312e-01
3.240244686603546143e-01
3.515196442604064941e-01
1.149346232414245605e-01
5.889050960540771484e-01
5.183504223823547363e-01
9.208761155605316162e-03
4.268079623579978943e-02
6.232847273349761963e-02
2.891643047332763672e-01
7.119975686073303223e-01
2.736451029777526855e-01
2.384447753429412842e-01
1.830858588218688965e-01
5.189101099967956543e-01
4.378684759140014648e-01
4.261628091335296631e-01
1.254553943872451782e-01
1.824236214160919189e-01
2.972634434700012207e-01
5.800404772162437439e-02
1.136603951454162598e-02
1.397274434566497803e-01
2.292133271694183350e-01
6.351875066757202148e-01
2.472151219844818115e-01
1.076794341206550598e-01
2.023248672485351562e-01
8.017003536224365234e-01
4.201630353927612305e-01
3.410036563873291016e-01
6.654644012451171875e-02
4.099822044372558594e-02
1.251420676708221436e-01
2.979160472750663757e-02
4.738482087850570679e-02
2.764659747481346130e-02
4.761491343379020691e-02
7.769844532012939453e-01
2.792916297912597656e-01
3.858833014965057373e-01
1.360096484422683716e-01
7.237630486488342285e-01
6.584474444389343262e-01
2.045279741287231445e-01
9.922479838132858276e-02
1.659875810146331787e-01
3.885922729969024658e-01
2.536289952695369720e-02
6.399723887443542480e-02
2.898762822151184082e-01
3.375086933374404907e-02
7.995140552520751953e-01
7.666878700256347656e-01
2.486247718334197998e-01
2.686260640621185303e-01
6.043419241905212402e-01
4.915634691715240479e-01
4.450230002403259277e-01
2.460552845150232315e-03
7.758758962154388428e-02
5.742511749267578125e-01
3.154684007167816162e-01
3.685139492154121399e-02
2.516131997108459473e-01
6.538042426109313965e-02
7.671666741371154785e-01
4.566172957420349121e-01
3.030783534049987793e-01
2.584446668624877930e-01
7.118954062461853027e-01
3.314393758773803711e-01
2.620058953762054443e-01
1.226537302136421204e-02
1.552091538906097412e-01
5.487520694732666016e-01
4.004218578338623047e-01
1.852474175393581390e-02
4.458426311612129211e-02
8.236015588045120239e-02
9.295392036437988281e-01
4.227492809295654297e-01
5.315092206001281738e-01
1.700970530509948730e-01
5.834486484527587891e-01
5.866769552230834961e-01
7.120993137359619141e-01
8.293591439723968506e-02
1.719450801610946655e-01
2.688176929950714111e-01
5.567861199378967285e-01
6.041271612048149109e-02
1.349286269396543503e-02
8.484578877687454224e-02
8.173348903656005859e-01
5.393751859664916992e-01
2.353279441595077515e-01
2.849137783050537109e-01
3.693864643573760986e-01
4.146612882614135742e-01
7.634305953979492188e-01
8.459488302469253540e-02
1.510956138372421265e-01
2.344299852848052979e-01
4.495747983455657959e-01
1.970558054745197296e-02
3.794530034065246582e-02
5.831835791468620300e-02
