5.677945613861083984e-01
6.030371412634849548e-03
2.139210700988769531e-03
4.331814050674438477e-01
3.880241513252258301e-01
1.427124720066785812e-02
3.189714159816503525e-03
3.409044444561004639e-01
8.847583532333374023e-01
4.761084541678428650e-02
8.094934746623039246e-03
6.546127796173095703e-01
8.804401159286499023e-01
1.447559297084808350e-01
2.121929079294204712e-02
3.458100254647433758e-04
4.271076759323477745e-04
7.175823450088500977e-01
6.325676292181015015e-02
1.085359253920614719e-03
4.234312218613922596e-04
4.082654714584350586e-01
1.189630553126335144e-01
5.334446206688880920e-03
3.264668863266706467e-03
4.114213585853576660e-01
6.398819088935852051e-01
5.038158595561981201e-02
1.333369687199592590e-02
7.859594821929931641e-01
8.053338970057666302e-04
4.539229869842529297e-01
5.942765474319458008e-01
1.074527017772197723e-02
1.383403781801462173e-03
3.385628163814544678e-01
4.126071333885192871e-01
1.258958503603935242e-02
1.111203618347644806e-02
7.347866296768188477e-01
9.892989397048950195e-01
1.239072754979133606e-01
2.794194780290126801e-02
5.698667764663696289e-01
7.910436019301414490e-03
4.801282286643981934e-01
7.706156969070434570e-01
1.045741327106952667e-02
1.865068683400750160e-03
9.952763468027114868e-02
8.448086380958557129e-01
3.890280053019523621e-02
1.244442444294691086e-02
7.881444692611694336e-01
9.509726166725158691e-01
9.707579016685485840e-02
5.212133005261421204e-02
2.084519267082214355e-01
8.496747352182865143e-03
2.350466325879096985e-03
6.841126680374145508e-01
7.677885238081216812e-03
2.537341555580496788e-03
1.164012309163808823e-02
3.985444307327270508e-01
2.704079821705818176e-02
1.240224204957485199e-02
2.923339009284973145e-01
6.685925126075744629e-01
3.886873647570610046e-02
8.194605819880962372e-03
3.605535030364990234e-01
1.558860670775175095e-02
2.949261572211980820e-03
5.602552294731140137e-01
1.219225581735372543e-02
6.133333314210176468e-03
4.501817822456359863e-01
2.315461076796054840e-02
1.372507773339748383e-02
7.590653374791145325e-03
5.699269175529479980e-01
3.265755176544189453e-01
5.993861332535743713e-02
1.559424865990877151e-02
5.582205057144165039e-01
7.118592970073223114e-03
1.225461484864354134e-03
5.718332529067993164e-01
5.734386444091796875e-01
2.381643513217568398e-03
5.937945842742919922e-01
7.463684678077697754e-01
2.131002023816108704e-02
5.764340516179800034e-03
6.713455915451049805e-01
8.909825086593627930e-01
1.124032065272331238e-01
4.724826663732528687e-02
3.264131546020507812e-01
2.285875612869858742e-03
1.369901932775974274e-03
6.874730587005615234e-01
3.981468081474304199e-01
9.609548375010490417e-03
7.705432176589965820e-01
4.060789644718170166e-01
3.188433498144149780e-02
1.113779842853546143e-02
7.306718826293945312e-01
8.716183900833129883e-01
1.117856279015541077e-01
3.331485390663146973e-02
6.832221746444702148e-01
9.674158878624439240e-03
1.609101658686995506e-03
5.144062638282775879e-01
6.696896553039550781e-01
1.036981679499149323e-02
3.935118205845355988e-03
7.876536250114440918e-01
1.078388094902038574e-02
7.361625321209430695e-03
5.639640688896179199e-01
4.046986103057861328e-01
5.167804658412933350e-02
3.430351987481117249e-02
5.750367641448974609e-01
4.867733456194400787e-03
2.299549523741006851e-03
5.044026374816894531e-01
5.532579421997070312e-01
3.268754854798316956e-02
3.564336802810430527e-03
6.271951198577880859e-01
3.369094431400299072e-02
4.553417209535837173e-03
3.824321627616882324e-01
5.482827425003051758e-01
4.282750561833381653e-02
2.280366607010364532e-02
2.097892612218856812e-01
6.049782969057559967e-03
1.152687007561326027e-03
4.407176971435546875e-01
1.891115158796310425e-01
7.894686423242092133e-03
4.290610551834106445e-03
2.817350029945373535e-01
6.158565878868103027e-01
7.686003111302852631e-03
7.618957757949829102e-01
9.373639225959777832e-01
1.186140254139900208e-01
4.063045606017112732e-02
3.917303085327148438e-01
5.448618903756141663e-03
2.688335953280329704e-03
6.383592486381530762e-01
3.975847661495208740e-01
1.822701469063758850e-02
3.889338346198201180e-03
3.315308094024658203e-01
7.521082162857055664e-01
3.494867682456970215e-02
7.494877576828002930e-01
9.523426294326782227e-01
8.387681096792221069e-02
3.470031917095184326e-02
3.274738490581512451e-01
4.937903024256229401e-03
1.688267802819609642e-03
4.432013332843780518e-01
5.948708653450012207e-01
2.037822268903255463e-03
3.504742402583360672e-03
5.355678200721740723e-01
2.655859291553497314e-01
2.916513197124004364e-02
1.961204968392848969e-02
2.865655422210693359e-01
7.658096402883529663e-02
6.186366453766822815e-02
3.775241374969482422e-01
6.182301789522171021e-03
2.306968905031681061e-03
1.575561761856079102e-01
4.105290174484252930e-01
2.004181593656539917e-02
5.162518937140703201e-03
2.508485317230224609e-01
5.626767277717590332e-01
5.629733949899673462e-02
1.309243030846118927e-02
5.187019109725952148e-01
5.035027116537094116e-02
2.920635789632797241e-02
5.661172270774841309e-01
5.873436108231544495e-03
1.269863452762365341e-03
2.798331975936889648e-01
6.135559678077697754e-01
7.287737913429737091e-03
2.716718241572380066e-03
9.627598524093627930e-02
7.896182537078857422e-01
2.383084595203399658e-02
4.899315070360898972e-03
6.036339402198791504e-01
9.773977994918823242e-01
3.951353952288627625e-03
5.922337770462036133e-01
7.977383211255073547e-03
7.255321252159774303e-04
4.111826717853546143e-01
3.991570770740509033e-01
1.922424510121345520e-02
6.072803516872227192e-04
4.772158265113830566e-01
4.155130982398986816e-01
1.718333736062049866e-02
6.331547629088163376e-03
5.540837049484252930e-01
9.213945865631103516e-01
1.172754615545272827e-01
