3.024489353948200954e-01
2.425558392424136400e-01
2.918887659526752665e-01
1.794697323717767967e-01
2.508884113317785269e-01
1.463947156444191933e-01
3.116423244158305628e-01
2.188474789413353827e-01
1.852882874787050715e-01
2.588256010651373562e-01
2.020558399767301561e-01
2.244623207958424127e-01
2.389992193560689093e-01
3.057217277371539477e-01
5.478809070840585244e-02
2.235683689090924853e-01
2.856481507277259246e-01
1.552252996935189477e-01
1.641539638680674651e-01
2.823036783509171310e-01
3.008480603468622339e-01
1.949935466131696993e-01
1.946119071038153181e-01
2.107559460665260620e-01
3.032603826006659564e-01
9.132862774780593773e-02
2.425685627206873307e-01
2.695212127067722063e-01
3.349660716753882772e-01
1.177243078754355160e-01
1.880262153796278535e-01
3.505606749811424616e-01
3.191606733016669750e-01
3.282193902056090851e-01
2.723774357269016511e-01
2.425615431812520317e-01
2.579466511423771369e-01
1.480627663429633922e-01
9.347985243388953758e-02
6.837701831906227434e-02
8.118566928113488124e-02
1.168192191653120576e-01
1.009636540391231629e-01
3.987661321298219264e-02
1.330716378445056525e-01
9.365396475634323037e-02
8.108659813744732714e-02
8.307003588057480792e-02
2.717502176260145896e-01
3.089416687705240916e-01
1.048423207896051340e-01
2.489269922594898043e-01
3.117460672958539125e-01
4.092489687296060330e-01
3.415035255199584951e-01
2.395436261744740003e-01
2.848535397385533741e-01
3.108616114522402274e-01
3.300801019829053273e-01
1.701397242320056846e-01
3.124613812049993888e-01
2.351080079142075785e-01
2.552165295682453650e-01
1.937638834262123411e-01
2.662399786596114648e-01
3.496169309454181806e-01
3.267982261559854162e-01
1.620086667781624190e-01
2.473760024787714784e-01
3.384977834155926124e-01
2.745079055188958117e-01
2.199252389657955775e-01
2.878282751458195454e-01
2.346721952243779608e-01
3.122776688721317639e-01
2.048655469961186693e-01
1.946401679888367653e-01
1.335546477661969655e-01
1.993467376495783039e-01
1.949271410462992682e-01
1.416970914355120958e-01
3.571670763194561005e-01
2.436809439733713945e-01
2.397252187660902090e-01
1.759171882809963672e-01
2.646070538231959923e-01
3.063329078543644557e-01
2.862704947484908669e-01
2.994083163122503444e-01
1.824502831754776233e-01
2.608506529602611645e-01
2.743818553594442600e-01
2.101366298100821595e-01
2.350596237676934597e-01
2.665554036099750390e-01
2.631769003525663009e-01
1.704395447472611957e-01
1.892338085453957319e-01
2.998345528657619941e-01
2.419897496897297495e-01
3.229422844373263102e-01
