1.169129245681688190e-04
9.997713565826416016e-01
1.553383097052574158e-02
1.817671436583623290e-04
8.710488327778875828e-04
9.820492863655090332e-01
5.390967726707458496e-01
2.380720973014831543e-01
6.548857688903808594e-02
3.421394526958465576e-02
5.740404725074768066e-01
7.938849329948425293e-01
6.061642765998840332e-01
2.489418548066169024e-04
9.994497299194335938e-01
7.793371565639972687e-03
9.403777718544006348e-01
9.754920601844787598e-01
9.902732968330383301e-01
2.557267993688583374e-02
8.315228819847106934e-01
6.139722466468811035e-01
5.605135560035705566e-01
9.967983365058898926e-01
2.231895923614501953e-01
7.878322005271911621e-01
1.094672188628464937e-04
9.212299482896924019e-04
9.998658895492553711e-01
5.265812505967915058e-04
4.937313497066497803e-03
9.998871684074401855e-01
9.359383024275302887e-03
1.044567301869392395e-02
1.627528965473175049e-01
2.949357330799102783e-01
9.626585841178894043e-01
2.726577222347259521e-02
9.999856352806091309e-01
1.158266313723288476e-04
1.121644963859580457e-04
9.998190402984619141e-01
7.465275470167398453e-03
4.093233201274415478e-06
9.879785180091857910e-01
5.629675388336181641e-01
9.798482060432434082e-03
9.255698532797396183e-04
9.616103023290634155e-02
6.404430866241455078e-01
9.996808171272277832e-01
2.395673887804150581e-03
4.323882603785023093e-05
8.838302164804190397e-05
9.994774460792541504e-01
6.448313128203153610e-03
9.056491851806640625e-01
9.873868227005004883e-01
2.653794176876544952e-02
9.695625901222229004e-01
6.030158256180584431e-04
5.653057694435119629e-01
9.814941287040710449e-01
9.074122905731201172e-01
8.777654729783535004e-03
2.795240163777634734e-07
7.693368388572707772e-06
9.996188282966613770e-01
1.007492983262636699e-06
7.110328624548856169e-06
1.496197073720395565e-03
1.186261329166882206e-07
9.131660760886006756e-08
1.028308688546530902e-04
1.450812793336808681e-03
7.416778802871704102e-02
2.504282559101511652e-09
9.480725566390901804e-06
9.100862371269613504e-05
2.603700570762157440e-02
9.997017383575439453e-01
7.195830345153808594e-02
9.695498347282409668e-01
9.582385420799255371e-01
9.882252216339111328e-01
1.505496446043252945e-03
1.385302096605300903e-01
2.480762638151645660e-02
8.879126608371734619e-02
9.919031262397766113e-01
1.541719287633895874e-01
7.128324455152323935e-07
1.894218148663640022e-04
9.998908638954162598e-01
7.665309123694896698e-03
5.032374610891565681e-05
4.215543867758242413e-06
9.885065555572509766e-01
3.035698533058166504e-01
1.272160559892654419e-02
1.061625331640243530e-01
8.739522695541381836e-01
9.784204959869384766e-01
2.748038605204783380e-05
1.124222669750452042e-02
1.149155898019671440e-03
9.997056126594543457e-01
8.004235103726387024e-03
1.444930821890011430e-04
1.107411444536410272e-04
9.755232930183410645e-01
7.814890146255493164e-02
7.755267433822154999e-04
2.660675160586833954e-02
8.306447863578796387e-01
2.299413271248340607e-02
9.615193605422973633e-01
1.259625423699617386e-04
3.133625537157058716e-02
9.991874694824218750e-01
6.451004650443792343e-03
6.159563064575195312e-01
4.026410281658172607e-01
9.914164543151855469e-01
3.955673053860664368e-02
7.997330427169799805e-01
9.940712451934814453e-01
1.093705967068672180e-01
9.037575125694274902e-02
7.326704263687133789e-02
6.076010176911950111e-04
1.403859816491603851e-02
9.998050332069396973e-01
9.341051802039146423e-03
6.569495797157287598e-01
4.129338636994361877e-02
9.886485934257507324e-01
1.685464754700660706e-02
7.813295722007751465e-01
9.974289536476135254e-01
6.334784626960754395e-01
1.260887086391448975e-01
1.390437036752700806e-01
2.296123187988996506e-03
3.530196100473403931e-02
9.998685121536254883e-01
1.487637870013713837e-02
9.991039405576884747e-05
4.578016523737460375e-05
9.805703759193420410e-01
5.560477077960968018e-02
3.673808532766997814e-04
8.942496962845325470e-03
4.595617055892944336e-01
2.434297651052474976e-01
1.703439011180307716e-05
3.884744131937623024e-03
1.889813877642154694e-02
9.997912645339965820e-01
7.069208659231662750e-03
5.420541390776634216e-03
3.880080208182334900e-02
9.893420338630676270e-01
2.265077456831932068e-02
2.216763980686664581e-02
9.766250848770141602e-01
7.231453806161880493e-02
9.863706231117248535e-01
9.998867511749267578e-01
6.987664382904767990e-03
9.939700365066528320e-01
2.604292891919612885e-02
2.923685824498534203e-04
1.800687983632087708e-02
9.716709852218627930e-01
3.919221758842468262e-01
2.866964787244796753e-02
9.241620898246765137e-01
5.574252083897590637e-02
6.829575896263122559e-01
9.992938637733459473e-01
9.996733069419860840e-01
1.292770914733409882e-02
1.268602939168660126e-15
5.658682784996926785e-04
1.252886150382437336e-08
7.314854499895773188e-09
7.118323992472141981e-05
1.077906972568598576e-06
1.643361835501622181e-11
3.605500880493606175e-12
1.469949638703837991e-04
6.285701965680345893e-05
2.941967507265043314e-16
9.847818741026692635e-12
6.681187078356742859e-03
1.033344422467052937e-03
9.944922327995300293e-01
9.740768000483512878e-04
3.629017993807792664e-02
9.941169619560241699e-01
9.132572449743747711e-03
7.842212799005210400e-04
5.404024571180343628e-02
1.490341573953628540e-01
1.468382775783538818e-01
5.359139293432235718e-03
9.952278137207031250e-01
6.124480161815881729e-03
2.593814940610172926e-09
9.947607517242431641e-01
1.372673828154802322e-02
2.011685818433761597e-02
9.855345487594604492e-01
3.778269141912460327e-02
2.382840961217880249e-02
9.621677994728088379e-01
7.441439628601074219e-01
7.002832293510437012e-01
9.997632503509521484e-01
9.731460809707641602e-01
3.694418370723724365e-01
1.828043494356279552e-08
9.078619480133056641e-01
2.737035174504853785e-05
4.184666613582521677e-05
4.846998199354857206e-04
1.036641265272919554e-06
3.461692870132537792e-07
1.099378423532471061e-04
1.089893355965614319e-01
1.987043768167495728e-01
3.727830488742256421e-08
6.991934696998214349e-06
7.352579236030578613e-01
2.872268110513687134e-02
9.947651028633117676e-01
1.173507608473300934e-02
7.947340607643127441e-01
9.741577506065368652e-01
9.810844063758850098e-01
6.860165740363299847e-04
1.516857594251632690e-01
8.298693597316741943e-02
9.219101071357727051e-02
9.791315197944641113e-01
7.004992663860321045e-02
5.009265150874853134e-03
1.656239479780197144e-02
9.946604967117309570e-01
1.226473972201347351e-02
1.111108576878905296e-04
2.940185731858946383e-05
9.837027192115783691e-01
3.765106946229934692e-02
1.922934949398040771e-01
1.305274367332458496e-01
9.443066120147705078e-01
4.327644109725952148e-01
6.570247205672785640e-05
6.426225882023572922e-03
1.088926874217577279e-04
9.943053722381591797e-01
1.545673981308937073e-02
2.616084238979965448e-04
2.013871380768250674e-05
9.581958651542663574e-01
2.173547148704528809e-01
2.652898896485567093e-03
4.608944803476333618e-02
3.373180031776428223e-01
1.442021429538726807e-01
9.999799132347106934e-01
5.481775999069213867e-01
9.706094861030578613e-03
9.917118549346923828e-01
1.249011885374784470e-02
4.311253726482391357e-01
8.578170537948608398e-01
9.836515188217163086e-01
4.902587085962295532e-02
4.837768673896789551e-01
3.285130858421325684e-01
1.451110988855361938e-01
1.827844381332397461e-01
2.877192199230194092e-01
8.493594527244567871e-01
5.194987170398235321e-04
9.944313168525695801e-01
1.450273673981428146e-02
9.273494482040405273e-01
9.481263756752014160e-01
9.833719134330749512e-01
2.821484021842479706e-02
1.639432907104492188e-01
9.859207868576049805e-01
6.825064420700073242e-01
8.375358581542968750e-02
8.794037699699401855e-01
6.294092629104852676e-03
1.340192649513483047e-02
9.934318661689758301e-01
1.423933822661638260e-02
9.358405135571956635e-03
3.901596367359161377e-02
9.805288314819335938e-01
2.116665095090866089e-01
1.220879261381924152e-03
6.880095601081848145e-01
4.930603504180908203e-01
2.549183666706085205e-01
1.807329710572957993e-03
1.320383399724960327e-01
1.136500015854835510e-02
9.942092895507812500e-01
1.314406748861074448e-02
1.332385092973709106e-01
6.143222451210021973e-01
9.792456626892089844e-01
4.702425748109817505e-02
2.607484348118305206e-02
9.984160065650939941e-01
3.648380339145660400e-01
8.729915022850036621e-01
9.998874068260192871e-01
7.648298051208257675e-04
1.198677273350767791e-05
5.145556293427944183e-03
1.616022204942169083e-09
9.853322584935098050e-13
6.058175931684672832e-04
9.599431068636476994e-04
1.893251555529218422e-09
7.963509409195101973e-13
1.420256774872541428e-02
9.098302572965621948e-03
1.104072033797365293e-08
1.352152045624337769e-15
7.518402300775051117e-03
8.865613926900550723e-05
9.928252696990966797e-01
1.682561123743653297e-03
2.110832929611206055e-02
9.921703338623046875e-01
2.317150495946407318e-02
1.717272447422146797e-03
3.676865249872207642e-03
3.952233120799064636e-02
9.923068284988403320e-01
7.370358705520629883e-02
6.372943986207246780e-03
9.199545718729496002e-03
7.477369508706033230e-04
9.937067031860351562e-01
1.800817251205444336e-02
1.727156341075897217e-03
9.804940819740295410e-01
4.524833261966705322e-01
3.851342201232910156e-02
7.517716288566589355e-01
1.759366095066070557e-01
7.808370590209960938e-01
9.978875517845153809e-01
9.998876452445983887e-01
8.542118966579437256e-02
9.969485998153686523e-01
9.929802417755126953e-01
1.889624819159507751e-02
9.998456239700317383e-01
9.773059487342834473e-01
4.372434318065643311e-02
9.922830462455749512e-01
4.639425242203287780e-06
1.912715099751949310e-02
9.832843542098999023e-01
9.834768176078796387e-01
4.892208949058840517e-07
1.417369057890027761e-04
8.168151602149009705e-03
9.105436801910400391e-01
2.408374566584825516e-04
2.594921625131973997e-06
1.905074847874388411e-10
4.666674649342894554e-04
2.444259621370292734e-07
1.694516380511268405e-13
5.800529383122920990e-03
8.784716948866844177e-03
7.247003708243937581e-08
1.516123462880683407e-16
9.780794382095336914e-01
9.008108973503112793e-01
9.892014265060424805e-01
2.746100723743438721e-01
1.273435074836015701e-02
2.638030564412474632e-04
9.240133762359619141e-01
3.120860128547064960e-06
1.662889735598582774e-05
7.565733790397644043e-02
7.051329016685485840e-01
6.219558883458375931e-03
4.701441866927780211e-06
9.805288910865783691e-01
8.585861921310424805e-01
9.867822527885437012e-01
9.141581654548645020e-01
1.900759935379028320e-01
1.866814941167831421e-01
9.848633408546447754e-01
2.656335756182670593e-02
1.065619471773970872e-05
1.394151449203491211e-01
9.256462454795837402e-01
9.516680240631103516e-01
9.998583793640136719e-01
2.725760638713836670e-02
9.904248714447021484e-01
9.897722005844116211e-01
7.105892151594161987e-02
3.803536295890808105e-02
5.912856664508581161e-03
9.754148125648498535e-01
4.810690134763717651e-02
1.752568595111370087e-02
3.014256060123443604e-01
7.984869480133056641e-01
7.450289130210876465e-01
5.644044373184442520e-03
8.732016682624816895e-01
9.980090260505676270e-01
9.921222329139709473e-01
8.493662476539611816e-01
2.811737060546875000e-01
1.855402952060103416e-03
9.769800901412963867e-01
5.857772231101989746e-01
3.035163283348083496e-01
3.818826226051896811e-04
4.282377064228057861e-01
2.911843359470367432e-01
1.661494025029242039e-05
9.799886941909790039e-01
9.975297451019287109e-01
9.918808341026306152e-01
8.999879956245422363e-01
1.889120787382125854e-02
2.191522857174277306e-03
9.837045669555664062e-01
6.933359503746032715e-01
9.861446022987365723e-01
1.989973708987236023e-03
7.994734495878219604e-02
8.133015036582946777e-02
3.066985227633267641e-04
6.187103688716888428e-03
9.998354315757751465e-01
9.924271106719970703e-01
1.282172277569770813e-02
8.300212770700454712e-02
1.450562849640846252e-03
9.794067740440368652e-01
3.055908158421516418e-02
6.427443027496337891e-01
2.999105956405401230e-03
4.924785718321800232e-02
9.616401791572570801e-01
1.684228703379631042e-02
7.407867908477783203e-01
9.993324875831604004e-01
9.926006793975830078e-01
1.904735527932643890e-02
9.215249419212341309e-01
1.629478298127651215e-03
9.803818464279174805e-01
8.280923962593078613e-02
9.767199754714965820e-01
6.064116023480892181e-04
5.901584029197692871e-02
9.874574542045593262e-01
5.989139154553413391e-02
9.988912940025329590e-01
9.974508285522460938e-01
9.989024400711059570e-01
3.433527797460556030e-02
9.915252029895782471e-02
1.513042487204074860e-03
1.727811619639396667e-02
2.330622635781764984e-03
2.805883195833303034e-05
1.351782596969997030e-08
2.044281363487243652e-02
5.389572106651030481e-05
2.947114353446522728e-06
2.082367427647113800e-02
1.307342760264873505e-02
2.530567599023925141e-06
4.096012096852064133e-03
2.964591658383142203e-05
2.216145003330893815e-05
5.954027201826583848e-12
1.008476756396703422e-04
1.836442942160232406e-10
5.752934608608484268e-03
2.356119239266263321e-06
2.142218545486684889e-05
7.564832094075768509e-10
6.296087056398391724e-03
6.744256353385935654e-08
4.256934360569175624e-09
5.475630052387714386e-03
5.912472733626827903e-10
8.089917246252298355e-04
1.995514146983623505e-03
1.855678388729131711e-09
1.725778130427443879e-13
1.296826358884572983e-02
8.446841500699520111e-03
1.143058803165786230e-08
1.729242908110275754e-16
1.223891321569681168e-02
1.125857462813684151e-10
2.579123759005597094e-07
2.547298185527324677e-02
5.793292234823610443e-11
2.578237623396262279e-11
1.898718997836112976e-02
2.466630788511281480e-10
7.225321469600531898e-12
8.049109019339084625e-03
1.080397237092256546e-02
3.792796077206617156e-10
2.807995806361485158e-13
1.765193337632808834e-05
2.035395027633057907e-06
5.043982582719763741e-07
1.533221438876353204e-05
4.080428794850377017e-08
4.590201001519744750e-07
2.541255183716173427e-12
1.248275788290342803e-10
6.008434028093034840e-11
6.354614470183150843e-07
1.211281852597778652e-09
7.277642932734806891e-10
1.864946391760824440e-10
3.665234893560409546e-02
3.831465146504342556e-04
1.088502933271229267e-03
8.691260154591873288e-05
1.430834117854828946e-06
1.374109956486790907e-06
8.016031642910093069e-06
5.183134277331191697e-08
1.059177279216783063e-08
1.934020817279815674e-01
4.453529603779315948e-03
9.146014228463172913e-03
1.189338654512539506e-04
1.088691800832748413e-01
5.120173440786857100e-08
4.427449292604412889e-12
4.001647979021072388e-02
1.428082214260939509e-05
2.074737734045206672e-12
8.175998926162719727e-03
2.034413442015647888e-02
1.243379017523693619e-07
8.329302072525024414e-03
5.387679673731327057e-03
2.703539394133258611e-06
7.170810169612740204e-13
2.976899486384354532e-05
1.284167979065387044e-06
1.742715357977431267e-05
7.188514573499560356e-04
3.125348868593391671e-08
3.059348898659663973e-07
5.085474913357757032e-05
8.692099072504788637e-05
9.486853080886703538e-09
8.237477366890288977e-09
1.498457975685596466e-02
1.189247544886029573e-08
2.833382486966407043e-11
7.680998533032834530e-05
8.998225675895810127e-04
5.181495907891076058e-07
1.660314046603161842e-05
6.316016651908284985e-07
1.650433432587306015e-06
2.411151304841041565e-03
4.228637262713164091e-04
2.325870385178063771e-09
2.595725023812889276e-10
5.324980156728997827e-05
3.196901077195946073e-11
1.030790172185450104e-13
4.742479324340820312e-02
3.644703701138496399e-02
2.703166683204472065e-05
4.457726143300533295e-03
1.823994534788653255e-04
7.471220305887982249e-05
1.406983821652829647e-03
1.689617056399583817e-04
2.184500544899492525e-06
1.315027731152440538e-07
1.716427505016326904e-02
4.804154741577804089e-06
3.373907597747916043e-09
8.463852282147854567e-06
3.142629284411668777e-04
1.018396415020106360e-05
3.819280391326174140e-05
2.272794858981797006e-07
8.066639566095545888e-06
3.264296310589998029e-06
3.726113573065958917e-05
1.215136762766633183e-06
4.349656634872189898e-08
1.106386305764317513e-03
8.185316692106425762e-04
1.119573600494305765e-10
1.056685019284486771e-02
1.291424618102610111e-03
2.816481865011155605e-04
9.941449761390686035e-01
1.914275053422898054e-04
9.944214224815368652e-01
6.363838911056518555e-01
2.539990283548831940e-02
1.515526673756539822e-04
1.134907174855470657e-02
3.802900910377502441e-01
8.470858931541442871e-01
2.395010087639093399e-04
7.894550450146198273e-03
8.344922389369457960e-05
3.621647465479327366e-06
9.934706091880798340e-01
4.313230980187654495e-03
9.934772253036499023e-01
2.533748745918273926e-02
2.909037768840789795e-01
5.558043085329700261e-06
7.666762918233871460e-02
9.910852313041687012e-01
7.979865372180938721e-02
3.155743252136744559e-05
4.353611916303634644e-02
9.990717768669128418e-01
9.993389844894409180e-01
9.654417037963867188e-01
5.635673999786376953e-01
9.519736766815185547e-01
4.015442973468452692e-04
2.248721718788146973e-01
3.381321728229522705e-01
5.937934853136539459e-03
2.063344931229948997e-03
8.422586321830749512e-02
4.935776814818382263e-03
8.274254389107227325e-03
2.858472755178809166e-03
1.412160827385378070e-06
9.835224151611328125e-01
4.773333785124123096e-04
4.218958565616048872e-05
1.091714110225439072e-02
3.745571593753993511e-04
4.053768701851367950e-03
1.051958133757580072e-05
4.968025721609592438e-03
3.921448253095149994e-03
2.120636636391282082e-04
1.275811903178691864e-02
1.783158222679048777e-04
2.871518290703534149e-06
9.948544502258300781e-01
1.008343606372363865e-04
4.392064874991774559e-05
9.941384792327880859e-01
7.931213378906250000e-01
1.532495487481355667e-02
2.894864231348037720e-02
7.849392890930175781e-01
9.951267242431640625e-01
3.859668140648864210e-05
2.363159693777561188e-02
7.806857465766370296e-04
1.767606736393645406e-04
9.939748644828796387e-01
5.752568831667304039e-04
3.625396057032048702e-04
9.926167726516723633e-01
3.388283029198646545e-02
3.768149763345718384e-02
6.085680332034826279e-03
8.889174461364746094e-01
6.250193715095520020e-01
1.615901419427245855e-04
7.553155533969402313e-03
1.696324616204947233e-04
3.206833899021148682e-01
9.939531683921813965e-01
1.951221347553655505e-04
1.958335563540458679e-02
9.943885207176208496e-01
3.357235342264175415e-02
7.099112262949347496e-04
9.739320278167724609e-01
4.125197231769561768e-01
1.139119453728199005e-02
7.869383553043007851e-04
9.742150083184242249e-03
8.451755275018513203e-05
6.306522409431636333e-04
9.947866201400756836e-01
5.337442853488028049e-04
2.679594233632087708e-02
9.946182966232299805e-01
8.258417248725891113e-03
6.287423968315124512e-01
7.578667402267456055e-01
1.308678686618804932e-01
3.518552333116531372e-02
1.847572508268058300e-03
1.022958382964134216e-02
3.473589604254812002e-04
2.237645276181865484e-06
9.935925006866455078e-01
6.300734239630401134e-04
2.818417851813137531e-05
9.926982522010803223e-01
8.244450204074382782e-03
4.979097284376621246e-04
4.839719738811254501e-03
1.181418076157569885e-02
2.578218281269073486e-01
5.544039959204383194e-05
1.168745663017034531e-02
7.420046313200145960e-05
1.250223023816943169e-03
9.950674176216125488e-01
3.305676800664514303e-04
2.287173271179199219e-02
9.949015378952026367e-01
7.669673301279544830e-03
4.162775585427880287e-04
9.535657167434692383e-01
7.655901834368705750e-03
9.847337007522583008e-01
1.892638392746448517e-03
7.062299177050590515e-03
2.529971534386277199e-04
9.991407394409179688e-01
9.936734437942504883e-01
1.395668461918830872e-02
9.796762466430664062e-01
6.728585958480834961e-01
3.949638083577156067e-02
1.745329001323625562e-07
1.241994425654411316e-01
3.811742365360260010e-01
9.973697066307067871e-01
9.998535513877868652e-01
2.693724930286407471e-01
5.777877569198608398e-01
6.057970691472291946e-03
1.160045037977397442e-03
3.605662641348317266e-05
6.104624271392822266e-02
8.538005857872121851e-10
4.075570614077150822e-04
3.654372994787991047e-05
1.963357673957943916e-03
1.145719736814498901e-02
2.074049689326784573e-06
5.805325145047390833e-06
6.143699884414672852e-01
4.356282204389572144e-02
1.124680601060390472e-02
9.944110512733459473e-01
1.264334470033645630e-02
3.267540159868076444e-05
9.311966300010681152e-01
1.964532770216464996e-03
1.350221282336860895e-04
2.291480004787445068e-01
5.041610002517700195e-01
9.660738706588745117e-01
9.776042699813842773e-01
5.119641777127981186e-03
2.648589543241541833e-05
3.383818781003355980e-03
9.947988390922546387e-01
1.284299232065677643e-02
3.951634880650090054e-06
9.863620400428771973e-01
3.951168656349182129e-01
4.867994284722954035e-04
4.257839620113372803e-01
7.420342564582824707e-01
1.721072569489479065e-02
8.085448644123971462e-05
6.035577971488237381e-03
1.160244719358161092e-04
9.991694688796997070e-01
9.937860965728759766e-01
1.380971353501081467e-02
9.794874787330627441e-01
9.779081940650939941e-01
6.636881828308105469e-02
2.750470302999019623e-02
7.835429161787033081e-03
3.640421330928802490e-01
4.672167897224426270e-01
4.498223215341567993e-02
9.982683062553405762e-01
9.896299839019775391e-01
4.445239603519439697e-01
9.892373681068420410e-01
1.222536899149417877e-02
5.709538701921701431e-03
9.842371940612792969e-01
5.079304054379463196e-02
1.346722990274429321e-01
2.314828485250473022e-01
1.251831203699111938e-01
1.646799743175506592e-01
9.765503555536270142e-02
7.048775441944599152e-03
8.389212191104888916e-02
6.103322505950927734e-01
9.935796856880187988e-01
3.264644742012023926e-02
1.159841101616621017e-02
9.838031530380249023e-01
2.579692378640174866e-02
9.124029278755187988e-01
4.112366437911987305e-01
8.710913062095642090e-01
6.511255353689193726e-02
5.879327058792114258e-01
5.746827926486730576e-03
3.769213071791455150e-05
7.009305804967880249e-02
9.941605329513549805e-01
1.317629218101501465e-02
2.522023953497409821e-02
9.848267436027526855e-01
1.121900975704193115e-01
8.217094000428915024e-04
1.521466821432113647e-01
5.820754766464233398e-01
3.127212822437286377e-01
3.468579234322533011e-05
7.884886115789413452e-03
8.702865801751613617e-03
8.005080372095108032e-02
9.939509034156799316e-01
1.308452337980270386e-02
2.704037725925445557e-02
9.849192500114440918e-01
2.810698188841342926e-02
2.429639175534248352e-02
9.442071318626403809e-01
1.955739706754684448e-01
9.654234051704406738e-01
9.268083572387695312e-01
1.536369818495586514e-04
1.449617229809518903e-05
2.569734988355776295e-06
9.821767807006835938e-01
5.008759326301515102e-04
4.426818804859067313e-07
8.342709043063223362e-04
8.707980470035181497e-08
6.432635440344015507e-15
6.394220050424337387e-03
9.164588525891304016e-03
2.320270908739985316e-08
4.512565131365141121e-18
7.471553087234497070e-01
6.645673513412475586e-01
1.100117564201354980e-01
9.858003258705139160e-01
3.302936255931854248e-01
1.271656248718500137e-03
9.796396493911743164e-01
1.121211425925139338e-07
5.215005785430548713e-06
2.996754348278045654e-01
6.553143262863159180e-01
2.818652319547254592e-05
9.377601806193069933e-09
5.212456453591585159e-03
9.908843636512756348e-01
9.828302860260009766e-01
9.908987283706665039e-01
1.608973369002342224e-02
2.123175188899040222e-02
9.826705455780029297e-01
2.560521662235260010e-02
1.535547156095162791e-08
4.662134125828742981e-02
9.987897276878356934e-01
5.147682502865791321e-02
9.998167753219604492e-01
5.174925085157155991e-03
9.739502668380737305e-01
8.395875096321105957e-01
9.720820784568786621e-01
2.569011971354484558e-02
9.211004972457885742e-01
9.423917531967163086e-01
5.013751611113548279e-02
7.565070986747741699e-01
2.953161299228668213e-01
7.130844593048095703e-01
9.830743670463562012e-01
1.822193189582321793e-05
9.622272253036499023e-01
9.957330822944641113e-01
9.796857833862304688e-01
9.930680990219116211e-01
9.556621313095092773e-01
4.791038110852241516e-02
9.810269474983215332e-01
6.241869330406188965e-01
5.397894382476806641e-01
2.109618719714489998e-07
9.616018086671829224e-02
3.285594284534454346e-01
3.676989823730991702e-09
9.979951381683349609e-01
9.943585395812988281e-01
9.693226218223571777e-01
9.927479624748229980e-01
9.552852511405944824e-01
1.601180434226989746e-02
9.850198030471801758e-01
9.275803565979003906e-01
4.554090090095996857e-03
1.039799030877475161e-06
1.178963109850883484e-01
1.049348429660312831e-04
1.718909317105499213e-07
1.010098867118358612e-02
9.996698498725891113e-01
9.979772567749023438e-01
9.927250146865844727e-01
1.282309088855981827e-02
2.839517034590244293e-02
9.833738803863525391e-01
2.836613543331623077e-02
9.910513758659362793e-01
7.652577551198191941e-06
6.844200938940048218e-02
9.968311190605163574e-01
1.699432687018997967e-05
8.635228872299194336e-01
9.986685514450073242e-01
9.979918003082275391e-01
9.928880333900451660e-01
2.714385464787483215e-02
3.675609529018402100e-01
9.335695505142211914e-01
4.998817294836044312e-02
9.992837905883789062e-01
1.983413397965705371e-07
7.495114952325820923e-02
9.966929554939270020e-01
7.490649819374084473e-03
2.127981930971145630e-02
2.742073731496930122e-03
1.524644176242873073e-05
6.767016020603477955e-05
1.346284648207074497e-06
1.660151724536262918e-06
1.657160964896320365e-06
1.958557191983345547e-07
4.036870143719895054e-11
4.198855041437354885e-09
5.134808489515307883e-08
1.365823777632613201e-06
3.159101452654411446e-11
8.253790736198425293e-01
7.542363405227661133e-01
9.073311686515808105e-01
1.798563898773863912e-04
3.812675713561475277e-04
7.986502721905708313e-03
8.386602997779846191e-02
7.737651408490364702e-09
1.828515087254345417e-05
5.447386503219604492e-01
4.738267660140991211e-01
8.221822645282372832e-05
9.840081474976614118e-06
7.666645944118499756e-02
7.281079295040626675e-09
5.954291504295383675e-10
4.459244608879089355e-01
7.372719049453735352e-02
3.816109710896853358e-06
6.114119085152969202e-13
3.679134324193000793e-02
2.490048063918948174e-05
6.571614183485507965e-03
1.431506779044866562e-02
1.707371097836585250e-06
5.512762555476280468e-13
5.630885425489395857e-05
5.295827388763427734e-01
5.077837705612182617e-01
8.844691514968872070e-01
1.031314954161643982e-03
6.968336179852485657e-03
1.584251224994659424e-01
1.567777828313410282e-03
4.760152194648981094e-03
2.532183192670345306e-03
1.880175434052944183e-02
9.242896339856088161e-04
3.385343234185711481e-06
4.832099676132202148e-01
5.960071086883544922e-01
8.113364875316619873e-02
3.985293675214052200e-03
2.017290331423282623e-02
1.876355707645416260e-02
6.157552599906921387e-01
9.920248761773109436e-03
7.846431108191609383e-04
1.791447214782238007e-02
4.292395710945129395e-01
4.065382760018110275e-03
9.930015075951814651e-04
8.905992144718766212e-04
9.794513881206512451e-02
9.631520137190818787e-03
9.807942509651184082e-01
1.684383751126006246e-04
3.195131284883245826e-05
5.934282205998897552e-03
5.878752926946617663e-05
1.483266487412038259e-06
5.716747182304970920e-05
9.192162542603909969e-04
1.181473955512046814e-03
1.551578199254777246e-09
4.985413514077663422e-03
2.621456224005669355e-05
8.561315189581364393e-05
9.949786067008972168e-01
1.183607615530490875e-02
3.399486595299094915e-04
6.220578507054597139e-05
9.457518458366394043e-01
5.028081126511096954e-03
1.203766278922557831e-02
1.925732493400573730e-01
9.653828740119934082e-01
5.459132080432027578e-05
1.150060095824301243e-03
1.305165584199130535e-03
1.158458366990089417e-01
9.928654432296752930e-01
1.437694486230611801e-02
3.768197075260104612e-06
1.870881579816341400e-02
9.792395234107971191e-01
3.638300682951012277e-08
2.853977680206298828e-01
7.387753129005432129e-01
4.042072594165802002e-02
9.359284013044089079e-05
9.990741014480590820e-01
9.994054436683654785e-01
9.984362125396728516e-01
9.925558567047119141e-01
1.232327241450548172e-02
1.309697926044464111e-01
8.699570298194885254e-01
9.795176982879638672e-01
2.526284456253051758e-01
1.816287636756896973e-03
3.868895873893052340e-05
3.180972486734390259e-02
4.089583399036200717e-06
9.992355704307556152e-01
9.909179806709289551e-01
9.986904263496398926e-01
9.894763231277465820e-01
1.592529267072677612e-01
6.270179152488708496e-01
8.417119979858398438e-01
9.795306324958801270e-01
1.318321228027343750e-01
6.755910813808441162e-02
7.828512229025363922e-03
3.930887207388877869e-03
4.754596739076077938e-04
5.718475207686424255e-03
9.994258880615234375e-01
9.811573624610900879e-01
9.947448968887329102e-01
1.241179741919040680e-02
9.221577644348144531e-02
9.999142885208129883e-01
3.762512207031250000e-01
3.435022532939910889e-01
1.885059056803584099e-03
7.142556132748723030e-04
2.494412241503596306e-03
1.342021860182285309e-04
9.984235763549804688e-01
9.981354475021362305e-01
9.981437325477600098e-01
9.913637042045593262e-01
1.455673724412918091e-01
2.144286930561065674e-01
9.079024195671081543e-01
7.623085975646972656e-01
8.890554904937744141e-01
1.523231621831655502e-03
6.126325577497482300e-02
9.853423833847045898e-01
7.408549572573974729e-05
9.560710750520229340e-03
4.676130265579558909e-05
8.963657021522521973e-01
9.948046207427978516e-01
1.452641002833843231e-02
7.253367803059518337e-04
1.856548442447092384e-05
9.085591435432434082e-01
8.461701869964599609e-01
1.839432632550597191e-03
1.036379709839820862e-01
9.982187747955322266e-01
9.978208541870117188e-01
9.753260016441345215e-01
8.045474290847778320e-01
8.812535405158996582e-01
9.930223822593688965e-01
6.421831250190734863e-01
5.710458159446716309e-01
9.906130433082580566e-01
9.865237474441528320e-01
8.320787549018859863e-02
2.396701602265238762e-04
6.138906627893447876e-02
6.684932708740234375e-01
5.905987322330474854e-02
3.990798592567443848e-01
5.106872916221618652e-01
7.116043567657470703e-01
9.938324093818664551e-01
2.198537141084671021e-01
9.659111499786376953e-01
9.932566285133361816e-01
9.784314632415771484e-01
2.277435362339019775e-02
5.052590277045965195e-04
1.337158828973770142e-01
9.432264960196334869e-07
2.546901581808924675e-03
2.597879171371459961e-01
1.687979251146316528e-01
1.495383586734533310e-02
9.915712475776672363e-01
2.647546827793121338e-01
9.115217924118041992e-01
9.188894033432006836e-01
9.866374731063842773e-01
2.540482208132743835e-02
5.277671664953231812e-02
5.132987499237060547e-01
9.451662003993988037e-02
1.808891538530588150e-03
6.937538385391235352e-01
4.471346437931060791e-01
9.559195637702941895e-01
9.883673191070556641e-01
9.445707201957702637e-01
9.109310507774353027e-01
9.941110014915466309e-01
9.804127812385559082e-01
2.182625606656074524e-02
8.261181646957993507e-04
9.712713360786437988e-01
5.998736619949340820e-02
9.989727735519409180e-01
7.739368360489606857e-03
8.887832164764404297e-01
7.834330201148986816e-01
9.521021246910095215e-01
6.196629256010055542e-02
1.313437670469284058e-01
2.604380063712596893e-02
9.413509964942932129e-01
7.024939358234405518e-02
2.611132338643074036e-02
1.502351611852645874e-01
3.609343469142913818e-01
7.354340702295303345e-02
7.233009934425354004e-01
9.989578723907470703e-01
9.770732522010803223e-01
9.936320781707763672e-01
4.220384731888771057e-02
9.936115741729736328e-01
1.515662074089050293e-01
9.758604764938354492e-01
1.547100394964218140e-01
6.106835007667541504e-01
7.132555823773145676e-03
5.171597599983215332e-01
1.218060106111806817e-07
6.009061355143785477e-03
1.061624032445251942e-03
9.955653548240661621e-01
9.936006665229797363e-01
1.635337620973587036e-02
3.134520957246422768e-04
1.561575627420097589e-04
7.714349031448364258e-01
7.279238700866699219e-01
3.592548891901969910e-02
1.519626658409833908e-02
5.263463780283927917e-02
9.825317263603210449e-01
9.981262683868408203e-01
9.983057975769042969e-01
9.944899678230285645e-01
9.941437840461730957e-01
1.752095849951729178e-04
5.119895339012145996e-01
9.993489384651184082e-01
9.872178435325622559e-01
3.501292553664825391e-07
6.531770825386047363e-01
9.410402178764343262e-01
5.856537446379661560e-02
1.826617717742919922e-01
5.286784172058105469e-01
9.998685717582702637e-01
9.884883165359497070e-01
9.910898208618164062e-01
1.200192887336015701e-02
9.032884240150451660e-02
9.999293088912963867e-01
9.840476512908935547e-01
4.916200786828994751e-02
2.341528683900833130e-01
8.190435171127319336e-01
1.912670433521270752e-01
6.670287847518920898e-01
9.686326980590820312e-01
9.992315769195556641e-01
9.990687966346740723e-01
9.928119182586669922e-01
5.275909975171089172e-02
1.571785956621170044e-01
9.981977939605712891e-01
9.844346046447753906e-01
2.206842005252838135e-01
6.019904464483261108e-02
8.174239993095397949e-01
1.763204634189605713e-01
1.550570246763527393e-03
9.937937259674072266e-01
9.996339678764343262e-01
9.975383281707763672e-01
9.916498064994812012e-01
6.702002882957458496e-01
5.564820393919944763e-02
9.999828934669494629e-01
9.835304021835327148e-01
9.520134329795837402e-01
9.209924191236495972e-02
9.993064999580383301e-01
4.530951753258705139e-02
9.689006209373474121e-01
3.243649750947952271e-02
9.996719360351562500e-01
9.986620545387268066e-01
9.925379753112792969e-01
1.221694145351648331e-02
7.209409773349761963e-02
9.999671578407287598e-01
9.825540184974670410e-01
2.589844353497028351e-02
1.149291992187500000e-01
9.805721640586853027e-01
7.444917690008878708e-03
6.328871677396818995e-05
5.967535544186830521e-03
9.773993492126464844e-01
9.989976286888122559e-01
9.937747120857238770e-01
1.405828632414340973e-02
2.459496899973601103e-04
9.999732375144958496e-01
9.551463127136230469e-01
9.157518148422241211e-01
3.414879785850644112e-03
9.931256175041198730e-01
5.167692899703979492e-03
1.355548799037933350e-01
