5.285451412200927734e-01
6.683210730552673340e-01
2.908065915107727051e-01
5.971496105194091797e-01
5.081727504730224609e-01
1.796392202377319336e-01
4.643653035163879395e-01
1.289008837193250656e-02
5.364190340042114258e-01
5.773599147796630859e-01
4.143215417861938477e-01
1.999092847108840942e-01
1.077002007514238358e-02
5.989879369735717773e-01
8.873067498207092285e-01
1.394053455442190170e-03
1.852136105298995972e-03
4.703129529953002930e-01
2.777194976806640625e-01
2.521529793739318848e-01
1.359528154134750366e-01
3.009878098964691162e-01
4.402875900268554688e-01
2.619264125823974609e-01
1.579502224922180176e-01
8.301307447254657745e-03
1.768192648887634277e-01
5.845783650875091553e-02
2.883259057998657227e-01
8.154008388519287109e-01
9.735496860230341554e-06
5.323014855384826660e-01
3.777259886264801025e-01
2.551916837692260742e-01
1.531343311071395874e-01
2.087993621826171875e-01
3.838464021682739258e-01
2.777115702629089355e-01
2.832129001617431641e-01
5.076824221760034561e-03
3.552232980728149414e-01
5.958998203277587891e-01
7.493873834609985352e-01
6.349660158157348633e-01
2.856981158256530762e-01
4.510692954063415527e-01
2.748743593692779541e-01
6.716149449348449707e-01
3.013861775398254395e-01
2.086637467145919800e-01
5.493309497833251953e-01
7.056813240051269531e-01
3.010343611240386963e-01
7.716372143477201462e-03
3.515081405639648438e-01
7.585664391517639160e-01
7.483710050582885742e-01
6.129368543624877930e-01
4.871191680431365967e-01
3.807360827922821045e-01
2.310523390769958496e-01
6.873823404312133789e-01
5.017383694648742676e-01
4.135385461268015206e-05
1.064966395497322083e-01
3.682680726051330566e-01
9.945372939109802246e-01
9.961707110051065683e-05
6.727904081344604492e-02
2.945514619350433350e-01
8.136022090911865234e-01
8.226467967033386230e-01
4.460149407386779785e-01
1.638043224811553955e-01
5.498895645141601562e-01
3.283122181892395020e-01
1.944838464260101318e-01
8.513748645782470703e-01
1.515494585037231445e-01
1.970051229000091553e-01
8.942128419876098633e-01
8.808969706296920776e-02
1.681011319160461426e-01
4.423879981040954590e-01
7.554176449775695801e-01
1.912152767181396484e-01
5.114991068840026855e-01
1.926063150167465210e-01
2.277331650257110596e-01
3.173597455024719238e-01
3.257708847522735596e-01
2.604810893535614014e-01
2.097532302141189575e-01
4.597338438034057617e-01
3.551294505596160889e-01
5.724148079752922058e-02
1.365822702646255493e-01
2.199786305427551270e-01
4.368164539337158203e-01
3.707123994827270508e-01
2.571765184402465820e-01
1.174471601843833923e-01
2.347371876239776611e-01
3.831511139869689941e-01
5.833991169929504395e-01
2.190783321857452393e-01
4.141743481159210205e-01
7.223876118659973145e-01
2.813991904258728027e-01
6.285445764660835266e-03
4.928566217422485352e-01
4.716773033142089844e-01
7.793636322021484375e-01
8.215146064758300781e-01
2.366794943809509277e-01
4.036747217178344727e-01
2.893659174442291260e-01
4.983989000320434570e-01
6.128349304199218750e-01
1.996957957744598389e-01
2.267361581325531006e-01
4.570155143737792969e-01
2.789730429649353027e-01
1.049740007147192955e-03
9.764592349529266357e-02
3.370917439460754395e-01
5.257482528686523438e-01
7.842220067977905273e-01
3.982058763504028320e-01
9.374010376632213593e-03
4.861996471881866455e-01
1.915422379970550537e-01
6.281152367591857910e-01
4.702475666999816895e-02
4.385757446289062500e-01
5.515705347061157227e-01
4.038078784942626953e-01
5.284302309155464172e-02
1.758361309766769409e-01
1.043716669082641602e-01
7.718660235404968262e-01
2.385493516921997070e-01
6.486387252807617188e-01
2.503401041030883789e-01
3.543969392776489258e-01
4.813893437385559082e-01
7.057483792304992676e-01
4.133015275001525879e-01
1.367562562227249146e-01
2.480783462524414062e-01
2.410920560359954834e-01
6.608553230762481689e-03
2.970958054065704346e-01
5.941354036331176758e-01
5.897709727287292480e-01
7.856740951538085938e-01
6.399587988853454590e-01
2.223499352112412453e-03
4.022818207740783691e-01
3.974439203739166260e-01
5.441926717758178711e-01
2.070209085941314697e-01
3.317869305610656738e-01
1.635296940803527832e-01
2.897088229656219482e-01
4.804766550660133362e-02
3.228367771953344345e-03
6.338098049163818359e-01
5.043804645538330078e-01
4.265992641448974609e-01
5.026954412460327148e-01
3.926580026745796204e-02
2.392833381891250610e-01
5.026644468307495117e-01
7.056336402893066406e-01
3.949115276336669922e-01
2.165922373533248901e-01
6.897026300430297852e-01
4.086793661117553711e-01
7.639617919921875000e-01
2.932852506637573242e-01
3.976619839668273926e-01
9.791499376296997070e-01
3.988398313522338867e-01
4.708400964736938477e-01
3.694902658462524414e-01
4.376051723957061768e-01
4.760331511497497559e-01
4.178884625434875488e-01
1.808545589447021484e-01
1.728451102972030640e-01
6.688494682312011719e-01
3.735243678092956543e-01
5.804904699325561523e-01
1.053177053108811378e-03
8.066647052764892578e-01
9.046586751937866211e-01
2.245741486549377441e-01
7.011225223541259766e-01
4.835236966609954834e-01
3.920323848724365234e-01
2.676957249641418457e-01
3.890656828880310059e-01
5.833899974822998047e-01
1.165177486836910248e-02
1.489923894405364990e-01
2.886122167110443115e-01
6.804808378219604492e-01
2.525421082973480225e-01
6.929556280374526978e-02
7.507580518722534180e-01
4.771657288074493408e-01
4.191637635231018066e-01
1.088695153594017029e-01
2.429902702569961548e-01
6.281566023826599121e-01
3.049183487892150879e-01
5.546438694000244141e-01
3.983381688594818115e-01
4.019190371036529541e-01
3.384730219841003418e-01
6.917631030082702637e-01
3.725713118910789490e-03
2.554499208927154541e-01
7.884277105331420898e-01
