9.964162707328796387e-01
9.928888678550720215e-01
9.891937375068664551e-01
9.945079684257507324e-01
9.979479312896728516e-01
1.661702431738376617e-02
8.252524770796298981e-03
9.386097081005573273e-03
1.099378149956464767e-02
8.950077928602695465e-03
9.305518120527267456e-03
9.953548200428485870e-03
9.578541852533817291e-03
1.458745002746582031e-01
9.826073646545410156e-01
9.636113047599792480e-01
9.712415337562561035e-01
9.273917078971862793e-01
4.413020238280296326e-02
6.196076422929763794e-02
2.363654822111129761e-01
1.776707321405410767e-01
1.482084393501281738e-02
6.164750456809997559e-02
1.591712832450866699e-01
1.189552843570709229e-01
3.045760677196085453e-04
1.418972242390736938e-04
9.815977215766906738e-01
2.565095201134681702e-04
1.008172621368430555e-04
1.760211214423179626e-02
2.506513614207506180e-03
5.120530258864164352e-04
8.508881728630512953e-05
1.260798238217830658e-02
3.993361257016658783e-03
6.072724936529994011e-04
1.803614868549630046e-04
8.718649269212619402e-07
9.507752110948786139e-06
9.893562793731689453e-01
9.918732047080993652e-01
7.458387699443846941e-06
3.435257356613874435e-03
2.272300655022263527e-03
4.386696091387420893e-04
8.245981734944507480e-05
1.649554586037993431e-03
1.178208854980766773e-03
2.684426144696772099e-04
8.055170474108308554e-05
9.752829074859619141e-01
9.011503458023071289e-01
9.975476264953613281e-01
9.884322285652160645e-01
9.834099411964416504e-01
1.408047378063201904e-01
1.043001562356948853e-01
1.339267790317535400e-01
5.132188647985458374e-02
8.088516443967819214e-02
6.657779216766357422e-02
8.638928830623626709e-02
6.163169816136360168e-02
6.124593019485473633e-01
9.716572165489196777e-01
9.917973279953002930e-01
9.671081304550170898e-01
9.973332881927490234e-01
9.917523860931396484e-01
4.863197449594736099e-03
9.023354388773441315e-03
1.583732664585113525e-02
3.236074931919574738e-03
5.114450119435787201e-03
1.017310004681348801e-02
1.933851279318332672e-02
3.439769148826599121e-01
6.918570399284362793e-01
8.087376952171325684e-01
9.241037964820861816e-01
8.057489991188049316e-01
7.589204311370849609e-01
7.423833478242158890e-03
1.502687484025955200e-02
3.910077735781669617e-02
4.743211902678012848e-03
3.126633353531360626e-03
2.600737288594245911e-02
4.844883829355239868e-02
8.974831700325012207e-01
7.360399365425109863e-01
9.456826448440551758e-01
9.300082921981811523e-01
9.505637288093566895e-01
5.055431127548217773e-01
1.682251133024692535e-02
6.232969462871551514e-03
3.751349868252873421e-03
5.971759092062711716e-03
3.135226201266050339e-03
1.639388268813490868e-03
4.673572257161140442e-03
2.536185085773468018e-01
2.887685298919677734e-01
9.984545111656188965e-01
9.903527498245239258e-01
3.125243484973907471e-01
6.661245226860046387e-02
1.860439963638782501e-02
1.702188886702060699e-02
1.264316146261990070e-03
1.087725907564163208e-02
5.916541442275047302e-03
3.088348603341728449e-04
3.233040333725512028e-04
9.162751436233520508e-01
9.556897282600402832e-01
9.987970590591430664e-01
9.988492131233215332e-01
9.967485070228576660e-01
8.545612692832946777e-01
3.442378714680671692e-03
4.339206032454967499e-03
1.355074695311486721e-03
7.588232401758432388e-04
7.000968325883150101e-04
4.605355788953602314e-04
8.565684547647833824e-04
9.424133896827697754e-01
9.922332763671875000e-01
9.959880113601684570e-01
9.993640184402465820e-01
9.961685538291931152e-01
8.395158052444458008e-01
5.467072129249572754e-03
1.100826542824506760e-03
1.247848413186147809e-04
1.881878415588289499e-04
5.416455678641796112e-04
2.074649455607868731e-05
2.795003238134086132e-04
9.405024647712707520e-01
9.541841745376586914e-01
9.891562461853027344e-01
9.971178770065307617e-01
9.944127202033996582e-01
7.358978986740112305e-01
6.608610041439533234e-03
1.832735259085893631e-03
3.139596083201467991e-04
7.186123984865844250e-04
2.825762378051877022e-03
9.194765007123351097e-04
4.373625561129301786e-04
3.953114151954650879e-01
3.542488515377044678e-01
9.992508888244628906e-01
9.978046417236328125e-01
5.173577070236206055e-01
1.639036238193511963e-01
8.161108940839767456e-03
1.143454760313034058e-02
1.085149007849395275e-03
5.667639779858291149e-04
3.484139451757073402e-03
1.207499532029032707e-03
1.208043322549201548e-04
5.857209563255310059e-01
5.303411483764648438e-01
9.160268306732177734e-01
8.641477823257446289e-01
6.236232519149780273e-01
5.349490325897932053e-03
9.010127931833267212e-02
6.765183210372924805e-01
5.932744145393371582e-01
2.122074365615844727e-03
9.474282711744308472e-02
3.520954847335815430e-01
4.003847539424896240e-01
6.256203651428222656e-01
5.567581653594970703e-01
3.666735291481018066e-01
4.668566882610321045e-01
4.821880459785461426e-01
9.667607955634593964e-03
2.232178114354610443e-02
1.833298206329345703e-01
9.348713606595993042e-02
1.506294682621955872e-02
2.864478155970573425e-02
1.247018203139305115e-01
4.972850531339645386e-02
5.493117570877075195e-01
7.636213558726012707e-05
6.012312769889831543e-01
1.500316720921546221e-04
1.244954910362139344e-04
1.159720402210950851e-02
4.857654217630624771e-03
1.264507882297039032e-03
1.626531593501567841e-04
7.850509136915206909e-03
5.122818518429994583e-03
1.431823126040399075e-03
3.092963888775557280e-04
5.668186545372009277e-01
1.757002246449701488e-05
6.247169971466064453e-01
8.142454624176025391e-01
2.557203697506338358e-05
3.068027086555957794e-03
3.992581274360418320e-03
1.293136388994753361e-03
2.282377827214077115e-04
1.653255661949515343e-03
1.870657783001661301e-03
7.605028222315013409e-04
2.180364681407809258e-04
5.500597357749938965e-01
7.973794341087341309e-01
5.799542069435119629e-01
7.669092416763305664e-01
8.618787527084350586e-01
8.741402626037597656e-01
4.402782768011093140e-02
3.253375589847564697e-01
2.815446555614471436e-01
2.228882722556591034e-02
4.999905824661254883e-02
2.098416686058044434e-01
2.005280107259750366e-01
7.727772593498229980e-01
3.206121325492858887e-01
3.038310408592224121e-01
5.693020820617675781e-01
5.664209127426147461e-01
4.686653316020965576e-01
2.495408989489078522e-03
4.276316761970520020e-01
4.898895025253295898e-01
1.109726028516888618e-03
2.441797405481338501e-02
2.836872935295104980e-01
3.709957599639892578e-01
5.216552615165710449e-01
2.058046311140060425e-01
6.518204212188720703e-01
6.728900074958801270e-01
6.809412837028503418e-01
2.868662178516387939e-01
7.508351001888513565e-03
4.083388950675725937e-03
3.150105476379394531e-02
2.926212502643465996e-03
3.581059630960226059e-03
1.022297982126474380e-02
2.529058791697025299e-02
8.331291377544403076e-02
9.570059776306152344e-01
9.391685128211975098e-01
9.280171394348144531e-01
9.610578417778015137e-01
8.083829283714294434e-01
1.317465007305145264e-01
7.491049915552139282e-02
2.437837608158588409e-02
6.338093429803848267e-02
6.211961805820465088e-02
2.543167583644390106e-02
4.245639778673648834e-03
1.290606558322906494e-01
9.912599325180053711e-01
9.158108830451965332e-01
9.789826273918151855e-01
9.903349876403808594e-01
9.946544766426086426e-01
3.138296678662300110e-02
2.397801540791988373e-02
3.777750208973884583e-02
1.763480715453624725e-02
1.823583990335464478e-02
2.028975076973438263e-02
1.261485368013381958e-02
1.538573801517486572e-01
8.491441011428833008e-01
8.963099718093872070e-01
9.783188700675964355e-01
9.778739809989929199e-01
9.172378778457641602e-01
5.437906831502914429e-03
1.837616902776062489e-03
3.632880980148911476e-03
6.873461883515119553e-03
2.569958567619323730e-03
1.777999103069305420e-03
5.534647032618522644e-03
3.569557070732116699e-01
5.633412003517150879e-01
7.828717231750488281e-01
9.098418951034545898e-01
9.153366088867187500e-01
6.574592590332031250e-01
3.396022133529186249e-03
2.136131050065159798e-03
9.546627290546894073e-03
1.750195212662220001e-02
2.286551753059029579e-03
2.099856967106461525e-03
6.487987004220485687e-03
5.869396030902862549e-02
9.928968548774719238e-01
9.543879628181457520e-01
9.467545747756958008e-01
9.822205305099487305e-01
9.858012795448303223e-01
1.244845986366271973e-01
5.867000669240951538e-02
1.911593228578567505e-02
7.798283360898494720e-03
5.355070903897285461e-02
4.310618713498115540e-02
1.350088417530059814e-02
7.415958642959594727e-01
5.996436476707458496e-01
2.119871824979782104e-01
8.755912780761718750e-01
6.547433733940124512e-01
2.405890636146068573e-02
6.727659702301025391e-02
5.523080825805664062e-01
5.593715906143188477e-01
3.119848854839801788e-02
6.780199706554412842e-02
3.096571564674377441e-01
3.852988779544830322e-01
7.669956088066101074e-01
6.414960622787475586e-01
3.465031385421752930e-01
6.264843940734863281e-01
2.533000707626342773e-01
4.112650454044342041e-02
9.422262012958526611e-02
4.545816779136657715e-01
2.349052429199218750e-01
1.357618346810340881e-02
7.737516611814498901e-02
1.934082210063934326e-01
2.253536283969879150e-01
6.317906975746154785e-01
5.372951626777648926e-01
4.588530063629150391e-01
4.844025671482086182e-01
3.709584998432546854e-04
5.314544774591922760e-03
2.026764489710330963e-02
6.674068048596382141e-03
2.387035172432661057e-03
3.207402769476175308e-03
1.047253422439098358e-02
7.127639837563037872e-03
2.905406756326556206e-03
3.963330388069152832e-01
4.094865620136260986e-01
6.410206556320190430e-01
7.218198776245117188e-01
9.650988578796386719e-01
2.047457918524742126e-02
6.140821427106857300e-02
5.765079259872436523e-01
3.624298870563507080e-01
7.945427671074867249e-03
4.978377372026443481e-02
2.319650650024414062e-01
2.238123118877410889e-01
6.337826848030090332e-01
4.734243452548980713e-01
3.738469481468200684e-01
4.853068590164184570e-01
9.881722927093505859e-01
8.302391767501831055e-01
7.093813270330429077e-02
6.698386073112487793e-01
7.863181233406066895e-01
3.241176530718803406e-02
8.669479936361312866e-02
3.572520315647125244e-01
5.290455222129821777e-01
8.272088170051574707e-01
6.758615970611572266e-01
1.753696799278259277e-01
3.381331562995910645e-01
9.937705993652343750e-01
7.106100320816040039e-01
6.048848386853933334e-03
7.615602016448974609e-01
7.446207404136657715e-01
2.777052577584981918e-03
5.740724131464958191e-02
4.248648583889007568e-01
5.450549125671386719e-01
6.780951619148254395e-01
4.928376972675323486e-01
3.685866892337799072e-01
4.531230330467224121e-01
9.530334472656250000e-01
9.771163463592529297e-01
1.840961351990699768e-02
3.186665102839469910e-02
9.734466075897216797e-01
6.076269783079624176e-03
1.758817955851554871e-02
2.131989598274230957e-01
7.672914266586303711e-01
1.309547126293182373e-01
1.366422772407531738e-01
9.092656373977661133e-01
9.295110106468200684e-01
8.796541094779968262e-01
8.183764219284057617e-01
1.603090316057205200e-01
1.999639272689819336e-01
2.270424962043762207e-01
5.865991860628128052e-02
8.458266407251358032e-02
1.627239882946014404e-01
2.802173420786857605e-02
1.927663236856460571e-01
1.195577457547187805e-01
8.364133834838867188e-01
8.945659399032592773e-01
9.757472872734069824e-01
9.624410271644592285e-01
2.735376358032226562e-02
3.630746528506278992e-02
2.021555006504058838e-01
4.704521298408508301e-01
3.335288166999816895e-02
1.615730375051498413e-01
2.725881040096282959e-01
2.238816022872924805e-01
1.124832183122634888e-01
7.897140383720397949e-01
8.588638305664062500e-01
9.907523393630981445e-01
9.887993931770324707e-01
1.660199090838432312e-02
1.297102961689233780e-02
1.263577789068222046e-01
4.460354447364807129e-01
7.766717113554477692e-03
7.121230661869049072e-02
2.214766293764114380e-01
4.728727042675018311e-01
2.653590440750122070e-01
5.649861097335815430e-01
6.228517293930053711e-01
9.812232255935668945e-01
9.867157936096191406e-01
1.293149776756763458e-02
2.223502844572067261e-02
2.597191035747528076e-01
8.609907031059265137e-01
6.211484782397747040e-03
1.830900087952613831e-02
4.397490322589874268e-01
1.068754717707633972e-01
6.882256269454956055e-02
9.164993762969970703e-01
9.505716562271118164e-01
9.304409027099609375e-01
9.317322969436645508e-01
7.396266609430313110e-02
8.239012956619262695e-02
1.194116845726966858e-01
1.876375228166580200e-01
3.040841408073902130e-02
4.255396127700805664e-02
8.550571650266647339e-02
9.257029294967651367e-01
9.932428598403930664e-01
9.380812644958496094e-01
9.664056301116943359e-01
9.975730180740356445e-01
1.254766993224620819e-02
2.377148717641830444e-02
8.378260582685470581e-02
9.161574393510818481e-02
5.587553605437278748e-02
6.549070775508880615e-02
8.973888307809829712e-02
1.013584882020950317e-01
8.768892884254455566e-01
9.711987376213073730e-01
9.846337437629699707e-01
1.197437793016433716e-01
9.861110448837280273e-01
4.277813422959297895e-04
1.608381047844886780e-03
8.790933061391115189e-04
8.359372615814208984e-03
1.455768942832946777e-03
1.241925638169050217e-03
8.932474302127957344e-04
1.035114470869302750e-02
8.666245937347412109e-01
8.892393112182617188e-01
4.757311344146728516e-01
4.489272236824035645e-01
9.252358078956604004e-01
2.233050391077995300e-02
7.250209152698516846e-02
3.619156479835510254e-01
1.104559600353240967e-01
1.936334185302257538e-02
3.887988254427909851e-02
1.814438402652740479e-01
1.086164489388465881e-01
9.984420537948608398e-01
9.524368643760681152e-01
8.317860960960388184e-01
2.721568942070007324e-01
9.464291334152221680e-01
9.865086674690246582e-01
1.645432598888874054e-02
2.230620980262756348e-01
5.262994170188903809e-01
1.272222585976123810e-02
2.963537722826004028e-02
1.839214265346527100e-01
3.666112422943115234e-01
9.936875700950622559e-01
9.232575297355651855e-01
7.522065639495849609e-01
1.366618573665618896e-01
9.469894170761108398e-01
9.857868552207946777e-01
2.427127771079540253e-02
4.442173242568969727e-01
7.794882655143737793e-01
5.294924229383468628e-02
9.852857142686843872e-02
3.295924961566925049e-01
5.412966012954711914e-01
7.100086212158203125e-01
9.331353306770324707e-01
9.795593023300170898e-01
1.180346906185150146e-01
2.964088916778564453e-01
9.994168877601623535e-01
1.895284047350287437e-03
6.497321650385856628e-03
4.177337884902954102e-01
2.651007613167166710e-03
1.960355788469314575e-03
5.649699643254280090e-02
3.272263705730438232e-01
9.983037710189819336e-01
9.903874993324279785e-01
9.928171038627624512e-01
3.086110353469848633e-01
2.558509707450866699e-01
9.991991519927978516e-01
1.004523131996393204e-02
8.780653588473796844e-03
5.112309940159320831e-03
1.728336699306964874e-02
1.685980334877967834e-02
5.294259171932935715e-03
1.248384267091751099e-02
9.990820884704589844e-01
9.742709398269653320e-01
9.852259755134582520e-01
1.858994811773300171e-01
4.571512043476104736e-01
9.996572136878967285e-01
2.489502076059579849e-03
3.640175797045230865e-03
2.765984088182449341e-02
7.742634415626525879e-02
9.690313600003719330e-03
3.587197139859199524e-02
8.216556161642074585e-02
9.613413214683532715e-01
8.229267001152038574e-01
9.926317930221557617e-01
5.151535868644714355e-01
4.104695022106170654e-01
9.997148513793945312e-01
3.039069415535777807e-04
9.096972644329071045e-04
3.380233654752373695e-03
1.534568518400192261e-02
3.758436359930783510e-04
2.198845613747835159e-03
1.527436636388301849e-02
9.044400453567504883e-01
8.634419441223144531e-01
9.849037528038024902e-01
2.773490250110626221e-01
2.794510722160339355e-01
9.996378421783447266e-01
1.125456532463431358e-03
1.884737866930663586e-03
2.088961377739906311e-02
9.055694937705993652e-02
2.150534885004162788e-03
2.737492090091109276e-03
5.931327864527702332e-02
9.949434995651245117e-01
9.801489710807800293e-01
9.962421059608459473e-01
3.761916756629943848e-01
2.782430350780487061e-01
9.931751489639282227e-01
2.646484179422259331e-03
4.512822255492210388e-03
9.525176137685775757e-03
2.173794806003570557e-02
4.146443679928779602e-03
6.038378924131393433e-03
3.858136711642146111e-03
9.063382744789123535e-01
9.565124511718750000e-01
9.687018394470214844e-01
3.716354966163635254e-01
9.630256295204162598e-01
2.710256027057766914e-03
9.831303032115101814e-04
4.379700112622231245e-04
6.188720464706420898e-03
2.297817496582865715e-03
9.515439742244780064e-04
3.945479402318596840e-04
5.028997547924518585e-03
3.617621064186096191e-01
3.891810178756713867e-01
5.765120685100555420e-02
6.643580794334411621e-01
2.385849058628082275e-01
2.358050048351287842e-01
1.493370234966278076e-01
2.965909242630004883e-01
1.525782495737075806e-01
7.465459406375885010e-02
1.163182631134986877e-01
2.201881855726242065e-01
1.389809995889663696e-01
6.942495107650756836e-01
7.964956164360046387e-01
8.409031033515930176e-01
6.284779310226440430e-01
7.470391392707824707e-01
8.345646262168884277e-01
1.897173188626766205e-02
7.265948504209518433e-02
1.073213294148445129e-01
2.143083326518535614e-02
6.666762381792068481e-02
9.358969330787658691e-02
1.207261532545089722e-01
9.396119117736816406e-01
9.713477492332458496e-01
8.188827037811279297e-01
1.602147072553634644e-01
9.317393302917480469e-01
9.703658223152160645e-01
1.142749004065990448e-02
3.635371327400207520e-01
6.585736274719238281e-01
6.665517576038837433e-03
3.176114708185195923e-02
3.427555561065673828e-01
4.874006509780883789e-01
8.758112788200378418e-01
9.545073509216308594e-01
9.776292443275451660e-01
3.877686858177185059e-01
1.191293373703956604e-01
9.774823188781738281e-01
9.124055504798889160e-03
3.643612377345561981e-03
1.417651027441024780e-01
5.101449321955442429e-03
1.700464054010808468e-03
1.339353062212467194e-02
1.090277209877967834e-01
3.350504338741302490e-01
6.372817158699035645e-01
7.613391876220703125e-01
8.620755672454833984e-01
8.650942146778106689e-02
7.381603717803955078e-01
2.122174501419067383e-01
2.997201681137084961e-02
9.186616167426109314e-03
2.702874839305877686e-01
5.372688174247741699e-02
9.668909013271331787e-03
2.868387382477521896e-03
4.167655706405639648e-01
5.444188714027404785e-01
7.011631131172180176e-01
8.534196019172668457e-01
1.238380298018455505e-01
5.959872603416442871e-01
3.735931962728500366e-02
8.530430495738983154e-03
5.319664720445871353e-03
8.397752419114112854e-03
5.139338783919811249e-03
4.245021846145391464e-03
5.319427233189344406e-03
7.299022078514099121e-01
8.230360150337219238e-01
8.929025530815124512e-01
5.261237025260925293e-01
2.549903094768524170e-02
8.714604377746582031e-01
4.931999370455741882e-03
4.109500150661915541e-04
2.369719324633479118e-03
6.782107986509799957e-03
4.377387464046478271e-03
1.812809961847960949e-03
8.401748724281787872e-03
8.362629413604736328e-01
9.170948863029479980e-01
9.616365432739257812e-01
3.778693079948425293e-01
4.295486584305763245e-02
9.537159800529479980e-01
5.226737819612026215e-03
7.385516655631363392e-04
1.804815046489238739e-02
2.780839055776596069e-02
5.395240616053342819e-03
1.478706952184438705e-03
1.934690400958061218e-02
1.244311481714248657e-01
3.863426744937896729e-01
6.775129437446594238e-01
9.388074278831481934e-01
4.235452786087989807e-02
5.090457201004028320e-01
1.419874280691146851e-01
2.021737024188041687e-02
5.139003507792949677e-03
2.746572718024253845e-03
1.401867270469665527e-01
2.407462149858474731e-02
5.882359109818935394e-03
3.195560872554779053e-01
1.152747273445129395e-01
8.578657358884811401e-02
7.444899678230285645e-01
8.351960182189941406e-01
2.245358005166053772e-02
5.901065841317176819e-02
2.595497667789459229e-02
5.609416402876377106e-03
9.258626960217952728e-03
2.288438752293586731e-02
1.880883798003196716e-02
1.002450473606586456e-02
7.525190711021423340e-01
7.923166751861572266e-01
9.107528924942016602e-01
4.512897431850433350e-01
3.982702493667602539e-01
9.127482175827026367e-01
6.127717439085245132e-03
4.729437176138162613e-03
5.346885696053504944e-02
2.836041152477264404e-03
6.193197332322597504e-03
4.064492881298065186e-03
2.912175841629505157e-02
8.736311197280883789e-01
9.206904172897338867e-01
9.611882567405700684e-01
2.937261164188385010e-01
2.167148888111114502e-01
9.698812365531921387e-01
1.709448173642158508e-03
3.027145192027091980e-02
7.141011953353881836e-02
9.093281696550548077e-04
4.883946385234594345e-04
5.592070985585451126e-03
5.993479490280151367e-02
9.245772361755371094e-01
9.540349245071411133e-01
9.827153086662292480e-01
2.707110047340393066e-01
1.777615547180175781e-01
9.844668507575988770e-01
1.608791179023683071e-03
2.125299302861094475e-03
7.901310175657272339e-02
5.168423522263765335e-04
9.725686977617442608e-04
1.250410638749599457e-02
6.051923334598541260e-02
1.333107054233551025e-01
1.899714618921279907e-01
3.852419555187225342e-01
9.160765409469604492e-01
9.414706826210021973e-01
4.230676591396331787e-01
5.788815021514892578e-02
8.326547592878341675e-02
3.098816052079200745e-02
3.485183790326118469e-02
4.890785366296768188e-02
2.956032380461692810e-02
6.550688762217760086e-03
2.973082065582275391e-01
4.561016857624053955e-01
6.875522136688232422e-01
8.833202719688415527e-01
9.167572259902954102e-01
6.858260035514831543e-01
5.147395655512809753e-03
5.506115499883890152e-03
1.600239775143563747e-03
4.406220279633998871e-03
2.852422650903463364e-03
1.505695166997611523e-03
3.274868475273251534e-03
5.296445488929748535e-01
7.664194107055664062e-01
8.707318902015686035e-01
6.427886486053466797e-01
4.769349396228790283e-01
8.650454282760620117e-01
8.765946258790791035e-04
5.501080886460840702e-04
3.356731031090021133e-04
1.405789284035563469e-03
5.008497391827404499e-04
2.184836921514943242e-04
1.452676020562648773e-03
8.316642642021179199e-01
9.202936291694641113e-01
9.631215929985046387e-01
4.344138801097869873e-01
2.889628112316131592e-01
9.574452042579650879e-01
1.022112905047833920e-03
8.049147436395287514e-04
7.303160615265369415e-03
1.048488914966583252e-02
9.227968985214829445e-04
7.636561058461666107e-04
7.857823744416236877e-03
7.946573197841644287e-02
1.018781438469886780e-01
2.323120385408401489e-01
9.477053880691528320e-01
9.745314121246337891e-01
3.421586155891418457e-01
3.394690155982971191e-02
3.683745488524436951e-02
5.517304874956607819e-03
1.570202643051743507e-03
2.150428667664527893e-02
1.922812126576900482e-02
3.969755489379167557e-03
9.405453801155090332e-01
9.246606826782226562e-01
8.082479238510131836e-01
2.064975202083587646e-01
3.623808026313781738e-01
8.546357750892639160e-01
4.942885413765907288e-02
3.606827557086944580e-01
1.292386949062347412e-01
1.716944947838783264e-02
4.174306243658065796e-02
1.522970050573348999e-01
1.260341554880142212e-01
6.532402634620666504e-01
7.418506145477294922e-01
3.253078758716583252e-01
3.397314846515655518e-01
4.689106643199920654e-01
9.381452798843383789e-01
3.298894315958023071e-02
5.418972373008728027e-01
2.508574128150939941e-01
1.167929638177156448e-02
3.054623305797576904e-02
2.242004573345184326e-01
2.026749998331069946e-01
3.269025385379791260e-01
3.206068575382232666e-01
4.526579678058624268e-01
7.815050482749938965e-01
8.519313335418701172e-01
8.482655286788940430e-01
6.937664747238159180e-02
8.246858417987823486e-02
9.684765245765447617e-04
2.452946454286575317e-02
4.059170559048652649e-02
1.057749614119529724e-02
4.746916703879833221e-03
7.134615778923034668e-01
7.877346873283386230e-01
7.267903685569763184e-01
7.689178586006164551e-01
8.531885743141174316e-01
6.826704144477844238e-01
6.735443323850631714e-02
1.397648304700851440e-01
4.356971979141235352e-01
4.649380594491958618e-02
1.006355062127113342e-01
2.727789282798767090e-01
9.071352332830429077e-02
7.886964082717895508e-01
7.965492606163024902e-01
7.660042047500610352e-01
6.949796676635742188e-01
8.113346695899963379e-01
6.828596591949462891e-01
2.357332408428192139e-02
5.739939585328102112e-02
1.634786874055862427e-01
4.596468061208724976e-02
2.837530523538589478e-02
1.101941242814064026e-01
7.928310334682464600e-02
6.042844653129577637e-01
5.349438786506652832e-01
5.838703513145446777e-01
8.534430265426635742e-01
9.575999379158020020e-01
9.101758599281311035e-01
1.655220985412597656e-02
2.114239707589149475e-02
6.177676096558570862e-02
1.704926230013370514e-02
7.937808521091938019e-03
2.621516399085521698e-02
3.069818578660488129e-02
3.186945319175720215e-01
3.319048583507537842e-01
5.809274315834045410e-01
8.325362205505371094e-01
9.201860427856445312e-01
8.974443674087524414e-01
4.295007511973381042e-02
7.933475822210311890e-02
2.122160643339157104e-01
4.532514885067939758e-02
2.704844437539577484e-02
3.541009500622749329e-02
3.746203333139419556e-02
6.048828959465026855e-01
6.445947289466857910e-01
7.022231817245483398e-01
7.822996973991394043e-01
9.215865731239318848e-01
8.996222615242004395e-01
6.099288165569305420e-02
8.638999611139297485e-02
1.675266623497009277e-01
6.014206260442733765e-02
3.825178742408752441e-02
5.785304680466651917e-02
1.279824227094650269e-01
9.888722896575927734e-01
9.855856895446777344e-01
9.628895521163940430e-01
1.638037711381912231e-02
1.004653275012969971e-01
3.371612131595611572e-01
9.982844591140747070e-01
4.086307585239410400e-01
9.750742912292480469e-01
6.242473050951957703e-02
1.401724517345428467e-01
3.332789838314056396e-01
6.416089534759521484e-01
8.025839328765869141e-01
8.929325342178344727e-01
9.780537486076354980e-01
3.805240690708160400e-01
2.827537357807159424e-01
2.543903887271881104e-01
9.994470477104187012e-01
1.430758554488420486e-02
7.452566623687744141e-01
6.296839565038681030e-03
1.105846650898456573e-02
1.464414447546005249e-01
5.406332015991210938e-01
9.899947047233581543e-01
9.893207550048828125e-01
9.940591454505920410e-01
3.292125090956687927e-02
7.695613801479339600e-02
1.800676435232162476e-01
9.997123479843139648e-01
6.360011175274848938e-03
9.391666390001773834e-03
2.771787159144878387e-02
2.533452957868576050e-02
1.577416807413101196e-02
2.787486091256141663e-02
9.738221168518066406e-01
9.550572037696838379e-01
9.741417169570922852e-01
1.584115028381347656e-01
2.433381527662277222e-01
4.748690724372863770e-01
9.994595050811767578e-01
4.752498585730791092e-03
1.830634623765945435e-01
4.405792355537414551e-01
2.627782709896564484e-02
1.797229647636413574e-01
3.222998380661010742e-01
9.464941024780273438e-01
9.300611615180969238e-01
9.848069548606872559e-01
1.893704384565353394e-01
2.207603305578231812e-01
1.687428504228591919e-01
9.999045133590698242e-01
3.810410853475332260e-03
6.681869179010391235e-02
1.791774332523345947e-01
7.859590463340282440e-03
1.194141618907451630e-02
7.637365162372589111e-02
9.862935543060302734e-01
9.775124192237854004e-01
9.959338307380676270e-01
5.674519017338752747e-02
1.323429942131042480e-01
1.474282592535018921e-01
9.998246431350708008e-01
3.435696009546518326e-03
4.851454496383666992e-02
1.319338828325271606e-01
1.214800029993057251e-02
1.316182129085063934e-02
2.301061898469924927e-02
7.471848726272583008e-01
9.027815461158752441e-01
9.595392942428588867e-01
3.067567348480224609e-01
2.505283355712890625e-01
3.082586526870727539e-01
9.999887943267822266e-01
4.577345680445432663e-03
8.888702392578125000e-01
2.781405346468091011e-03
6.010061595588922501e-03
1.645033806562423706e-01
6.819226145744323730e-01
9.100677371025085449e-01
9.721320271492004395e-01
9.796794652938842773e-01
1.487318426370620728e-01
2.928320169448852539e-01
2.782425880432128906e-01
9.988100528717041016e-01
7.346974220126867294e-03
4.180787503719329834e-02
9.034106507897377014e-03
1.850209385156631470e-02
5.709474533796310425e-02
2.443335764110088348e-02
8.659504055976867676e-01
8.956447243690490723e-01
9.689971804618835449e-01
2.471054643392562866e-01
6.408758163452148438e-01
5.138919353485107422e-01
9.990855455398559570e-01
1.504747313447296619e-03
2.641030848026275635e-01
6.605920195579528809e-01
8.101586997509002686e-02
2.292789965867996216e-01
4.192664623260498047e-01
6.918216943740844727e-01
8.801580071449279785e-01
9.669457077980041504e-01
4.847965836524963379e-01
4.088512659072875977e-01
2.890265285968780518e-01
9.998442530632019043e-01
9.789146715775132179e-04
8.744551241397857666e-02
2.738290727138519287e-01
7.858563913032412529e-04
7.831893116235733032e-02
1.820903122425079346e-01
7.019764780998229980e-01
9.135456085205078125e-01
9.664596319198608398e-01
3.577626943588256836e-01
3.731880784034729004e-01
2.669228315353393555e-01
9.998871684074401855e-01
1.492175157181918621e-03
1.272734105587005615e-01
1.965240091085433960e-01
1.207699649967253208e-03
9.890398941934108734e-04
6.618975102901458740e-02
8.696065545082092285e-01
9.364053606986999512e-01
9.814227223396301270e-01
2.134254872798919678e-01
4.557825326919555664e-01
3.746562898159027100e-01
9.993417859077453613e-01
1.882052281871438026e-03
8.207020908594131470e-02
1.870651990175247192e-01
4.880949389189481735e-03
7.834534160792827606e-03
5.817741900682449341e-02
5.461432337760925293e-01
6.635786890983581543e-01
9.583815932273864746e-01
8.560361862182617188e-01
8.139985799789428711e-01
5.779331326484680176e-01
9.959203600883483887e-01
4.143259301781654358e-02
7.531668245792388916e-02
3.973957523703575134e-02
3.943728283047676086e-02
1.310845091938972473e-02
4.482044838368892670e-03
4.181883335113525391e-01
6.704736351966857910e-01
9.858587980270385742e-01
8.922593593597412109e-01
9.059709906578063965e-01
5.112820267677307129e-01
9.994266033172607422e-01
1.960548572242259979e-02
1.449144352227449417e-02
4.648387432098388672e-02
5.751261487603187561e-03
9.138828143477439880e-03
4.383984580636024475e-02
3.798499107360839844e-01
5.925136208534240723e-01
9.703587293624877930e-01
7.306677699089050293e-01
6.424340605735778809e-01
5.460513830184936523e-01
9.995107650756835938e-01
8.252813480794429779e-03
3.010038984939455986e-03
3.400691226124763489e-02
5.367168691009283066e-03
3.889652667567133904e-03
2.670903876423835754e-02
5.715827941894531250e-01
7.318319678306579590e-01
9.752379059791564941e-01
5.644267201423645020e-01
3.861945867538452148e-01
3.175458908081054688e-01
9.815236330032348633e-01
1.645723171532154083e-02
5.544138140976428986e-03
4.231023415923118591e-02
1.313846930861473083e-02
5.855384282767772675e-03
1.791894622147083282e-02
5.046942234039306641e-01
6.263007521629333496e-01
9.747583270072937012e-01
8.461633920669555664e-01
8.578800559043884277e-01
6.699593067169189453e-01
9.939808845520019531e-01
2.371805347502231598e-02
4.485670104622840881e-02
6.525216251611709595e-02
2.761824429035186768e-02
2.853303402662277222e-02
1.146199647337198257e-02
9.734312295913696289e-01
9.903787374496459961e-01
9.983582496643066406e-01
1.932758688926696777e-01
2.421179264783859253e-01
1.389353722333908081e-01
9.954295754432678223e-01
2.136196242645382881e-03
2.164752455428242683e-03
9.140543988905847073e-04
2.553574740886688232e-03
2.500495174899697304e-04
1.004916965030133724e-03
8.877777457237243652e-01
9.833734035491943359e-01
9.854471683502197266e-01
5.379923582077026367e-01
6.334676146507263184e-01
3.928194344043731689e-01
6.967216730117797852e-01
3.327701939269900322e-03
3.399960929527878761e-03
2.996392431668937206e-04
1.966725569218397141e-03
4.313619865570217371e-05
2.072376519208773971e-04
9.222638010978698730e-01
9.738909006118774414e-01
9.950329661369323730e-01
5.681735277175903320e-01
5.272972583770751953e-01
3.163975179195404053e-01
9.893019199371337891e-01
8.869932033121585846e-03
7.076469250023365021e-03
2.269216114655137062e-03
1.255514379590749741e-02
6.113967392593622208e-03
1.063199946656823158e-03
9.246835112571716309e-01
8.573648333549499512e-01
9.953860640525817871e-01
5.062568783760070801e-01
6.212556958198547363e-01
4.109499454498291016e-01
9.999123811721801758e-01
1.025951118208467960e-03
6.658048368990421295e-04
1.374412677250802517e-03
4.382419865578413010e-03
6.318555097095668316e-04
2.989843487739562988e-03
7.279406785964965820e-01
6.941668391227722168e-01
9.878118038177490234e-01
8.455111384391784668e-01
8.580171465873718262e-01
5.162435173988342285e-01
9.992240667343139648e-01
3.524773987010121346e-03
3.773731179535388947e-03
3.375573549419641495e-03
7.261616643518209457e-03
1.671686186455190182e-03
3.875360358506441116e-03
9.531245827674865723e-01
9.779751896858215332e-01
9.982936382293701172e-01
3.608928918838500977e-01
4.421893954277038574e-01
3.942742347717285156e-01
9.931925535202026367e-01
1.241442281752824783e-03
1.395488390699028969e-03
1.345791853964328766e-03
4.470212385058403015e-03
6.520528113469481468e-04
2.817512431647628546e-04
6.805460453033447266e-01
7.655392885208129883e-01
9.702774882316589355e-01
8.004375696182250977e-01
6.058664321899414062e-01
3.673871755599975586e-01
9.982961416244506836e-01
1.770703354850411415e-03
8.895964710973203182e-04
2.735208487138152122e-03
9.937532246112823486e-03
9.562589111737906933e-04
6.464486941695213318e-03
8.156302571296691895e-01
9.821813702583312988e-01
9.791133999824523926e-01
7.079569697380065918e-01
8.375034928321838379e-01
7.519045472145080566e-01
8.911832571029663086e-01
1.520009478554129601e-03
1.557839335873723030e-03
3.566450905054807663e-04
9.554114658385515213e-04
5.628391518257558346e-04
1.828083441068883985e-05
5.893676280975341797e-01
5.942793488502502441e-01
9.579281806945800781e-01
8.853521347045898438e-01
9.646684527397155762e-01
9.067499637603759766e-01
9.870420098304748535e-01
8.736417628824710846e-03
1.278536394238471985e-02
1.013120636343955994e-02
1.648908481001853943e-02
1.102139987051486969e-02
9.501544758677482605e-03
