2.287244133185595274e-04
9.999957084655761719e-01
1.200414448976516724e-02
1.438145525753498077e-02
3.580839931964874268e-02
9.908984303474426270e-01
4.461825266480445862e-02
3.127279505133628845e-02
4.864709451794624329e-03
9.957153797149658203e-01
4.358256980776786804e-02
3.058178722858428955e-02
1.484910305589437485e-02
4.222871211823076010e-04
6.871262565255165100e-03
4.582503810524940491e-02
5.745463073253631592e-03
5.855370091012446210e-06
1.169259776361286640e-04
5.786659312434494495e-04
2.519841538742184639e-03
8.386359550058841705e-04
6.159705519676208496e-01
7.213835716247558594e-01
3.143010835628956556e-04
2.083700848743319511e-03
1.069973970535542662e-11
8.644751423483894976e-17
2.411470003426074982e-02
6.080432823907244710e-10
1.567634646602320610e-17
4.084666725248098373e-03
2.634803997352719307e-03
4.812737230963648472e-08
7.723806403486799255e-13
1.737327615103367862e-08
8.307927782880142331e-05
7.606221515743527561e-06
3.909917528632789185e-11
5.966843230446883251e-13
2.070463356318441583e-09
9.999205470085144043e-01
1.226830296218395233e-02
4.957028068020008504e-06
8.676004409790039062e-01
7.276254296302795410e-01
2.432406647130846977e-03
8.108439942589029670e-06
9.950944781303405762e-01
4.831661656498908997e-02
5.590714812278747559e-01
4.558870568871498108e-03
1.596393994987010956e-04
1.309872654786659041e-09
5.536638572812080383e-02
1.905833743512630463e-02
4.533660248853266239e-04
7.829503738321363926e-05
8.361239917576313019e-03
3.319008043035864830e-03
4.197277547746125492e-08
4.738435563922394067e-06
2.944470338661631104e-07
2.338866237550973892e-03
1.652589853620156646e-04
1.472888743592193350e-05
2.995919901049859391e-10
5.366996303200721741e-02
3.192337229847908020e-02
2.404433180345222354e-04
3.585335361933061904e-09
8.602966554462909698e-03
1.323034986853599548e-03
2.329077005924773403e-06
5.093831418889749330e-07
9.032925163410254754e-07
1.746687106788158417e-03
4.110381269128993154e-06
4.096047632629051805e-05
3.891532429634025902e-09
3.650121157988905907e-03
4.014903679490089417e-02
9.451198857277631760e-04
1.594002299043495441e-07
1.826027619244996458e-05
1.502822851762175560e-03
6.220281534297100734e-07
7.609859108924865723e-01
3.366689383983612061e-01
8.092416101135313511e-04
2.574015525169670582e-04
2.374776813667267561e-04
2.888570634240750223e-06
3.232436627149581909e-02
2.478745952248573303e-02
4.852324724197387695e-03
3.071579385505174287e-06
9.185317158699035645e-01
9.466210007667541504e-01
1.792449736967682838e-03
9.907450675964355469e-01
9.845429658889770508e-01
8.720819652080535889e-02
4.064434033352881670e-04
5.208943621255457401e-04
6.557687015629198868e-07
4.128013737499713898e-03
2.803657203912734985e-02
6.723626516759395599e-03
6.728083099005743861e-05
1.393269933760166168e-02
6.554941064678132534e-04
7.310952642001211643e-04
5.340014696121215820e-01
6.252904422581195831e-03
3.451309632509946823e-03
5.710318509954959154e-05
1.092912407330004498e-05
5.093389598975761601e-10
2.661306038498878479e-02
2.481553703546524048e-02
1.744580804370343685e-04
7.350716035858795294e-09
2.740061245276592672e-05
2.118545584380626678e-03
1.797124161384999752e-03
9.216779517373652197e-07
2.755198920567636378e-06
2.709288382902741432e-03
2.135655631718691438e-05
1.118225191021338105e-05
2.635067453127248882e-08
6.896574981510639191e-03
2.135516516864299774e-02
1.962073729373514652e-04
3.458193020833277842e-08
1.088796052499674261e-04
5.049347528256475925e-04
1.925720251165330410e-03
9.716258318803738803e-06
9.674440622329711914e-01
2.933107316493988037e-05
9.677695925347507000e-05
8.637001883471384645e-06
3.958336492360103875e-06
2.173925284296274185e-03
1.289829052984714508e-02
1.032764930278062820e-02
2.818344000843353570e-06
4.460079435375519097e-05
2.779322130663786083e-05
3.624711462180130184e-05
2.447777951601892710e-04
8.893529176712036133e-01
5.559937357902526855e-01
7.462508619937580079e-06
2.054452634183689952e-04
2.752347882051253691e-06
2.431509084999561310e-03
1.865965314209461212e-02
6.050178781151771545e-04
3.700381739690783434e-06
1.197719302581390366e-05
2.205049349868204445e-05
1.745945774018764496e-04
1.042787116602994502e-04
5.821313858032226562e-01
1.655393978580832481e-03
4.114653347642160952e-05
8.665548563003540039e-01
9.434232711791992188e-01
4.857721924781799316e-02
1.235322058200836182e-01
1.457937061786651611e-01
9.872262477874755859e-01
7.808411717414855957e-01
6.425288915634155273e-01
1.204593032598495483e-01
9.953063130378723145e-01
5.706618428230285645e-01
9.997755885124206543e-01
3.348479866981506348e-01
1.715319603681564331e-01
1.167136720603423328e-09
3.531778696924448013e-03
4.994823484594235197e-06
1.445014152778867356e-08
8.154798415489494801e-04
1.767208450473845005e-04
1.272061344934627414e-04
8.342900675861741888e-11
5.867121741175651550e-03
2.030200092121958733e-03
6.447314149227167945e-07
1.960211298834835247e-10
6.244739294052124023e-01
1.355441314743188741e-10
4.132239222526550293e-01
3.211172588635236025e-05
7.672737751818203833e-07
2.654958982020616531e-03
9.265898370358627290e-06
8.803499804344028234e-05
4.176818765699863434e-05
9.930953979492187500e-01
9.218075871467590332e-01
3.840193130599800497e-06
1.879022192952106707e-06
6.230807900428771973e-01
7.014668312876892742e-07
9.874931573867797852e-01
1.415955089032649994e-02
9.397643225383944809e-06
9.811024665832519531e-01
2.386989799560979009e-04
2.479965914972126484e-04
1.589773921296000481e-03
9.955343604087829590e-01
9.912343621253967285e-01
9.168448448181152344e-01
4.289336629881290719e-06
4.201713502407073975e-01
1.118414161282998975e-06
1.270662155002355576e-02
1.401179283857345581e-01
1.382711110636591911e-03
3.417192783672362566e-05
1.787459850311279297e-02
9.688257239758968353e-03
3.619659692049026489e-04
5.420523666543886065e-05
1.557149225845932961e-04
9.922661818563938141e-03
9.886071784421801567e-04
2.765307128429412842e-01
3.243335413571912795e-06
5.705601349472999573e-02
1.529613435268402100e-01
1.615955866873264313e-02
1.491909730248153210e-03
3.365609562024474144e-03
1.454552635550498962e-02
2.079988596960902214e-03
9.977673888206481934e-01
2.036422491073608398e-02
3.484663029666990042e-04
3.445068839937448502e-03
4.514771103858947754e-01
9.505170601187273860e-05
9.379742741584777832e-01
1.741601154208183289e-02
5.237903073430061340e-02
8.051005192101001740e-03
9.942436218261718750e-01
2.187568861700128764e-05
4.099869169294834137e-03
9.987438917160034180e-01
5.503665283322334290e-02
1.491816365160048008e-03
4.049193521495908499e-04
3.573610484600067139e-01
4.018563195131719112e-04
8.767046928405761719e-01
6.779285520315170288e-02
7.110429555177688599e-02
4.726585000753402710e-02
9.494915604591369629e-01
1.439584535546600819e-03
1.234699622727930546e-03
9.932675361633300781e-01
9.919055104255676270e-01
4.758960604667663574e-01
2.235879600048065186e-01
1.816241592168807983e-01
1.597451955603901297e-06
5.411596503108739853e-04
1.332536786794662476e-01
2.444908022880554199e-03
3.626008692663162947e-04
1.751548349857330322e-01
1.326192985288798809e-03
1.121210958808660507e-02
6.039733067154884338e-03
1.284773461520671844e-02
1.196030410937964916e-03
2.539523411542177200e-03
2.426052838563919067e-01
8.786599209997802973e-06
1.091888397932052612e-01
5.086019262671470642e-02
2.386929839849472046e-02
7.851257687434554100e-04
9.743316173553466797e-01
3.670497611165046692e-02
2.624754852149635553e-04
9.320090524852275848e-03
9.963219761848449707e-01
1.544288359582424164e-02
1.088126096874475479e-03
1.861540377140045166e-01
7.210967014543712139e-04
1.638379180803894997e-03
3.375736624002456665e-02
4.215912893414497375e-02
8.081571198999881744e-03
9.638271331787109375e-01
8.012553735170513391e-06
2.224601848865859210e-05
2.164552919566631317e-03
9.980829954147338867e-01
9.967775344848632812e-01
1.232822891324758530e-03
1.334571540355682373e-01
2.298393383171060123e-06
1.056972658261656761e-03
4.114318639039993286e-02
3.032609820365905762e-02
2.162430062890052795e-02
7.927560210227966309e-01
6.779290742997545749e-06
2.049473550869151950e-05
2.341061830520629883e-03
9.941154718399047852e-01
9.525402188301086426e-01
9.941911697387695312e-01
3.222857415676116943e-01
7.460961490869522095e-02
4.505433514714241028e-02
1.052257791161537170e-02
5.564918319578282535e-05
7.080520503222942352e-03
5.374950822442770004e-03
4.602257686201483011e-04
7.258831828949041665e-06
6.991214584559202194e-03
5.373316351324319839e-03
1.180948038381757215e-05
3.956175476105272537e-08
2.568072676658630371e-01
4.766212403774261475e-02
9.262537360191345215e-01
2.544031478464603424e-03
6.369413313223049045e-05
7.874002307653427124e-02
1.339410524815320969e-02
7.947483099997043610e-03
7.077021291479468346e-05
2.244402170181274414e-01
6.121177673339843750e-01
8.846785021887626499e-06
3.557896889105904847e-06
6.415232419967651367e-01
3.482104539871215820e-01
9.973869919776916504e-01
1.262414157390594482e-01
1.671676873229444027e-04
9.706689119338989258e-01
9.957100152969360352e-01
5.034046247601509094e-03
4.858683329075574875e-03
9.974431991577148438e-01
7.283641695976257324e-01
3.536968231201171875e-01
2.149200290441513062e-01
3.165338933467864990e-01
1.034192815423011780e-01
9.960876703262329102e-01
2.498339414596557617e-01
3.632791340351104736e-02
8.026567697525024414e-01
4.538239911198616028e-03
2.596632391214370728e-02
9.519738455310289282e-07
6.396926194429397583e-02
2.867788774892687798e-03
3.820762271061539650e-03
1.244073151610791683e-03
3.620531857013702393e-01
1.932077556848526001e-01
9.546868801116943359e-01
1.046018525958061218e-01
8.439067751169204712e-03
2.075918746413663030e-04
4.014746472239494324e-02
8.966179448179900646e-04
3.045950325031299144e-05
5.977611872367560863e-04
4.863358626607805490e-04
5.733669386245310307e-04
4.434401034814072773e-06
3.024201691150665283e-01
2.740197479724884033e-01
9.896062612533569336e-01
3.014785647392272949e-01
1.352317910641431808e-02
3.275714698247611523e-04
8.105041384696960449e-01
1.518947305157780647e-03
9.285645501222461462e-05
9.972258210182189941e-01
9.061970710754394531e-01
2.481303177773952484e-02
1.295570109505206347e-04
5.093377828598022461e-01
2.159622460603713989e-01
9.986085295677185059e-01
5.461718514561653137e-02
1.720378696918487549e-01
2.030290663242340088e-02
9.530372619628906250e-01
6.780143827199935913e-02
5.445401370525360107e-02
9.963806271553039551e-01
9.962670803070068359e-01
4.638243317604064941e-01
1.828153803944587708e-02
5.175139307975769043e-01
2.631832659244537354e-01
9.955390095710754395e-01
4.518546164035797119e-02
2.179209142923355103e-01
2.727457694709300995e-02
9.424015283584594727e-01
1.836625779105816036e-05
8.491737768054008484e-03
9.842365980148315430e-01
5.807353854179382324e-01
1.666019670665264130e-04
1.376437139697372913e-04
3.277922272682189941e-01
2.137790918350219727e-01
8.971965909004211426e-01
1.061574891209602356e-01
2.524085342884063721e-02
4.280042194295674562e-04
2.217656821012496948e-01
3.426451701670885086e-03
3.034388832747936249e-02
2.379849902354180813e-04
2.761480165645480156e-03
1.095063332468271255e-02
2.619278384372591972e-04
4.220584034919738770e-01
2.006183415651321411e-01
9.425286650657653809e-01
1.195617541670799255e-01
3.857919201254844666e-02
3.310482949018478394e-03
2.287002056837081909e-01
3.425498434808105230e-04
4.084017127752304077e-02
3.195306926500052214e-04
9.956820607185363770e-01
1.488225068897008896e-02
4.780938848853111267e-03
4.011752903461456299e-01
1.159431934356689453e-01
1.472090184688568115e-01
6.028485298156738281e-02
1.202565059065818787e-01
6.308770971372723579e-04
9.349669814109802246e-01
1.317590213147923350e-04
8.576134219765663147e-03
1.671987771987915039e-02
9.827153086662292480e-01
9.959305524826049805e-01
5.463903769850730896e-03
2.528933882713317871e-01
5.014500394463539124e-02
7.759172003716230392e-04
6.713747233152389526e-02
8.882871270179748535e-02
6.673858501017093658e-03
4.881361722946166992e-01
1.367567456327378750e-04
1.788609661161899567e-02
3.336046822369098663e-03
9.423477649688720703e-01
6.618549823760986328e-01
2.896833757404237986e-04
6.258485913276672363e-01
2.761562168598175049e-01
6.321729421615600586e-01
7.640696596354246140e-03
6.575896590948104858e-02
2.402497921139001846e-03
1.004491699859499931e-03
1.689261407591402531e-04
2.747659891610965133e-05
1.209338381886482239e-02
2.064378000795841217e-03
1.188642954730312340e-06
1.014045096781046595e-07
3.881639838218688965e-01
7.037253975868225098e-01
5.723176598548889160e-01
1.774758100509643555e-02
4.586631059646606445e-02
1.129305339418351650e-03
9.062283788807690144e-05
4.183667624602094293e-05
8.228668593801558018e-05
7.897072471678256989e-03
7.056671660393476486e-03
9.073677938431501389e-04
3.777345455091563053e-06
7.397753596305847168e-01
2.098638713359832764e-01
1.682741641998291016e-01
8.115845173597335815e-02
6.067641824483871460e-02
1.581744663417339325e-02
5.730871483683586121e-02
4.602206405252218246e-03
3.179673512931913137e-05
1.232587965205311775e-03
2.351140370592474937e-03
1.482126099290326238e-04
3.413485501368995756e-06
7.379841804504394531e-01
2.759113311767578125e-01
5.576743483543395996e-01
9.907049685716629028e-02
8.251579105854034424e-02
3.122466430068016052e-02
2.959669008851051331e-02
1.128382515162229538e-02
1.934109954163432121e-03
2.219664020230993629e-04
1.695507962722331285e-04
1.126494258642196655e-03
3.339802788104861975e-05
8.158060312271118164e-01
6.770145297050476074e-01
9.555670619010925293e-01
3.315800055861473083e-02
7.318359613418579102e-02
1.228510513901710510e-01
3.063787298742681742e-04
7.656069356016814709e-04
5.937338341027498245e-03
1.895453594624996185e-02
1.598498970270156860e-02
2.177677015424706042e-05
5.594514732365496457e-06
4.325868189334869385e-01
4.920189380645751953e-01
8.409684300422668457e-01
3.427930548787117004e-02
1.325370557606220245e-02
8.521101623773574829e-02
4.879568237811326981e-03
3.079887712374329567e-03
1.315086847171187401e-04
1.182724069803953171e-02
1.708599447738379240e-04
1.117518078535795212e-02
2.674181814654730260e-06
3.757531344890594482e-01
9.094651043415069580e-02
6.494614481925964355e-01
5.780449137091636658e-02
1.324207894504070282e-02
3.221414284780621529e-03
1.302085164934396744e-02
6.917211692780256271e-03
4.606725997291505337e-05
3.468232229351997375e-03
8.365365210920572281e-04
4.136332427151501179e-05
1.151774995378218591e-07
5.409153103828430176e-01
2.183067798614501953e-01
7.728160023689270020e-01
9.003739058971405029e-02
5.906279012560844421e-02
1.546029001474380493e-02
2.672494202852249146e-02
2.068782597780227661e-02
6.743757985532283783e-03
1.727618160657584667e-03
3.678338252939283848e-04
4.746817576233297586e-04
1.963451722986064851e-05
5.119893550872802734e-01
3.522720634937286377e-01
9.124757051467895508e-01
4.976515844464302063e-02
1.871123537421226501e-02
1.152539849281311035e-01
1.198345515877008438e-02
5.199294537305831909e-03
7.275808020494878292e-04
2.246689109597355127e-04
1.255249488167464733e-03
5.039093139203032479e-06
4.708037977252388373e-06
2.987609207630157471e-01
2.858086228370666504e-01
1.789545714855194092e-01
6.766934879124164581e-03
1.862385892309248447e-03
5.057049565948545933e-04
2.252322388812899590e-03
8.055944344960153103e-04
3.102421942458022386e-06
2.227337319027355989e-07
1.721406588330864906e-03
6.885221228003501892e-04
3.231997425245936029e-08
2.210020273923873901e-01
1.294733770191669464e-02
6.674132775515317917e-03
7.467394229024648666e-03
1.098406792152673006e-04
3.505717359075788409e-06
2.093447139486670494e-03
8.895262726582586765e-04
1.088484623323893175e-05
6.691591636354132788e-08
2.329798415303230286e-03
1.429920084774494171e-03
9.095512723433785141e-06
2.692327499389648438e-01
1.367245465517044067e-01
7.838112115859985352e-02
9.854949712753295898e-01
2.354802936315536499e-02
6.907207965850830078e-01
4.860755056142807007e-03
1.207904741168022156e-01
1.725551672279834747e-02
9.932063817977905273e-01
3.290979191660881042e-02
2.464941143989562988e-02
3.068552585318684578e-03
3.264853060245513916e-01
6.187614798545837402e-02
2.929013967514038086e-01
6.931760907173156738e-01
5.361295305192470551e-03
1.848517656326293945e-01
3.336417255923151970e-03
3.487727663014084101e-04
9.118678576669481117e-07
2.677968740463256836e-01
1.089818215405102819e-05
1.588421058841049671e-03
1.235999093296413776e-06
7.350994348526000977e-01
5.446271896362304688e-01
8.618986010551452637e-01
1.258141249418258667e-01
3.788396343588829041e-02
1.188235133886337280e-01
1.573205692693591118e-03
1.135218422859907150e-03
9.103121701627969742e-04
2.093300037086009979e-02
9.121889248490333557e-03
1.461262399971019477e-05
6.201089945534477010e-06
5.324400663375854492e-01
3.055953681468963623e-01
4.369303882122039795e-01
8.202651888132095337e-02
2.879650145769119263e-02
7.234676927328109741e-02
1.736842677928507328e-03
2.524137380532920361e-04
1.607085228897631168e-03
9.978169202804565430e-01
6.935593485832214355e-02
2.831518031598534435e-06
1.249867523256398272e-06
3.628025650978088379e-01
1.764320433139801025e-01
1.859502047300338745e-01
9.647769927978515625e-01
2.221937105059623718e-02
1.434448827058076859e-02
7.623248696327209473e-01
1.841251403093338013e-01
1.547566032968461514e-03
9.533968567848205566e-01
9.267747998237609863e-01
8.939610421657562256e-02
2.506657037883996964e-04
3.026073873043060303e-01
7.965982705354690552e-02
8.576063811779022217e-02
9.967511892318725586e-01
7.298276759684085846e-03
9.316349402070045471e-03
9.922068715095520020e-01
4.251331463456153870e-02
1.045090518891811371e-02
9.635676741600036621e-01
1.359097063541412354e-01
5.217151483520865440e-04
3.497672878438606858e-05
5.005035400390625000e-01
2.435285598039627075e-01
5.989905595779418945e-01
9.237253665924072266e-02
1.143246423453092575e-02
3.918182849884033203e-02
8.369699935428798199e-04
1.127254450693726540e-03
3.150354896206408739e-04
1.102308160625398159e-04
2.136355615220963955e-04
2.949184818135108799e-06
3.610176236179540865e-06
4.131049513816833496e-01
2.029668539762496948e-01
3.617866933345794678e-01
1.773959100246429443e-01
5.670444574207067490e-03
3.829193487763404846e-02
5.217376630753278732e-03
7.528096321038901806e-04
3.175575693603605032e-04
7.236044621095061302e-05
4.372698068618774414e-01
4.652704319596523419e-06
1.178607135443598963e-06
3.392664790153503418e-01
1.088915318250656128e-01
1.403158996254205704e-02
1.476955413818359375e-02
2.986591868102550507e-02
6.094296695664525032e-04
4.976662341505289078e-03
1.133594289422035217e-02
7.941436953842639923e-03
8.088312461040914059e-05
9.926786422729492188e-01
1.294217538088560104e-02
1.859429990872740746e-03
3.126649260520935059e-01
8.742228150367736816e-02
1.351628731936216354e-02
1.029915362596511841e-02
2.878891536965966225e-03
1.632689672987908125e-04
1.102153473766520619e-04
7.448626216500997543e-03
1.280925143510103226e-02
4.102023012819699943e-06
9.864519238471984863e-01
1.417287737131118774e-01
2.593232551589608192e-03
4.640894234180450439e-01
1.118233874440193176e-01
7.584979385137557983e-02
9.993770718574523926e-01
2.425560504198074341e-01
9.867314696311950684e-01
4.086624979972839355e-01
8.929052948951721191e-02
1.731103635393083096e-03
9.846989512443542480e-01
9.558281302452087402e-01
9.793242812156677246e-01
1.151559874415397644e-03
6.185810565948486328e-01
6.353285312652587891e-01
7.478491067886352539e-01
9.924033284187316895e-01
2.090872675180435181e-01
8.101149648427963257e-02
4.499607533216476440e-02
5.010998994112014771e-02
2.322610467672348022e-02
1.836426928639411926e-02
4.743363708257675171e-02
9.703582152724266052e-03
9.112264961004257202e-03
4.567903876304626465e-01
2.866312563419342041e-01
2.279216200113296509e-01
9.998663663864135742e-01
3.458243906497955322e-01
3.316493704915046692e-02
9.898654222488403320e-01
6.415179371833801270e-02
6.337177008390426636e-02
9.987651705741882324e-01
1.302362605929374695e-02
3.414696827530860901e-02
1.557994540780782700e-02
3.165917396545410156e-01
1.067408099770545959e-01
7.962513715028762817e-02
9.999399781227111816e-01
7.905782759189605713e-02
3.469632565975189209e-02
9.979307055473327637e-01
1.487690508365631104e-01
4.237595945596694946e-02
9.987627863883972168e-01
1.070802211761474609e-01
3.558985888957977295e-03
4.699836485087871552e-03
4.193204045295715332e-01
2.594670951366424561e-01
3.023529052734375000e-01
9.997267723083496094e-01
1.043230593204498291e-01
2.421117573976516724e-02
9.933856725692749023e-01
8.840078115463256836e-01
2.063078284263610840e-01
9.976529479026794434e-01
9.980860352516174316e-01
6.475266814231872559e-01
7.409206032752990723e-02
4.394615590572357178e-01
4.043711125850677490e-01
3.494114577770233154e-01
9.584093093872070312e-01
1.557317823171615601e-01
4.010852426290512085e-02
5.730891227722167969e-01
4.248280543833971024e-03
8.594721555709838867e-03
6.392594426870346069e-02
1.759817004203796387e-01
1.180700287222862244e-01
9.967237710952758789e-03
3.797231018543243408e-01
2.237810343503952026e-01
1.385679543018341064e-01
9.973434209823608398e-01
1.359323710203170776e-01
4.059236869215965271e-02
8.635763525962829590e-01
4.384045489132404327e-03
2.139845862984657288e-03
1.793523319065570831e-02
9.988142848014831543e-01
6.992582082748413086e-01
2.033620839938521385e-03
3.157451152801513672e-01
7.605542242527008057e-02
5.985043570399284363e-02
9.737669825553894043e-01
4.241833090782165527e-02
6.006829440593719482e-03
9.321822524070739746e-01
2.223884686827659607e-03
4.771419763565063477e-01
2.508889418095350266e-03
9.930150508880615234e-01
3.755944371223449707e-01
9.981674551963806152e-01
3.890137076377868652e-01
5.995061248540878296e-02
3.675883635878562927e-02
9.537205696105957031e-01
1.599769480526447296e-02
4.971608985215425491e-03
5.623099803924560547e-01
2.178011685609817505e-01
3.187211453914642334e-01
2.533684484660625458e-03
9.877306222915649414e-01
5.313696861267089844e-01
1.278931498527526855e-01
6.716706752777099609e-01
3.528009057044982910e-01
6.024191379547119141e-01
9.704864025115966797e-01
1.558339893817901611e-01
4.770001396536827087e-02
2.571063488721847534e-02
5.098536610603332520e-03
2.453693559800740331e-05
1.057313405908644199e-03
6.239356007426977158e-03
4.493652086239308119e-04
1.230671477969735861e-05
5.362040996551513672e-01
2.968175113201141357e-01
7.505078315734863281e-01
9.973814487457275391e-01
1.748812794685363770e-01
1.321452762931585312e-02
8.635082244873046875e-01
2.048767491942271590e-04
5.562700607697479427e-06
9.984577894210815430e-01
9.903387427330017090e-01
1.032866071909666061e-02
1.071032966137863696e-05
3.304547667503356934e-01
7.617243528366088867e-01
8.765186667442321777e-01
9.995523095130920410e-01
2.652259469032287598e-01
3.518196940422058105e-02
9.879772067070007324e-01
5.982179567217826843e-02
5.541847940548905171e-07
9.846171140670776367e-01
9.155969023704528809e-01
3.808365464210510254e-01
9.578218850947450846e-06
3.278791904449462891e-01
1.651240587234497070e-01
8.126259446144104004e-01
9.998449683189392090e-01
2.828330695629119873e-01
5.633105989545583725e-03
9.972004890441894531e-01
6.776703000068664551e-01
1.576008461415767670e-02
9.397010803222656250e-01
4.500725865364074707e-02
1.718727871775627136e-03
6.089292000979185104e-04
4.212423563003540039e-01
1.990448981523513794e-01
8.036928772926330566e-01
9.605558514595031738e-01
1.594505757093429565e-01
5.481779109686613083e-03
8.351002931594848633e-01
2.821489274501800537e-01
4.580769222229719162e-03
5.985210691505926661e-07
9.479986038058996201e-04
4.273560829460620880e-03
5.694450464943656698e-06
4.281994402408599854e-01
3.307425379753112793e-01
8.151653409004211426e-01
9.982389807701110840e-01
1.449558287858963013e-01
1.018136274069547653e-02
8.911898732185363770e-01
1.551039703190326691e-02
8.549516089260578156e-03
1.498409687883395236e-06
8.516135215759277344e-01
2.886319067329168320e-03
5.173465524421771988e-06
3.907913863658905029e-01
5.366109013557434082e-01
9.136236906051635742e-01
1.108340173959732056e-01
9.342355281114578247e-02
9.722853079438209534e-03
9.227375849150121212e-04
3.571724519133567810e-03
3.951815888285636902e-03
8.065694032666215207e-07
5.408477783203125000e-01
5.004166450817137957e-05
1.065668766386806965e-03
3.822134137153625488e-01
2.901003062725067139e-01
6.949713230133056641e-01
1.640810072422027588e-02
6.888283044099807739e-02
6.152454763650894165e-03
2.729787665884941816e-04
4.682805389165878296e-03
2.263621892780065536e-03
2.227376327823549218e-08
1.084980964660644531e-01
3.098301385762169957e-05
6.730278837494552135e-04
9.002215266227722168e-01
8.906920552253723145e-01
8.751243948936462402e-01
3.038964569568634033e-01
5.631489306688308716e-02
1.059413254261016846e-01
1.623822450637817383e-01
4.483123775571584702e-03
2.458656951785087585e-02
1.915932074189186096e-02
5.815206095576286316e-02
1.648523320909589529e-04
5.888005034648813307e-05
6.705796122550964355e-01
5.144937038421630859e-01
7.902091145515441895e-01
2.928548753261566162e-01
5.372275784611701965e-02
6.271466612815856934e-02
9.905990213155746460e-02
2.367288433015346527e-02
4.034539160784333944e-04
1.922026649117469788e-02
5.039656907320022583e-02
2.701814984902739525e-03
7.975811968208290637e-06
5.599357485771179199e-01
3.842241466045379639e-01
9.611771106719970703e-01
9.964590668678283691e-01
1.505084782838821411e-01
3.433979675173759460e-02
3.373377770185470581e-02
6.729688495397567749e-02
9.762723930180072784e-03
1.182101201266050339e-02
5.924946814775466919e-02
1.657033106312155724e-03
3.985255898442119360e-05
5.431139469146728516e-01
4.355580508708953857e-01
9.290753602981567383e-01
9.763010144233703613e-01
1.371905803680419922e-01
3.645283356308937073e-02
2.571644634008407593e-02
3.697593510150909424e-02
9.076239541172981262e-03
1.399713801220059395e-03
6.483301520347595215e-03
1.227784086950123310e-03
1.389867520629195496e-05
5.430064797401428223e-01
6.289563179016113281e-01
6.164723038673400879e-01
4.959689453244209290e-02
6.174502149224281311e-02
2.069053426384925842e-02
5.115937069058418274e-02
1.967732608318328857e-02
1.016746275126934052e-02
1.844087964855134487e-04
6.730831228196620941e-05
3.058019137824885547e-05
3.993235004600137472e-04
4.275379180908203125e-01
4.509711563587188721e-01
5.065050721168518066e-01
1.552858352661132812e-01
7.338903844356536865e-02
3.950780257582664490e-03
5.678892601281404495e-03
8.799985982477664948e-03
5.735840648412704468e-03
3.247132553951814771e-05
5.825351308885728940e-06
1.119664830184774473e-05
2.615262288600206375e-03
4.639922678470611572e-01
4.292704463005065918e-01
2.769859731197357178e-01
4.434158205986022949e-01
2.112344205379486084e-01
3.657855093479156494e-02
3.272505477070808411e-02
4.026573300361633301e-01
9.414272382855415344e-03
9.995461106300354004e-01
1.863602362573146820e-02
1.582765206694602966e-02
3.585326019674539566e-03
4.667770862579345703e-01
4.273134171962738037e-01
7.727653384208679199e-01
9.999260902404785156e-01
4.136770665645599365e-01
2.127909474074840546e-02
4.719255119562149048e-02
9.957430958747863770e-01
5.744079127907752991e-03
9.993378520011901855e-01
7.722809910774230957e-02
8.586688782088458538e-04
1.247945911018177867e-04
7.229646444320678711e-01
7.886970043182373047e-01
7.810609340667724609e-01
2.653143107891082764e-01
3.941620141267776489e-02
2.494055032730102539e-02
1.083142831921577454e-01
7.665924262255430222e-03
5.277954041957855225e-04
3.336222143843770027e-03
2.628204599022865295e-02
5.853666152688674629e-05
6.361995929182739928e-06
3.592434525489807129e-01
2.813727557659149170e-01
2.607540488243103027e-01
9.960018992424011230e-01
1.098437681794166565e-01
7.061582803726196289e-02
5.296646617352962494e-03
9.675658941268920898e-01
7.389620877802371979e-03
4.386421933304518461e-04
9.995096325874328613e-01
3.879843046888709068e-03
6.514980486826971173e-05
4.292160272598266602e-01
4.472762942314147949e-01
3.942596912384033203e-01
2.291087210178375244e-01
2.742054164409637451e-01
1.823764666914939880e-02
3.321626037359237671e-02
3.257218003273010254e-02
1.218342920765280724e-03
2.185159828513860703e-03
9.977231621742248535e-01
1.702643185853958130e-02
1.398944878019392490e-04
3.983454108238220215e-01
2.847365140914916992e-01
2.130001038312911987e-01
7.961668968200683594e-01
9.248238056898117065e-02
6.863314658403396606e-02
3.615498542785644531e-02
2.082838714122772217e-01
3.061350993812084198e-02
1.100997440516948700e-03
9.963073730468750000e-01
1.147091239690780640e-01
4.802724870387464762e-04
4.465164542198181152e-01
3.188365399837493896e-01
5.537675023078918457e-01
9.998592734336853027e-01
1.362486332654953003e-01
1.177318468689918518e-01
5.141977593302726746e-02
9.946266412734985352e-01
9.091242551803588867e-01
9.935504794120788574e-01
9.746320843696594238e-01
9.838394522666931152e-01
2.304254012415185571e-04
4.636209905147552490e-01
4.448733329772949219e-01
4.243064224720001221e-01
2.230823934078216553e-01
3.208121955394744873e-01
3.302280604839324951e-02
5.854542925953865051e-02
1.599413454532623291e-01
3.467287868261337280e-03
6.727293133735656738e-03
9.063372015953063965e-01
2.031405642628669739e-02
4.301902954466640949e-04
3.499475121498107910e-01
2.408000528812408447e-01
3.069601953029632568e-01
3.034591376781463623e-01
2.056585103273391724e-01
6.592395901679992676e-02
4.295719042420387268e-02
9.773487448692321777e-01
1.492308336310088634e-03
4.077915102243423462e-03
9.876639246940612793e-01
2.887013368308544159e-02
1.871336135081946850e-04
5.725363492965698242e-01
7.351629436016082764e-02
4.190360754728317261e-02
9.276992082595825195e-01
9.856779128313064575e-03
4.542617872357368469e-02
1.428552903234958649e-02
9.874248504638671875e-01
1.059050438925623894e-03
1.120802131481468678e-03
9.913599491119384766e-01
4.454444050788879395e-01
2.664334897417575121e-04
6.250470280647277832e-01
8.847779780626296997e-02
5.162891373038291931e-02
9.959937334060668945e-01
8.116674609482288361e-03
4.816462099552154541e-02
3.084507957100868225e-02
9.820676445960998535e-01
8.706341981887817383e-01
7.039486081339418888e-04
9.932319521903991699e-01
2.793674767017364502e-01
2.404599450528621674e-02
4.529809355735778809e-01
4.937877058982849121e-01
8.718938827514648438e-01
9.977445006370544434e-01
3.142590820789337158e-01
7.400956004858016968e-02
3.651840984821319580e-02
9.910741448402404785e-01
1.534066051244735718e-01
7.517653051763772964e-03
2.594490721821784973e-02
1.893068256322294474e-04
4.994988194084726274e-05
4.615532159805297852e-01
3.499182164669036865e-01
6.579934954643249512e-01
9.999462962150573730e-01
1.783563047647476196e-01
1.092039421200752258e-01
5.523458495736122131e-02
9.969573020935058594e-01
5.227286741137504578e-02
5.752547644078731537e-03
9.989548921585083008e-01
7.870694389566779137e-05
1.116164130507968366e-04
6.053776741027832031e-01
3.138202726840972900e-01
1.391935497522354126e-01
9.952448010444641113e-01
3.680168464779853821e-02
8.843079209327697754e-02
3.256041184067726135e-02
8.331990838050842285e-01
1.225262414664030075e-02
3.283510683104395866e-03
9.788635373115539551e-01
9.583252668380737305e-01
5.912231281399726868e-04
7.698243260383605957e-01
8.040760159492492676e-01
7.985656857490539551e-01
2.893303036689758301e-01
2.370546571910381317e-02
4.491957277059555054e-02
9.036687016487121582e-02
6.713022477924823761e-03
1.634743809700012207e-02
6.886926130391657352e-04
7.738281274214386940e-04
5.283660138957202435e-04
3.745460844584158622e-06
3.507691323757171631e-01
1.461982429027557373e-01
2.942324578762054443e-01
3.060702700167894363e-03
4.711095243692398071e-02
7.368976715952157974e-03
2.235790481790900230e-03
2.007678151130676270e-03
5.576327093876898289e-04
9.466664865612983704e-03
6.046279668225906789e-05
5.549215245991945267e-03
1.416642102412879467e-03
3.631016016006469727e-01
7.540708035230636597e-02
2.898446843028068542e-02
4.854611586779356003e-03
4.819458723068237305e-02
4.313880950212478638e-02
5.085946759209036827e-04
1.700657978653907776e-02
1.170676900073885918e-03
1.140939630568027496e-02
6.675017357338219881e-05
1.050426997244358063e-02
1.553582143969833851e-03
3.486727476119995117e-01
1.173861026763916016e-01
2.311033606529235840e-01
2.488650009036064148e-02
5.461880937218666077e-02
2.356733754277229309e-02
4.514554515480995178e-03
1.266088336706161499e-01
2.856449484825134277e-01
1.002507191151380539e-02
3.876413393300026655e-04
9.742323756217956543e-01
1.220247941091656685e-03
5.081446170806884766e-01
1.496631056070327759e-01
7.268807291984558105e-02
9.314058423042297363e-01
2.250391058623790741e-02
9.140788018703460693e-02
3.307181969285011292e-02
6.963388323783874512e-01
4.896575212478637695e-02
2.855678088963031769e-03
3.269199980422854424e-03
9.965812563896179199e-01
5.964545160531997681e-02
4.094688296318054199e-01
3.436719253659248352e-02
1.066359411925077438e-02
6.658389419317245483e-02
3.413214534521102905e-02
3.982030227780342102e-02
2.961154561489820480e-03
9.380939602851867676e-01
1.806110376492142677e-03
3.386707394383847713e-04
1.023977180011570454e-03
9.820435047149658203e-01
9.834007620811462402e-01
