1.137924186878080945e-06
9.543573260307312012e-01
1.722291810438036919e-03
1.151719363406300545e-03
1.229384448379278183e-03
8.929799199104309082e-01
3.924320638179779053e-02
1.106872502714395523e-02
1.086907577700912952e-04
8.308504223823547363e-01
8.612852543592453003e-03
1.043219235725700855e-03
1.138991065090522170e-04
9.023050552059430629e-06
1.722259796224534512e-03
5.505188833922147751e-03
2.152210799977183342e-04
1.335589274731319165e-07
1.512144262960646302e-05
4.144250851823017001e-05
1.014370209304615855e-04
3.969756562582915649e-06
3.948804736137390137e-01
1.489810645580291748e-01
2.930143409685115330e-06
4.537283984973328188e-06
7.881862480393908577e-14
6.870430335955322229e-20
6.083972286432981491e-03
7.694746749498104776e-12
1.143382292422727953e-19
2.057948149740695953e-04
5.459803651319816709e-05
7.380691613434464671e-10
9.437902831488115957e-15
2.797338471971499985e-10
4.354048144250555197e-07
4.788160623547810246e-08
2.894473397942187720e-13
4.769038485618454486e-16
5.404808545161898792e-12
9.056190252304077148e-01
1.621174043975770473e-03
1.777146785286731756e-08
6.344476938247680664e-01
4.406817555427551270e-01
3.046765232284087688e-05
7.437872540094758733e-08
5.020123720169067383e-01
4.485582001507282257e-03
4.022791609168052673e-02
7.305530743906274438e-06
3.344092874613124877e-06
3.143785795925446713e-12
1.413862966001033783e-02
1.855654292739927769e-03
1.551161949464585632e-05
5.288260581437498331e-06
2.998618292622268200e-04
5.334105298970825970e-05
7.115036337879132589e-10
3.891170052838788251e-08
9.991929950103894953e-09
1.621525188966188580e-05
5.907733680032833945e-07
3.400976424927648623e-07
7.779858571602127348e-13
1.369631476700305939e-02
3.126917639747262001e-03
8.220014933613128960e-06
6.141056413389023305e-11
2.898034872487187386e-04
2.017351289396174252e-05
2.157076650632916426e-08
7.709202165528949990e-09
2.746893912330961030e-08
7.231986273836810142e-06
2.340917149012966547e-08
9.128032161243027076e-07
1.073613593860489601e-11
9.137819288298487663e-04
4.771303385496139526e-03
3.297278817626647651e-05
2.441091995208921617e-09
2.550073304519173689e-06
2.244862116640433669e-05
5.650766521370087503e-09
2.467822134494781494e-01
1.104980427771806717e-02
5.540656729863258079e-06
7.868724765103252139e-07
4.917044407193316147e-06
1.336225263770529637e-08
8.180936798453330994e-03
3.093513660132884979e-03
1.870724809123203158e-04
4.986336321621820389e-08
8.196478486061096191e-01
2.803669869899749756e-01
7.315852144529344514e-06
7.452614307403564453e-01
3.209397792816162109e-01
3.055616281926631927e-03
3.363751659435365582e-07
1.105673436541110277e-05
2.543487198636285029e-09
1.033604843541979790e-03
2.878257539123296738e-03
2.568213676568120718e-04
1.298843130825844128e-06
1.653107814490795135e-03
1.159350540547166020e-05
3.609721170505508780e-05
3.302786648273468018e-01
3.098170964221935719e-06
3.653094245237298310e-05
3.714819456490658922e-07
2.464750252784142504e-07
1.358163798440004122e-12
6.720714736729860306e-03
2.458967035636305809e-03
5.825383141200290993e-06
1.207910160783143283e-10
2.970012019432033412e-06
1.317267742706462741e-04
2.895587931561749429e-05
8.828989095377437479e-09
1.117613557255481282e-09
1.678204898780677468e-05
1.060197831748155295e-07
2.481394005826587090e-07
7.769607873742145898e-11
1.728620845824480057e-03
2.162436256185173988e-03
6.555837899213656783e-06
5.398619329355369700e-10
1.421459182893158868e-05
4.541745875030755997e-05
6.478588329628109932e-05
9.083520779995524208e-08
7.453954815864562988e-01
9.820075774769065902e-07
3.010513580647966592e-07
1.766945416648013634e-07
1.905578628225157445e-08
5.439249798655509949e-04
1.344414195045828819e-03
4.377897421363741159e-04
4.584586932310230623e-08
6.154449692985508591e-06
1.719492502161301672e-06
2.383967739660874940e-06
1.470375082135433331e-06
3.021156787872314453e-01
8.711968362331390381e-02
1.488098089197364970e-08
4.228028501529479399e-06
1.259749637938512024e-08
6.084323977120220661e-04
1.923211966641247272e-03
2.006738759519066662e-05
6.126897744707093807e-08
1.675954763413756154e-06
2.079170826618792489e-06
1.003171382762957364e-05
7.222505473691853695e-07
1.255776882171630859e-01
6.956554443604545668e-07
2.123587563573892112e-07
4.061246514320373535e-01
9.224286675453186035e-01
1.334551349282264709e-02
1.330747269093990326e-02
1.125617325305938721e-02
9.481219053268432617e-01
6.822166442871093750e-01
7.667333632707595825e-02
7.959119044244289398e-03
9.224700331687927246e-01
1.256609708070755005e-01
5.439995527267456055e-01
1.338380109518766403e-02
4.595482349395751953e-02
5.145099624126459048e-12
2.723901707213371992e-04
1.465864016836349037e-07
1.065731114469059548e-10
1.761482235451694578e-05
5.348799732018960640e-06
1.713381607260089368e-06
5.282121853626697838e-13
3.168273178744129837e-05
1.970320772670675069e-05
5.527354574041964952e-09
1.101901230850244051e-12
2.395749539136886597e-01
1.520929785109662036e-13
4.035874903202056885e-01
8.457823810203990433e-07
4.640459572158306401e-09
3.856988623738288879e-04
9.305526873504277319e-07
3.564012331480626017e-06
1.500107714491605293e-06
9.134125709533691406e-01
2.259918153285980225e-01
8.298992071331667830e-08
2.221788086842479970e-08
2.181501090526580811e-01
1.995020593170693246e-09
9.562656283378601074e-01
2.511717146262526512e-03
6.903509586209111148e-08
9.216552972793579102e-01
5.029242402088129893e-06
4.054274995723972097e-06
2.237634180346503854e-05
8.470315337181091309e-01
8.839067816734313965e-01
8.617444336414337158e-02
1.088842438434767246e-08
1.306838691234588623e-01
8.213937974232976558e-09
1.176266092807054520e-02
2.023540064692497253e-02
7.511057629017159343e-05
5.347908427211223170e-07
1.264179125428199768e-03
2.491333580110222101e-04
4.335269750299630687e-06
1.099390374292852357e-06
4.140323653700761497e-06
8.190218795789405704e-05
6.518326244986383244e-06
1.026399061083793640e-01
2.397066722892304824e-08
5.630740523338317871e-02
2.667510882019996643e-02
1.036071451380848885e-03
2.847335963451769203e-05
2.295412123203277588e-03
4.334984696470201015e-04
2.111200046783778816e-05
9.671363830566406250e-01
1.472573960199952126e-03
4.991146397514967248e-06
1.012714074022369459e-05
1.445551514625549316e-01
8.029024911593296565e-07
9.031724333763122559e-01
3.118224442005157471e-03
4.742639139294624329e-03
1.909484271891415119e-04
9.683480262756347656e-01
2.909120212279958650e-06
3.447907874942757189e-05
9.422072768211364746e-01
1.683325320482254028e-02
3.798926991294138134e-05
5.641876441586646251e-07
1.051043868064880371e-01
3.314912873975117691e-06
8.590970039367675781e-01
1.178942434489727020e-02
7.233440410345792770e-03
2.171600004658102989e-03
8.978641033172607422e-01
1.964284456335008144e-05
1.000383635982871056e-04
9.456042647361755371e-01
8.808085918426513672e-01
3.843026980757713318e-02
1.051368657499551773e-02
4.946463182568550110e-02
1.264115390142706019e-08
4.980174708180129528e-04
2.017623931169509888e-02
1.266468316316604614e-04
6.154187303764047101e-06
1.543491333723068237e-01
1.378814340569078922e-04
3.950214013457298279e-04
6.170497363200411201e-05
2.639260173964430578e-06
3.922549876733683050e-05
1.126748520619003102e-05
7.072529196739196777e-02
7.031772497612109873e-08
9.618107974529266357e-02
8.702312596142292023e-03
1.679694862104952335e-03
1.372249425912741572e-05
9.393942356109619141e-01
1.269290922209620476e-03
2.227741424576379359e-05
1.008794351946562529e-04
9.440920948982238770e-01
2.991564979311078787e-04
4.952134531777119264e-06
5.030804127454757690e-02
5.873587724636308849e-06
1.506572123616933823e-03
6.281324196606874466e-03
4.105569329112768173e-03
1.934064785018563271e-04
8.575721383094787598e-01
9.287650755140930414e-07
2.041355855908477679e-06
5.380225775297731161e-05
7.164652943611145020e-01
5.929517149925231934e-01
4.291587629268178716e-06
3.524534404277801514e-02
2.354433625839646993e-08
1.008250052109360695e-03
7.711100392043590546e-03
2.453789580613374710e-03
7.688037003390491009e-04
6.618859767913818359e-01
7.597113267365784850e-07
2.056443918263539672e-06
4.798820373252965510e-05
6.731734871864318848e-01
8.594847321510314941e-01
6.320085525512695312e-01
9.267756342887878418e-02
7.102608215063810349e-03
4.169307649135589600e-03
2.923102583736181259e-04
9.397559210810868535e-07
1.029302002280019224e-04
1.223618019139394164e-04
7.884545084380079061e-06
4.330437519683982828e-08
3.174354424118064344e-05
2.807865530485287309e-05
1.367175315181157202e-07
1.971801194544653413e-10
7.211605459451675415e-02
4.385330248624086380e-03
9.138020873069763184e-01
7.345835911110043526e-05
6.078204819459642749e-07
1.177434157580137253e-02
4.387220178614370525e-05
8.991151116788387299e-05
2.679777537650807062e-07
1.183447986841201782e-01
8.560198545455932617e-02
5.601688357614875713e-08
1.125819615310774680e-08
2.699872851371765137e-01
5.797300115227699280e-02
9.916124343872070312e-01
1.243236362934112549e-01
5.615222107735462487e-06
9.515588283538818359e-01
9.345755577087402344e-01
4.182586271781474352e-04
2.836171304807066917e-03
9.784482717514038086e-01
1.773927807807922363e-01
3.280435502529144287e-02
3.621367970481514931e-03
9.180680662393569946e-02
9.881843812763690948e-03
9.904486536979675293e-01
1.025677919387817383e-01
1.182560692541301250e-03
7.827277779579162598e-01
3.061098046600818634e-03
8.655006531625986099e-04
1.183654774195019854e-08
1.803464442491531372e-02
9.106384482038265560e-07
5.919452814850956202e-05
1.073650037142215297e-05
1.073540672659873962e-01
2.261660806834697723e-02
9.441972374916076660e-01
1.182216964662075043e-02
2.731283893808722496e-04
3.999304681201465428e-06
2.972981194034218788e-03
1.826625702960882336e-05
2.268723591214438784e-07
3.515526987030170858e-05
6.941313040442764759e-05
6.501591087726410478e-06
2.964777756631065131e-08
8.800208568572998047e-02
3.498427942395210266e-02
9.815486073493957520e-01
6.737734377384185791e-02
4.547603894025087357e-04
6.270098310778848827e-06
7.841663956642150879e-01
3.233198367524892092e-05
7.387794198621122632e-07
9.566799998283386230e-01
2.070836722850799561e-01
1.734137622406706214e-04
8.632675871922401711e-07
2.058368325233459473e-01
3.617144376039505005e-02
9.945688247680664062e-01
2.739318646490573883e-02
9.728454984724521637e-03
5.093055660836398602e-04
9.297214746475219727e-01
6.039867550134658813e-02
5.650684470310807228e-04
9.793143868446350098e-01
9.070611596107482910e-01
3.633950650691986084e-02
5.021259494242258370e-05
1.700985878705978394e-01
2.951822057366371155e-02
9.894589185714721680e-01
2.641531080007553101e-02
1.892441697418689728e-02
6.176599999889731407e-04
9.121311306953430176e-01
6.473720077337929979e-06
1.214906573295593262e-03
9.552075266838073730e-01
3.937931954860687256e-01
6.110958565841428936e-06
5.041711119702085853e-06
9.553070366382598877e-02
2.373266592621803284e-02
8.871617913246154785e-01
7.310276478528976440e-02
7.783800829201936722e-04
7.172358891693875194e-06
2.146123051643371582e-01
8.711676928214728832e-04
8.186018094420433044e-04
1.639680249354569241e-06
2.298432718816911802e-06
1.056021283147856593e-04
1.301684847021533642e-06
1.421671956777572632e-01
2.271484956145286560e-02
9.330812096595764160e-01
3.861786425113677979e-02
1.207135850563645363e-03
5.896389848203398287e-05
1.603674739599227905e-01
7.147236465243622661e-05
2.194036962464451790e-03
1.392382728226948529e-06
9.719684720039367676e-01
1.857699680840596557e-04
2.482273157511372119e-05
1.213710308074951172e-01
1.076629478484392166e-02
1.418515890836715698e-01
2.202452346682548523e-02
5.494094453752040863e-03
7.757890671200584620e-06
9.020221829414367676e-01
8.132981020025908947e-05
5.750429700128734112e-04
1.087455166270956397e-04
9.185019135475158691e-01
8.476015329360961914e-01
3.135290899081155658e-05
7.054503262042999268e-02
3.870822023600339890e-03
7.508108974434435368e-04
1.491439342498779297e-02
3.240083111450076103e-03
1.054646418197080493e-04
4.545211493968963623e-01
6.556151492986828089e-05
4.569856391754001379e-04
1.584460187586955726e-05
8.812971711158752441e-01
3.516530990600585938e-02
4.311600059736520052e-05
2.179007232189178467e-01
3.271835669875144958e-02
5.682864040136337280e-02
2.103810256812721491e-04
6.119721801951527596e-04
5.609332220046781003e-06
5.306428192852763459e-06
1.147814259638835210e-06
1.123219135479303077e-07
1.229637746291700751e-05
4.216152319713728502e-06
3.275789417500618583e-09
3.405050685856281234e-10
1.155795753002166748e-01
1.370160728693008423e-01
4.559756070375442505e-02
1.783306943252682686e-03
3.226373228244483471e-04
2.006112481467425823e-05
2.594396619315375574e-06
1.208554767373470895e-08
2.311998770210266230e-07
5.946492092334665358e-05
2.875673271773848683e-05
5.683759951580213965e-08
7.907605237278403365e-09
2.857715785503387451e-01
2.427864633500576019e-02
9.089483879506587982e-03
1.419453229755163193e-02
4.708658903837203979e-03
2.238628454506397247e-03
1.221608184278011322e-02
1.842909987317398190e-04
6.786237918277038261e-07
5.598906136583536863e-05
1.028159822453744709e-04
4.206650373816955835e-06
3.493633471407520119e-08
2.845457494258880615e-01
3.486942872405052185e-02
5.234045162796974182e-02
1.368644647300243378e-02
3.536675823852419853e-03
3.293809713795781136e-04
9.935300331562757492e-04
1.306671474594622850e-04
1.061680086422711611e-05
9.541228791931644082e-06
9.483972462476231158e-06
4.155488568358123302e-06
1.388237507171652396e-07
3.448830544948577881e-01
1.383596509695053101e-01
2.551795840263366699e-01
3.171522170305252075e-03
5.252797622233629227e-03
3.219125792384147644e-03
1.271139353775652125e-07
8.537728717783465981e-06
3.393214501556940377e-05
5.144154420122504234e-05
7.837094744900241494e-05
5.409622616525666672e-08
2.452937586383541202e-08
1.320896744728088379e-01
7.747566699981689453e-02
1.301307231187820435e-01
3.164819208905100822e-03
4.028109833598136902e-04
1.013774308376014233e-03
1.024948724079877138e-04
9.670789586380124092e-05
7.634382086507685017e-07
5.602651799563318491e-05
1.184456777991726995e-06
2.644549113028915599e-07
6.085144832468358800e-09
1.111282780766487122e-01
8.917543105781078339e-03
6.317017227411270142e-02
6.497058086097240448e-03
3.681347880046814680e-04
2.584868707344867289e-05
2.642912440933287144e-04
1.826593070290982723e-04
7.239029287120501976e-07
8.081099076662212610e-05
1.569668165757320821e-05
5.988792395328346174e-07
1.212064781874744313e-09
1.768609583377838135e-01
2.548003755509853363e-02
9.837318211793899536e-02
1.103457249701023102e-02
2.188414800912141800e-03
1.444165827706456184e-04
5.030751344747841358e-04
4.571162571664899588e-04
7.312898378586396575e-05
9.110294740821700543e-06
2.006944305321667343e-05
1.609306423233647365e-06
6.953650455443494138e-08
1.641904562711715698e-01
4.738359153270721436e-02
1.764672398567199707e-01
4.967137705534696579e-03
5.488444585353136063e-04
1.636661938391625881e-03
1.505969266872853041e-04
1.114542319555766881e-04
7.364862540271133184e-06
1.108890955947572365e-06
1.598469680175185204e-05
1.480165590095339212e-08
1.588218445647271437e-08
8.490426093339920044e-02
3.143144026398658752e-02
6.601189728826284409e-03
5.380624788813292980e-04
4.404424907988868654e-05
2.437181137793231755e-06
3.151631972286850214e-05
1.897023503261152655e-05
3.674934845321331522e-08
7.943897761819584957e-10
2.734923327807337046e-05
1.062160754372598603e-05
1.107145208845139450e-10
6.052747368812561035e-02
9.810441406443715096e-04
1.418753527104854584e-04
5.986815667711198330e-04
2.493349711585324258e-06
1.860582443669045460e-08
2.821483940351754427e-05
2.051642513833940029e-05
1.303854162415518658e-07
3.189965513961112720e-10
1.822318699851166457e-05
1.356286338705103844e-05
8.426412989592790836e-08
7.650469243526458740e-02
1.363650988787412643e-02
2.664384897798299789e-03
9.778438806533813477e-01
1.531038724351674318e-04
1.638274192810058594e-01
4.314967431128025055e-03
1.022524315885675605e-06
1.242127036675810814e-04
9.300747513771057129e-01
4.276032559573650360e-03
1.400829292833805084e-03
3.480059831417747773e-06
9.508289396762847900e-02
5.907925777137279510e-03
1.737202145159244537e-02
6.810859441757202148e-01
1.870020350906997919e-04
2.896411530673503876e-02
3.384213778190314770e-04
4.436782091943314299e-06
7.749650698940513394e-09
2.085499167442321777e-01
2.169909230076427775e-08
5.557666736422106624e-05
6.047379930151919325e-09
2.922184765338897705e-01
9.389373660087585449e-02
1.657995432615280151e-01
4.283863678574562073e-02
1.246002968400716782e-03
2.193383872509002686e-03
8.398565114475786686e-06
7.570413799840025604e-06
5.604126272373832762e-06
2.533513179514557123e-05
1.090303339879028499e-05
3.848688123753163381e-08
2.566128110004228802e-08
1.767298877239227295e-01
4.027078673243522644e-02
3.533916547894477844e-02
7.937578111886978149e-02
9.202243527397513390e-04
9.990138933062553406e-04
2.526972966734319925e-04
1.900155893963528797e-06
7.145607469283277169e-06
7.611308097839355469e-01
7.186370680756226648e-07
7.328341045109709739e-09
5.947306647158256965e-09
1.093656942248344421e-01
2.125838212668895721e-02
9.736023843288421631e-03
9.533308744430541992e-01
6.658624042756855488e-04
9.240724466508254409e-05
1.994692683219909668e-01
2.044274844229221344e-02
6.222124738997081295e-06
8.970693945884704590e-01
4.839505255222320557e-01
2.573193746968627238e-08
4.397048201099096332e-07
8.730249851942062378e-02
7.376065012067556381e-03
3.276544855907559395e-03
9.902359843254089355e-01
1.882703945739194751e-04
5.673904161085374653e-05
8.614344596862792969e-01
1.104864059016108513e-03
1.642670249566435814e-03
9.053639769554138184e-01
3.436323595451540314e-06
6.461271550506353378e-05
2.879345856854342856e-06
1.620909869670867920e-01
2.896854467689990997e-02
5.718398094177246094e-02
8.989081531763076782e-02
3.314858768135309219e-04
3.291984030511230230e-04
1.142034234362654388e-04
7.104154065018519759e-05
2.171196001654607244e-06
5.691989599654334597e-07
8.053147126929616206e-08
9.501470721318128199e-09
1.476792466093002076e-08
1.265739053487777710e-01
2.298761345446109772e-02
2.541110478341579437e-02
1.749337315559387207e-01
1.630936749279499054e-04
3.008493513334542513e-04
2.110015630023553967e-04
1.481676827097544447e-05
2.320563908142503351e-06
3.068133196393318940e-07
3.828226327896118164e-01
1.366280866221813994e-08
3.735621589839865919e-09
1.067199707031250000e-01
1.039720326662063599e-02
2.736408787313848734e-04
1.461540348827838898e-02
8.488243329338729382e-04
2.074541043839417398e-06
1.271398900826170575e-06
7.902623906375083607e-07
9.904254693537950516e-04
2.416979327790613752e-07
8.656505942344665527e-01
2.821243469952605665e-05
9.083572876988910139e-06
9.098675101995468140e-02
7.220079656690359116e-03
2.523331786505877972e-04
1.026861835271120071e-02
6.278098589973524213e-05
6.414355766537482850e-07
4.819179594051092863e-06
8.575614174333168194e-07
1.537627249490469694e-04
1.359489587571260927e-08
8.405314683914184570e-01
7.446853800274766400e-09
6.648985436186194420e-05
1.595282703638076782e-01
1.156411506235599518e-02
3.269649576395750046e-03
9.964423775672912598e-01
2.258182168006896973e-01
9.725611805915832520e-01
3.816277980804443359e-01
1.316978689283132553e-02
1.135201600845903158e-04
9.438949823379516602e-01
8.705574870109558105e-01
7.790081501007080078e-01
5.368754136725328863e-05
2.194281965494155884e-01
1.392436623573303223e-01
1.223695203661918640e-01
9.847663640975952148e-01
3.843169286847114563e-02
8.361140498891472816e-04
7.854878902435302734e-03
1.223112485604360700e-04
8.412009628955274820e-05
7.317576091736555099e-06
4.599752719514071941e-05
5.027924635214731097e-05
2.970825880765914917e-05
1.857337951660156250e-01
5.260150134563446045e-02
1.683524623513221741e-02
9.979650974273681641e-01
1.216471940279006958e-01
3.503682382870465517e-04
9.759427309036254883e-01
2.091155038215219975e-04
3.252299793530255556e-04
9.731971025466918945e-01
9.694673935882747173e-04
3.819224657490849495e-04
2.191608109569642693e-05
1.683274209499359131e-01
1.886013150215148926e-02
5.725716240704059601e-03
9.984171390533447266e-01
6.866998225450515747e-02
3.963766212109476328e-04
9.885938763618469238e-01
1.332214772701263428e-01
2.416013448964804411e-04
9.876896142959594727e-01
2.095154859125614166e-02
8.105872984742745757e-05
7.666438250453211367e-06
1.523323059082031250e-01
5.218371003866195679e-02
2.951842360198497772e-02
9.974228143692016602e-01
1.025959402322769165e-01
2.442712429910898209e-04
9.783800840377807617e-01
8.574159741401672363e-01
3.866240382194519043e-02
9.813964366912841797e-01
8.473925590515136719e-01
1.118492037057876587e-01
1.491992967203259468e-03
1.483116447925567627e-01
7.877904176712036133e-02
2.853252179920673370e-02
9.481421709060668945e-01
1.266065835952758789e-01
3.518692974466830492e-04
5.469325780868530273e-01
6.323573761619627476e-04
3.472901298664510250e-04
5.193289252929389477e-04
1.175627927295863628e-03
3.239483021388878115e-06
3.116243533440865576e-05
1.603012233972549438e-01
3.978356719017028809e-02
8.480802178382873535e-03
9.920480847358703613e-01
2.533856779336929321e-02
4.407776286825537682e-04
8.284776210784912109e-01
4.127789870835840702e-04
1.332486281171441078e-04
2.114454982802271843e-04
9.834212064743041992e-01
7.147800922393798828e-02
5.444440375867998227e-06
1.268247812986373901e-01
8.203367702662944794e-03
2.249614335596561432e-03
9.645490646362304688e-01
2.707064524292945862e-02
2.720752854656893760e-05
9.004349708557128906e-01
1.592589978827163577e-04
6.859174370765686035e-02
5.117656110087409616e-05
9.447430372238159180e-01
8.398173749446868896e-02
6.220997571945190430e-01
1.256947964429855347e-01
5.312291905283927917e-03
1.046586083248257637e-03
9.419732689857482910e-01
1.452512387186288834e-02
2.087284883600659668e-05
5.230141282081604004e-01
2.765668556094169617e-02
3.297450530226342380e-05
3.276270945207215846e-05
9.388915300369262695e-01
1.191572099924087524e-01
9.329387918114662170e-03
2.483126968145370483e-01
5.101352930068969727e-02
6.985637545585632324e-02
9.600424170494079590e-01
2.817542850971221924e-02
3.334324806928634644e-03
2.229661680757999420e-03
2.639506128616631031e-04
5.605646151707333047e-07
9.528914233669638634e-05
1.116788829676806927e-03
1.654074912948999554e-05
1.836632037566232611e-07
1.776469200849533081e-01
3.982229903340339661e-02
1.036281362175941467e-01
9.915830492973327637e-01
2.645196206867694855e-02
5.693494458682835102e-04
8.345727324485778809e-01
5.110849997436162084e-06
5.313349404900691297e-08
9.695474505424499512e-01
7.507410049438476562e-01
3.658061032183468342e-04
6.501910121414766763e-08
9.784819185733795166e-02
2.039822638034820557e-01
1.924500018358230591e-01
9.955488443374633789e-01
1.666007786989212036e-01
1.916199107654392719e-03
9.749768972396850586e-01
5.308590084314346313e-02
2.989529690466952161e-08
9.599621295928955078e-01
3.845629096031188965e-01
4.062499478459358215e-02
6.236609806364867836e-07
9.535530209541320801e-02
1.776122301816940308e-02
1.182203218340873718e-01
9.972164630889892578e-01
2.275303900241851807e-01
1.920560462167486548e-04
9.910323023796081543e-01
6.466260552406311035e-01
2.538672182708978653e-03
9.059339761734008789e-01
1.442230213433504105e-02
4.310699659981764853e-05
1.055452503351261839e-05
1.291851848363876343e-01
2.321664057672023773e-02
1.182698160409927368e-01
9.508669376373291016e-01
2.487581782042980194e-02
1.964385155588388443e-04
8.194018602371215820e-01
1.871907413005828857e-01
2.313793374923989177e-04
9.637102671433694923e-09
2.573711390141397715e-04
2.625154447741806507e-04
7.420333503205256420e-08
1.319558620452880859e-01
4.427406191825866699e-02
1.250656992197036743e-01
9.934579730033874512e-01
2.208011597394943237e-02
3.975695872213691473e-04
8.699923753738403320e-01
6.391184404492378235e-03
6.968818488530814648e-04
2.470346238681031537e-08
8.137519359588623047e-01
1.538747601443901658e-04
5.943027048260773881e-08
1.183712631464004517e-01
8.490417152643203735e-02
1.911175698041915894e-01
1.097753494977951050e-01
2.038826793432235718e-02
3.567758249118924141e-04
4.578189109452068806e-04
6.851518992334604263e-04
4.731468507088720798e-04
1.212853018017767681e-08
4.485969841480255127e-01
1.698953383311163634e-06
3.296672002761624753e-05
1.143195852637290955e-01
3.264813870191574097e-02
7.064092159271240234e-02
1.265913061797618866e-02
1.254151761531829834e-02
2.078142861137166619e-04
4.139540033065713942e-05
8.295301813632249832e-04
1.302103919442743063e-04
2.686519340322490734e-10
4.357363097369670868e-03
1.171044573311519343e-06
6.467487401096150279e-05
4.659182727336883545e-01
3.196314275264739990e-01
1.817561537027359009e-01
1.312071233987808228e-01
6.308807060122489929e-03
8.018481545150279999e-03
4.288878757506608963e-03
4.921114668832160532e-05
1.962914975592866540e-04
5.521794082596898079e-05
4.616221121978014708e-05
4.978567176294745877e-07
2.959880305297701852e-07
2.502634227275848389e-01
9.045299887657165527e-02
1.294327080249786377e-01
2.586925029754638672e-01
5.292411893606185913e-03
2.975516486912965775e-03
1.393636688590049744e-03
5.186427850276231766e-03
2.840182560248649679e-06
5.536845856113359332e-05
7.288921187864616513e-05
7.506785550503991544e-06
2.097205431539350684e-08
1.886799186468124390e-01
5.638640746474266052e-02
3.146712183952331543e-01
9.909762740135192871e-01
2.171816304326057434e-02
1.187829650007188320e-03
3.462023159954696894e-04
1.841086335480213165e-02
3.222139202989637852e-04
1.714264391921460629e-03
1.141309831291437149e-02
1.032369182212278247e-04
1.323848550782713573e-06
1.806653589010238647e-01
6.799171119928359985e-02
2.230721116065979004e-01
9.663851857185363770e-01
1.922956854104995728e-02
1.329406863078474998e-03
2.812545862980186939e-04
2.094815252348780632e-03
1.257740950677543879e-04
8.160650395439006388e-06
3.203524101991206408e-05
5.982384664093842730e-06
6.203870128729249700e-08
1.828465461730957031e-01
1.223709955811500549e-01
5.947482585906982422e-02
4.244613274931907654e-02
6.729985121637582779e-03
6.712713511660695076e-04
4.674314986914396286e-04
1.615668763406574726e-03
1.209305337397381663e-04
7.707702707193675451e-07
1.029099735205818433e-06
8.189709660655353218e-06
1.688608790573198348e-06
1.311900019645690918e-01
6.232509762048721313e-02
3.599430620670318604e-02
1.528459936380386353e-01
9.829786606132984161e-03
9.587773092789575458e-05
3.379458576091565192e-05
1.271474524401128292e-03
6.109337118687108159e-05
1.397473283759609330e-07
3.097482874636625638e-07
4.538390214747778373e-07
6.360209954436868429e-05
1.913505047559738159e-01
9.339401870965957642e-02
2.146968618035316467e-02
4.332948327064514160e-01
3.371387720108032227e-02
1.567227765917778015e-03
8.321483619511127472e-04
3.759092986583709717e-01
7.921817450551316142e-05
9.838675856590270996e-01
1.418227679096162319e-03
1.918575726449489594e-04
1.196916673507075757e-05
1.491463631391525269e-01
6.485551595687866211e-02
1.659132987260818481e-01
9.978646636009216309e-01
2.774074375629425049e-01
6.991836708039045334e-04
4.813465056940913200e-04
9.868324398994445801e-01
1.630108017707243562e-04
9.775767326354980469e-01
6.044890265911817551e-03
1.111435631173662841e-04
1.437860464648110792e-05
3.052385449409484863e-01
2.307588458061218262e-01
1.215696632862091064e-01
1.812809854745864868e-01
3.744927002117037773e-03
8.442099206149578094e-04
1.885169302113354206e-03
5.577446427196264267e-03
6.325157301034778357e-06
2.004099223995581269e-05
1.123638794524595141e-04
1.584356539297004929e-07
2.987869862636216567e-08
1.112891584634780884e-01
3.692600131034851074e-02
1.670310646295547485e-02
9.900689721107482910e-01
7.758522033691406250e-02
2.981087658554315567e-03
5.508236063178628683e-05
9.466902017593383789e-01
9.509098163107410073e-05
2.608987642815918662e-06
9.800113439559936523e-01
1.078408240573480725e-05
2.731835593294817954e-07
1.644804030656814575e-01
8.519116789102554321e-02
3.154829517006874084e-02
2.257534265518188477e-01
7.471908628940582275e-02
5.740039050579071045e-04
3.217724442947655916e-04
2.982210367918014526e-02
1.202541534439660609e-05
1.045264525600941852e-05
9.674263596534729004e-01
1.280704746022820473e-03
4.335745984462846536e-07
1.302472949028015137e-01
3.780602663755416870e-02
1.049616187810897827e-02
7.852344512939453125e-01
4.882347211241722107e-02
2.912396797910332680e-03
3.054778499063104391e-04
1.944269835948944092e-01
8.897548541426658630e-04
4.018788331450195983e-06
9.519935846328735352e-01
8.495314978063106537e-03
1.013990258798003197e-04
1.594895869493484497e-01
6.562587618827819824e-02
1.131663322448730469e-01
9.976131916046142578e-01
1.109716147184371948e-01
1.105450466275215149e-02
2.197869122028350830e-03
9.834387898445129395e-01
8.826159834861755371e-01
9.745065569877624512e-01
7.101092338562011719e-01
4.281131029129028320e-01
1.271745168196503073e-05
1.961354613304138184e-01
1.009613275527954102e-01
4.236115142703056335e-02
2.167731672525405884e-01
1.614838242530822754e-01
1.377281849272549152e-03
2.402848098427057266e-03
1.453917324542999268e-01
2.252727281302213669e-03
5.214248449192382395e-05
3.264284729957580566e-01
1.852106947808351833e-06
9.459072884965280537e-07
1.786177158355712891e-01
3.954907134175300598e-02
2.755159698426723480e-02
2.980571389198303223e-01
3.367676213383674622e-02
5.506926216185092926e-03
1.755601610057055950e-03
9.589967727661132812e-01
8.321846835315227509e-04
5.310787673806771636e-05
9.675259590148925781e-01
9.843948646448552608e-05
8.535727147318539210e-07
2.188256978988647461e-01
8.303917013108730316e-03
2.985762665048241615e-03
9.144635200500488281e-01
9.084429591894149780e-03
1.118609122931957245e-02
8.770536805968731642e-05
9.670947194099426270e-01
3.780383485718630254e-05
3.795290922425920144e-06
9.484547376632690430e-01
1.001527905464172363e-01
5.852712661180703435e-07
2.285452932119369507e-01
8.422643877565860748e-03
1.891042338684201241e-03
9.882174134254455566e-01
7.650957908481359482e-03
1.074113138020038605e-02
2.179144939873367548e-04
9.567276239395141602e-01
8.327491879463195801e-01
1.991206090679042973e-06
9.520057439804077148e-01
6.256793439388275146e-02
5.240786122158169746e-04
1.427055299282073975e-01
7.659332454204559326e-02
1.979532688856124878e-01
9.933434724807739258e-01
1.663442850112915039e-01
3.579278243705630302e-03
3.222361847292631865e-04
9.824639558792114258e-01
1.422710716724395752e-01
1.509605906903743744e-03
1.545337494462728500e-02
4.561755122267641127e-05
9.427527402294799685e-06
1.504695415496826172e-01
4.965745657682418823e-02
1.119536682963371277e-01
9.985130429267883301e-01
1.228000000119209290e-01
1.178205013275146484e-02
5.552984657697379589e-04
9.851349592208862305e-01
5.116036534309387207e-02
2.872645854949951172e-04
9.851915240287780762e-01
1.145617079600924626e-05
1.015357247524661943e-05
2.104010432958602905e-01
3.675211966037750244e-02
5.344297736883163452e-03
9.892274141311645508e-01
2.672163769602775574e-02
1.155482977628707886e-02
2.687731466721743345e-04
7.851095199584960938e-01
1.616212830413132906e-05
1.473866170272231102e-03
9.440012574195861816e-01
8.886371254920959473e-01
2.271401399411843158e-06
3.493235409259796143e-01
2.311440557241439819e-01
1.240308955311775208e-01
1.898791790008544922e-01
2.142904791980981827e-03
1.711169024929404259e-03
1.720888074487447739e-03
3.515715477988123894e-03
6.823055446147918701e-04
7.119176189007703215e-06
3.220137386961141601e-06
1.621811293261998799e-06
1.291736673181276274e-08
1.151548102498054504e-01
1.391474809497594833e-02
1.628361642360687256e-02
2.935393480584025383e-03
2.997112087905406952e-02
1.740299339871853590e-04
9.579165634931996465e-06
1.284950144508911762e-06
3.182926739100366831e-04
5.037540104240179062e-04
1.971226311070495285e-07
1.338653078164497856e-06
8.324963346240110695e-06
1.074740290641784668e-01
6.095315795391798019e-03
6.618946208618581295e-04
4.842005670070648193e-03
2.305475063621997833e-02
1.635277643799781799e-03
2.744538960541831329e-06
1.228908367920666933e-04
6.609396659769117832e-04
5.296202143654227257e-04
2.989592076119151898e-07
4.495115035751950927e-07
1.321974123129621148e-04
1.306241303682327271e-01
1.206773426383733749e-02
1.517156697809696198e-02
2.476154081523418427e-02
1.750791072845458984e-02
8.113443618640303612e-04
2.418389340164139867e-05
6.222965195775032043e-02
1.174188405275344849e-02
5.522241117432713509e-04
1.155158884103002492e-06
9.287911057472229004e-01
7.610261036461452022e-06
1.702055335044860840e-01
1.508373767137527466e-02
2.227013232186436653e-03
9.199187159538269043e-01
1.802199333906173706e-02
1.259223651140928268e-02
2.620192826725542545e-04
6.436735987663269043e-01
2.085079252719879150e-02
8.221000898629426956e-04
1.467856964154634625e-05
9.609361886978149414e-01
1.455097272992134094e-02
1.240852475166320801e-01
2.467827172949910164e-03
2.093978109769523144e-04
5.487447232007980347e-02
2.021582797169685364e-02
3.157185623422265053e-03
1.435060039511881769e-05
9.031873345375061035e-01
7.093731983331963420e-05
1.783259795047342777e-04
3.480905434116721153e-06
8.956721425056457520e-01
9.041660428047180176e-01
