9.874109625816345215e-01
9.997354745864868164e-01
9.863302707672119141e-01
9.593638777732849121e-01
9.973221421241760254e-01
9.927611351013183594e-01
9.938945174217224121e-01
9.963303804397583008e-01
8.574451208114624023e-01
3.956408500671386719e-01
6.643421053886413574e-01
6.108413934707641602e-01
9.646893739700317383e-01
1.619858294725418091e-01
9.998108148574829102e-01
9.997844696044921875e-01
9.986307024955749512e-01
9.898018240928649902e-01
9.401704072952270508e-01
9.523468017578125000e-01
7.339532375335693359e-01
7.135893702507019043e-01
5.901027098298072815e-02
7.561469823122024536e-02
1.053968220949172974e-01
6.492881178855895996e-01
8.879847591742873192e-04
5.468808580189943314e-03
9.998846650123596191e-01
1.718224491924047470e-03
4.054736346006393433e-03
9.999217391014099121e-01
9.987944364547729492e-01
9.977723956108093262e-01
1.904516667127609253e-02
9.759178757667541504e-01
9.982029795646667480e-01
9.931598305702209473e-01
9.995201230049133301e-01
2.128030018866411410e-07
2.406447660177946091e-03
9.998036623001098633e-01
5.548494458198547363e-01
1.670271856710314751e-03
9.975019097328186035e-01
9.990938305854797363e-01
9.991832971572875977e-01
7.161641120910644531e-02
9.560115933418273926e-01
9.840421080589294434e-01
9.864696264266967773e-01
9.954961538314819336e-01
8.226549625396728516e-02
4.210632323520258069e-05
9.999090433120727539e-01
8.890573382377624512e-01
3.392308056354522705e-01
9.949457645416259766e-01
9.975912570953369141e-01
9.942404031753540039e-01
9.974420666694641113e-01
7.567699551582336426e-01
9.655916690826416016e-01
9.847050309181213379e-01
9.999595880508422852e-01
1.760699413716793060e-02
8.181523531675338745e-02
9.999593496322631836e-01
9.997516870498657227e-01
9.930188059806823730e-01
6.545861363410949707e-01
8.921124935150146484e-01
3.626290559768676758e-01
7.475047111511230469e-01
3.620439019869081676e-05
9.794966317713260651e-03
4.109246432781219482e-01
9.976570010185241699e-01
6.902024745941162109e-01
3.447934091091156006e-01
9.999536275863647461e-01
9.869623929262161255e-02
9.062551856040954590e-01
9.111353754997253418e-01
9.994594454765319824e-01
3.605166822671890259e-02
8.473655581474304199e-01
9.997348189353942871e-01
9.996009469032287598e-01
2.407292090356349945e-02
1.429028064012527466e-02
9.019395112991333008e-01
6.625896096229553223e-01
9.999126195907592773e-01
2.195799350738525391e-01
3.003765828907489777e-02
3.308267295360565186e-01
9.989722967147827148e-01
9.912914037704467773e-01
9.135628491640090942e-02
9.869908094406127930e-01
9.999493956565856934e-01
9.999872446060180664e-01
9.999581575393676758e-01
1.720543601550161839e-03
4.355868324637413025e-02
9.999197721481323242e-01
3.026163578033447266e-02
7.670032791793346405e-03
3.673557192087173462e-03
9.986346960067749023e-01
8.408938050270080566e-01
6.805633306503295898e-01
9.916340708732604980e-01
9.989643692970275879e-01
9.996082186698913574e-01
9.999943971633911133e-01
8.990222811698913574e-01
2.817344851791858673e-02
9.999619722366333008e-01
9.997154474258422852e-01
9.962729811668395996e-01
6.730143725872039795e-02
2.757903337478637695e-01
2.137947231531143188e-01
3.548640012741088867e-01
5.883901938796043396e-02
1.183767616748809814e-01
6.042739748954772949e-02
1.621094048023223877e-01
9.945499897003173828e-01
7.630655169486999512e-02
9.999373555183410645e-01
9.992269873619079590e-01
9.990255236625671387e-01
2.965950593352317810e-02
8.022707104682922363e-01
2.239286452531814575e-01
8.633212745189666748e-02
1.619181130081415176e-03
1.284694820642471313e-01
6.737635470926761627e-03
2.744525263551622629e-04
9.913260340690612793e-01
3.231672048568725586e-01
9.998050332069396973e-01
9.997409582138061523e-01
9.962659478187561035e-01
2.358765304088592529e-01
9.357515573501586914e-01
7.716825008392333984e-01
7.502573728561401367e-01
4.140130802989006042e-02
1.938167512416839600e-01
9.179005771875381470e-02
1.027238182723522186e-02
7.847844958305358887e-01
1.825455725193023682e-01
9.999157190322875977e-01
9.986466765403747559e-01
9.995633363723754883e-01
9.061486124992370605e-01
9.781096577644348145e-01
9.767583012580871582e-01
8.881692290306091309e-01
4.271831512451171875e-01
1.104944795370101929e-01
3.834560811519622803e-01
2.168205082416534424e-01
9.707349538803100586e-01
9.965984225273132324e-01
9.805008172988891602e-01
9.782833456993103027e-01
9.721041321754455566e-01
9.918106794357299805e-01
9.935474991798400879e-01
9.797168374061584473e-01
9.845647811889648438e-01
6.419756412506103516e-01
7.577979564666748047e-01
7.704607844352722168e-01
9.970403909683227539e-01
9.990177750587463379e-01
3.883654475212097168e-01
6.763175874948501587e-02
9.224229454994201660e-01
9.928452968597412109e-01
1.752796932123601437e-03
3.231596201658248901e-02
1.369940191507339478e-01
9.974452853202819824e-01
3.881422802805900574e-03
2.607685700058937073e-02
9.615810960531234741e-02
6.974074840545654297e-01
2.273759339004755020e-03
3.515749238431453705e-03
9.995526671409606934e-01
7.445323280990123749e-04
6.552485749125480652e-03
9.994488358497619629e-01
9.983972311019897461e-01
9.946601390838623047e-01
8.198477327823638916e-03
9.441950917243957520e-01
9.920175075531005859e-01
9.834131002426147461e-01
9.965863227844238281e-01
2.248512059450149536e-01
8.098238147795200348e-03
9.990383982658386230e-01
9.894651174545288086e-01
7.910172455012798309e-03
9.928667545318603516e-01
9.968203306198120117e-01
9.953113794326782227e-01
2.298389673233032227e-01
7.749852538108825684e-01
2.439335584640502930e-01
8.912706375122070312e-01
9.994902014732360840e-01
9.919635653495788574e-01
9.185761213302612305e-01
9.757239222526550293e-01
9.997617006301879883e-01
9.988068342208862305e-01
9.990064501762390137e-01
4.895383417606353760e-01
8.785414695739746094e-01
9.571180939674377441e-01
5.729448748752474785e-04
5.549664050340652466e-02
3.127793073654174805e-01
9.718160033226013184e-01
1.209325119853019714e-01
9.950911998748779297e-01
9.988868832588195801e-01
8.023035526275634766e-02
9.923397898674011230e-01
8.800678849220275879e-01
9.973568320274353027e-01
1.629243604838848114e-03
1.776390373706817627e-01
9.985900521278381348e-01
9.986663460731506348e-01
7.616286724805831909e-02
5.649539455771446228e-02
9.267247915267944336e-01
9.883546829223632812e-01
9.982878565788269043e-01
1.776844263076782227e-01
7.490212470293045044e-02
2.158261835575103760e-01
9.966786503791809082e-01
9.919540286064147949e-01
2.606287971138954163e-02
9.884358048439025879e-01
9.985756278038024902e-01
9.994366168975830078e-01
9.998314380645751953e-01
9.849695563316345215e-01
5.597764849662780762e-01
9.959243535995483398e-01
8.516353368759155273e-01
4.102836921811103821e-02
1.725158654153347015e-02
9.926381111145019531e-01
9.496216177940368652e-01
9.046452641487121582e-01
9.888705611228942871e-01
9.991858005523681641e-01
9.961479902267456055e-01
9.997403621673583984e-01
9.962595701217651367e-01
4.451498761773109436e-02
9.906392693519592285e-01
9.997956752777099609e-01
9.171358346939086914e-01
9.747305512428283691e-01
4.795129895210266113e-01
2.294021844863891602e-01
4.042344689369201660e-01
2.455426752567291260e-01
7.890462875366210938e-02
5.360599234700202942e-02
2.110658138990402222e-01
9.680628180503845215e-01
1.170804798603057861e-01
9.987644553184509277e-01
9.996352791786193848e-01
9.508721828460693359e-01
4.992384016513824463e-01
9.236859083175659180e-01
3.066932857036590576e-01
6.008110642433166504e-01
2.579800784587860107e-02
1.988599300384521484e-01
6.789863109588623047e-02
1.240705326199531555e-02
9.819243550300598145e-01
8.826555013656616211e-01
9.955304265022277832e-01
9.993191361427307129e-01
9.807895421981811523e-01
9.286576509475708008e-01
9.738059639930725098e-01
5.601032376289367676e-01
7.985402941703796387e-01
6.067198514938354492e-01
3.015121817588806152e-01
1.154743954539299011e-01
1.632331311702728271e-01
9.894164800643920898e-01
8.428706228733062744e-02
9.899053573608398438e-01
9.967092871665954590e-01
9.977522492408752441e-01
9.974665045738220215e-01
9.801583886146545410e-01
9.671054482460021973e-01
7.901156544685363770e-01
9.341185092926025391e-01
2.068886011838912964e-01
2.120070159435272217e-01
7.956063747406005859e-02
9.999008774757385254e-01
9.366972446441650391e-01
6.273847818374633789e-01
9.257175922393798828e-01
9.165375828742980957e-01
2.780738659203052521e-02
4.123516082763671875e-01
9.752891063690185547e-01
9.932985305786132812e-01
7.286270614713430405e-03
2.948839068412780762e-01
8.862888813018798828e-01
9.996850490570068359e-01
4.266386628150939941e-01
2.787863016128540039e-01
9.986062645912170410e-01
4.075506702065467834e-02
2.225921154022216797e-01
9.985975027084350586e-01
9.924301505088806152e-01
9.876298308372497559e-01
3.012014180421829224e-02
8.848489522933959961e-01
9.905803799629211426e-01
9.022845625877380371e-01
9.880376458168029785e-01
9.159339666366577148e-01
9.031711518764495850e-02
9.979860186576843262e-01
9.066778421401977539e-01
8.812231943011283875e-03
9.955137968063354492e-01
9.958068132400512695e-01
9.849142432212829590e-01
9.643908739089965820e-01
7.396335005760192871e-01
9.483789801597595215e-01
9.767216444015502930e-01
9.993993043899536133e-01
9.909002184867858887e-01
9.631804227828979492e-01
8.463608026504516602e-01
9.800146818161010742e-01
9.513340592384338379e-01
5.798666477203369141e-01
9.836544394493103027e-01
9.726521372795104980e-01
9.744057655334472656e-01
7.119813561439514160e-01
9.289985299110412598e-01
8.876335620880126953e-01
9.992186427116394043e-01
9.884658455848693848e-01
9.665039777755737305e-01
8.550769686698913574e-01
9.811398386955261230e-01
9.764991402626037598e-01
9.867922067642211914e-01
9.771143198013305664e-01
9.626398682594299316e-01
9.818298220634460449e-01
5.991626065224409103e-03
1.153252646327018738e-01
4.012445211410522461e-01
6.116594672203063965e-01
9.871819615364074707e-01
9.583835601806640625e-01
9.878648519515991211e-01
7.871305346488952637e-01
3.256683349609375000e-01
5.935280323028564453e-01
9.948198199272155762e-01
1.219307035207748413e-01
1.713697165250778198e-01
9.941456913948059082e-01
9.826946854591369629e-01
8.882550150156021118e-02
1.098114699125289917e-01
9.870480895042419434e-01
8.305485844612121582e-01
9.952767491340637207e-01
8.702583312988281250e-01
7.367791235446929932e-02
2.266957797110080719e-02
9.932851195335388184e-01
4.083826243877410889e-01
4.143261164426803589e-02
9.876038432121276855e-01
9.978160858154296875e-01
9.991719126701354980e-01
9.991459250450134277e-01
9.901764392852783203e-01
8.906597495079040527e-01
9.484586715698242188e-01
9.854481816291809082e-01
7.972949147224426270e-01
2.002702280879020691e-02
9.124457240104675293e-01
9.885739088058471680e-01
9.615198969841003418e-01
9.389470815658569336e-01
9.647429585456848145e-01
9.957396388053894043e-01
9.986851811408996582e-01
9.900012612342834473e-01
9.650477766990661621e-01
8.789626955986022949e-01
9.937095642089843750e-01
9.973798394203186035e-01
9.963806867599487305e-01
8.336450457572937012e-01
5.050255060195922852e-01
3.157742321491241455e-01
9.876429438591003418e-01
1.773039698600769043e-01
3.145447671413421631e-01
7.315320372581481934e-01
9.897861480712890625e-01
3.950680792331695557e-01
9.956422448158264160e-01
9.986118078231811523e-01
9.985966086387634277e-01
9.979794621467590332e-01
9.617663621902465820e-01
8.112020492553710938e-01
9.023540616035461426e-01
3.121511638164520264e-01
2.009773105382919312e-01
9.255947172641754150e-02
3.069964349269866943e-01
9.816020131111145020e-01
9.481679201126098633e-01
9.539108872413635254e-01
9.880381822586059570e-01
9.838142991065979004e-01
9.868665933609008789e-01
8.697661757469177246e-01
9.485817551612854004e-01
7.912197709083557129e-01
9.555631875991821289e-01
2.882374227046966553e-01
2.336085289716720581e-01
4.753324985504150391e-01
9.843694567680358887e-01
9.592729806900024414e-01
8.748812079429626465e-01
9.880254268646240234e-01
9.845215678215026855e-01
9.896194934844970703e-01
7.951239943504333496e-01
9.839446544647216797e-01
8.913491964340209961e-01
9.323716759681701660e-01
2.522099912166595459e-01
4.124485850334167480e-01
9.780341386795043945e-02
9.999563694000244141e-01
9.999434351921081543e-01
9.932609796524047852e-01
9.272137284278869629e-02
9.995379447937011719e-01
5.145402392372488976e-04
9.052019566297531128e-03
8.338980674743652344e-01
9.986348748207092285e-01
5.114406812936067581e-04
7.211528718471527100e-03
3.319942057132720947e-01
9.995655417442321777e-01
9.999326467514038086e-01
9.928584694862365723e-01
9.936053156852722168e-01
8.360363245010375977e-01
9.924920201301574707e-01
7.216569036245346069e-02
9.073748588562011719e-01
9.150822162628173828e-01
4.059243202209472656e-01
6.388475000858306885e-02
4.691003859043121338e-01
9.545274376869201660e-01
4.597304463386535645e-01
9.999277591705322266e-01
9.915825724601745605e-01
9.835372567176818848e-01
8.789271712303161621e-01
8.021039366722106934e-01
2.382207512855529785e-01
9.158709645271301270e-01
9.296674728393554688e-01
3.495887815952301025e-01
3.427131101489067078e-02
8.934741020202636719e-01
9.828090071678161621e-01
9.460608363151550293e-01
9.999602437019348145e-01
9.935987591743469238e-01
9.857818484306335449e-01
7.214067876338958740e-02
1.969717741012573242e-01
9.995924234390258789e-01
7.674219012260437012e-01
8.200576901435852051e-01
9.992721080780029297e-01
1.831071218475699425e-03
7.113791257143020630e-02
8.519155383110046387e-01
9.978324174880981445e-01
9.999561905860900879e-01
9.944360256195068359e-01
9.825288057327270508e-01
6.434652209281921387e-02
1.490648090839385986e-01
9.993792772293090820e-01
2.113787331836647354e-07
8.592072725296020508e-01
9.961116313934326172e-01
4.501914663705974817e-04
1.242675185203552246e-01
8.720465302467346191e-01
9.821859598159790039e-01
9.999467730522155762e-01
9.931819438934326172e-01
9.808980226516723633e-01
1.296015977859497070e-01
1.243092045187950134e-01
9.996538758277893066e-01
5.448476076126098633e-01
6.827061772346496582e-01
9.971558451652526855e-01
6.091554760932922363e-01
1.785371005535125732e-01
2.570294141769409180e-01
5.033322572708129883e-01
9.999487996101379395e-01
9.926884174346923828e-01
9.842014908790588379e-01
8.826284408569335938e-01
5.406351685523986816e-01
9.990404248237609863e-01
4.314783811569213867e-01
8.355889916419982910e-01
3.329685330390930176e-01
4.096124172210693359e-01
8.527836799621582031e-01
9.429165124893188477e-01
7.862412929534912109e-01
9.999430775642395020e-01
9.908295273780822754e-01
9.847202897071838379e-01
8.215743899345397949e-01
9.359347224235534668e-01
9.988862872123718262e-01
2.193937636911869049e-02
4.878580272197723389e-01
9.846979975700378418e-01
9.991002678871154785e-01
1.598290354013442993e-01
7.288390398025512695e-01
9.997193217277526855e-01
9.994451999664306641e-01
9.836754798889160156e-01
9.795170426368713379e-01
1.582248210906982422e-01
2.191375195980072021e-01
9.993541240692138672e-01
1.417471840977668762e-02
1.170182600617408752e-01
8.764565587043762207e-01
9.993957877159118652e-01
1.365255843847990036e-02
8.515090346336364746e-01
9.998524785041809082e-01
9.999032616615295410e-01
9.902473092079162598e-01
9.795964360237121582e-01
9.356836676597595215e-01
8.152911067008972168e-01
9.974505901336669922e-01
7.873076945543289185e-02
9.087380766868591309e-01
9.692749381065368652e-01
9.989832639694213867e-01
7.278125733137130737e-02
6.456733345985412598e-01
9.988965392112731934e-01
9.999305009841918945e-01
9.894847273826599121e-01
9.799829125404357910e-01
9.255765080451965332e-01
3.777508437633514404e-01
9.766832590103149414e-01
2.997367680072784424e-01
9.203025698661804199e-01
9.866324663162231445e-01
9.919116497039794922e-01
3.057610802352428436e-02
8.499839305877685547e-01
9.340526461601257324e-01
9.838462471961975098e-01
9.952391982078552246e-01
9.957290291786193848e-01
9.962377548217773438e-01
9.873076081275939941e-01
9.970810413360595703e-01
9.517121315002441406e-02
4.528665244579315186e-01
3.425732254981994629e-02
9.965119361877441406e-01
9.982792139053344727e-01
9.920005202293395996e-01
9.040781259536743164e-01
9.910414814949035645e-01
9.939438700675964355e-01
9.745799303054809570e-01
9.889874458312988281e-01
8.790806531906127930e-01
9.914172291755676270e-01
8.753894567489624023e-01
3.600714504718780518e-01
9.339680075645446777e-01
9.923459887504577637e-01
9.939599633216857910e-01
9.108286499977111816e-01
8.901584744453430176e-01
9.956620931625366211e-01
9.960590600967407227e-01
9.915269017219543457e-01
2.147754579782485962e-01
2.663730382919311523e-01
9.960898756980895996e-01
3.272865666076540947e-03
7.317802309989929199e-01
9.937739372253417969e-01
6.490951136584044434e-07
1.877119066193699837e-04
2.329877465963363647e-01
9.932041168212890625e-01
9.958863258361816406e-01
9.960497021675109863e-01
9.836411476135253906e-01
9.125737547874450684e-01
8.794558644294738770e-01
9.948916435241699219e-01
9.824782609939575195e-01
9.119797348976135254e-01
9.954036474227905273e-01
9.731497764587402344e-01
9.403669834136962891e-01
8.133227825164794922e-01
9.907019138336181641e-01
9.955543279647827148e-01
9.959334731101989746e-01
9.907417297363281250e-01
9.366715550422668457e-01
8.828035742044448853e-02
9.955346584320068359e-01
9.610750675201416016e-01
7.185253500938415527e-02
9.944609999656677246e-01
9.839807748794555664e-01
9.738243222236633301e-01
8.293198347091674805e-01
9.266439825296401978e-02
9.941438436508178711e-01
9.955620169639587402e-01
9.864290952682495117e-01
9.569578766822814941e-01
9.084409475326538086e-01
9.916719198226928711e-01
9.769114255905151367e-01
7.531313598155975342e-02
9.696417450904846191e-01
9.836363792419433594e-01
9.574965238571166992e-01
3.280005753040313721e-01
4.980809688568115234e-01
9.785974621772766113e-01
9.901344776153564453e-01
9.953675866127014160e-01
9.943014979362487793e-01
4.211633801460266113e-01
9.917032122611999512e-01
9.967464804649353027e-01
9.900277853012084961e-01
3.097700327634811401e-02
2.597441077232360840e-01
9.742866754531860352e-01
6.367745995521545410e-01
9.952014684677124023e-02
4.853655099868774414e-01
9.825305938720703125e-01
9.944248795509338379e-01
9.988355636596679688e-01
1.619566679000854492e-01
9.914334416389465332e-01
9.989117980003356934e-01
9.968225955963134766e-01
4.689022526144981384e-02
7.727710902690887451e-02
9.394977688789367676e-01
9.161620587110519409e-02
2.134026400744915009e-02
9.475666284561157227e-01
9.765029549598693848e-01
9.600377082824707031e-01
9.977653026580810547e-01
4.799170792102813721e-02
9.841127991676330566e-01
9.976323843002319336e-01
9.911047220230102539e-01
9.772179126739501953e-01
1.177040338516235352e-01
9.497794508934020996e-01
9.687325954437255859e-01
7.075573503971099854e-02
9.844130277633666992e-01
9.936604499816894531e-01
9.875509738922119141e-01
9.918896555900573730e-01
5.374628305435180664e-01
9.933760166168212891e-01
9.963036775588989258e-01
9.831725955009460449e-01
8.155069947242736816e-01
2.320494204759597778e-01
9.629442095756530762e-01
9.839639067649841309e-01
9.523504376411437988e-01
9.778411984443664551e-01
9.592928886413574219e-01
9.805841445922851562e-01
9.894358515739440918e-01
9.310923814773559570e-01
9.963364005088806152e-01
1.372082531452178955e-01
2.568307332694530487e-02
1.556949913501739502e-01
9.910897016525268555e-01
9.997795224189758301e-01
9.998496770858764648e-01
9.998432397842407227e-01
9.929348826408386230e-01
9.728984236717224121e-01
9.855861067771911621e-01
9.731639027595520020e-01
9.781323075294494629e-01
9.845432043075561523e-01
8.797160983085632324e-01
9.759835600852966309e-01
3.191876709461212158e-01
7.785271009197458625e-05
3.491288125514984131e-01
8.691717386245727539e-01
9.239565730094909668e-01
9.905533194541931152e-01
9.876593351364135742e-01
9.889800548553466797e-01
9.921190142631530762e-01
4.160152003169059753e-02
9.887081384658813477e-01
9.957659840583801270e-01
1.339819573331624269e-04
1.702684760093688965e-01
9.611747264862060547e-01
6.943671703338623047e-01
6.344243288040161133e-01
8.951153606176376343e-03
9.713273644447326660e-01
9.619950056076049805e-01
9.829165339469909668e-01
9.934948086738586426e-01
2.348292618989944458e-01
7.052461504936218262e-01
9.981797933578491211e-01
6.276907771825790405e-02
1.078032143414020538e-02
9.829773902893066406e-01
9.999020695686340332e-01
9.999575614929199219e-01
9.997069835662841797e-01
9.920966625213623047e-01
9.865593910217285156e-01
9.883494973182678223e-01
9.411312341690063477e-01
7.289116978645324707e-01
9.880025982856750488e-01
9.877716898918151855e-01
9.747896194458007812e-01
4.608133435249328613e-02
9.881137013435363770e-01
9.986680746078491211e-01
9.916927218437194824e-01
9.967685341835021973e-01
9.899656772613525391e-01
9.702547192573547363e-01
9.839591979980468750e-01
9.913259148597717285e-01
9.918398857116699219e-01
9.507356882095336914e-01
9.797098040580749512e-01
9.998785853385925293e-01
9.967309236526489258e-01
4.421121254563331604e-02
9.343370795249938965e-01
9.092721343040466309e-01
9.979861378669738770e-01
7.016876339912414551e-02
4.872042834758758545e-01
6.691962480545043945e-01
9.989133477210998535e-01
9.778397679328918457e-01
1.818603426218032837e-01
9.969913363456726074e-01
9.965392947196960449e-01
9.985069036483764648e-01
4.054280743002891541e-02
9.890230894088745117e-01
9.481987357139587402e-01
9.659821987152099609e-01
9.788035750389099121e-01
6.196584105491638184e-01
3.918013572692871094e-01
9.981390237808227539e-01
9.195734262466430664e-01
1.341491937637329102e-01
9.926785826683044434e-01
9.897325038909912109e-01
9.593456387519836426e-01
9.381783604621887207e-01
9.673892855644226074e-01
9.786089658737182617e-01
9.763698577880859375e-01
9.908070564270019531e-01
9.763328433036804199e-01
9.798238277435302734e-01
9.941435456275939941e-01
9.848130941390991211e-01
8.473052382469177246e-01
9.653820991516113281e-01
9.961658120155334473e-01
9.780698418617248535e-01
2.622402012348175049e-01
8.748348355293273926e-01
9.616823792457580566e-01
8.334785699844360352e-01
9.927987456321716309e-01
9.733687639236450195e-01
9.609117507934570312e-01
7.201716899871826172e-01
9.294469952583312988e-01
9.647526144981384277e-01
9.808863997459411621e-01
9.787787795066833496e-01
9.647298455238342285e-01
3.921451512724161148e-03
9.285427331924438477e-01
9.716455936431884766e-01
9.985396265983581543e-01
9.939862489700317383e-01
9.878356456756591797e-01
9.800894260406494141e-01
5.925618410110473633e-01
8.795277476310729980e-01
1.482866555452346802e-01
9.479284882545471191e-01
1.048796176910400391e-01
3.020999953150749207e-02
9.654604792594909668e-01
7.272307276725769043e-01
9.197028279304504395e-01
9.347002506256103516e-01
9.828294515609741211e-01
9.827856421470642090e-01
9.653263688087463379e-01
9.793095588684082031e-01
8.930782675743103027e-01
1.500886827707290649e-01
9.966024160385131836e-01
2.824558317661285400e-01
2.305452823638916016e-01
9.903352260589599609e-01
9.989559054374694824e-01
9.776519536972045898e-01
9.992950558662414551e-01
9.896928071975708008e-01
9.760468006134033203e-01
9.636905789375305176e-01
9.212364554405212402e-01
9.697071909904479980e-01
9.486304521560668945e-01
9.207141399383544922e-01
9.940032958984375000e-01
3.228720128536224365e-01
9.424104094505310059e-01
8.774446845054626465e-01
9.918626546859741211e-01
9.977257251739501953e-01
9.916618466377258301e-01
9.493609666824340820e-01
8.909134268760681152e-01
7.611078023910522461e-01
9.844950437545776367e-01
9.713017344474792480e-01
9.230747222900390625e-01
9.923597574234008789e-01
9.759014844894409180e-01
9.874180555343627930e-01
9.500232338905334473e-01
6.094263195991516113e-01
9.986172914505004883e-01
9.904702305793762207e-01
9.006299376487731934e-01
8.113605380058288574e-01
9.942832589149475098e-01
9.583821296691894531e-01
4.715287983417510986e-01
9.863731265068054199e-01
9.872601032257080078e-01
9.989136457443237305e-01
9.936397075653076172e-01
9.705541729927062988e-01
6.462115049362182617e-01
9.993817210197448730e-01
9.895328879356384277e-01
9.496176242828369141e-01
8.728747367858886719e-01
9.541351199150085449e-01
9.866579174995422363e-01
9.522066116333007812e-01
9.008211493492126465e-01
9.753334522247314453e-01
9.528321623802185059e-01
9.835579991340637207e-01
9.328455924987792969e-01
9.649984240531921387e-01
9.633442759513854980e-01
9.915944337844848633e-01
9.658010601997375488e-01
9.508436918258666992e-01
8.411992192268371582e-01
9.754922986030578613e-01
9.668527841567993164e-01
8.863976597785949707e-01
9.706621170043945312e-01
9.652589559555053711e-01
9.622235298156738281e-01
7.820675373077392578e-01
9.327406883239746094e-01
8.903695344924926758e-01
9.942184090614318848e-01
9.891614913940429688e-01
9.832119941711425781e-01
3.075190819799900055e-02
1.920375078916549683e-01
4.613745212554931641e-02
9.996203184127807617e-01
2.332721799612045288e-01
9.992851614952087402e-01
2.603382824872824131e-07
2.462229167576879263e-04
7.571255415678024292e-02
9.980965256690979004e-01
9.927226901054382324e-01
9.861332774162292480e-01
9.776601195335388184e-01
1.655510216951370239e-01
4.221931397914886475e-01
6.982789635658264160e-01
9.993693232536315918e-01
9.139549732208251953e-01
9.508316516876220703e-01
1.236668508499860764e-02
9.251843094825744629e-01
8.658015131950378418e-01
2.663636207580566406e-01
9.926066398620605469e-01
9.841175079345703125e-01
9.711030125617980957e-01
6.337589621543884277e-01
7.625992894172668457e-01
9.545674324035644531e-01
9.264097809791564941e-01
9.761673212051391602e-01
9.648734927177429199e-01
5.930554494261741638e-02
9.655341506004333496e-01
9.947295188903808594e-01
9.871186017990112305e-01
9.918317794799804688e-01
9.806285500526428223e-01
9.738918542861938477e-01
9.944878518581390381e-03
7.022436857223510742e-01
9.122104644775390625e-01
9.985988736152648926e-01
3.039724528789520264e-01
2.302616685628890991e-01
9.903778433799743652e-01
3.134669363498687744e-02
5.423596501350402832e-01
9.752124547958374023e-01
9.894438982009887695e-01
9.677549004554748535e-01
9.339295029640197754e-01
4.820952191948890686e-02
9.254494309425354004e-01
9.370957612991333008e-01
9.839428067207336426e-01
7.414360046386718750e-01
9.734115600585937500e-01
9.919672012329101562e-01
3.571068122982978821e-02
3.158527314662933350e-01
8.356496691703796387e-01
9.914559125900268555e-01
9.747510552406311035e-01
9.163847565650939941e-01
7.289043068885803223e-02
9.455185532569885254e-01
9.305739998817443848e-01
9.756144285202026367e-01
9.371957778930664062e-01
9.817506074905395508e-01
9.719460010528564453e-01
7.110544014722108841e-03
2.643652558326721191e-01
4.463633000850677490e-01
9.941698908805847168e-01
9.891169667243957520e-01
9.794420599937438965e-01
4.533308148384094238e-01
8.315173983573913574e-01
3.062635660171508789e-01
9.992109537124633789e-01
9.480891227722167969e-01
9.978119730949401855e-01
9.705122709274291992e-01
9.115414023399353027e-01
2.712889946997165680e-02
4.639767408370971680e-01
9.950301051139831543e-01
9.899461865425109863e-01
9.794650077819824219e-01
4.350300133228302002e-02
1.026765406131744385e-01
3.161408901214599609e-01
9.990680813789367676e-01
5.489239096641540527e-01
3.285432457923889160e-01
7.614102363586425781e-01
7.375881820917129517e-02
7.229259610176086426e-01
3.636789321899414062e-01
9.933885335922241211e-01
9.875208139419555664e-01
9.843641519546508789e-01
8.754968047142028809e-01
4.633330702781677246e-01
9.547540545463562012e-01
9.991021752357482910e-01
9.783350229263305664e-01
8.905932903289794922e-01
9.989929795265197754e-01
2.706638497329549864e-06
1.662133634090423584e-01
9.812521934509277344e-01
9.878716468811035156e-01
9.875386953353881836e-01
9.921460151672363281e-01
9.823591113090515137e-01
2.733786106109619141e-01
9.651781320571899414e-01
9.994131922721862793e-01
9.918190836906433105e-01
1.661296635866165161e-01
9.593377113342285156e-01
9.943337440490722656e-01
2.377205044031143188e-01
9.964880347251892090e-01
9.831844568252563477e-01
9.824358224868774414e-01
9.657411575317382812e-01
9.878233075141906738e-01
2.282948791980743408e-01
7.045349478721618652e-01
2.479128837585449219e-01
9.945843815803527832e-01
8.508192300796508789e-01
9.995050430297851562e-01
9.874888062477111816e-01
9.000221490859985352e-01
9.990232586860656738e-01
9.923891425132751465e-01
9.861750602722167969e-01
9.760696291923522949e-01
9.130215644836425781e-01
9.625782370567321777e-01
9.087737798690795898e-01
9.776367545127868652e-01
9.895416498184204102e-01
6.524568796157836914e-01
9.970882534980773926e-01
9.890002608299255371e-01
9.427496790885925293e-01
6.308910250663757324e-01
9.932342171669006348e-01
9.881789684295654297e-01
9.790397882461547852e-01
5.404524803161621094e-01
6.248299479484558105e-01
6.230947971343994141e-01
9.995412826538085938e-01
9.787848591804504395e-01
7.466886639595031738e-01
9.913090467453002930e-01
8.908163905143737793e-01
3.889935016632080078e-01
1.934487372636795044e-01
9.911321401596069336e-01
9.792855381965637207e-01
9.727706313133239746e-01
9.822121858596801758e-01
9.772358536720275879e-01
2.165969759225845337e-01
5.019783973693847656e-01
9.967648983001708984e-01
9.991577863693237305e-01
8.112973570823669434e-01
8.875732421875000000e-01
9.981998801231384277e-01
8.770901709794998169e-02
9.895098805427551270e-01
9.857608079910278320e-01
9.783869981765747070e-01
9.731098413467407227e-01
7.543468475341796875e-01
1.553728431463241577e-01
9.984898567199707031e-01
9.924213886260986328e-01
9.826489686965942383e-01
6.589445471763610840e-01
9.845131039619445801e-01
9.139431640505790710e-03
2.933639287948608398e-01
9.900715351104736328e-01
9.796016812324523926e-01
9.652764797210693359e-01
9.833244681358337402e-01
9.769538640975952148e-01
9.569323062896728516e-01
8.134710788726806641e-01
9.918810725212097168e-01
9.874452352523803711e-01
8.840721845626831055e-01
9.841030836105346680e-01
9.616611003875732422e-01
4.661635756492614746e-01
9.895123839378356934e-01
9.825660586357116699e-01
9.718762040138244629e-01
9.780815839767456055e-01
9.747743010520935059e-01
9.427300691604614258e-01
9.280325770378112793e-01
9.937627911567687988e-01
3.667457997798919678e-01
9.917977452278137207e-01
9.875940680503845215e-01
9.894506931304931641e-01
9.983646869659423828e-01
9.922406077384948730e-01
9.788348078727722168e-01
9.642266035079956055e-01
8.776984214782714844e-01
9.614911675453186035e-01
9.582870602607727051e-01
6.357223391532897949e-01
9.650273919105529785e-01
9.929150342941284180e-01
9.752156138420104980e-01
4.274079203605651855e-01
9.978424310684204102e-01
9.985264539718627930e-01
9.899562001228332520e-01
9.797311425209045410e-01
9.671027064323425293e-01
9.912048578262329102e-01
9.769383072853088379e-01
6.330476403236389160e-01
6.421203017234802246e-01
9.941359162330627441e-01
9.747059941291809082e-01
9.938340783119201660e-01
9.892699718475341797e-01
9.983031153678894043e-01
9.979279041290283203e-01
9.924957156181335449e-01
9.812487959861755371e-01
9.715198874473571777e-01
8.822528719902038574e-01
9.491064548492431641e-01
9.583297371864318848e-01
8.381074666976928711e-01
9.316892027854919434e-01
9.926976561546325684e-01
8.998274803161621094e-01
9.693820476531982422e-01
9.170099496841430664e-01
9.920122027397155762e-01
9.902476668357849121e-01
9.723292589187622070e-01
9.925860762596130371e-01
5.694908499717712402e-01
9.910137057304382324e-01
9.391559362411499023e-01
9.987603425979614258e-01
7.691761106252670288e-02
3.393018990755081177e-02
1.741621196269989014e-01
2.388480305671691895e-01
2.433965653181076050e-01
4.470716714859008789e-01
9.878146052360534668e-01
9.656515717506408691e-01
8.519186973571777344e-01
8.535753488540649414e-01
9.852534532546997070e-01
9.849841594696044922e-01
9.940666556358337402e-01
8.409923315048217773e-01
4.937756061553955078e-01
6.689885258674621582e-01
7.957365512847900391e-01
1.388553082942962646e-01
2.252684235572814941e-01
9.894298911094665527e-01
9.723741412162780762e-01
9.288331270217895508e-01
5.540116429328918457e-01
9.881336092948913574e-01
9.849498271942138672e-01
9.944677352905273438e-01
8.609323501586914062e-01
9.597349762916564941e-01
8.112348318099975586e-01
9.912853240966796875e-01
4.071545600891113281e-01
1.468175947666168213e-01
9.902877807617187500e-01
9.736731648445129395e-01
9.754171371459960938e-01
9.876766204833984375e-01
9.858510494232177734e-01
9.776749014854431152e-01
9.970911145210266113e-01
9.567371010780334473e-01
9.882057905197143555e-01
9.876717925071716309e-01
9.885824918746948242e-01
9.862931966781616211e-01
9.665722250938415527e-01
9.884169697761535645e-01
9.637681841850280762e-01
9.367040395736694336e-01
9.876095652580261230e-01
9.848771691322326660e-01
9.960533380508422852e-01
9.898237586021423340e-01
9.758278131484985352e-01
9.863471388816833496e-01
8.700035214424133301e-01
6.939719319343566895e-01
8.765691518783569336e-01
4.892292320728302002e-01
9.919356703758239746e-01
9.816061258316040039e-01
9.649174213409423828e-01
8.802091479301452637e-01
9.190350770950317383e-01
9.401647448539733887e-01
9.106079936027526855e-01
8.970088362693786621e-01
9.943479299545288086e-01
9.673144221305847168e-01
9.982758760452270508e-01
9.534131288528442383e-01
9.541645050048828125e-01
