7.470741279136675628e-01
7.989716349312891985e-01
5.657427301820672216e-01
6.695177120072213217e-01
5.182020414548997866e-01
6.105035881583507074e-01
7.117273932895981092e-01
6.831534495577216148e-01
8.142979099200322590e-01
7.240418112621858082e-01
6.593029547769290177e-01
6.610985982876557143e-01
6.565361054470906232e-01
7.277758522675588093e-01
5.809820323036267720e-01
6.311979374060263659e-01
6.422049534650375868e-01
6.288049491122364998e-01
8.370134860563737123e-01
7.024483707231971019e-01
8.959264250902029270e-01
8.918109318384757067e-01
8.223897241629086752e-01
7.932376779902440278e-01
8.671727111706366564e-01
9.671457226459796441e-01
7.429622517755398725e-01
8.206295042227094161e-01
9.881390195626479356e-01
9.793897408705490859e-01
9.334070957623995524e-01
9.587921408506540066e-01
9.872769300754253852e-01
9.768891609632052164e-01
9.660364572818462836e-01
9.568537152730501871e-01
9.655116842343256511e-01
7.263443508821253447e-01
6.965386489262948011e-01
8.314574601558538669e-01
9.406168575470263971e-01
6.213714700648919065e-01
7.888894364094505285e-01
9.777074364515451199e-01
9.746125753109271539e-01
8.276057271173508090e-01
6.297906928588278275e-01
9.150617214349600070e-01
6.792845565539139541e-01
7.631943874920790183e-01
7.326374124162472468e-01
7.778035413760405747e-01
7.405077121578730326e-01
8.288987599886380453e-01
8.216706766532018147e-01
7.001529250007408889e-01
6.392952596338895566e-01
6.611961328711074559e-01
7.730038693317999865e-01
7.136790249496698380e-01
6.476850889891745400e-01
5.015104108046776199e-01
8.915162109411679525e-01
8.141296419959801467e-01
9.073074689278235461e-01
7.469045459651030283e-01
9.680502552252548965e-01
9.035984300650082846e-01
8.415580540895462036e-01
8.372374045721751035e-01
9.035317026651822347e-01
9.806336898070114882e-01
9.899949844066913140e-01
9.893055695753830703e-01
9.358811791126544488e-01
7.199879723837232515e-01
8.756594766791050422e-01
9.427407360993899088e-01
9.504243731498718262e-01
8.517133226761450793e-01
9.795689032627985515e-01
9.056352199628375788e-01
9.341340019152715168e-01
8.772385354319479633e-01
8.565138864975708755e-01
8.872481196975479101e-01
9.626422295203576063e-01
9.285345856960003363e-01
9.016759493746436815e-01
8.166739618620619812e-01
8.344464209468032134e-01
4.134229095384048813e-01
9.870311342752896566e-01
9.738244414329528809e-01
9.822407456544729465e-01
9.589874469316922445e-01
9.295007861577547770e-01
9.624613615182729953e-01
9.399385223021874403e-01
9.280256491440993516e-01
9.445662956971389024e-01
