3.986023832112550735e-03
4.866829812526702881e-01
2.126770764589309692e-01
8.487565442919731140e-03
2.097361866617575288e-04
1.982464492321014404e-01
2.691330909729003906e-01
5.857514217495918274e-03
1.240495778620243073e-02
1.944266855716705322e-01
2.293280363082885742e-01
3.741216957569122314e-01
5.827044695615768433e-02
7.009870372712612152e-03
6.054090857505798340e-01
2.666201293468475342e-01
2.096706815063953400e-02
1.059922389686107635e-03
3.911466896533966064e-01
5.441206693649291992e-01
7.433704286813735962e-02
2.248538471758365631e-02
1.980459839105606079e-01
3.377336561679840088e-01
3.289208114147186279e-01
3.659161925315856934e-02
3.720614404301159084e-05
7.912921137176454067e-05
2.101486176252365112e-01
1.042809803038835526e-03
1.678143162280321121e-03
4.500731229782104492e-01
2.638497054576873779e-01
1.610785606317222118e-03
1.750400522723793983e-03
1.998103708028793335e-01
2.089418470859527588e-02
1.382009359076619148e-03
6.285808980464935303e-03
5.346700859831798880e-08
2.865868282242445275e-06
7.591327428817749023e-01
4.185502603650093079e-02
1.847308012656867504e-03
4.044069051742553711e-01
3.280933573842048645e-02
1.985131353139877319e-01
6.247459445148706436e-03
6.456544399261474609e-01
2.109440267086029053e-01
1.956580206751823425e-02
4.331796243786811829e-02
4.201360046863555908e-03
1.260877400636672974e-02
8.046734333038330078e-01
2.130066156387329102e-01
3.186051500961184502e-03
3.981359004974365234e-01
3.146801292896270752e-01
1.849309206008911133e-01
1.094264327548444271e-03
6.184133887290954590e-01
1.521217972040176392e-01
1.715372949838638306e-01
1.152417971752583981e-03
4.308631643652915955e-03
2.992672962136566639e-04
1.275086849927902222e-01
2.110286504030227661e-01
1.877777278423309326e-02
1.736045000143349171e-03
2.943715266883373260e-02
2.066390812397003174e-01
1.834912109188735485e-03
1.733219251036643982e-03
5.970949679613113403e-02
2.280559688806533813e-01
1.822793185710906982e-01
9.562766645103693008e-04
3.549326909705996513e-03
4.099723398685455322e-01
1.185419708490371704e-01
1.896548643708229065e-02
4.316010978072881699e-03
8.465809822082519531e-01
1.487335935235023499e-02
2.192042395472526550e-02
2.043919414281845093e-01
3.993869200348854065e-02
3.247150778770446777e-02
1.764945834875106812e-01
1.555714174173772335e-03
7.375088986009359360e-03
6.057174205780029297e-01
3.582827746868133545e-02
1.632348820567131042e-02
1.521524274721741676e-03
7.904983162879943848e-01
2.279226630926132202e-01
6.287374068051576614e-03
2.808125019073486328e-01
7.232417166233062744e-02
1.938682049512863159e-01
1.055706664919853210e-02
7.419541943818330765e-04
1.917603731271810830e-05
6.049868464469909668e-01
1.081285700201988220e-01
1.194510981440544128e-01
7.583260536193847656e-03
4.072869420051574707e-01
1.052889041602611542e-02
1.844409257173538208e-01
3.746453821659088135e-01
3.345888257026672363e-01
7.493933290243148804e-02
3.424654528498649597e-02
5.571533984038978815e-05
8.132812945405021310e-05
2.556541860103607178e-01
8.972228318452835083e-02
1.528787463903427124e-01
1.234171650139614940e-04
3.962296843528747559e-01
2.352939248085021973e-01
6.219533458352088928e-02
1.377036329358816147e-03
1.865213550627231598e-02
1.882167905569076538e-01
8.243880420923233032e-02
3.519184538163244724e-04
7.466674287570640445e-05
2.148687243461608887e-01
2.107992209494113922e-02
1.130261272192001343e-01
3.449786687269806862e-03
4.263396859169006348e-01
4.381639510393142700e-02
2.095591574907302856e-01
2.447391394525766373e-03
4.167295098304748535e-01
2.286058664321899414e-02
6.468167901039123535e-02
7.834730204194784164e-04
1.059372516465373337e-04
6.138237118721008301e-01
2.771679461002349854e-01
2.112527005374431610e-02
3.100708709098398685e-04
6.177107691764831543e-01
1.694645583629608154e-01
2.407451272010803223e-01
3.973221778869628906e-02
3.936492800712585449e-01
1.999486237764358521e-01
1.133233215659856796e-02
1.472643925808370113e-04
1.179518149001523852e-04
7.648177146911621094e-01
1.353478282690048218e-01
1.904886774718761444e-02
2.351093888282775879e-01
7.923465967178344727e-01
5.920434743165969849e-02
5.855442956089973450e-02
1.488568261265754700e-02
4.041080176830291748e-01
7.625319063663482666e-03
4.077719449996948242e-01
2.031745314598083496e-01
2.048266679048538208e-01
2.831625938415527344e-01
1.411551535129547119e-01
2.669214643537998199e-02
3.971146643161773682e-01
3.980288803577423096e-01
1.755770444869995117e-01
3.156131505966186523e-02
6.612435579299926758e-01
2.128568142652511597e-01
5.637921690940856934e-01
2.414747476577758789e-01
2.212252914905548096e-01
1.843900972744449973e-04
2.287192195653915405e-01
3.164850771427154541e-01
5.978181958198547363e-03
9.364296565763652325e-04
3.483405336737632751e-02
2.052000015974044800e-01
3.593299910426139832e-02
2.065908920485526323e-04
4.429717734456062317e-02
3.923542499542236328e-01
3.411112725734710693e-01
2.077169716358184814e-01
2.796449552988633513e-05
7.928706407546997070e-01
6.453929236158728600e-04
8.484307327307760715e-04
6.177864670753479004e-01
8.346334099769592285e-03
1.136734426836483181e-04
1.434320933185517788e-03
1.979580521583557129e-01
1.553078442811965942e-01
2.626993060111999512e-01
1.548270508646965027e-02
3.390230536460876465e-01
1.086787165149871726e-06
4.362832307815551758e-01
1.953901946544647217e-01
2.515214029699563980e-03
1.580233871936798096e-01
4.499539732933044434e-02
1.851506233215332031e-01
1.561537012457847595e-02
3.445762693881988525e-01
2.200436592102050781e-01
1.949171125888824463e-01
4.902600124478340149e-02
3.032562136650085449e-01
2.014821628108620644e-03
7.040506601333618164e-01
2.500627040863037109e-01
2.930244207382202148e-01
3.051820397377014160e-02
5.327058956027030945e-02
1.912929117679595947e-01
6.260937452316284180e-02
5.405158735811710358e-04
3.443262726068496704e-02
7.967082411050796509e-02
4.634070023894309998e-02
5.739295482635498047e-01
5.195177509449422359e-04
2.082710862159729004e-01
2.165379971265792847e-01
3.682264387607574463e-01
1.110841613262891769e-02
5.856856107711791992e-01
2.638854980468750000e-01
3.107238560914993286e-02
4.379358291625976562e-01
2.135740518569946289e-01
4.951102137565612793e-01
3.791193962097167969e-01
4.053688347339630127e-01
5.842819809913635254e-03
3.030656576156616211e-01
1.581204086542129517e-01
2.310130745172500610e-01
2.299022674560546875e-02
1.962972134351730347e-01
1.305081136524677277e-02
4.292046651244163513e-02
5.834147334098815918e-01
2.352325767278671265e-01
1.866207867860794067e-01
5.725069716572761536e-02
3.797959685325622559e-01
3.660714355646632612e-05
4.654530882835388184e-01
2.328408211469650269e-01
3.913426399230957031e-01
6.591257639229297638e-03
4.070058166980743408e-01
5.427247285842895508e-01
2.483907341957092285e-01
3.884885907173156738e-01
7.491397112607955933e-02
3.934835791587829590e-01
6.741549819707870483e-03
4.008522033691406250e-01
1.869252999313175678e-03
6.265861988067626953e-01
2.624354362487792969e-01
3.804845809936523438e-01
8.494432084262371063e-03
1.067669596523046494e-02
1.106736510992050171e-01
3.910084068775177002e-01
3.214177489280700684e-02
9.309856593608856201e-02
2.533735334873199463e-01
3.697558119893074036e-02
7.813198566436767578e-01
7.233063224703073502e-03
4.218845963478088379e-01
5.551310181617736816e-01
2.693990767002105713e-01
4.174473229795694351e-03
5.015227198600769043e-01
3.895235657691955566e-01
3.433609306812286377e-01
3.065640293061733246e-02
4.299879670143127441e-01
3.547094762325286865e-01
2.230809777975082397e-01
4.012497663497924805e-01
1.992108672857284546e-02
4.020040631294250488e-01
2.246532887220382690e-01
1.957350671291351318e-01
2.534494735300540924e-02
3.920668065547943115e-01
2.619970440864562988e-01
3.810315132141113281e-01
8.001898974180221558e-02
1.953194439411163330e-01
2.449434995651245117e-01
7.301251590251922607e-02
4.037873148918151855e-01
7.148481131480366457e-07
5.112453103065490723e-01
1.720071583986282349e-01
1.788458973169326782e-01
1.186142768710851669e-02
3.953835964202880859e-01
1.023018732666969299e-02
2.010292559862136841e-01
1.477008312940597534e-02
1.941909790039062500e-01
2.773161530494689941e-01
6.912819743156433105e-01
1.867390871047973633e-01
3.607789874076843262e-01
5.467552319169044495e-02
1.988360881805419922e-01
5.809085443615913391e-03
6.597115658223628998e-03
4.074631631374359131e-02
3.794156312942504883e-01
1.738463342189788818e-01
1.637584879063069820e-03
4.896351695060729980e-02
5.996831059455871582e-01
4.006433784961700439e-01
4.332284629344940186e-01
1.957614421844482422e-01
4.324338138103485107e-01
4.730699360370635986e-01
1.855276376008987427e-01
3.988819420337677002e-01
2.132729999721050262e-02
3.366084396839141846e-01
9.726731479167938232e-02
9.661989286541938782e-03
1.574539951980113983e-02
3.321196138858795166e-01
6.954655647277832031e-01
7.853844165802001953e-01
2.057100832462310791e-01
6.036901473999023438e-01
2.307373434305191040e-01
1.807095250114798546e-04
5.864756703376770020e-01
5.968093872070312500e-02
1.900306046009063721e-01
4.224920645356178284e-03
7.767893671989440918e-01
2.224834710359573364e-01
8.459072560071945190e-02
6.348823010921478271e-02
2.359839379787445068e-01
3.188026249408721924e-01
3.982360064983367920e-01
3.262038528919219971e-01
2.124221175909042358e-01
1.981544047594070435e-01
4.145606756210327148e-01
7.308327555656433105e-01
1.942894458770751953e-01
1.830815803259611130e-03
1.358213089406490326e-02
3.205095529556274414e-01
1.999754011631011963e-01
2.379241287708282471e-01
2.444357872009277344e-01
2.606526017189025879e-01
4.278199672698974609e-01
2.141271233558654785e-01
4.355558380484580994e-02
9.347954392433166504e-02
6.381698846817016602e-01
9.903135895729064941e-02
1.706623123027384281e-03
4.073152691125869751e-02
1.752589195966720581e-01
6.207226514816284180e-01
6.266806721687316895e-01
2.759414315223693848e-01
4.339454770088195801e-01
1.913218498229980469e-01
4.670453369617462158e-01
1.510941982269287109e-02
4.455005228519439697e-01
1.983205974102020264e-01
3.756356239318847656e-02
3.934251070022583008e-01
1.741204410791397095e-02
4.602007269859313965e-01
4.113364815711975098e-01
5.961869359016418457e-01
3.076893687248229980e-01
8.301172256469726562e-01
2.080448716878890991e-02
6.965162754058837891e-01
4.654840752482414246e-02
4.399323463439941406e-01
2.187078893184661865e-01
3.614297136664390564e-02
4.105538129806518555e-01
5.903872847557067871e-01
1.826567053794860840e-01
5.780183151364326477e-02
3.957404494285583496e-01
3.027876615524291992e-01
7.906576991081237793e-01
3.612984120845794678e-01
4.005251526832580566e-01
1.012470200657844543e-02
6.395330429077148438e-01
5.533820763230323792e-02
6.611683368682861328e-01
1.835319399833679199e-01
2.359230667352676392e-01
5.961580276489257812e-01
1.641472578048706055e-01
8.666383028030395508e-01
5.902241468429565430e-01
6.061000823974609375e-01
1.169780045747756958e-01
4.487112164497375488e-01
2.460465021431446075e-02
3.945946693420410156e-01
7.946930080652236938e-02
5.334417223930358887e-01
1.986120492219924927e-01
1.024644225835800171e-01
3.520480096340179443e-01
4.626513123512268066e-01
1.100856587290763855e-01
2.242483049631118774e-01
7.321960926055908203e-01
5.060306191444396973e-01
3.899786174297332764e-01
5.331168416887521744e-03
5.308299064636230469e-01
8.521922677755355835e-02
2.487441152334213257e-01
4.934514872729778290e-04
3.906571865081787109e-01
3.051113188266754150e-01
8.267781697213649750e-03
4.072681367397308350e-01
9.409468621015548706e-02
3.332892954349517822e-01
3.029726445674896240e-01
5.918921232223510742e-01
1.174869015812873840e-02
7.840558290481567383e-01
4.122432470321655273e-01
5.672286748886108398e-01
3.028332069516181946e-02
3.914692103862762451e-01
5.581600591540336609e-02
1.991589963436126709e-01
2.680386006832122803e-01
2.030131965875625610e-01
8.195959329605102539e-01
2.170485258102416992e-01
5.744570493698120117e-01
3.566041961312294006e-02
4.778611660003662109e-01
1.643924117088317871e-01
7.940536737442016602e-01
8.634015172719955444e-02
3.795790374279022217e-01
6.325292587280273438e-02
3.145171403884887695e-01
2.193908393383026123e-01
1.734954863786697388e-02
2.368464171886444092e-01
5.541962385177612305e-01
2.278675585985183716e-01
2.623122883960604668e-03
9.898539632558822632e-03
1.539741307497024536e-01
2.035349160432815552e-01
3.270608140155673027e-03
1.137605402618646622e-02
3.859222531318664551e-01
2.396476827561855316e-02
5.355852842330932617e-01
4.070178270339965820e-01
1.200361400842666626e-01
2.767698466777801514e-01
4.354297742247581482e-02
2.415805589407682419e-03
5.296474695205688477e-02
2.354963496327400208e-02
1.445184461772441864e-02
6.324778660200536251e-04
2.034205384552478790e-02
5.329624190926551819e-02
5.210421234369277954e-02
4.118460118770599365e-01
3.873265981674194336e-01
6.940533407032489777e-03
2.203066647052764893e-01
3.210971772205084562e-04
2.874097786843776703e-03
1.240555346012115479e-01
5.094984173774719238e-02
1.679702848196029663e-02
5.447833100333809853e-04
3.915264084935188293e-02
2.577906250953674316e-01
2.272671014070510864e-01
1.217900514602661133e-01
4.815409183502197266e-01
2.461614459753036499e-02
3.609186410903930664e-02
3.322634100914001465e-01
4.681647289544343948e-03
8.759897947311401367e-02
4.037422239780426025e-01
2.917202115058898926e-01
9.362865239381790161e-03
4.084861278533935547e-02
3.193489015102386475e-01
2.014122605323791504e-01
5.764943957328796387e-01
2.542501091957092285e-01
1.132147386670112610e-03
1.179321110248565674e-01
2.157843410968780518e-01
1.309475861489772797e-02
7.435399107635021210e-03
5.771006941795349121e-01
5.080299824476242065e-02
5.050184199717477895e-07
3.084554895758628845e-02
1.914720684289932251e-01
5.980099439620971680e-01
6.519337892532348633e-01
3.929454088211059570e-01
4.740140214562416077e-02
2.364744842052459717e-01
3.943997621536254883e-01
9.876432159217074513e-05
1.954368490260094404e-04
8.470629900693893433e-02
7.240338623523712158e-02
5.917578237131237984e-04
4.098213091492652893e-02
5.284190177917480469e-03
1.406067311763763428e-01
6.082053780555725098e-01
5.257207751274108887e-01
1.223348546773195267e-02
4.590145871043205261e-02
5.888639688491821289e-01
7.513166964054107666e-02
1.586123486049473286e-03
1.897469535470008850e-02
1.919895857572555542e-01
6.303956266492605209e-03
2.968291938304901123e-02
5.336220860481262207e-01
5.250285030342638493e-04
8.495485782623291016e-01
2.209418453276157379e-02
2.330080140382051468e-03
2.280542999505996704e-01
4.328418076038360596e-01
1.324428468942642212e-01
4.707416228484362364e-04
1.938110291957855225e-01
2.813421189785003662e-01
1.973277032375335693e-01
4.331348091363906860e-02
3.621487617492675781e-01
1.592152714729309082e-01
5.691704750061035156e-01
1.479484140872955322e-01
1.084177009761333466e-02
1.726901829242706299e-01
3.695092201232910156e-01
1.806815862655639648e-01
4.758347349707037210e-04
3.149637579917907715e-02
7.520435452461242676e-01
8.499126881361007690e-02
3.420771390665322542e-04
4.343622624874114990e-01
3.989151418209075928e-01
2.240481525659561157e-01
6.492561660706996918e-04
1.305829361081123352e-02
2.334273904561996460e-01
6.223052740097045898e-01
1.181085407733917236e-02
2.180629380745813251e-04
4.125543683767318726e-02
5.690098404884338379e-01
1.192690283060073853e-01
7.495183381251990795e-04
1.672665029764175415e-02
2.449753135442733765e-01
8.037913441658020020e-01
5.283219814300537109e-01
1.992982067167758942e-02
3.890442848205566406e-01
5.864800214767456055e-01
1.444585472345352173e-01
1.131774857640266418e-02
3.519307672977447510e-01
3.897049129009246826e-01
9.096111170947551727e-03
2.933268900960683823e-03
3.104605153203010559e-02
3.200208246707916260e-01
4.059447348117828369e-01
2.494865357875823975e-01
1.485727075487375259e-02
5.896366238594055176e-01
4.389622062444686890e-02
2.253560125827789307e-01
2.233372814953327179e-02
5.987563729286193848e-02
2.739978581666946411e-02
5.872892141342163086e-01
2.045717835426330566e-02
6.695036310702562332e-03
1.070550456643104553e-01
8.745183348655700684e-01
2.014664560556411743e-01
5.049302428960800171e-02
4.573855996131896973e-01
3.761640787124633789e-01
5.946764945983886719e-01
2.119204960763454437e-02
3.579548299312591553e-01
2.331309765577316284e-02
4.062357544898986816e-01
2.290130257606506348e-01
1.237566918134689331e-01
4.554451704025268555e-01
7.384930849075317383e-01
1.972682178020477295e-01
1.897976547479629517e-02
4.650352001190185547e-01
1.930784881114959717e-01
2.117553912103176117e-02
1.533765811473131180e-02
5.228601098060607910e-01
2.599823102355003357e-02
1.166187110356986523e-03
4.361751675605773926e-02
5.148648633621633053e-04
3.457079529762268066e-01
5.999628305435180664e-01
3.740873336791992188e-01
3.617457987274974585e-04
3.731576204299926758e-01
2.208880037069320679e-01
1.548373606055974960e-02
1.969843804836273193e-01
2.350843399763107300e-01
1.872403174638748169e-02
2.182243913412094116e-01
5.045874789357185364e-02
5.750274658203125000e-01
1.055699028074741364e-02
2.128771245479583740e-01
1.754326373338699341e-01
4.659349098801612854e-02
5.475625991821289062e-01
1.679922193288803101e-01
5.667103454470634460e-02
4.030696749687194824e-01
1.882179826498031616e-02
8.651161193847656250e-02
6.249017715454101562e-01
4.636929929256439209e-02
1.191561808809638023e-03
2.711969316005706787e-01
4.736213982105255127e-01
1.722704917192459106e-01
2.238887697458267212e-01
7.940508127212524414e-01
3.037371635437011719e-01
5.740720406174659729e-02
5.949842929840087891e-01
2.972152456641197205e-02
2.836821675300598145e-01
3.756563067436218262e-01
1.656605899333953857e-01
1.993910372257232666e-01
2.068304866552352905e-01
7.895750999450683594e-01
3.964707851409912109e-01
2.053768839687108994e-03
5.939273238182067871e-01
1.903435140848159790e-01
1.031420081853866577e-01
7.577582001686096191e-01
4.182635247707366943e-02
4.539930522441864014e-01
2.915567755699157715e-01
2.339359559118747711e-02
4.368507862091064453e-01
1.181249693036079407e-01
7.881048917770385742e-01
3.634917438030242920e-01
6.383509840816259384e-03
5.640450119972229004e-01
2.727222442626953125e-02
2.378116920590400696e-02
1.979355812072753906e-01
3.054951503872871399e-02
5.169533193111419678e-02
1.180746033787727356e-01
4.649862647056579590e-01
3.627937287092208862e-02
2.058147042989730835e-01
4.012466669082641602e-01
3.890095651149749756e-01
3.282364308834075928e-01
2.129576504230499268e-01
3.879933953285217285e-01
3.021354228258132935e-02
4.073163270950317383e-01
2.051353268325328827e-02
4.047877490520477295e-01
1.728686876595020294e-02
5.905334949493408203e-01
4.209167063236236572e-01
2.203543335199356079e-01
2.096347361803054810e-01
2.146005630493164062e-01
1.448890846222639084e-02
5.985288619995117188e-01
2.081747651100158691e-01
2.990889176726341248e-02
5.887629389762878418e-01
1.937649771571159363e-02
3.119126558303833008e-01
1.775103658437728882e-01
2.283829599618911743e-01
2.290036380290985107e-01
2.839991748332977295e-01
4.228726029396057129e-01
4.510437250137329102e-01
8.379887789487838745e-02
6.030269861221313477e-01
1.915345154702663422e-02
3.880342245101928711e-01
4.055062532424926758e-01
2.211629450321197510e-01
3.728987183421850204e-03
1.973500102758407593e-01
1.595235802233219147e-02
3.995971977710723877e-01
1.931281015276908875e-02
5.537540912628173828e-01
1.492497473955154419e-01
6.646654102951288223e-03
3.412847518920898438e-01
1.494978517293930054e-01
2.217681147158145905e-02
1.844077706336975098e-01
3.438990935683250427e-02
1.102214306592941284e-01
2.438338415231555700e-04
1.717086285352706909e-01
2.807129919528961182e-02
7.988985627889633179e-02
2.529237568378448486e-01
8.002002537250518799e-02
1.588671058416366577e-01
8.928177878260612488e-03
4.354342222213745117e-01
1.458578109741210938e-01
5.849024057388305664e-01
3.669022815302014351e-03
2.916944585740566254e-02
2.164379656314849854e-01
1.178548634052276611e-01
3.698273212648928165e-04
2.286846637725830078e-01
5.996119976043701172e-01
3.398655056953430176e-01
2.624534629285335541e-02
5.000064373016357422e-01
5.789986252784729004e-02
3.683612216264009476e-03
2.615969181060791016e-01
4.958078563213348389e-01
1.094953939318656921e-01
3.701692819595336914e-01
2.153912782669067383e-01
1.838590055704116821e-01
2.591122388839721680e-01
2.063401490449905396e-01
5.816676616668701172e-01
1.913043409585952759e-01
6.012557744979858398e-01
2.405253797769546509e-01
2.974059432744979858e-02
5.900242328643798828e-01
8.765862882137298584e-02
3.011125326156616211e-01
2.020204365253448486e-01
2.391580939292907715e-01
5.622725486755371094e-01
3.847973048686981201e-02
5.485383868217468262e-01
1.634379029273986816e-01
4.483132064342498779e-02
5.599156618118286133e-01
1.683075577020645142e-01
4.527549073100090027e-02
3.913297951221466064e-01
5.652204900979995728e-02
1.203774362802505493e-01
2.073929645121097565e-02
2.650616690516471863e-02
5.386635661125183105e-02
1.067701727151870728e-01
2.086638361215591431e-01
5.262034535408020020e-01
3.745419532060623169e-02
3.105874061584472656e-01
5.965582132339477539e-01
2.103952914476394653e-01
5.872015357017517090e-01
1.425653100013732910e-01
5.980642512440681458e-03
3.652485786005854607e-03
5.703617334365844727e-01
1.552465856075286865e-01
2.047497481107711792e-01
5.902875661849975586e-01
4.215096831321716309e-01
9.777413652045652270e-07
3.152031898498535156e-01
2.632970213890075684e-01
1.124958973377943039e-02
1.966318041086196899e-01
2.156327515840530396e-01
1.063230261206626892e-02
8.039453625679016113e-02
1.783938496373593807e-04
3.315806016325950623e-02
5.482091000885702670e-05
5.246646404266357422e-01
3.943829238414764404e-01
1.252350024878978729e-02
7.776761054992675781e-01
5.902887582778930664e-01
2.870292030274868011e-02
5.878392457962036133e-01
2.039048075675964355e-01
1.354279071092605591e-01
3.175830841064453125e-02
3.166899085044860840e-01
1.258679628372192383e-01
1.731123626232147217e-01
4.181563258171081543e-01
4.423077552928589284e-05
1.514571998268365860e-02
5.900663733482360840e-01
3.407923579216003418e-01
1.788724511861801147e-01
2.247499972581863403e-01
2.527623772621154785e-01
4.182191565632820129e-02
3.402773058041930199e-03
7.405492663383483887e-02
5.702346935868263245e-02
2.777036428451538086e-01
4.841616451740264893e-01
6.086915135383605957e-01
1.304116286337375641e-02
3.999146819114685059e-01
2.539392374455928802e-02
3.627369999885559082e-01
2.401365488767623901e-01
2.769717276096343994e-01
6.567759439349174500e-03
7.232357859611511230e-01
1.942246407270431519e-02
1.994575262069702148e-01
2.094756513833999634e-01
4.053323566913604736e-01
1.162238866090774536e-01
5.187022034078836441e-03
5.981466770172119141e-01
1.579354405403137207e-01
1.896147578954696655e-01
6.062213778495788574e-01
2.743170559406280518e-01
3.225645923521369696e-04
5.803537368774414062e-01
2.534279525279998779e-01
1.339980363845825195e-01
4.653425421565771103e-03
4.028740525245666504e-01
3.367040157318115234e-01
8.537337183952331543e-03
5.974764227867126465e-01
1.028661876916885376e-01
2.936226725578308105e-01
1.975830495357513428e-01
1.504940241575241089e-01
7.793340086936950684e-01
3.873047828674316406e-01
4.017429426312446594e-02
5.702040195465087891e-01
2.563534975051879883e-01
4.025557041168212891e-01
1.008838042616844177e-02
1.032321946695446968e-03
5.952332019805908203e-01
1.950431615114212036e-01
5.885342359542846680e-01
2.674149572849273682e-01
2.144145965576171875e-01
5.559797286987304688e-01
1.880578398704528809e-01
2.282392680644989014e-01
2.679196000099182129e-01
4.297723174095153809e-01
4.047808647155761719e-01
3.911266922950744629e-01
1.442020982503890991e-01
6.723133921623229980e-01
1.511669754981994629e-01
8.934122161008417606e-04
3.850119113922119141e-01
2.923400104045867920e-01
3.991181552410125732e-01
2.390073426067829132e-02
5.898853996768593788e-04
5.722905397415161133e-01
4.100179374217987061e-01
8.049277663230895996e-01
1.967453062534332275e-01
4.622286651283502579e-03
4.224157035350799561e-01
3.637999296188354492e-01
2.329585254192352295e-01
3.957614004611968994e-01
3.693697601556777954e-02
5.932041406631469727e-01
4.000120460987091064e-01
7.670596241950988770e-01
3.037365376949310303e-01
2.669268250465393066e-01
6.855918169021606445e-01
4.683308005332946777e-01
1.282240589262073627e-07
9.120927006006240845e-02
4.075396060943603516e-01
5.680211186408996582e-01
2.043511718511581421e-01
3.637345880270004272e-02
4.468690138310194016e-03
5.163735523819923401e-02
8.518570684827864170e-04
3.592860102653503418e-01
9.875475615262985229e-02
2.025719583034515381e-01
7.429167032241821289e-01
4.841707181185483932e-03
4.019807577133178711e-01
4.644305408000946045e-01
3.880680501461029053e-01
2.618544036522507668e-03
4.210403561592102051e-01
1.920432746410369873e-01
8.239279268309473991e-04
2.470313385128974915e-02
1.853918582201004028e-01
4.978483915328979492e-01
4.136837720870971680e-01
1.970672458410263062e-01
2.589031937532126904e-04
4.924929440021514893e-01
4.324568212032318115e-01
2.379568517208099365e-01
2.705770917236804962e-02
7.138084620237350464e-02
3.000411093235015869e-01
9.073470719158649445e-04
7.267327606678009033e-02
1.840161532163619995e-02
8.760129660367965698e-02
2.287061363458633423e-01
2.018726170063018799e-01
3.402106761932373047e-01
4.023373126983642578e-01
2.078014612197875977e-01
8.205486461520195007e-03
6.572366226464509964e-03
8.823645859956741333e-02
1.755241453647613525e-01
4.270073957741260529e-03
4.934051632881164551e-02
5.832936167716979980e-01
9.602213278412818909e-03
5.989985466003417969e-01
3.775362670421600342e-01
7.635832577943801880e-02
7.524782419204711914e-01
2.264969944953918457e-01
2.938355207443237305e-01
2.227432280778884888e-02
5.127219855785369873e-02
4.292007982730865479e-01
8.916297554969787598e-02
5.798776075243949890e-02
5.126947164535522461e-01
1.705468446016311646e-01
5.646579861640930176e-01
2.888780832290649414e-01
1.383756250143051147e-01
5.881764888763427734e-01
2.114210575819015503e-01
3.204078078269958496e-01
2.225873246788978577e-02
1.795488297939300537e-01
3.515481054782867432e-01
9.842710196971893311e-02
2.818643115460872650e-03
2.559177763760089874e-02
3.942874073982238770e-01
7.809156179428100586e-01
1.961623579263687134e-01
4.389459267258644104e-03
3.076606094837188721e-01
9.758893400430679321e-02
2.038275301456451416e-01
2.092724740505218506e-01
9.562296420335769653e-02
5.855280756950378418e-01
1.763973683118820190e-01
3.059754613786935806e-03
4.736839979887008667e-02
3.791001737117767334e-01
9.877060651779174805e-01
4.630104899406433105e-01
5.746975541114807129e-03
2.918063104152679443e-02
2.010115385055541992e-01
4.140811562538146973e-01
4.251131415367126465e-02
4.471616446971893311e-01
1.436450891196727753e-02
3.959186971187591553e-01
2.034943997859954834e-01
4.756877571344375610e-02
1.263444423675537109e-01
9.897308945655822754e-01
1.999221295118331909e-01
1.870675086975097656e-01
7.923699617385864258e-01
2.155585736036300659e-01
3.635842204093933105e-01
3.129974380135536194e-02
3.971971273422241211e-01
4.800288081169128418e-01
3.958322405815124512e-01
3.332636132836341858e-02
4.072474837303161621e-01
2.191236317157745361e-01
1.015740167349576950e-02
4.273400604724884033e-01
1.235684379935264587e-02
2.966697812080383301e-01
2.438355386257171631e-01
1.041496451944112778e-02
3.197480365633964539e-02
1.965998113155364990e-01
1.937055736780166626e-01
1.272024959325790405e-01
2.100964449346065521e-02
1.309430897235870361e-01
7.759436964988708496e-02
7.141423225402832031e-01
2.237444277852773666e-03
1.702570915222167969e-01
7.855761051177978516e-01
7.165525853633880615e-02
6.856768727302551270e-01
8.500575274229049683e-02
3.951062560081481934e-01
3.762928247451782227e-01
1.806480139493942261e-01
5.891758203506469727e-01
1.489465311169624329e-02
3.451622426509857178e-01
6.003577113151550293e-01
4.959124326705932617e-01
4.494920722208917141e-05
4.286554157733917236e-01
5.998051166534423828e-02
4.000578522682189941e-01
1.916004531085491180e-02
3.907420337200164795e-01
2.678179647773504257e-03
6.400448828935623169e-02
5.898598432540893555e-01
2.414507865905761719e-01
4.913493245840072632e-02
2.358122766017913818e-01
3.396971151232719421e-02
7.978360168635845184e-03
4.731903672218322754e-01
2.439164817333221436e-01
7.952211499214172363e-01
5.033014714717864990e-02
4.021272361278533936e-01
1.934283524751663208e-01
1.571350917220115662e-02
1.930326819419860840e-01
4.188142716884613037e-02
5.714240074157714844e-01
4.026944339275360107e-01
6.298787593841552734e-01
2.235304797068238258e-03
4.626073539257049561e-01
2.430217415094375610e-01
3.915973007678985596e-01
2.426196336746215820e-01
5.895533561706542969e-01
2.791189253330230713e-01
5.667356848716735840e-01
1.963565051555633545e-01
6.915680319070816040e-02
1.498865429311990738e-02
9.904274344444274902e-01
6.092290878295898438e-01
4.802031617145985365e-04
7.896144390106201172e-01
5.221583694219589233e-02
2.012964189052581787e-01
2.160334587097167969e-01
1.991641372442245483e-01
5.988592654466629028e-02
5.239329859614372253e-02
6.307246536016464233e-02
9.073565714061260223e-03
5.286375060677528381e-02
5.771171450614929199e-01
5.906943082809448242e-01
1.124926563352346420e-02
3.996706008911132812e-01
1.626214087009429932e-01
4.407392069697380066e-02
2.420534044504165649e-01
2.019852697849273682e-01
1.972239315509796143e-01
2.073246613144874573e-02
5.719298124313354492e-01
1.929330453276634216e-02
1.991635411977767944e-01
4.605594575405120850e-01
5.511717796325683594e-01
3.058791346848011017e-02
2.706519067287445068e-01
2.188181281089782715e-01
5.637589097023010254e-01
2.061406075954437256e-01
3.891992568969726562e-01
2.302354425191879272e-01
2.358868122100830078e-01
3.834640085697174072e-01
1.487148851156234741e-01
1.545793265104293823e-01
6.009742021560668945e-01
5.568399429321289062e-01
2.022535353899002075e-01
5.013831853866577148e-01
4.944636672735214233e-02
5.689886808395385742e-01
4.132875055074691772e-02
5.889270305633544922e-01
2.053294144570827484e-02
8.961838483810424805e-02
5.850630402565002441e-01
2.365630567073822021e-01
1.640979759395122528e-02
4.981668293476104736e-01
5.860631465911865234e-01
8.179889991879463196e-03
6.051464676856994629e-01
4.480403661727905273e-01
5.888447165489196777e-01
3.431455790996551514e-02
5.897214412689208984e-01
3.388689458370208740e-02
4.184197187423706055e-01
2.624471485614776611e-02
5.923563241958618164e-01
3.134372085332870483e-02
3.471074700355529785e-01
3.671872913837432861e-01
1.668028980493545532e-01
4.618246853351593018e-01
2.406821697950363159e-01
3.515413030982017517e-03
9.059537202119827271e-02
4.468450546264648438e-01
3.535634279251098633e-02
6.585703492164611816e-01
3.724371790885925293e-01
2.476380765438079834e-01
5.451693534851074219e-01
5.917840003967285156e-01
2.965088188648223877e-01
5.264473729766905308e-04
3.978881835937500000e-01
2.380528748035430908e-01
2.024317681789398193e-01
3.521209210157394409e-02
9.049190282821655273e-01
2.486336827278137207e-01
5.726329088211059570e-01
3.882484436035156250e-01
6.467072665691375732e-02
7.749964594841003418e-01
3.735999763011932373e-01
1.359227753710001707e-04
5.958505440503358841e-03
5.086981058120727539e-01
3.955936431884765625e-01
3.541331291198730469e-01
2.965800166130065918e-01
3.727332353591918945e-01
2.233950793743133545e-01
4.207359254360198975e-01
4.441057741641998291e-01
4.988176822662353516e-01
4.017323553562164307e-01
3.494814336299896240e-01
1.126764342188835144e-01
4.398454446345567703e-03
7.877154350280761719e-01
1.155755668878555298e-01
2.045974833890795708e-04
2.056809216737747192e-01
2.049723118543624878e-01
5.858530998229980469e-01
1.504211127758026123e-01
3.957248926162719727e-01
2.130856178700923920e-02
3.638842403888702393e-01
5.979838371276855469e-01
4.995989799499511719e-01
6.986785680055618286e-03
3.995246589183807373e-01
3.367048501968383789e-02
2.217946499586105347e-01
1.957357078790664673e-01
1.978089511394500732e-01
2.258777469396591187e-01
3.912296891212463379e-01
2.131243199110031128e-01
4.523802548646926880e-02
3.062973916530609131e-01
6.040273904800415039e-01
1.968412399291992188e-01
1.679426133632659912e-01
5.647252798080444336e-01
1.696310788393020630e-01
3.251373395323753357e-02
1.088866740465164185e-01
1.948390603065490723e-01
3.856800198554992676e-01
3.413242697715759277e-01
6.538019329309463501e-02
3.929008245468139648e-01
1.313828974962234497e-01
3.756698668003082275e-01
3.833201229572296143e-01
1.049474440515041351e-02
4.607360661029815674e-01
4.504131078720092773e-01
4.177735447883605957e-01
4.150577634572982788e-02
5.853396654129028320e-01
3.236065506935119629e-01
2.319803535938262939e-01
3.863021433353424072e-01
3.736090362071990967e-01
4.675680100917816162e-01
3.062108755111694336e-01
5.795525312423706055e-01
2.598703652620315552e-02
4.181794524192810059e-01
2.659638822078704834e-01
2.253586202859878540e-01
1.874513626098632812e-01
4.096159636974334717e-01
2.061266154050827026e-01
6.004683375358581543e-01
3.875634372234344482e-01
3.896919190883636475e-01
3.244417160749435425e-02
