2.199872769415378571e-02
9.886333942413330078e-01
4.626857116818428040e-03
9.449319243431091309e-01
4.903587698936462402e-02
7.610979080200195312e-01
1.931836009025573730e-01
9.799568653106689453e-01
3.956599161028862000e-03
9.462267160415649414e-01
1.866858154535293579e-01
6.183091402053833008e-01
2.865567505359649658e-01
1.511750929057598114e-02
9.280607104301452637e-01
8.231823332607746124e-03
9.538385868072509766e-01
3.397119343280792236e-01
7.287675142288208008e-01
7.170887589454650879e-01
9.162023663520812988e-03
9.715431928634643555e-01
1.101440656930208206e-02
8.758474588394165039e-01
1.889799237251281738e-01
6.202378273010253906e-01
3.791238367557525635e-01
2.940460573881864548e-03
6.804150994867086411e-03
9.956707071978598833e-05
1.090429350733757019e-02
9.047745261341333389e-04
2.642053877934813499e-03
6.247513927519321442e-03
9.752079248428344727e-01
9.494628906250000000e-01
3.283498808741569519e-03
8.591972589492797852e-01
4.366493970155715942e-02
2.456364035606384277e-02
9.664642810821533203e-01
1.435830444097518921e-02
9.620901346206665039e-01
1.754053980112075806e-01
7.305165529251098633e-01
3.460737466812133789e-01
3.806374967098236084e-03
9.883717298507690430e-01
8.635163307189941406e-03
9.547840952873229980e-01
1.135157514363527298e-02
5.950427055358886719e-01
1.374716907739639282e-01
1.125624589622020721e-02
9.764259457588195801e-01
1.432573795318603516e-01
1.725177466869354248e-01
9.473215905018150806e-04
3.065363271161913872e-03
1.332737505435943604e-02
9.523719549179077148e-01
1.512624509632587433e-02
9.416037797927856445e-01
7.602217197418212891e-01
3.784380108118057251e-02
9.231287986040115356e-03
9.570662379264831543e-01
2.115707471966743469e-02
9.354264736175537109e-01
1.300922036170959473e-02
6.621590256690979004e-01
2.978396229445934296e-02
1.434308942407369614e-02
9.589997529983520508e-01
1.722961664199829102e-02
9.446732401847839355e-01
1.980860084295272827e-01
7.475866079330444336e-01
6.271228194236755371e-01
1.120604388415813446e-02
9.647157192230224609e-01
4.869029857218265533e-03
9.549802541732788086e-01
1.894669383764266968e-01
5.174087826162576675e-03
5.011441651731729507e-03
9.801117777824401855e-01
2.315287292003631592e-01
9.213725328445434570e-01
3.593717813491821289e-01
9.090038537979125977e-01
8.123825304210186005e-03
9.748840332031250000e-01
1.039887219667434692e-02
9.576742649078369141e-01
1.359781529754400253e-02
7.445796728134155273e-01
5.435801148414611816e-01
4.145269095897674561e-02
9.743059873580932617e-01
7.394413463771343231e-03
8.920392394065856934e-01
2.028319090604782104e-01
9.108380675315856934e-01
5.619902610778808594e-01
