6.953124403953552246e-01
6.282958984375000000e-01
6.024208068847656250e-01
2.307716161012649536e-01
8.496843278408050537e-02
9.372910857200622559e-02
5.833629146218299866e-02
1.139169409871101379e-01
2.675469778478145599e-02
1.036673318594694138e-03
1.329684555530548096e-01
3.835624873271825663e-11
1.106893792748451233e-01
8.100895583629608154e-02
2.704589962959289551e-01
1.011252286843955517e-03
6.392287556082010269e-03
2.487614005804061890e-01
8.939058333635330200e-02
1.318846493959426880e-01
1.790099777281284332e-02
3.022245168685913086e-01
3.030505776405334473e-02
8.253802545368671417e-03
3.196219215169548988e-03
4.158555343747138977e-02
2.963455472126952372e-06
1.953680766746401787e-03
1.915205866098403931e-01
8.169074058532714844e-01
4.409400571603327990e-04
2.055647224187850952e-02
1.338059604167938232e-01
1.068791821599006653e-01
2.037919163703918457e-01
1.800352947611827403e-05
1.201570779085159302e-01
1.083507910370826721e-01
3.516758084297180176e-01
1.649223715066909790e-01
1.211394518613815308e-01
2.319665160030126572e-03
4.227366298437118530e-02
8.923612833023071289e-01
7.789568901062011719e-01
1.695788651704788208e-01
2.172717638313770294e-02
1.901771128177642822e-01
1.786188632249832153e-01
1.683722995221614838e-02
2.090262621641159058e-01
4.124514292925596237e-03
2.171184271574020386e-01
3.790630400180816650e-02
7.581879198551177979e-02
1.668244302272796631e-01
4.626261943485587835e-05
8.973706960678100586e-01
7.644172310829162598e-01
7.852954864501953125e-01
4.662610962986946106e-02
6.576953921467065811e-03
1.829701513051986694e-01
3.609944251365959644e-04
5.812504887580871582e-02
3.121680952608585358e-02
1.115826517343521118e-02
4.409403481986373663e-04
1.372128352522850037e-02
6.137604638934135437e-02
6.751133129000663757e-03
7.993073463439941406e-01
8.440647125244140625e-01
5.269511938095092773e-01
5.258513092994689941e-01
5.895360372960567474e-03
2.205437421798706055e-02
1.534238010644912720e-01
1.517042964696884155e-01
1.081152539700269699e-02
9.157723933458328247e-02
1.195828989148139954e-01
5.832807437400333583e-05
7.390953600406646729e-02
7.998763769865036011e-02
9.995745420455932617e-01
4.510066509246826172e-01
5.692836046218872070e-01
9.287349134683609009e-02
1.345032155513763428e-01
5.919765308499336243e-02
6.743745505809783936e-02
8.829255402088165283e-02
6.268422305583953857e-02
3.945849090814590454e-02
1.523257931694388390e-03
1.817551553249359131e-01
1.746346708387136459e-03
1.366856992244720459e-01
9.855616688728332520e-01
7.498908042907714844e-01
9.919421672821044922e-01
1.823831796646118164e-01
2.689064145088195801e-01
3.564271703362464905e-02
4.869687929749488831e-02
4.899691417813301086e-02
3.983798902481794357e-03
4.359373450279235840e-02
8.202593773603439331e-02
6.801930430810898542e-05
1.223423406481742859e-01
1.375293135643005371e-01
6.487273573875427246e-01
8.390780091285705566e-01
8.071942925453186035e-01
2.138059353455901146e-03
3.015451431274414062e-01
2.477193623781204224e-01
1.988308131694793701e-01
7.125825504772365093e-04
1.416727751493453979e-01
2.022344470024108887e-01
9.308524749940261245e-05
1.898173987865447998e-02
9.937544912099838257e-02
1.645527631044387817e-01
5.988299846649169922e-01
5.890973806381225586e-01
5.996735095977783203e-01
5.367981791496276855e-01
1.444043219089508057e-01
1.711120903491973877e-01
8.076646178960800171e-02
9.750614315271377563e-02
3.917795047163963318e-02
2.081874012947082520e-01
1.781038372428156435e-05
1.286580562591552734e-01
1.881351172924041748e-01
3.524031639099121094e-01
8.423265218734741211e-01
8.623748421669006348e-01
5.999419093132019043e-01
1.639037877321243286e-01
1.290171742439270020e-01
6.907385773956775665e-03
2.387377172708511353e-01
1.484332233667373657e-01
1.870123669505119324e-02
8.135773241519927979e-02
1.922367489896714687e-03
1.481483727693557739e-01
8.872980833984911442e-04
1.158514693379402161e-01
7.955422401428222656e-01
6.106064319610595703e-01
7.960371971130371094e-01
1.120243221521377563e-01
1.788223683834075928e-01
4.338306840509176254e-03
9.257884323596954346e-02
7.896979153156280518e-02
5.603096261620521545e-02
2.185492664575576782e-01
3.995474055409431458e-02
1.238164259120821953e-05
7.637904584407806396e-02
2.887278795242309570e-01
3.999829590320587158e-01
8.867833614349365234e-01
6.523337364196777344e-01
1.818478479981422424e-02
2.433430552482604980e-01
5.711789056658744812e-02
3.473848849534988403e-02
1.599812060594558716e-01
9.936805069446563721e-02
1.583478301763534546e-01
1.537272930145263672e-01
1.011637598276138306e-01
1.165607422590255737e-01
1.560281515121459961e-01
7.208294868469238281e-01
9.877462387084960938e-01
6.082212924957275391e-01
1.533783227205276489e-01
5.579118803143501282e-02
1.078466176986694336e-01
3.685165941715240479e-02
1.538287997245788574e-01
2.411780357360839844e-01
1.209568753838539124e-01
3.087846329435706139e-03
9.439208358526229858e-02
2.948645688593387604e-02
8.835495263338088989e-02
9.835494756698608398e-01
9.803425669670104980e-01
8.389782309532165527e-01
1.712207496166229248e-01
7.548312842845916748e-02
1.081379782408475876e-02
2.561586163938045502e-02
1.012013643048703671e-03
7.959036529064178467e-02
1.239192709326744080e-01
3.374878317117691040e-02
4.215372882754309103e-06
7.241108105517923832e-04
1.149882078170776367e-01
6.720285415649414062e-01
7.987359762191772461e-01
8.023482561111450195e-01
3.430189099162817001e-04
1.820808947086334229e-01
8.324229158461093903e-03
1.080239042639732361e-01
1.363107562065124512e-01
7.791021466255187988e-02
3.406951949000358582e-02
1.315856277942657471e-01
1.301563680171966553e-01
1.278542280197143555e-01
1.486930064857006073e-03
