2.324491126738534030e-01
2.928611468523740768e-01
1.581736424802106522e-01
1.698255367131699112e-01
2.783589528228800902e-01
1.547113723736401880e-01
2.711639585217758830e-01
2.080318264452216681e-01
2.353012800068916832e-01
1.749653226266113526e-01
2.550048812699969858e-01
2.456738769735518635e-01
2.384120220511756760e-01
2.688483774769477863e-01
2.827431172101149345e-03
1.929669856917126392e-01
2.617841844492851400e-01
1.711765192762518817e-01
2.957119444304575628e-01
2.295868352442854421e-01
3.358819153912078748e-01
2.125818535170957702e-01
2.285171329606852653e-01
3.500754252653188181e-01
2.530672617985356698e-01
2.011510964393892209e-02
1.841275737194966733e-01
2.229043632777085449e-01
1.706873490318405184e-01
1.128827439719875952e-01
2.124546449541902249e-01
2.626030704660269333e-01
1.921441284475104705e-01
1.962933384933456538e-01
2.149575120901527636e-01
2.507333512185141444e-01
3.087739842236399967e-01
1.050409425699181873e-02
2.119208778159330925e-02
3.896889492259181936e-02
6.291066342293141420e-03
6.415247397058109272e-03
4.133765977721500645e-02
1.626572357692892754e-02
6.556695835787160198e-02
4.009297574702941347e-02
2.711958681447868003e-02
3.245308863307846351e-03
2.252579460901660557e-01
1.616579999197431117e-01
1.076138470270251446e-01
1.136112866045620590e-01
1.608850349950723957e-01
2.153966696065393871e-01
1.148733646677311121e-01
2.076865143445991990e-01
2.192257070646519423e-01
2.192777366154727015e-01
2.167116321956410185e-01
1.303122465704711075e-01
1.521347034966031297e-01
1.670936631089104396e-01
2.460532209776059853e-01
2.320987625420317391e-01
2.528209982778067966e-01
1.809171297220298347e-01
1.907491493587328280e-01
1.488944952199325045e-01
1.775337423224790101e-01
2.534206869733610090e-01
2.416827893780114644e-01
2.803006454302633954e-01
2.284279611418381928e-01
2.208609708960956042e-01
2.201637792078634803e-01
1.573061268487324638e-01
1.435349868910494597e-01
1.486470828017839030e-01
1.823277329542459246e-01
1.673795681697531346e-01
1.154189587273934253e-01
2.641061831180614994e-01
2.559672547017376454e-01
2.682772975769274759e-01
2.476182540636867879e-01
2.788220598953418117e-01
2.729629197503807281e-01
2.756862562690422513e-01
2.080536693823747674e-01
2.210933173238476546e-01
2.714017827000553829e-01
2.452916987714650887e-01
2.533382772257587456e-01
2.174518763712372793e-01
2.948275081227900718e-01
2.110244077056659673e-01
2.304504367275512777e-01
2.245451854487328092e-01
2.400170646101986993e-01
2.160418097180529240e-01
3.022939705371684993e-01
