2.684183073454841084e-01
2.738872494468237995e-01
2.436825905407694892e-01
2.491163680781376955e-01
2.643256949017389612e-01
9.900300237251576096e-02
2.309709805070954414e-01
2.493562850476518378e-01
2.666835260980681688e-01
1.967629615276325350e-01
2.411266769016822409e-01
3.474083809438504589e-01
4.094004912625796577e-01
3.224200021982994713e-01
1.096040529835310973e-01
2.452495989242967633e-01
2.949487034044697142e-01
1.701221493110901539e-01
2.231444911700085076e-01
2.598707026896572847e-01
2.588313246604893036e-01
1.620276886401774419e-01
2.399494882780963678e-01
2.743750587263558693e-01
2.948403945647835589e-01
7.831159478519111872e-02
3.974820531603794338e-01
2.548388424482707082e-01
3.311352945172704731e-01
3.158026450456908329e-01
5.168490088007484662e-01
3.603510956029192802e-01
5.134157370775938034e-01
6.174493992271331555e-01
4.391448063294004500e-01
5.035296402717134301e-01
4.297584513462005540e-01
2.325594505730030903e-01
7.090788292743337162e-02
4.072195914606989431e-02
2.337415266858023088e-01
1.885617956859190480e-01
1.420764305555621831e-02
2.240533687171801513e-02
1.634154095243922356e-01
1.163738737878492607e-01
1.303232813947593494e-01
8.822727672403428423e-02
3.517923486670239130e-01
3.408844239745051907e-01
3.097703312329098679e-01
3.999313981548766606e-01
3.859721544004376947e-01
3.661156490472002312e-01
4.003961666013275411e-01
5.062179661198780156e-01
5.627936177815382468e-01
4.108996522266422091e-01
3.837492245299621296e-01
1.773622613509360235e-01
4.368448780341728233e-01
3.820673057578879983e-01
2.466503431598819351e-01
1.859868987206185209e-01
3.979171366325912063e-01
2.560772139122734492e-01
3.030665400040631341e-01
3.487001474803456680e-01
3.641315848978523007e-01
2.537546244531922457e-01
3.321256752645937449e-01
4.669636283069849014e-01
4.225110359727226039e-01
5.085620689205825329e-01
4.097535529156000611e-01
4.518926979329150329e-01
2.892937713892164142e-01
3.084852161320248976e-01
3.254038202621114539e-01
2.623886663663702601e-01
3.404353432457495332e-01
3.088185224031713139e-01
3.952920443329030475e-01
3.918567093249976097e-01
4.827773251035978319e-01
3.607687767332838358e-01
4.747658627157551603e-01
3.645484082651539448e-01
3.797665533015941453e-01
4.462228547607373086e-01
3.359282204383355341e-01
3.803829482416264396e-01
3.630818359754182656e-01
4.097005878671605150e-01
5.149925608689395196e-01
4.787493704107663728e-01
4.613585225776590248e-01
3.953093526562532767e-01
4.248906592525040216e-01
3.563910243190968052e-01
4.537649551281132121e-01
