9.447355270385742188e-01
9.999946951866149902e-01
8.935004472732543945e-01
9.712212681770324707e-01
9.915918707847595215e-01
9.991490244865417480e-01
9.921734333038330078e-01
9.848439693450927734e-01
9.768224358558654785e-01
9.867334961891174316e-01
9.979479908943176270e-01
9.899365901947021484e-01
9.990495443344116211e-01
1.464091390371322632e-01
9.999918341636657715e-01
9.531952142715454102e-01
9.876713752746582031e-01
8.203189373016357422e-01
9.991910457611083984e-01
9.932253956794738770e-01
9.812701940536499023e-01
9.259728193283081055e-01
9.952630400657653809e-01
9.982261061668395996e-01
9.954532980918884277e-01
9.924989938735961914e-01
5.306450184434652328e-04
3.162154462188482285e-03
9.999822974205017090e-01
3.434296324849128723e-02
8.787525584921240807e-04
9.999866485595703125e-01
8.087180852890014648e-01
9.878269433975219727e-01
5.850246548652648926e-01
9.983450174331665039e-01
9.993772506713867188e-01
9.987624883651733398e-01
8.245361447334289551e-01
2.411494776606559753e-02
4.441050589084625244e-01
9.999970197677612305e-01
1.153871975839138031e-02
1.472628563642501831e-01
9.995719194412231445e-01
1.750751584768295288e-01
1.494950950145721436e-01
8.590681552886962891e-01
9.980711936950683594e-01
9.999589920043945312e-01
9.999859333038330078e-01
9.993379712104797363e-01
7.354323863983154297e-01
1.759022176265716553e-01
9.999922513961791992e-01
9.568795561790466309e-01
9.907245635986328125e-01
9.993132948875427246e-01
9.936084151268005371e-01
9.823965430259704590e-01
9.713714122772216797e-01
9.959926605224609375e-01
9.992176890373229980e-01
9.976733922958374023e-01
9.977026581764221191e-01
4.226591587066650391e-01
5.594769120216369629e-01
9.999744892120361328e-01
8.971720933914184570e-01
8.625848293304443359e-01
3.296455442905426025e-01
6.683458685874938965e-01
9.354550242424011230e-01
9.056874513626098633e-01
5.996885709464550018e-03
1.121740974485874176e-02
6.530846953392028809e-01
9.675152301788330078e-01
4.690362215042114258e-01
3.183171451091766357e-01
9.999733567237854004e-01
3.808107972145080566e-01
9.697347283363342285e-01
1.683471500873565674e-01
9.989750385284423828e-01
7.507616281509399414e-01
9.090190529823303223e-01
9.990140795707702637e-01
9.979813098907470703e-01
1.378839462995529175e-01
9.434539675712585449e-01
4.685849323868751526e-02
9.331877231597900391e-01
9.999889135360717773e-01
3.681364953517913818e-01
7.801651358604431152e-01
9.470337033271789551e-01
9.990535378456115723e-01
9.841983914375305176e-01
8.969864994287490845e-02
9.972597956657409668e-01
9.999496340751647949e-01
9.998857378959655762e-01
8.436192572116851807e-02
4.792569875717163086e-01
9.932779669761657715e-01
9.999893903732299805e-01
9.601438045501708984e-01
9.918383359909057617e-01
9.077919125556945801e-01
9.991067051887512207e-01
9.952340722084045410e-01
9.871305227279663086e-01
9.948419928550720215e-01
9.507286548614501953e-01
8.860509991645812988e-01
9.765420556068420410e-01
6.137483119964599609e-01
9.805570244789123535e-01
9.999890923500061035e-01
9.327032566070556641e-01
9.564810991287231445e-01
9.869101047515869141e-01
9.992017149925231934e-01
9.999477863311767578e-01
9.925156831741333008e-01
9.830905199050903320e-01
2.131526321172714233e-01
9.794904589653015137e-01
9.990602135658264160e-01
7.722131609916687012e-01
9.752734899520874023e-01
9.999908208847045898e-01
9.829505681991577148e-01
9.517821669578552246e-01
9.917511343955993652e-01
9.990411996841430664e-01
9.956125020980834961e-01
9.944052100181579590e-01
9.857149720191955566e-01
9.916585087776184082e-01
7.048400640487670898e-01
9.894935488700866699e-01
6.794858574867248535e-01
9.554276466369628906e-01
9.999892711639404297e-01
9.598979949951171875e-01
9.947480559349060059e-01
9.887993335723876953e-01
9.980143308639526367e-01
9.954673051834106445e-01
9.853811264038085938e-01
9.746210575103759766e-01
9.960412979125976562e-01
9.857354760169982910e-01
9.869752526283264160e-01
7.925139665603637695e-01
9.718469381332397461e-01
9.999898672103881836e-01
9.241780638694763184e-01
9.953825473785400391e-01
9.892242550849914551e-01
9.992586374282836914e-01
9.954128265380859375e-01
9.880877733230590820e-01
9.728083014488220215e-01
9.964178800582885742e-01
9.992800951004028320e-01
6.125984787940979004e-01
9.641746878623962402e-01
9.972945451736450195e-01
6.002910137176513672e-01
9.635211229324340820e-01
4.459076225757598877e-01
9.975492954254150391e-01
9.843476414680480957e-01
9.801864027976989746e-01
9.865382313728332520e-01
9.772720932960510254e-01
9.290463328361511230e-01
9.847425222396850586e-01
9.975373148918151855e-01
9.985818862915039062e-01
8.344787172973155975e-03
6.512309312820434570e-01
7.349037565290927887e-03
1.559324283152818680e-02
1.711569130420684814e-01
9.184753298759460449e-01
6.423276662826538086e-01
1.297234371304512024e-02
5.672687292098999023e-01
8.522308468818664551e-01
9.811558127403259277e-01
1.712094061076641083e-02
9.960427284240722656e-01
2.273668069392442703e-03
9.672257304191589355e-01
1.778718433342874050e-05
2.420596283627673984e-04
9.914359450340270996e-01
1.171705275774002075e-01
3.647345006465911865e-01
1.076772995293140411e-02
9.591411948204040527e-01
9.247524738311767578e-01
9.813528060913085938e-01
2.236531823873519897e-01
1.544565148651599884e-02
4.457436874508857727e-02
9.990805387496948242e-01
3.224001452326774597e-02
4.036360383033752441e-01
9.988495707511901855e-01
9.660741090774536133e-01
7.686172127723693848e-01
9.609004855155944824e-01
9.939385652542114258e-01
9.990963935852050781e-01
9.998372793197631836e-01
9.996823072433471680e-01
9.953345060348510742e-01
3.443603962659835815e-02
9.805791378021240234e-01
6.951116323471069336e-01
8.388231694698333740e-02
2.407769300043582916e-02
6.806291937828063965e-01
7.330003976821899414e-01
3.744326829910278320e-01
4.759649187326431274e-02
1.278707832098007202e-01
9.764524102210998535e-01
6.031162738800048828e-01
9.920700192451477051e-01
3.123162686824798584e-01
9.953295588493347168e-01
8.608191013336181641e-01
5.213424563407897949e-01
6.329052150249481201e-02
9.970005750656127930e-01
9.143465161323547363e-01
7.613448500633239746e-01
9.978054761886596680e-01
9.977929592132568359e-01
1.296184211969375610e-01
1.026675179600715637e-01
5.363633036613464355e-01
9.423187971115112305e-01
9.971861243247985840e-01
6.996014714241027832e-01
8.088129162788391113e-01
9.618818759918212891e-01
9.973456263542175293e-01
9.851941466331481934e-01
6.188972592353820801e-01
9.934895634651184082e-01
9.998458027839660645e-01
9.999542236328125000e-01
1.090219020843505859e-01
3.119910955429077148e-01
9.859351515769958496e-01
9.984175562858581543e-01
2.918906807899475098e-01
8.367188572883605957e-01
9.524835348129272461e-01
9.985017776489257812e-01
9.885520339012145996e-01
9.784407019615173340e-01
9.934490323066711426e-01
9.986550807952880859e-01
8.519342541694641113e-01
9.197521209716796875e-01
9.190632104873657227e-01
9.711886644363403320e-01
9.977083206176757812e-01
8.415215015411376953e-01
9.863038063049316406e-01
9.843450784683227539e-01
9.981579184532165527e-01
9.995453953742980957e-01
9.880572557449340820e-01
9.763863086700439453e-01
8.554830551147460938e-01
8.255938291549682617e-01
9.986124634742736816e-01
8.547483682632446289e-01
9.558337330818176270e-01
9.982050061225891113e-01
7.658167481422424316e-01
9.759373068809509277e-01
9.890026450157165527e-01
9.979339241981506348e-01
9.921334981918334961e-01
9.829115867614746094e-01
9.860590696334838867e-01
9.744473695755004883e-01
9.395996928215026855e-01
9.890729784965515137e-01
8.278751969337463379e-01
9.253641963005065918e-01
9.979498386383056641e-01
9.668760895729064941e-01
9.805976748466491699e-01
6.390120983123779297e-01
9.967285990715026855e-01
9.818086028099060059e-01
9.848654270172119141e-01
9.972977638244628906e-01
9.779824018478393555e-01
7.287415266036987305e-01
9.948330521583557129e-01
8.656693696975708008e-01
9.578557014465332031e-01
9.982874393463134766e-01
7.709512114524841309e-01
9.844003915786743164e-01
7.923437356948852539e-01
9.983260035514831543e-01
9.876939058303833008e-01
9.800319671630859375e-01
9.777641892433166504e-01
9.867253303527832031e-01
9.703531861305236816e-01
3.747833669185638428e-01
9.990777373313903809e-01
9.890143871307373047e-01
9.219762086868286133e-01
9.997048377990722656e-01
9.608739018440246582e-01
7.816203236579895020e-01
9.713075757026672363e-01
9.953275322914123535e-01
5.963369011878967285e-01
9.741366505622863770e-01
9.549660682678222656e-01
9.796613454818725586e-01
9.709458351135253906e-01
9.956672787666320801e-01
9.947934746742248535e-01
9.788845181465148926e-01
9.962321519851684570e-01
9.077529311180114746e-01
9.949404001235961914e-01
9.798475503921508789e-01
6.630091667175292969e-01
8.230975270271301270e-01
9.886828660964965820e-01
9.973258972167968750e-01
9.747590422630310059e-01
6.825418472290039062e-01
9.916347861289978027e-01
9.784532189369201660e-01
9.603093862533569336e-01
2.727569639682769775e-01
1.818286255002021790e-04
9.933750033378601074e-01
1.247890889644622803e-01
4.885822907090187073e-02
6.571327149868011475e-02
1.083537116646766663e-01
1.686332970857620239e-01
9.656244516372680664e-01
4.972472190856933594e-01
8.049913644790649414e-01
9.669566750526428223e-01
9.950243830680847168e-01
9.540855884552001953e-01
9.830524325370788574e-01
9.953271150588989258e-01
9.893541932106018066e-01
9.870057702064514160e-01
8.965491652488708496e-01
9.500381946563720703e-01
9.578161239624023438e-01
9.930400848388671875e-01
9.935962557792663574e-01
9.965003728866577148e-01
9.854156374931335449e-01
8.172531723976135254e-01
9.334024190902709961e-01
9.998223185539245605e-01
9.699689149856567383e-01
9.592653512954711914e-01
9.935818910598754883e-01
9.693595767021179199e-01
9.451234340667724609e-01
9.622796773910522461e-01
9.925229549407958984e-01
9.969865679740905762e-01
9.926640987396240234e-01
9.864358305931091309e-01
9.664951562881469727e-01
6.613203287124633789e-01
9.995973706245422363e-01
9.797256588935852051e-01
9.964319467544555664e-01
9.914817214012145996e-01
9.762946963310241699e-01
9.873164892196655273e-01
9.883729219436645508e-01
9.795795679092407227e-01
9.981338977813720703e-01
9.648151397705078125e-01
9.825871586799621582e-01
9.886833429336547852e-01
8.341574072837829590e-01
9.963123798370361328e-01
5.709729194641113281e-01
9.947462081909179688e-01
9.890634417533874512e-01
8.861751556396484375e-01
9.874430298805236816e-01
9.992474317550659180e-01
9.988126158714294434e-01
9.793106913566589355e-01
9.737778306007385254e-01
9.880030155181884766e-01
9.866834878921508789e-01
7.285183072090148926e-01
9.984931945800781250e-01
5.831262469291687012e-01
9.923375248908996582e-01
6.830855011940002441e-01
9.859607815742492676e-01
9.430510997772216797e-01
8.565628528594970703e-01
9.959648847579956055e-01
9.950062632560729980e-01
9.034209847450256348e-01
9.876196384429931641e-01
9.836105108261108398e-01
9.265841841697692871e-01
9.908297657966613770e-01
9.659515619277954102e-01
9.935567378997802734e-01
5.884180068969726562e-01
9.901154041290283203e-01
9.871369600296020508e-01
7.377671003341674805e-01
9.896082878112792969e-01
9.994686841964721680e-01
9.830356240272521973e-01
9.885868430137634277e-01
9.890647530555725098e-01
8.801661133766174316e-01
9.981958866119384766e-01
9.908896684646606445e-01
9.912699460983276367e-01
9.640223383903503418e-01
9.959382414817810059e-01
9.903486967086791992e-01
6.919440031051635742e-01
9.860073328018188477e-01
9.991497397422790527e-01
9.579886794090270996e-01
9.891527295112609863e-01
9.916615486145019531e-01
9.536650776863098145e-01
9.986506104469299316e-01
9.872720837593078613e-01
9.894911050796508789e-01
9.268774390220642090e-01
9.926545619964599609e-01
9.957839846611022949e-01
9.793618917465209961e-01
8.833598494529724121e-01
9.969223737716674805e-01
9.497346878051757812e-01
9.890991449356079102e-01
9.912436604499816895e-01
9.165188074111938477e-01
9.970472455024719238e-01
9.881254434585571289e-01
9.950594902038574219e-01
9.920123815536499023e-01
9.922271370887756348e-01
9.885918498039245605e-01
9.746212959289550781e-01
9.736487865447998047e-01
9.802955389022827148e-01
9.992680549621582031e-01
9.995748400688171387e-01
9.171813130378723145e-01
9.925627708435058594e-01
9.193041920661926270e-01
1.722161471843719482e-02
2.306835204362869263e-01
9.899855852127075195e-01
7.775713801383972168e-01
2.171445824205875397e-02
8.506087958812713623e-02
6.445065140724182129e-01
9.663190841674804688e-01
9.996876716613769531e-01
9.891701936721801758e-01
9.870356917381286621e-01
5.373349878937005997e-03
9.889469146728515625e-01
8.434730768203735352e-02
8.570712059736251831e-03
1.118108280934393406e-03
4.258421435952186584e-02
7.559019923210144043e-01
9.236551523208618164e-01
1.024872586131095886e-01
8.321606367826461792e-02
9.996206760406494141e-01
9.894673228263854980e-01
9.805460572242736816e-01
1.829498559236526489e-01
9.839937686920166016e-01
6.925920844078063965e-01
7.919109463691711426e-01
9.944415688514709473e-01
7.773259282112121582e-02
9.451664686203002930e-01
8.584701418876647949e-01
9.902404546737670898e-01
9.832766652107238770e-01
9.994560480117797852e-01
9.942762255668640137e-01
9.755322337150573730e-01
7.253697514533996582e-01
9.901556372642517090e-01
9.843145012855529785e-01
9.646815061569213867e-01
9.900183081626892090e-01
9.721899032592773438e-01
5.765420198440551758e-01
7.886160612106323242e-01
9.907729625701904297e-01
9.947179555892944336e-01
9.988363981246948242e-01
9.880912899971008301e-01
9.760032296180725098e-01
1.069752033799886703e-02
9.042873978614807129e-01
9.974009990692138672e-01
3.607435151934623718e-02
9.901326298713684082e-01
9.830886721611022949e-01
2.968638017773628235e-02
6.544610857963562012e-01
9.858692884445190430e-01
9.959063529968261719e-01
9.983995556831359863e-01
9.891809821128845215e-01
9.783191084861755371e-01
1.965580880641937256e-02
9.898394942283630371e-01
9.990458488464355469e-01
4.972505867481231689e-01
7.481747306883335114e-03
9.544163942337036133e-01
8.767356276512145996e-01
5.354713648557662964e-02
8.543887175619602203e-03
9.966665506362915039e-01
9.992259740829467773e-01
9.956083297729492188e-01
9.907945394515991211e-01
9.418812394142150879e-01
9.848542213439941406e-01
9.987772703170776367e-01
7.247150540351867676e-01
5.093349814414978027e-01
9.801508784294128418e-01
9.284486174583435059e-01
8.933255672454833984e-01
9.885265827178955078e-01
7.624699473381042480e-01
9.995253682136535645e-01
9.971929192543029785e-01
9.232714176177978516e-01
4.625916779041290283e-01
9.923078417778015137e-01
9.753330349922180176e-01
2.340125888586044312e-01
5.193168520927429199e-01
9.909765720367431641e-01
9.753539562225341797e-01
9.397811889648437500e-01
9.915749430656433105e-01
9.951917529106140137e-01
9.985306262969970703e-01
9.968057870864868164e-01
8.135775327682495117e-01
9.526557326316833496e-01
9.939651489257812500e-01
9.902203679084777832e-01
9.294340610504150391e-01
9.665454030036926270e-01
9.890524744987487793e-01
7.374764084815979004e-01
2.961886348202824593e-03
9.792249202728271484e-01
9.929429292678833008e-01
9.984073042869567871e-01
9.963883161544799805e-01
8.969342112541198730e-01
9.685815572738647461e-01
9.929615259170532227e-01
9.861626625061035156e-01
8.879987001419067383e-01
9.741620421409606934e-01
9.906774163246154785e-01
9.544621706008911133e-01
9.571337699890136719e-01
8.308265209197998047e-01
9.853504300117492676e-01
9.988118410110473633e-01
9.964467883110046387e-01
9.655068516731262207e-01
7.721628546714782715e-01
9.859758019447326660e-01
9.918351173400878906e-01
7.763637900352478027e-01
8.885426521301269531e-01
9.913467764854431152e-01
3.747374117374420166e-01
9.595950841903686523e-01
9.594109058380126953e-01
9.773871302604675293e-01
9.955834150314331055e-01
9.950097799301147461e-01
9.951993823051452637e-01
9.597645998001098633e-01
9.951478242874145508e-01
9.916144609451293945e-01
4.567604064941406250e-01
3.085510246455669403e-02
8.653670549392700195e-02
9.688076376914978027e-01
9.757452607154846191e-01
9.768254756927490234e-01
1.705808341503143311e-01
9.942241907119750977e-01
9.946257472038269043e-01
9.889170527458190918e-01
9.836134910583496094e-01
5.536155104637145996e-01
9.952713847160339355e-01
9.459482431411743164e-01
7.173949480056762695e-01
7.220275402069091797e-01
9.861654043197631836e-01
9.032527208328247070e-01
9.909488558769226074e-01
9.686337113380432129e-01
9.959871768951416016e-01
9.960113763809204102e-01
9.793938994407653809e-01
9.906331896781921387e-01
6.565939635038375854e-02
9.804208278656005859e-01
6.928505375981330872e-03
2.808604240417480469e-01
9.941990375518798828e-01
2.718523889780044556e-02
4.118075594305992126e-02
2.906225025653839111e-01
9.602169990539550781e-01
9.958652257919311523e-01
9.962738156318664551e-01
9.866250753402709961e-01
6.535559296607971191e-01
9.855944514274597168e-01
9.935056567192077637e-01
8.192808032035827637e-01
9.830129146575927734e-01
9.846369624137878418e-01
8.950545787811279297e-01
5.297565087676048279e-02
9.572736620903015137e-01
9.949787259101867676e-01
9.954764842987060547e-01
9.953632354736328125e-01
9.933126568794250488e-01
9.516469836235046387e-01
5.170599222183227539e-01
9.941093921661376953e-01
9.812144637107849121e-01
9.686115980148315430e-01
9.887068867683410645e-01
9.518408775329589844e-01
9.741249084472656250e-01
1.353140771389007568e-01
9.815892577171325684e-01
9.961816668510437012e-01
9.933228492736816406e-01
9.955851435661315918e-01
9.908549785614013672e-01
8.111928701400756836e-01
9.954642057418823242e-01
9.961064457893371582e-01
9.692721962928771973e-01
9.688420295715332031e-01
9.910801649093627930e-01
9.761769771575927734e-01
9.985432028770446777e-01
9.880991578102111816e-01
9.015615582466125488e-01
9.260047674179077148e-01
9.751397371292114258e-01
9.971000552177429199e-01
8.923056125640869141e-01
9.668545126914978027e-01
9.981812238693237305e-01
9.960657358169555664e-01
9.756329059600830078e-01
5.322396755218505859e-01
8.490321785211563110e-02
9.938095211982727051e-01
6.050577759742736816e-01
9.962887167930603027e-01
9.963781237602233887e-01
9.925668239593505859e-01
9.888146519660949707e-01
9.786148071289062500e-01
9.958556294441223145e-01
9.959484934806823730e-01
9.842545390129089355e-01
7.749193906784057617e-01
9.552104473114013672e-01
9.524142742156982422e-01
9.834540486335754395e-01
8.937667608261108398e-01
9.966079592704772949e-01
9.969975352287292480e-01
9.879896640777587891e-01
9.823498725891113281e-01
9.888085126876831055e-01
9.949942231178283691e-01
9.900683164596557617e-01
2.014021575450897217e-01
9.662485718727111816e-01
9.936496019363403320e-01
9.875988364219665527e-01
8.198299407958984375e-01
9.917507171630859375e-01
9.961261153221130371e-01
9.967654943466186523e-01
9.923253655433654785e-01
9.878861308097839355e-01
9.843727350234985352e-01
9.964352846145629883e-01
9.953464865684509277e-01
9.506664276123046875e-01
7.818211317062377930e-01
9.783555269241333008e-01
9.907259345054626465e-01
9.711655974388122559e-01
9.844258427619934082e-01
9.500836133956909180e-01
9.804548621177673340e-01
9.811893105506896973e-01
9.894381165504455566e-01
3.276358544826507568e-01
9.939281344413757324e-01
9.879274964332580566e-01
9.626511931419372559e-01
9.564645290374755859e-01
8.871575593948364258e-01
5.798542499542236328e-01
9.821110963821411133e-01
9.996104240417480469e-01
9.954938292503356934e-01
9.870339035987854004e-01
9.842937588691711426e-01
7.034978866577148438e-01
3.273954987525939941e-02
9.842225909233093262e-01
4.839231073856353760e-02
5.205952562391757965e-03
1.429675817489624023e-01
2.557822763919830322e-01
1.525569856166839600e-01
4.874590039253234863e-01
1.620029211044311523e-01
9.904716610908508301e-01
9.772738814353942871e-01
9.757338166236877441e-01
9.071619510650634766e-01
7.014574408531188965e-01
9.772979617118835449e-01
9.578915238380432129e-01
4.252675175666809082e-02
3.531955555081367493e-02
1.240739375352859497e-01
9.188897013664245605e-01
7.684826850891113281e-02
3.692947030067443848e-01
8.148233294486999512e-01
9.211499094963073730e-01
9.630855321884155273e-01
9.953871369361877441e-01
2.119984626770019531e-01
9.744293093681335449e-01
9.963510036468505859e-01
9.872949719429016113e-01
1.399305313825607300e-01
9.933314323425292969e-01
9.999274015426635742e-01
9.999209046363830566e-01
1.540644466876983643e-01
9.023491740226745605e-01
9.797632098197937012e-01
9.856238365173339844e-01
9.914909005165100098e-01
8.612200617790222168e-01
2.447709441184997559e-01
9.953199625015258789e-01
9.891144633293151855e-01
9.611827731132507324e-01
9.576346278190612793e-01
9.343350529670715332e-01
9.835837483406066895e-01
9.998215436935424805e-01
8.546070456504821777e-01
9.421419501304626465e-01
9.358496069908142090e-01
9.909405708312988281e-01
9.052439332008361816e-01
7.422774434089660645e-01
9.968721866607666016e-01
9.999109506607055664e-01
9.831818342208862305e-01
9.770486950874328613e-01
8.849174976348876953e-01
9.063009023666381836e-01
9.997836947441101074e-01
4.724912941455841064e-01
8.837389945983886719e-01
9.640544056892395020e-01
9.962920546531677246e-01
8.814162015914916992e-01
6.997455358505249023e-01
9.974179863929748535e-01
9.888512492179870605e-01
9.873991608619689941e-01
9.821608662605285645e-01
9.009515047073364258e-01
5.870274305343627930e-01
9.880086779594421387e-01
9.144073724746704102e-01
9.795714020729064941e-01
9.867087602615356445e-01
9.928548932075500488e-01
9.122989773750305176e-01
9.874848127365112305e-01
9.959682822227478027e-01
9.894714355468750000e-01
9.744999408721923828e-01
7.594261765480041504e-01
9.915422797203063965e-01
9.782029986381530762e-01
9.047305583953857422e-01
9.263654351234436035e-01
9.586857557296752930e-01
9.706285595893859863e-01
9.924737215042114258e-01
7.611098885536193848e-01
9.776123166084289551e-01
9.956569075584411621e-01
9.880429506301879883e-01
9.641087651252746582e-01
9.632949829101562500e-01
9.274531006813049316e-01
8.909651637077331543e-01
7.818257212638854980e-01
9.958875179290771484e-01
9.892770051956176758e-01
9.778835177421569824e-01
7.777053713798522949e-01
1.991889327764511108e-01
9.842481613159179688e-01
4.393325448036193848e-01
9.940195679664611816e-01
9.507232904434204102e-01
7.617530226707458496e-01
7.082185149192810059e-01
9.918884038925170898e-01
9.885871410369873047e-01
9.897752404212951660e-01
9.864699840545654297e-01
9.792286753654479980e-01
9.817917346954345703e-01
7.538231015205383301e-01
1.622989177703857422e-01
9.950839281082153320e-01
1.285663247108459473e-01
4.451971501111984253e-03
9.953652620315551758e-01
9.829378724098205566e-01
8.746590614318847656e-01
9.290695190429687500e-01
9.880183339118957520e-01
9.793917536735534668e-01
9.743218421936035156e-01
9.753564000129699707e-01
6.466178297996520996e-01
3.786203265190124512e-02
9.887018799781799316e-01
6.897271275520324707e-01
3.450232325121760368e-04
8.191784620285034180e-01
1.353133469820022583e-01
6.994102001190185547e-01
6.747226230800151825e-03
9.524886012077331543e-01
9.884332418441772461e-01
9.802442789077758789e-01
9.941549897193908691e-01
9.269778132438659668e-01
9.384748935699462891e-01
9.960103034973144531e-01
9.903126358985900879e-01
9.807239174842834473e-01
9.828341007232666016e-01
9.744102358818054199e-01
9.990137815475463867e-01
9.970595836639404297e-01
9.002432227134704590e-01
9.398967027664184570e-01
9.814728498458862305e-01
9.888670444488525391e-01
9.590306282043457031e-01
3.392068743705749512e-01
9.938117861747741699e-01
9.958904385566711426e-01
9.888604283332824707e-01
1.675623059272766113e-01
9.312484264373779297e-01
9.854124784469604492e-01
9.997481107711791992e-01
9.077377319335937500e-01
9.793322682380676270e-01
9.832778573036193848e-01
9.951335191726684570e-01
9.688705205917358398e-01
9.762713313102722168e-01
9.962358474731445312e-01
9.876057505607604980e-01
9.975330233573913574e-01
9.867647886276245117e-01
9.397383332252502441e-01
9.829720854759216309e-01
9.951588511466979980e-01
9.316963553428649902e-01
9.869461655616760254e-01
9.842550158500671387e-01
9.930557012557983398e-01
9.397504925727844238e-01
9.779870510101318359e-01
9.942355155944824219e-01
9.135691523551940918e-01
9.978790283203125000e-01
9.895860552787780762e-01
9.834970831871032715e-01
7.307327389717102051e-01
9.970204830169677734e-01
9.443474411964416504e-01
9.812544584274291992e-01
9.838053584098815918e-01
9.899147748947143555e-01
9.269666075706481934e-01
9.666073918342590332e-01
9.978600740432739258e-01
9.617958664894104004e-01
9.963412284851074219e-01
9.744243621826171875e-01
9.752655029296875000e-01
9.477353096008300781e-01
9.877616763114929199e-01
9.967697262763977051e-01
9.943878054618835449e-01
9.117500782012939453e-01
9.890180826187133789e-01
9.635826945304870605e-01
9.948951005935668945e-01
2.832058072090148926e-01
9.890821576118469238e-01
6.987920403480529785e-01
1.231375988572835922e-02
4.033581018447875977e-01
4.453119337558746338e-01
9.924898147583007812e-01
9.954268336296081543e-01
9.888431429862976074e-01
9.795871376991271973e-01
8.187695145606994629e-01
2.611828036606311798e-02
9.775714874267578125e-01
9.995370507240295410e-01
1.186164468526840210e-02
9.986383914947509766e-01
9.024253487586975098e-01
5.766293406486511230e-01
1.079112570732831955e-02
9.990436434745788574e-01
9.973069429397583008e-01
9.952664971351623535e-01
9.915619492530822754e-01
7.624890208244323730e-01
1.714203059673309326e-01
9.886215329170227051e-01
9.993444681167602539e-01
1.789615899324417114e-01
9.809957742691040039e-01
7.083422541618347168e-01
7.422199845314025879e-01
9.895626902580261230e-01
9.457746744155883789e-01
9.958385825157165527e-01
9.945566654205322266e-01
9.870483875274658203e-01
9.043382406234741211e-01
1.948533803224563599e-01
9.909380674362182617e-01
9.975280761718750000e-01
4.418527707457542419e-02
9.860609769821166992e-01
9.733851552009582520e-01
2.267523109912872314e-01
9.753997325897216797e-01
9.967691302299499512e-01
9.976493716239929199e-01
9.951139688491821289e-01
9.381741881370544434e-01
9.053205251693725586e-01
9.583839774131774902e-01
9.921155571937561035e-01
9.340845346450805664e-01
9.547688364982604980e-01
9.885532855987548828e-01
9.971235394477844238e-01
5.979416891932487488e-02
5.358885526657104492e-01
9.967665672302246094e-01
9.974945783615112305e-01
9.952243566513061523e-01
9.635589122772216797e-01
8.596727848052978516e-01
8.160229921340942383e-01
9.881443381309509277e-01
9.879698753356933594e-01
8.699000477790832520e-01
9.891043305397033691e-01
9.869422912597656250e-01
8.606250286102294922e-01
9.243315458297729492e-01
9.785863161087036133e-01
3.324873149394989014e-01
8.546946048736572266e-01
9.777057170867919922e-01
9.973643422126770020e-01
2.104358375072479248e-02
8.511689901351928711e-01
9.975836873054504395e-01
9.966097474098205566e-01
9.958760738372802734e-01
9.982792735099792480e-01
9.962207078933715820e-01
8.475913107395172119e-02
9.389354586601257324e-01
9.420481920242309570e-01
9.869453907012939453e-01
9.964022636413574219e-01
9.882835745811462402e-01
4.645022153854370117e-01
9.785661101341247559e-01
9.995720386505126953e-01
9.958479404449462891e-01
8.440136313438415527e-01
9.967337846755981445e-01
9.969821572303771973e-01
6.259027123451232910e-01
1.205000728368759155e-01
2.194328047335147858e-02
2.963882312178611755e-02
1.614986509084701538e-01
9.982142448425292969e-01
4.357962403446435928e-03
1.441581873223185539e-03
6.346686929464340210e-02
9.969744086265563965e-01
1.575606409460306168e-03
4.682813305407762527e-03
1.618928536117891781e-06
4.629833347280509770e-05
5.277769640088081360e-03
9.937076568603515625e-01
9.931062459945678711e-01
9.841163754463195801e-01
8.435460925102233887e-01
2.166535705327987671e-01
9.840395450592041016e-01
9.986205101013183594e-01
6.734722852706909180e-02
9.613829255104064941e-01
9.862101078033447266e-01
2.653770744800567627e-01
7.783093452453613281e-01
9.931333661079406738e-01
9.530834555625915527e-01
9.917256236076354980e-01
9.679864645004272461e-01
9.862017631530761719e-01
8.808785080909729004e-01
9.899910092353820801e-01
9.455850124359130859e-01
9.943604469299316406e-01
9.577212929725646973e-01
9.982379674911499023e-01
9.966968894004821777e-01
9.960110783576965332e-01
9.960376024246215820e-01
9.905966520309448242e-01
9.934126734733581543e-01
9.817264676094055176e-01
9.796295166015625000e-01
6.535763740539550781e-01
9.844020605087280273e-01
9.987442493438720703e-01
9.972359538078308105e-01
9.805789589881896973e-01
9.791967272758483887e-01
9.974406957626342773e-01
9.961671233177185059e-01
8.951149582862854004e-01
9.298413395881652832e-01
9.883396625518798828e-01
9.955555200576782227e-01
9.907431602478027344e-01
7.834831476211547852e-01
3.719659745693206787e-01
5.241746306419372559e-01
9.951407909393310547e-01
7.384417057037353516e-01
9.937616586685180664e-01
9.985639452934265137e-01
9.600484371185302734e-01
9.628812074661254883e-01
7.016247510910034180e-01
8.294050693511962891e-01
9.829217195510864258e-01
9.913850426673889160e-01
8.702658116817474365e-02
8.804205656051635742e-01
9.820922613143920898e-01
9.958177804946899414e-01
9.944161176681518555e-01
9.128065705299377441e-01
2.092288136482238770e-01
9.972688555717468262e-01
1.122152134776115417e-01
1.406323313713073730e-01
4.670599997043609619e-01
7.688016295433044434e-01
9.984842538833618164e-01
2.966608852148056030e-02
1.525526344776153564e-01
7.524662017822265625e-01
9.975278377532958984e-01
9.863856434822082520e-01
6.161105036735534668e-01
9.949453473091125488e-01
3.480099053376761731e-07
3.007975034415721893e-02
9.948158860206604004e-01
9.894991517066955566e-01
9.890872836112976074e-01
9.632353186607360840e-01
4.347349107265472412e-01
8.859619498252868652e-01
9.987602829933166504e-01
9.829366803169250488e-01
1.015248373150825500e-01
9.892438054084777832e-01
9.400653839111328125e-01
9.973975419998168945e-01
5.348643660545349121e-01
9.854459762573242188e-01
9.903304576873779297e-01
9.948539733886718750e-01
9.920521378517150879e-01
5.662294626235961914e-01
3.555829226970672607e-01
9.824499487876892090e-01
9.945412278175354004e-01
9.926720261573791504e-01
8.997462391853332520e-01
9.882372021675109863e-01
9.992340803146362305e-01
9.991085529327392578e-01
6.435785293579101562e-01
7.726930975914001465e-01
9.974274635314941406e-01
9.930045604705810547e-01
9.651255607604980469e-01
9.436424374580383301e-01
9.914574027061462402e-01
9.964712858200073242e-01
9.967358112335205078e-01
9.614688754081726074e-01
9.630011916160583496e-01
9.954999089241027832e-01
9.989103078842163086e-01
6.968003511428833008e-01
9.265406131744384766e-01
9.982612729072570801e-01
9.965819716453552246e-01
9.610592126846313477e-01
9.709392189979553223e-01
9.956953525543212891e-01
9.968828558921813965e-01
9.908245205879211426e-01
9.499951601028442383e-01
9.786232113838195801e-01
9.942123889923095703e-01
7.642504572868347168e-01
1.761922836303710938e-01
5.363842844963073730e-01
9.797846078872680664e-01
9.979110360145568848e-01
1.971110254526138306e-01
9.432796239852905273e-01
9.751288294792175293e-01
9.981871843338012695e-01
9.946705102920532227e-01
9.837308526039123535e-01
9.937653541564941406e-01
9.979742765426635742e-01
9.986571669578552246e-01
9.896778464317321777e-01
9.893794059753417969e-01
9.942083358764648438e-01
9.677450656890869141e-01
6.279727220535278320e-01
9.004213213920593262e-01
9.991473555564880371e-01
9.155797958374023438e-01
6.174593418836593628e-02
9.797297716140747070e-01
9.746255874633789062e-01
9.656955003738403320e-01
9.947322607040405273e-01
7.079929709434509277e-01
9.646990299224853516e-01
9.939638972282409668e-01
9.932446479797363281e-01
9.512783885002136230e-01
9.872544407844543457e-01
9.985539317131042480e-01
9.886311888694763184e-01
3.746719956398010254e-01
9.883027076721191406e-01
9.814895987510681152e-01
9.541139006614685059e-01
9.920349717140197754e-01
7.442102432250976562e-01
8.934069871902465820e-01
9.943690299987792969e-01
9.939102530479431152e-01
9.702663421630859375e-01
9.837412834167480469e-01
9.989151954650878906e-01
9.965539574623107910e-01
9.780251383781433105e-01
9.860904216766357422e-01
9.860474467277526855e-01
8.983191251754760742e-01
9.151586294174194336e-01
5.982398390769958496e-01
9.589062333106994629e-01
9.847485423088073730e-01
9.972567558288574219e-01
9.916558265686035156e-01
9.886909723281860352e-01
9.976321458816528320e-01
9.944953918457031250e-01
4.769667387008666992e-01
9.887291193008422852e-01
9.818856120109558105e-01
9.622733592987060547e-01
9.968028664588928223e-01
7.411876916885375977e-01
9.748210906982421875e-01
9.849945902824401855e-01
9.965042471885681152e-01
9.819167256355285645e-01
9.885531067848205566e-01
9.976692795753479004e-01
9.964759349822998047e-01
9.907888174057006836e-01
9.905156493186950684e-01
9.932924509048461914e-01
9.866834878921508789e-01
9.784471988677978516e-01
9.546262025833129883e-01
9.879269599914550781e-01
9.063171148300170898e-01
9.933283329010009766e-01
9.595034122467041016e-01
9.910908937454223633e-01
9.856995940208435059e-01
9.935709238052368164e-01
9.916492700576782227e-01
9.905651807785034180e-01
9.925906658172607422e-01
9.874169826507568359e-01
9.569179415702819824e-01
