4.350661646794133919e-01
3.802258764760783616e-01
5.999130319329337019e-02
1.523235845133268096e-01
3.199318292620144111e-01
2.865031542325875979e-01
3.294947217873414047e-01
3.386783549044943831e-01
3.532764908231911249e-01
3.648641638977166424e-01
3.689955226621420281e-01
3.729969008821241716e-01
3.841575274765581249e-01
4.105226218257135296e-01
2.762117044767364860e-01
8.273392972813990720e-02
1.630068590177241039e-01
3.740561352357102409e-01
3.758412863591309994e-01
3.484591481571372440e-01
3.715832921040531089e-01
4.344150100771982381e-01
4.004710967016693046e-01
3.876473449076561772e-01
3.900079024416089890e-01
3.671739752193948769e-01
2.815000995760783553e-01
1.827513614329151215e-01
3.281401441893719295e-01
4.026694638702723039e-01
3.287767749402868978e-01
2.956424875245339812e-01
3.346308801785478626e-01
4.058155557812334613e-01
3.542654027937365280e-01
3.246998535816181808e-01
3.370531359150146233e-01
3.773368273832602426e-01
3.073349330893856424e-01
2.859433788242033425e-01
4.057461767414889398e-01
3.269307756879960558e-01
3.149111143823644654e-01
3.664752181458215130e-01
4.049470653332649106e-01
3.276324084117426261e-01
3.203040204702679583e-01
3.351520842798680899e-01
2.776699296446167864e-01
2.721615354664838615e-01
3.609804725263249803e-01
3.019199234197283421e-01
3.035522205984587107e-01
3.225590378429982197e-01
3.383572175388018244e-01
2.985195190745938421e-01
2.989538066025348995e-01
2.993836646427763259e-01
2.324718506995570588e-01
3.220260526854522576e-01
3.033290579416923483e-01
2.729980618454507235e-01
3.184364923978976747e-01
3.138799772971721525e-01
3.061897428974938995e-01
3.036154338383661999e-01
3.064159264322370291e-01
2.959202656179863444e-01
2.691097873181346189e-01
2.835404223856480277e-01
3.223574283639699112e-01
3.005170942051336169e-01
2.927719122257818052e-01
2.928283826678615420e-01
3.191886264399866890e-01
3.563454435297899181e-01
3.133404183110822250e-01
3.336851205604034476e-01
3.951784078918325616e-01
3.314878899043553484e-01
3.325332578642701264e-01
3.166711622621872779e-01
3.455959252185913377e-01
3.606554777965916836e-01
3.722733195712722987e-01
3.644651645056281031e-01
3.626715789858001027e-01
3.775300672009157532e-01
3.462836108967446980e-01
3.172588856184749839e-01
3.577732514733305558e-01
3.786693082354479212e-01
3.624245902633097538e-01
3.729138386539628813e-01
3.855563121153234296e-01
3.778119129475761562e-01
3.672827048724754406e-01
3.709776137671164653e-01
3.843153009238449158e-01
3.905870538591653673e-01
3.975698112704916243e-01
