4.387426960747689009e-01
4.163798959209368822e-01
2.567313169090364444e-01
5.569836513118039401e-01
4.557121843189144150e-01
1.987017020775633247e-01
2.711283695244114389e-01
3.591629871650813821e-01
3.194192862664259613e-01
3.793029405910951501e-01
3.562871900369198319e-01
4.514907492870966488e-01
2.553332204641684533e-01
5.183135216625837094e-01
1.513589659009627331e-01
2.792360002392360041e-01
6.251372415908218461e-01
1.758996359405780585e-01
2.448126707187419371e-01
5.140873597612460877e-01
3.155782350168010453e-01
4.474663385637820956e-01
4.835077523871754712e-01
5.249644488705178524e-01
3.081402579577675604e-01
1.573411950823286332e-01
2.182956853848998791e-01
5.907594039230249505e-01
2.921030228742613200e-01
1.121926865388069572e-01
1.964608963529686780e-01
4.888477023162592361e-01
3.486077005993418187e-01
3.181365180767338208e-01
2.889719579240783154e-01
3.403700975655877814e-01
2.949716689002413461e-01
4.686691302213957105e-02
1.562430547402562653e-01
2.920603559424097551e-01
2.144419629102478908e-01
2.252546970354941114e-01
8.338819846487520449e-02
1.579173730972867618e-01
1.039478333580370062e-01
1.606866711334694608e-01
1.551907300101727505e-01
3.004890578539253787e-01
3.071480783736870723e-01
1.930990282316298046e-01
3.954729024222155415e-02
2.234701210013229911e-01
2.458993263840406618e-01
2.609933479115380539e-01
1.661697930388246480e-01
1.595628023238650495e-01
1.753019503871524332e-01
1.235514412726541472e-01
4.138064351685058484e-01
1.922553748971460308e-01
3.065269696971182345e-01
4.030877709245452301e-01
3.259655162414324403e-01
4.987946730487657354e-01
4.553610298680723645e-01
4.125375743561352504e-01
3.480755546244416743e-01
2.474132094183425223e-01
1.813555060759564630e-01
3.507014260663149363e-01
3.061109619895712730e-01
2.083858525924404959e-01
2.305408349795750600e-01
3.005613259469660514e-01
4.412090094903340920e-01
1.719711573538426630e-01
1.749319198796071562e-01
2.652916691530173288e-01
1.950337323420185953e-01
2.182916240991079893e-01
2.507848061933635742e-01
1.986686200043900064e-01
2.149743528383483981e-01
1.817276589000840492e-01
1.373370504830624117e-01
2.456243445139945636e-01
1.468916220686651286e-01
2.682746656257502527e-01
1.931224564871696914e-01
2.415780047960232324e-01
2.915285764069477370e-01
2.865049719803209882e-01
2.685482433735160157e-01
2.022829322226103732e-01
4.217514612783606065e-01
2.391091223904540930e-01
1.613375446990036044e-01
1.550430670432573488e-01
2.067203079258730924e-01
2.208388426304107033e-01
2.531336437552034746e-01
