6.795643560822273036e-04
1.012179382880135786e-03
1.084355572528023073e-05
8.441953054206446981e-05
5.656241003277992681e-04
1.363994396027628760e-03
4.547983609812981595e-03
3.419133822488903138e-04
2.559613384380928424e-04
1.058537957205004298e-03
1.363349294433884094e-04
5.039372946953781093e-04
1.558145045908740172e-04
7.707086299347983005e-02
5.109742684207434910e-02
7.688471442217786889e-02
7.697544194696459563e-02
1.235304071245741514e-02
3.388678166106252193e-02
2.897639936594735392e-03
7.285219190165224956e-02
1.147555693992994598e-02
6.967124893699755406e-02
7.468393944614416802e-02
2.449418503713232317e-02
1.368093928272190452e-01
3.415745711042346075e-03
7.440450453089848815e-02
8.036768751578572678e-02
6.971764943177743978e-02
1.572434880933359092e-01
8.002061037784366504e-02
1.274464092510943225e-01
5.932597955631822330e-03
2.110964213426640146e-02
1.956929254670651541e-02
8.185410078439024975e-03
2.213791055261271970e-02
1.561413173440866047e-02
8.382913194189384187e-02
2.805045842908500398e-02
2.315633389767391137e-01
1.890349250826527105e-02
9.011905108435605549e-02
4.202241589972284530e-02
4.013547977600487315e-02
3.162331338576734180e-02
1.131941012110619232e-01
7.905824975635566965e-02
7.791366643642883005e-02
6.627665902557074683e-03
4.329492090059403400e-03
2.806062694902465549e-04
7.469190459985391994e-02
4.744880752586861511e-02
3.241166498655982386e-01
1.966223770524396230e-01
5.222042931973418928e-02
6.320293869818170707e-02
5.115015059955151794e-02
4.550533801852233752e-03
7.795114871111286092e-02
1.106011183732077789e-02
1.355700679835587091e-02
1.172572822451104779e-01
1.380972497628143725e-01
2.496128841017570404e-02
1.206733409669879520e-01
2.672061099425026565e-01
1.950894345536446084e-01
9.480876364388657329e-02
1.332985015550808838e-01
9.534147095018360996e-03
1.362840730199253378e-02
2.081294873960127384e-02
4.363059175974675491e-02
6.971655194225476193e-02
1.085988767305508251e-01
3.354879671065098823e-02
3.575217909604415552e-03
8.640426454338080708e-02
5.125897818538946438e-02
2.025835982815603065e-01
6.798210290068354422e-02
7.076158876914268037e-02
1.748428602806400504e-03
8.354249732750260171e-02
7.495110302582443616e-03
7.564017105991698020e-02
4.171771802727664707e-02
1.082885791371505577e-02
7.413593967642057025e-02
1.177556358007823267e-01
6.025834505045560285e-02
5.748566055849792245e-02
3.807111032565616612e-03
8.432024432993527607e-02
4.294873879065591853e-04
1.936422483891671320e-01
2.018539807898631355e-01
8.485000985916665850e-02
