2.100209166439106767e-01
2.358469903254165057e-01
2.648688668492608089e-01
2.727813248594219697e-01
3.312096289950064998e-01
1.989525988196524375e-01
1.627667971456853158e-01
2.111425253813369873e-01
2.083286009370707570e-01
2.625949403199439036e-01
1.626942234042172142e-01
2.182110224922116093e-01
1.990287551933971055e-01
3.549473635279215555e-01
1.057452775824528485e-01
2.982209402924546615e-01
3.604493128917126143e-01
2.909370560843784204e-01
2.701469414974920769e-01
2.830255624766533362e-01
2.782292107675367610e-01
3.074861638821088095e-01
2.491722029562179752e-01
2.914465117053343657e-01
2.368785023975830684e-01
3.204131630840353351e-01
3.319904344478765146e-01
2.508311050299268374e-01
3.666845147426311957e-01
2.621113134261507382e-01
3.632000387431337241e-01
3.415435176127805117e-01
3.294213328940364116e-01
4.478390572162774808e-01
4.074842883990361098e-01
3.329165933223870999e-01
3.918984188483311537e-01
3.162751975648391833e-01
1.606358855676192632e-01
2.622605843039659268e-01
2.093732172551636406e-01
1.574719803085407321e-01
1.608243393622195427e-01
2.826156093058391217e-01
1.944177504091595121e-01
2.887642119223108872e-01
2.965067876771522171e-01
2.369338845332654708e-01
2.968259906539550408e-01
3.362505481793330309e-01
2.492468804121017456e-01
3.440251072438863522e-01
2.433278978838083750e-01
3.471278720535337925e-01
3.804937559538162928e-01
3.867735983087466356e-01
3.129229269241197708e-01
3.834237771538587802e-01
3.641829063686040646e-01
1.469507328449533579e-01
2.763103144601560812e-01
2.783921348074308022e-01
3.309267240648086084e-01
2.755095526002920847e-01
3.261325944824001177e-01
2.367820175221333201e-01
3.122024248497417553e-01
3.572945382732611308e-01
2.422591263759666380e-01
3.773966105654835701e-01
3.789604171537436228e-01
4.535670658716788872e-01
3.061650262859005323e-01
4.652008437193356771e-01
4.367220602356470804e-01
4.816295275321373359e-01
2.709049023687839508e-01
2.643311372599922437e-01
3.041320478615279210e-01
2.567635184834496376e-01
2.448980003022230567e-01
3.153173705706229790e-01
4.138940366414877170e-01
3.957759881248840705e-01
3.451475516104927643e-01
2.954178435298112637e-01
3.207369984055941092e-01
3.103290413004847759e-01
4.042346753144206994e-01
3.231120431938996895e-01
3.179529776008656605e-01
3.820342883610954865e-01
4.125870870462117201e-01
3.373515275665200930e-01
3.683034545527054671e-01
3.572759948527583496e-01
3.824987393588973883e-01
3.625046527953460496e-01
3.733743847562716600e-01
3.021298781610451956e-01
3.516051552903193822e-01
