6.638268719498927606e-01
9.544718678180987848e-01
6.055002277896094354e-01
5.794044489470812076e-01
8.988259509205818176e-01
4.930080547928810120e-01
7.229573325468943157e-01
7.875457050708624118e-01
7.118353138749415887e-01
9.428157485448397379e-01
9.409476885428795789e-01
8.738584667444229126e-01
9.364922826106731879e-01
8.156407693257698988e-01
5.795214714912267917e-01
6.482313958605607773e-01
7.111983878466372477e-01
6.594538728778178704e-01
7.605896087793203586e-01
8.900833588380080430e-01
8.174645516734856399e-01
9.103217537586505426e-01
9.419873310969426594e-01
9.318980941405663465e-01
8.962790455955725877e-01
9.676685470801132949e-01
9.378268030973581082e-01
6.444188584752666982e-01
8.406047752270331408e-01
9.116920760044684435e-01
9.538110036116379531e-01
9.607206812271704699e-01
9.634399047264685656e-01
9.591212410193222793e-01
9.550424676675063340e-01
9.766634198335500949e-01
9.584056689189031086e-01
6.266974355452336054e-01
5.576191275165631733e-01
9.222300442365499729e-01
9.612040519714355469e-01
6.884393393635176439e-01
8.320136482899005426e-01
9.680865819637591851e-01
9.505442931101872883e-01
8.702072368648189338e-01
8.466741282206314834e-01
9.370646109947791125e-01
8.093648277796231527e-01
9.176733493804931641e-01
7.246777519153860814e-01
9.328780243029961561e-01
7.904003056196066135e-01
9.252237723423883953e-01
9.331851303577423096e-01
9.536241063704857801e-01
9.199386468300452258e-01
9.679907514498784504e-01
5.517060635074113595e-01
6.449989048907389666e-01
6.835397405979725116e-01
7.211639647766088235e-01
9.416498633531423801e-01
9.479387861031752793e-01
9.359561892656179660e-01
8.061788087854018237e-01
9.526567917603713243e-01
9.199860095977783203e-01
9.590295186409583117e-01
7.368939928710460663e-01
9.488844779821542508e-01
9.725698553598843832e-01
9.631095803700960856e-01
9.668236649953402262e-01
9.622073815419123211e-01
6.776649236965638368e-01
9.589665027765127414e-01
9.228366269515111409e-01
9.457730421653161024e-01
9.456493258476257324e-01
9.231079587569603895e-01
9.767766640736506023e-01
9.715908811642572918e-01
7.970042836207610337e-01
9.331527352333068848e-01
7.363566194589321601e-01
9.594027766814599012e-01
9.022151908049216296e-01
9.323939176706167453e-01
8.403232473020370019e-01
9.342483763511364447e-01
9.740208066426790934e-01
9.677039751639733289e-01
9.736170631188613145e-01
9.763060716482309109e-01
9.315023055443396593e-01
8.936411600846511094e-01
9.645880781687222738e-01
9.419532326551584012e-01
9.657977085847121446e-01
9.704665633348318332e-01
