2.347761988639831543e-01
1.408108472824096680e-01
1.037295558489859104e-03
1.084200143814086914e-01
3.094084858894348145e-01
2.794087529182434082e-01
1.448060870170593262e-01
9.854614734649658203e-01
9.515393972396850586e-01
2.719964087009429932e-02
2.295691519975662231e-02
9.576195478439331055e-01
8.641836047172546387e-02
8.766038343310356140e-03
1.901756389997899532e-03
1.510197413153946400e-03
1.121441891882568598e-04
9.991956949234008789e-01
4.490879550576210022e-02
1.528178248554468155e-02
2.024817978963255882e-03
9.870277643203735352e-01
2.540513873100280762e-02
5.105131864547729492e-02
6.771392654627561569e-03
9.610632658004760742e-01
1.787123084068298340e-01
4.865012597292661667e-03
1.783785060979425907e-03
3.628807067871093750e-01
1.669554039835929871e-04
9.888200163841247559e-01
9.876037240028381348e-01
1.939608752727508545e-01
1.989017054438591003e-02
9.856078028678894043e-01
6.161431595683097839e-02
7.120359688997268677e-02
3.412875533103942871e-02
9.719606041908264160e-01
1.249562725424766541e-01
7.380644790828227997e-03
3.563897218555212021e-03
3.732116818428039551e-01
6.816941499710083008e-02
3.526477515697479248e-01
2.809121310710906982e-01
3.380958437919616699e-01
6.523629277944564819e-02
9.852882623672485352e-01
9.568783044815063477e-01
3.213115036487579346e-02
1.697180420160293579e-02
9.479767680168151855e-01
8.380195498466491699e-02
6.882533431053161621e-03
2.428594511002302170e-03
3.865237236022949219e-01
1.884892880916595459e-01
4.949290677905082703e-02
9.808059781789779663e-02
8.458146452903747559e-02
1.276640221476554871e-02
2.605319768190383911e-02
1.872521266341209412e-02
3.039649222046136856e-03
3.659682115539908409e-03
4.167342931032180786e-02
2.501453971490263939e-03
1.537151634693145752e-03
9.951918385922908783e-03
2.344467937946319580e-01
1.920817047357559204e-01
9.818549267947673798e-03
9.248697757720947266e-01
1.305661797523498535e-01
7.675532251596450806e-02
9.917629361152648926e-01
1.998382620513439178e-02
6.116519216448068619e-03
1.317112892866134644e-02
9.315814375877380371e-01
1.914643645286560059e-01
7.434177212417125702e-03
2.390238456428050995e-03
3.170949816703796387e-01
8.368759602308273315e-02
3.520798403769731522e-03
9.930320978164672852e-01
3.706112504005432129e-01
1.578622311353683472e-01
9.815897941589355469e-01
2.467873878777027130e-02
2.473236527293920517e-03
2.768474165350198746e-03
9.670540690422058105e-01
1.283310949802398682e-01
2.065698057413101196e-02
9.345134720206260681e-03
2.152484059333801270e-01
8.282746374607086182e-02
1.589633408002555370e-03
1.002962961792945862e-01
3.296138048171997070e-01
1.651754230260848999e-01
9.850129485130310059e-01
9.658524394035339355e-01
2.182991057634353638e-02
1.145501527935266495e-02
9.226151108741760254e-01
7.702277600765228271e-02
8.031344041228294373e-03
3.309566993266344070e-03
1.427284777164459229e-01
4.733112454414367676e-02
8.415920310653746128e-04
1.925691068172454834e-01
1.100339815020561218e-01
6.295735947787761688e-03
7.505663670599460602e-04
3.526076301932334900e-02
2.652116864919662476e-02
3.004091605544090271e-02
2.458697371184825897e-02
1.967849954962730408e-02
1.525518856942653656e-02
5.018732696771621704e-02
2.472818940877914429e-01
1.366801857948303223e-01
6.003447924740612507e-04
9.798730611801147461e-01
9.312229752540588379e-01
2.852911353111267090e-01
1.734676361083984375e-01
9.851955771446228027e-01
2.706754207611083984e-02
2.557482384145259857e-02
9.864967465400695801e-01
9.312430769205093384e-02
1.333777327090501785e-02
4.131262190639972687e-03
2.519226968288421631e-01
9.149927645921707153e-02
6.072620744816958904e-04
9.791564941406250000e-01
6.917849183082580566e-01
2.820498645305633545e-01
7.058800011873245239e-02
9.805110096931457520e-01
3.326748684048652649e-02
2.705558016896247864e-02
9.769982695579528809e-01
1.267659515142440796e-01
1.507183630019426346e-02
3.107967553660273552e-03
2.407962977886199951e-01
9.704430401325225830e-02
3.831700189039111137e-03
1.550707593560218811e-02
2.781485319137573242e-01
1.141094565391540527e-01
7.903592661023139954e-03
9.881160855293273926e-01
9.614890217781066895e-01
1.187273859977722168e-01
9.295468330383300781e-01
1.537697464227676392e-01
1.763580925762653351e-02
1.546238316223025322e-03
1.546308994293212891e-01
6.982414424419403076e-02
2.129149070242419839e-04
2.805416285991668701e-02
3.107139766216278076e-01
2.423867434263229370e-01
1.073553040623664856e-01
9.859625697135925293e-01
9.604811668395996094e-01
1.069346815347671509e-01
4.560438916087150574e-02
6.836495995521545410e-01
3.483522683382034302e-02
2.227037213742733002e-02
2.412828952074050903e-01
6.936980038881301880e-02
1.208255300298333168e-03
7.845416665077209473e-01
7.524710297584533691e-01
3.001949787139892578e-01
1.379339993000030518e-01
9.838519692420959473e-01
9.432600140571594238e-01
7.470279186964035034e-02
3.016608953475952148e-02
9.770121574401855469e-01
3.718986362218856812e-02
3.306637704372406006e-02
3.199468851089477539e-01
1.456295251846313477e-01
3.967795986682176590e-03
7.065927982330322266e-01
4.196311533451080322e-01
2.845391631126403809e-01
8.827923238277435303e-02
9.838162064552307129e-01
5.089532136917114258e-01
1.898612454533576965e-02
2.532905153930187225e-02
9.691982865333557129e-01
6.504234671592712402e-02
8.775549009442329407e-03
2.624989748001098633e-01
1.447321772575378418e-01
3.740633605048060417e-03
6.413431465625762939e-02
3.660157322883605957e-01
2.163995951414108276e-01
3.232966363430023193e-02
9.845958948135375977e-01
9.640002250671386719e-01
3.170074149966239929e-02
5.771871283650398254e-02
9.381312131881713867e-01
5.686888843774795532e-02
6.058113183826208115e-03
