5.428545475006103516e-01
4.843774437904357910e-01
6.052074432373046875e-01
2.836915850639343262e-02
4.135649800300598145e-01
1.412353217601776123e-01
2.015904337167739868e-01
5.520004630088806152e-01
1.075490862131118774e-01
2.364298515021800995e-02
2.189680002629756927e-02
2.753339707851409912e-03
7.555156014859676361e-03
6.563195493072271347e-04
2.255943231284618378e-02
2.016736567020416260e-02
3.115076106041669846e-03
7.685698568820953369e-02
1.233042106032371521e-01
8.079404383897781372e-02
1.100416332483291626e-01
2.612643837928771973e-01
7.258077152073383331e-03
4.377731122076511383e-03
2.158094197511672974e-01
1.115336269140243530e-02
6.109208799898624420e-03
2.091060858219861984e-03
2.668464730959385633e-04
6.300835013389587402e-01
2.223028335720300674e-03
2.275833785533905029e-01
6.399606168270111084e-02
8.561286330223083496e-02
2.174886763095855713e-01
1.788564585149288177e-02
6.369787454605102539e-02
4.646194726228713989e-02
1.014861278235912323e-02
8.429273962974548340e-03
2.661471720784902573e-03
2.404059469699859619e-02
6.398577243089675903e-03
4.883619248867034912e-01
5.637147426605224609e-01
3.840873837471008301e-01
1.597331166267395020e-01
3.120095431804656982e-01
3.688381984829902649e-02
2.020007967948913574e-01
2.715132758021354675e-02
1.712689101696014404e-01
1.413854211568832397e-01
4.468868952244520187e-03
1.077464967966079712e-02
3.605858189985156059e-03
5.997792631387710571e-02
4.411765336990356445e-01
5.798018574714660645e-01
4.201383590698242188e-01
7.397413998842239380e-02
4.538142681121826172e-02
6.558521836996078491e-02
1.585781807079911232e-03
1.463044155389070511e-02
5.810668691992759705e-03
6.033598259091377258e-02
1.239043921232223511e-01
4.845482762902975082e-04
1.646044477820396423e-02
1.962916925549507141e-02
6.833695173263549805e-01
8.404713273048400879e-01
5.769200325012207031e-01
4.283968210220336914e-01
1.281564496457576752e-02
7.410551607608795166e-02
2.242728024721145630e-01
6.630976218730211258e-03
5.496707186102867126e-02
1.774505674839019775e-01
5.477410275489091873e-03
2.742604818195104599e-03
1.184555049985647202e-02
6.349751353263854980e-02
6.859784722328186035e-01
5.258851647377014160e-01
2.923951148986816406e-01
1.289723217487335205e-01
2.661379873752593994e-01
7.938588038086891174e-03
2.880362570285797119e-01
3.088363818824291229e-02
2.781540341675281525e-02
1.693330239504575729e-03
4.934028722345829010e-03
3.460490331053733826e-02
8.425356354564428329e-04
7.661423180252313614e-03
8.772070407867431641e-01
7.522594928741455078e-01
4.935554265975952148e-01
1.963939219713211060e-01
2.504391968250274658e-01
1.864448934793472290e-01
1.209427695721387863e-02
3.128768801689147949e-01
8.346974849700927734e-02
7.759953383356332779e-03
5.871105939149856567e-03
9.826742112636566162e-03
1.841189106926321983e-03
2.318616723641753197e-03
5.049004554748535156e-01
6.611537933349609375e-01
4.467551708221435547e-01
2.431645989418029785e-01
3.434387743473052979e-01
6.792753934860229492e-02
5.030610561370849609e-01
1.489554252475500107e-02
6.622002460062503815e-03
2.167219854891300201e-02
9.432620136067271233e-04
2.545016352087259293e-03
3.011970818042755127e-01
5.873466283082962036e-02
8.548684120178222656e-01
5.398480892181396484e-01
1.316624879837036133e-01
2.797701358795166016e-01
2.330174595117568970e-01
3.620269894599914551e-01
3.849089145660400391e-02
3.051127493381500244e-02
9.298624470829963684e-03
1.076340228319168091e-01
4.849544260650873184e-03
1.069747668225318193e-04
2.219676971435546875e-03
1.705381423234939575e-01
4.074863791465759277e-01
7.633376121520996094e-01
6.347051262855529785e-01
2.353552281856536865e-01
1.083279401063919067e-01
2.625397145748138428e-01
2.855366468429565430e-01
7.990130782127380371e-02
8.958404883742332458e-03
4.326396621763706207e-03
6.106368266046047211e-03
1.545046106912195683e-03
1.022047363221645355e-03
1.784542948007583618e-02
9.321737289428710938e-01
6.644199490547180176e-01
2.486385703086853027e-01
1.593715846538543701e-01
1.116935536265373230e-01
2.126195430755615234e-01
2.343415915966033936e-01
1.234182417392730713e-01
1.424538157880306244e-02
6.418578326702117920e-02
1.167958881705999374e-02
1.286529600620269775e-01
6.856478005647659302e-02
1.113156508654356003e-02
6.092699170112609863e-01
7.370343208312988281e-01
4.648541808128356934e-01
2.011221796274185181e-01
3.954243361949920654e-01
2.689200043678283691e-01
9.044579416513442993e-02
1.543915644288063049e-02
9.638576768338680267e-03
3.556566536426544189e-01
1.406363584101200104e-02
1.792834838852286339e-03
1.896082609891891479e-02
7.308093830943107605e-03
5.470050573348999023e-01
3.762674331665039062e-01
5.579795241355895996e-01
4.277843236923217773e-02
1.875134259462356567e-01
2.578055858612060547e-01
1.714570522308349609e-01
2.868026308715343475e-02
1.532427314668893814e-02
5.571584105491638184e-01
5.593862384557723999e-02
1.925990218296647072e-03
1.299294233322143555e-01
5.258713848888874054e-03
4.350330233573913574e-01
4.321976900100708008e-01
3.620683550834655762e-01
2.524634003639221191e-01
2.478095293045043945e-01
9.958434104919433594e-02
4.591468274593353271e-01
3.251306116580963135e-01
2.329157590866088867e-01
1.352687925100326538e-01
1.021405309438705444e-01
5.097767338156700134e-03
1.221035122871398926e-01
7.397334557026624680e-03
5.915833115577697754e-01
7.326945066452026367e-01
6.467369794845581055e-01
3.066672682762145996e-01
4.080981314182281494e-01
3.513506054878234863e-01
4.583349823951721191e-02
3.037366829812526703e-02
1.745088696479797363e-01
4.859206378459930420e-01
1.886956691741943359e-01
5.604187492281198502e-03
1.784146763384342194e-02
1.729172095656394958e-02
