4.182886183261871338e-01
7.657955586910247803e-02
4.041586071252822876e-02
1.726639829576015472e-02
2.451372891664505005e-02
8.821380734443664551e-01
2.627770602703094482e-01
1.167900115251541138e-02
5.451578646898269653e-03
1.473982073366641998e-02
1.083191782236099243e-01
2.315157502889633179e-01
6.979846954345703125e-02
6.461613229475915432e-04
5.595000088214874268e-02
1.012565195560455322e-02
1.083040796220302582e-02
6.920292228460311890e-02
2.140698581933975220e-01
7.822739332914352417e-02
2.016715705394744873e-03
5.340803414583206177e-03
3.854391351342201233e-02
3.830540925264358521e-02
2.561198743933346123e-05
7.376651279628276825e-03
7.638908922672271729e-02
8.855424821376800537e-03
3.129655029624700546e-03
9.759484529495239258e-01
2.764128446578979492e-01
1.698539033532142639e-02
3.215400576591491699e-01
1.884328424930572510e-01
6.020812317728996277e-02
2.116242656484246254e-03
3.130685165524482727e-02
2.469026111066341400e-02
1.451484276913106441e-03
2.261933386325836182e-01
4.612984061241149902e-01
2.173946937546133995e-03
1.984161883592605591e-02
9.800676107406616211e-01
1.078546047210693359e-01
1.441941689699888229e-02
4.169034212827682495e-02
9.478819966316223145e-01
2.467436343431472778e-01
1.208129455335438251e-03
5.558472592383623123e-03
1.494513731449842453e-02
5.929120630025863647e-02
1.454681605100631714e-01
7.910177111625671387e-02
4.787893267348408699e-04
6.936537567526102066e-03
9.429706931114196777e-01
5.465085059404373169e-02
5.962638184428215027e-03
9.135262109339237213e-03
9.969967603683471680e-02
8.051686882972717285e-01
6.614225276280194521e-05
2.544434391893446445e-04
2.014831602573394775e-01
3.236826509237289429e-02
2.540382265578955412e-04
4.459138144738972187e-04
1.133178011514246464e-03
2.586506120860576630e-02
4.088478162884712219e-02
6.438100337982177734e-01
5.095630288124084473e-01
8.390295319259166718e-03
9.918662905693054199e-02
2.498863339424133301e-01
5.887382663786411285e-03
4.081803560256958008e-01
9.030854105949401855e-01
1.522358059883117676e-01
9.826967716217041016e-01
2.657377123832702637e-01
2.122863894328474998e-03
4.462230950593948364e-02
8.817328810691833496e-01
7.034848332405090332e-01
3.176743686199188232e-01
1.132758855819702148e-01
2.657644264400005341e-02
1.768362075090408325e-01
4.802743494510650635e-01
9.249329566955566406e-02
1.727815531194210052e-02
5.006249248981475830e-02
9.542373418807983398e-01
9.986987113952636719e-01
7.079913616180419922e-01
5.974311381578445435e-03
9.362071752548217773e-01
3.148863911628723145e-01
5.637413263320922852e-01
1.797753944993019104e-02
2.418482117354869843e-02
8.999443650245666504e-01
1.775834150612354279e-02
1.384221366606652737e-03
1.856950111687183380e-02
7.359346002340316772e-02
8.259063214063644409e-02
2.153736948966979980e-01
3.457889542914927006e-04
5.311733111739158630e-02
9.403652697801589966e-02
7.706642895936965942e-02
3.706654906272888184e-02
8.476995676755905151e-02
2.488185465335845947e-02
5.131643414497375488e-01
6.103957891464233398e-01
1.967172836884856224e-03
8.190858364105224609e-02
4.896924272179603577e-02
9.211213910020887852e-05
7.198734674602746964e-04
3.207851899787783623e-03
4.619865119457244873e-02
7.999237179756164551e-01
4.138787388801574707e-01
7.973900437355041504e-01
1.406324934214353561e-02
2.020815946161746979e-02
6.988912820816040039e-01
2.986293435096740723e-01
9.883472919464111328e-01
7.328938692808151245e-02
1.449706852436065674e-01
9.759361743927001953e-01
3.132527768611907959e-01
8.215683512389659882e-03
8.009436726570129395e-02
9.426546692848205566e-01
9.243427515029907227e-01
4.480055272579193115e-01
8.531871251761913300e-03
3.264315053820610046e-02
1.183483302593231201e-01
2.752104103565216064e-01
7.091145515441894531e-01
9.108477830886840820e-02
1.538302898406982422e-01
9.938924312591552734e-01
6.712789535522460938e-01
4.511350765824317932e-02
7.668348401784896851e-02
2.202845215797424316e-01
6.416019797325134277e-01
8.762398362159729004e-01
1.692447066307067871e-02
2.115656435489654541e-02
4.144312739372253418e-01
2.409311980009078979e-01
2.090450078248977661e-01
5.664683412760496140e-03
1.057906914502382278e-02
9.780141115188598633e-01
2.725183265283703804e-03
1.706196810118854046e-03
5.738145671784877777e-03
6.132338047027587891e-01
1.014878526329994202e-01
1.721364632248878479e-02
4.403666034340858459e-02
2.354608103632926941e-02
1.034681722521781921e-01
4.956085085868835449e-01
8.255401626229286194e-04
2.131150336936116219e-03
6.906516384333372116e-03
8.672799170017242432e-02
9.482164750806987286e-04
1.987279159948229790e-03
6.103019416332244873e-02
6.709135174751281738e-01
1.467241197824478149e-01
2.248772606253623962e-02
3.309438750147819519e-02
2.352150157094001770e-02
3.374971449375152588e-01
2.456830739974975586e-01
6.357973325066268444e-04
3.758166683837771416e-03
7.101337425410747528e-03
1.103627234697341919e-01
6.044367910362780094e-05
7.743455353192985058e-04
7.672557979822158813e-02
3.431669473648071289e-01
6.893336027860641479e-02
6.490859389305114746e-01
2.381815016269683838e-02
2.835256047546863556e-02
2.006170153617858887e-01
2.355835884809494019e-01
7.013114634901285172e-03
3.609924111515283585e-03
9.916800074279308319e-03
9.048518538475036621e-02
3.526913002133369446e-02
4.151068162173032761e-03
8.650226145982742310e-02
5.679607763886451721e-02
1.638526618480682373e-01
2.063564024865627289e-02
2.778056636452674866e-02
2.541114203631877899e-02
7.296338677406311035e-01
3.864170610904693604e-01
7.229290204122662544e-04
1.556758419610559940e-03
6.594964303076267242e-03
1.043825820088386536e-01
1.035455390810966492e-01
4.780805902555584908e-04
8.300747140310704708e-04
