2.273111153537264173e-01
2.303359204759964640e-01
2.197588420150658195e-01
1.759083518095744259e-01
2.252900876793109408e-01
1.102677264671701046e-01
1.398477094212117189e-01
2.163962828949129724e-01
1.770922745882461957e-01
1.706368576112883839e-01
2.481105829121168782e-01
2.315798436488526457e-01
2.037346292647551071e-01
3.611230490944133398e-01
1.726638022079826640e-01
2.964637757865533074e-01
2.753138802184436629e-01
1.491116032792398627e-01
2.567941761718919857e-01
3.017404981879875381e-01
2.881172444993773119e-01
2.944755588138762703e-01
3.025917466729879379e-01
2.652756186524549142e-01
2.956115980453502545e-01
2.391722801213081173e-01
3.221928133414341811e-01
2.835478194487782710e-01
3.519436953446039573e-01
2.977603490536029351e-01
4.014332301628131261e-01
2.950533301784442064e-01
3.167311385847054739e-01
3.452661512621069684e-01
3.482118036168125874e-01
2.651424479599182593e-01
3.906121430202172395e-01
2.035738641083158773e-01
1.953892534455427821e-01
1.925233415901087819e-01
3.598205871306933146e-01
3.163797569174606195e-01
2.219580717031091610e-01
2.398400823227488099e-01
2.285427971599766905e-01
1.701774390127796521e-01
1.529505310150293118e-01
2.578650736249983311e-01
2.387587430063062011e-01
3.233861722625218649e-01
2.410156057113244377e-01
3.359571202443196181e-01
3.570804401890130264e-01
3.451930390214189570e-01
2.589217283977912065e-01
3.430691859595334514e-01
3.586397569340009084e-01
3.674894155074770463e-01
3.963619083022841827e-01
1.922965589373444029e-01
2.865079779607745403e-01
2.784328767578559960e-01
3.297886811991562750e-01
3.828716060289970025e-01
4.110615221926799401e-01
3.423420540415323954e-01
4.020018898523770590e-01
2.601680259148662078e-01
2.725100330725791498e-01
3.036823117268235839e-01
4.274492168512482038e-01
3.183270151941822168e-01
2.788937074006893058e-01
3.236577617549650787e-01
3.429306918540253046e-01
2.948352055513029368e-01
3.150060505230122820e-01
2.651046528839148264e-01
3.497834725735279315e-01
2.802837999680867775e-01
2.873842476814948421e-01
2.959548697735254752e-01
2.310657571248996844e-01
3.198132077590204458e-01
2.762790537045265449e-01
3.421467991832357058e-01
3.289547161414073106e-01
3.155816784844948653e-01
2.799421583947080960e-01
2.685081627278123051e-01
3.834701295082385553e-01
3.352000449712460028e-01
3.539719994251544488e-01
3.640731779428628689e-01
3.908278550952672958e-01
2.944184002430679792e-01
3.113419091544074035e-01
3.813378065824508667e-01
4.298437523583953368e-01
2.629126840485976335e-01
4.023929618012446752e-01
