6.759720388799905777e-03
1.940266937017440796e-01
1.464004069566726685e-01
8.561526238918304443e-02
1.072479486465454102e-01
2.602071464061737061e-01
1.125784814357757568e-01
5.238850787281990051e-02
5.337005853652954102e-02
2.343912571668624878e-01
1.769864708185195923e-01
2.325310260057449341e-01
2.475674077868461609e-02
4.327642731368541718e-03
3.428983092308044434e-01
1.162373349070549011e-01
1.052012369036674500e-01
1.705952137708663940e-01
1.410077214241027832e-01
3.230796381831169128e-02
4.811167716979980469e-02
4.944820329546928406e-02
2.992917783558368683e-02
9.119617193937301636e-02
1.697888411581516266e-02
2.229358069598674774e-02
1.471817027777433395e-03
1.309536304324865341e-02
1.033703684806823730e-01
8.520617149770259857e-03
8.877086453139781952e-03
1.022954136133193970e-01
8.450904488563537598e-02
2.590103633701801300e-02
1.203992497175931931e-02
1.877854317426681519e-01
3.504417836666107178e-02
7.968492805957794189e-03
6.698010861873626709e-02
4.067614790983498096e-04
1.754991523921489716e-02
2.246697396039962769e-01
2.226753234863281250e-01
5.716868909075856209e-04
3.735967874526977539e-01
1.241089552640914917e-01
2.152619324624538422e-02
1.943569071590900421e-02
1.421360075473785400e-01
1.324923485517501831e-01
7.501338422298431396e-02
7.286634296178817749e-03
3.700375556945800781e-02
1.444363296031951904e-01
3.147134780883789062e-01
1.867600232362747192e-01
8.734437823295593262e-02
7.738918811082839966e-02
4.542024061083793640e-02
4.114908352494239807e-02
7.477901130914688110e-02
2.508172988891601562e-01
2.599019408226013184e-01
3.044245950877666473e-02
1.559614539146423340e-01
4.243551194667816162e-02
1.488825380802154541e-01
4.076990485191345215e-01
1.448296010494232178e-01
4.306435957551002502e-02
4.843904823064804077e-02
1.696790382266044617e-02
5.358468741178512573e-02
3.230805695056915283e-02
3.322248160839080811e-02
2.125949226319789886e-02
1.320961490273475647e-02
2.858527377247810364e-02
2.050480246543884277e-02
1.698084473609924316e-01
1.265461742877960205e-01
9.957034140825271606e-02
9.692033380270004272e-02
2.271891087293624878e-01
2.347202003002166748e-01
2.677560411393642426e-02
2.381637692451477051e-02
1.872606948018074036e-02
8.453214913606643677e-02
2.118349447846412659e-02
1.784883812069892883e-02
6.168560124933719635e-03
1.354972124099731445e-01
2.040782123804092407e-01
1.354914456605911255e-01
1.341660171747207642e-01
1.044017449021339417e-01
1.633144468069076538e-01
3.349678963422775269e-02
1.810190826654434204e-02
4.580146446824073792e-02
9.595139883458614349e-03
1.597544401884078979e-01
3.940718993544578552e-02
2.905372530221939087e-02
7.430225610733032227e-02
4.206495583057403564e-01
1.370638161897659302e-01
8.462853729724884033e-02
1.269375346601009369e-02
1.715150177478790283e-01
2.000531107187271118e-01
2.699387259781360626e-02
9.143711067736148834e-03
4.611115437000989914e-03
3.206975013017654419e-02
5.312383919954299927e-02
3.200080245733261108e-02
4.511510953307151794e-02
2.748279571533203125e-01
1.369723975658416748e-01
1.356177926063537598e-01
9.975180029869079590e-02
2.302298992872238159e-01
6.665798276662826538e-02
9.687916934490203857e-02
6.113273650407791138e-02
1.330412328243255615e-01
1.324677765369415283e-01
9.181951754726469517e-04
2.304173447191715240e-02
9.123088419437408447e-02
1.801607310771942139e-01
8.954581618309020996e-02
2.036834955215454102e-01
4.172572866082191467e-03
5.123212933540344238e-02
6.276120990514755249e-02
1.510607171803712845e-02
1.713927462697029114e-02
1.670420914888381958e-01
2.534640207886695862e-02
1.152382232248783112e-02
3.940519317984580994e-02
6.625177338719367981e-03
4.521259069442749023e-01
1.912183761596679688e-01
1.767829507589340210e-01
5.865411832928657532e-02
2.485440969467163086e-01
8.919074386358261108e-02
4.506646841764450073e-02
2.908596396446228027e-02
1.956004053354263306e-01
9.795909374952316284e-02
4.590676352381706238e-02
3.359926864504814148e-02
5.234509706497192383e-02
2.449986636638641357e-01
4.135397076606750488e-02
1.559334695339202881e-01
1.529103070497512817e-01
4.792703688144683838e-01
2.078260034322738647e-01
1.912742666900157928e-02
5.611075460910797119e-02
1.476357728242874146e-01
1.010969132184982300e-01
8.690757304430007935e-02
7.220261693000793457e-01
4.680194705724716187e-02
2.565552592277526855e-01
2.001832425594329834e-01
1.455293893814086914e-01
8.108621835708618164e-02
2.519991397857666016e-01
5.250030755996704102e-02
1.463154405355453491e-01
3.106361031532287598e-01
9.365614503622055054e-02
1.624570926651358604e-03
3.989652544260025024e-02
6.767362952232360840e-01
8.368113078176975250e-03
6.074248254299163818e-02
1.334111541509628296e-01
1.819288134574890137e-01
2.851052954792976379e-02
8.165245503187179565e-02
1.619195006787776947e-02
2.138343080878257751e-02
1.935257166624069214e-01
5.470079556107521057e-02
1.176311522722244263e-01
1.610380038619041443e-02
4.271691143512725830e-01
1.371679129078984261e-03
1.166265085339546204e-01
6.488448008894920349e-03
2.716269344091415405e-03
2.491783052682876587e-01
4.659156501293182373e-02
1.066800579428672791e-02
3.542907908558845520e-02
4.988234024494886398e-03
1.975846588611602783e-01
1.181491017341613770e-01
1.593423192389309406e-03
7.461200952529907227e-01
6.422169972211122513e-03
9.520017355680465698e-02
1.808226704597473145e-01
6.162535399198532104e-03
6.698198616504669189e-02
2.781258225440979004e-01
7.840622961521148682e-02
4.054611548781394958e-02
2.463420853018760681e-02
1.648754477500915527e-01
2.414024323225021362e-01
1.288230530917644501e-02
6.697148084640502930e-01
8.430400490760803223e-02
1.983007639646530151e-01
3.468373119831085205e-01
7.477369904518127441e-02
1.227744668722152710e-01
2.554030418395996094e-01
7.307558506727218628e-02
3.773602843284606934e-02
8.355088531970977783e-03
2.735888957977294922e-01
1.432801969349384308e-02
1.510623656213283539e-02
7.085226774215698242e-01
3.631706535816192627e-02
3.800553381443023682e-01
1.267851144075393677e-01
8.600717037916183472e-02
1.085130721330642700e-01
3.959408998489379883e-01
1.964698731899261475e-02
2.117699570953845978e-02
5.431064404547214508e-03
7.423914968967437744e-03
1.490401569753885269e-02
8.698687702417373657e-02
7.075943350791931152e-01
4.543516784906387329e-02
4.176413714885711670e-01
3.803799748420715332e-01
1.697317212820053101e-01
8.506166189908981323e-02
4.008220136165618896e-02
4.791284352540969849e-02
4.852792993187904358e-02
1.077122241258621216e-02
8.659577928483486176e-03
9.265177696943283081e-02
2.738427519798278809e-01
7.088066935539245605e-01
9.485205262899398804e-02
2.101199477910995483e-01
3.816725015640258789e-01
1.527194082736968994e-01
1.614009588956832886e-01
4.285477101802825928e-02
2.151800692081451416e-01
3.647946715354919434e-01
2.000442296266555786e-01
3.150604199618101120e-03
7.930753752589225769e-03
2.320121787488460541e-02
5.997260808944702148e-01
1.797474548220634460e-02
4.063934385776519775e-01
4.143113195896148682e-01
1.362322121858596802e-01
5.979671701788902283e-02
4.314033687114715576e-02
5.135169625282287598e-02
1.191141009330749512e-01
1.957183144986629486e-02
3.640174493193626404e-02
7.413901388645172119e-02
1.250271871685981750e-02
5.400045514106750488e-01
4.441481456160545349e-02
1.718029975891113281e-01
1.693599820137023926e-01
1.061307936906814575e-01
1.097178608179092407e-01
2.252506166696548462e-01
2.554333023726940155e-02
6.147254258394241333e-02
5.857273191213607788e-02
2.097186744213104248e-01
2.731676772236824036e-02
5.624608136713504791e-03
6.462942361831665039e-01
2.340786159038543701e-02
3.128087520599365234e-01
2.315811216831207275e-01
1.183905974030494690e-01
2.143775522708892822e-01
5.570201948285102844e-02
5.109510570764541626e-02
2.637589573860168457e-01
5.632790178060531616e-02
3.379946807399392128e-03
2.996304333209991455e-01
9.910940192639827728e-03
5.431715846061706543e-01
1.031651049852371216e-01
2.009298056364059448e-01
1.297096163034439087e-01
1.019219085574150085e-01
1.516226530075073242e-01
8.017063885927200317e-02
2.393807768821716309e-01
7.771328091621398926e-02
8.894406259059906006e-02
4.525768011808395386e-02
8.471314609050750732e-02
4.105961322784423828e-01
6.631693840026855469e-01
4.596139788627624512e-01
1.238923370838165283e-01
4.243844747543334961e-01
1.123362332582473755e-01
1.497740000486373901e-01
1.380623877048492432e-01
4.608061909675598145e-02
4.944831505417823792e-02
1.643279343843460083e-01
1.183203384280204773e-01
7.007968425750732422e-02
4.131762683391571045e-02
8.200507760047912598e-01
6.380926966667175293e-01
4.585419297218322754e-01
1.316244900226593018e-01
8.472548425197601318e-02
1.435285210609436035e-01
7.319748401641845703e-02
6.372027099132537842e-02
2.671566903591156006e-01
7.318843901157379150e-02
1.549286395311355591e-01
4.078114405274391174e-02
8.193144947290420532e-02
6.748330593109130859e-01
3.270170092582702637e-01
3.686102926731109619e-01
9.489488601684570312e-02
7.485579233616590500e-03
5.480954423546791077e-02
5.846786126494407654e-02
1.736430637538433075e-02
4.818388260900974274e-03
3.754482865333557129e-01
1.101176962256431580e-01
1.348633971065282822e-02
3.444391186349093914e-04
7.165746688842773438e-01
6.755809783935546875e-01
1.436938345432281494e-01
1.416476964950561523e-01
1.203240230679512024e-01
2.375819236040115356e-01
4.363012313842773438e-01
3.942997753620147705e-01
4.093897342681884766e-02
2.754580676555633545e-01
1.362441480159759521e-01
2.873428165912628174e-02
4.742107540369033813e-02
3.917415738105773926e-01
5.592211484909057617e-01
1.659151762723922729e-01
3.135841190814971924e-01
3.831028342247009277e-01
1.420815587043762207e-01
2.411538362503051758e-01
1.099745854735374451e-01
1.079836338758468628e-01
2.573461085557937622e-02
2.796213142573833466e-02
6.011776626110076904e-03
1.842387206852436066e-02
8.670458793640136719e-01
7.082424163818359375e-01
1.746300756931304932e-01
5.543183535337448120e-02
1.177389398217201233e-01
1.074277311563491821e-01
7.627019286155700684e-02
2.426743656396865845e-01
2.527590990066528320e-01
1.261710971593856812e-01
4.293514788150787354e-02
8.849317580461502075e-02
2.902331352233886719e-01
5.009793043136596680e-01
3.967243432998657227e-01
4.041909575462341309e-01
1.408463418483734131e-01
3.688548505306243896e-02
1.083889752626419067e-01
8.244533091783523560e-02
3.055339865386486053e-02
2.365947663784027100e-01
1.423240266740322113e-02
4.113152921199798584e-01
9.005828946828842163e-02
9.287672489881515503e-02
7.819745540618896484e-01
6.811689138412475586e-01
1.776450872421264648e-01
2.166084051132202148e-01
2.980798780918121338e-01
1.215474233031272888e-01
1.824445128440856934e-01
2.387518584728240967e-01
2.113386429846286774e-02
2.059481889009475708e-01
1.969081014394760132e-01
1.008590776473283768e-02
1.470281393267214298e-03
7.387287616729736328e-01
5.761556029319763184e-01
2.685737609863281250e-01
3.154665827751159668e-01
3.187626004219055176e-01
8.955967426300048828e-02
2.277230918407440186e-01
8.980669081211090088e-02
1.498460471630096436e-01
6.405511498451232910e-02
7.249889429658651352e-03
1.560111716389656067e-02
9.161993861198425293e-03
6.570830345153808594e-01
3.765443563461303711e-01
1.073820367455482483e-01
9.323418885469436646e-02
2.682502865791320801e-01
8.988314867019653320e-02
2.386910468339920044e-01
1.217915266752243042e-01
2.319490462541580200e-01
3.199791163206100464e-02
4.509276524186134338e-02
1.117287203669548035e-02
1.582837104797363281e-01
8.398545980453491211e-01
4.258930683135986328e-01
2.387893944978713989e-01
1.210251674056053162e-01
3.490269184112548828e-01
3.457057178020477295e-01
5.175758153200149536e-02
3.878062963485717773e-02
8.546826243400573730e-02
1.763094589114189148e-02
2.399107664823532104e-01
6.789058446884155273e-03
2.308629080653190613e-02
6.555766463279724121e-01
7.780351042747497559e-01
9.402043372392654419e-02
3.001370131969451904e-01
1.282972991466522217e-01
3.202881664037704468e-02
2.224487066268920898e-01
1.564478576183319092e-01
1.976934373378753662e-01
2.952412068843841553e-01
3.815014958381652832e-01
1.390487402677536011e-01
2.504083327949047089e-02
7.696181535720825195e-01
5.598928332328796387e-01
7.312949299812316895e-01
3.712897300720214844e-01
2.371899485588073730e-01
1.936265616677701473e-03
1.872246414422988892e-01
1.392013281583786011e-01
6.903102248907089233e-02
2.197542414069175720e-02
1.034457832574844360e-01
3.553568124771118164e-01
5.637997016310691833e-02
8.229194879531860352e-01
6.286878585815429688e-01
7.039361596107482910e-01
6.308563053607940674e-02
1.262959241867065430e-01
1.136115342378616333e-01
4.103691279888153076e-01
3.259883224964141846e-01
7.038254290819168091e-02
3.356430232524871826e-01
8.898931741714477539e-02
2.003052085638046265e-02
1.195213105529546738e-02
8.840003013610839844e-01
3.735231161117553711e-01
2.571271955966949463e-01
7.136480510234832764e-02
2.267160415649414062e-01
2.236441150307655334e-02
6.873033195734024048e-02
3.244776278734207153e-02
3.514772979542613029e-03
3.213854506611824036e-03
3.569693490862846375e-02
2.062367200851440430e-01
1.737939659506082535e-03
6.931635737419128418e-01
5.560648441314697266e-01
7.422605752944946289e-01
8.945628255605697632e-02
1.703021526336669922e-01
2.805422842502593994e-01
2.670671641826629639e-01
2.291549593210220337e-01
9.527066349983215332e-02
2.231326512992382050e-02
3.683950752019882202e-02
6.314416415989398956e-03
1.082959398627281189e-02
4.733054339885711670e-01
4.813459217548370361e-01
5.850166082382202148e-01
8.541411161422729492e-02
1.169968619942665100e-01
2.956901788711547852e-01
3.967880737036466599e-03
1.108626201748847961e-01
6.679166853427886963e-02
1.955427788197994232e-02
1.996054500341415405e-01
1.050602644681930542e-01
3.180292993783950806e-02
8.222275376319885254e-01
8.782157301902770996e-01
5.414177179336547852e-01
1.515575051307678223e-01
7.641202956438064575e-02
2.645075023174285889e-01
2.883199602365493774e-02
2.554506249725818634e-02
8.291526138782501221e-02
2.115691304206848145e-01
2.023748606443405151e-01
3.405765071511268616e-02
2.165407985448837280e-01
6.627304553985595703e-01
7.432875633239746094e-01
5.534675717353820801e-01
5.121407657861709595e-02
3.115361928939819336e-01
2.906964421272277832e-01
2.130013704299926758e-02
1.197744235396385193e-01
2.282097190618515015e-01
3.083385899662971497e-02
8.008369803428649902e-02
3.067027032375335693e-01
1.396544184535741806e-02
8.018196225166320801e-01
5.647937059402465820e-01
6.958857774734497070e-01
7.880754023790359497e-02
2.452941089868545532e-01
2.768434286117553711e-01
1.117202267050743103e-02
1.130909100174903870e-02
3.693870455026626587e-02
6.129537224769592285e-01
1.138829626142978668e-02
5.882875993847846985e-03
3.412459045648574829e-02
8.283267021179199219e-01
5.842794179916381836e-01
2.116921544075012207e-01
3.372337669134140015e-02
1.142176389694213867e-01
3.799568116664886475e-01
2.160659804940223694e-02
4.154749959707260132e-02
9.528491646051406860e-02
3.740479797124862671e-02
6.326323375105857849e-03
8.485008962452411652e-03
1.393581330776214600e-01
8.176752924919128418e-01
9.843162298202514648e-01
4.099664092063903809e-01
5.771316960453987122e-02
2.425698637962341309e-01
2.802577018737792969e-01
4.162445664405822754e-02
2.216799259185791016e-01
2.353487163782119751e-01
1.026953160762786865e-01
1.261989474296569824e-01
7.194624096155166626e-02
2.377796471118927002e-01
8.936567306518554688e-01
7.767373919486999512e-01
5.004414319992065430e-01
2.427186518907546997e-01
2.708007097244262695e-01
2.286236286163330078e-01
1.347445845603942871e-01
1.817766875028610229e-01
3.306642174720764160e-01
2.698063254356384277e-01
5.437716096639633179e-02
1.885190419852733612e-02
6.363533902913331985e-03
6.559861898422241211e-01
4.126808345317840576e-01
7.249474525451660156e-01
2.730467319488525391e-01
2.141342759132385254e-01
2.100078761577606201e-02
1.287456974387168884e-02
3.597686812281608582e-02
6.314330101013183594e-01
3.731880486011505127e-01
9.582721628248691559e-03
1.015724092721939087e-01
2.358306013047695160e-02
8.715051412582397461e-01
7.256065011024475098e-01
5.952132940292358398e-01
4.145000576972961426e-01
5.062364414334297180e-02
2.467566430568695068e-01
2.112284749746322632e-01
3.933831304311752319e-02
3.536045923829078674e-02
3.190864324569702148e-01
3.336895108222961426e-01
7.305444218218326569e-03
4.880554229021072388e-02
6.617230176925659180e-01
8.515583872795104980e-01
4.329155385494232178e-01
2.834126949310302734e-01
9.122016280889511108e-02
1.625211834907531738e-01
1.230362802743911743e-01
5.270694494247436523e-01
7.718208711594343185e-03
8.207052946090698242e-02
4.225778579711914062e-02
7.283967733383178711e-02
7.984722964465618134e-03
6.359608173370361328e-01
7.613151669502258301e-01
4.217772781848907471e-01
2.026619315147399902e-01
2.552212178707122803e-01
3.401639461517333984e-01
1.051667612046003342e-02
1.797600239515304565e-01
2.239170968532562256e-01
1.472662985324859619e-01
3.040420413017272949e-01
2.428776398301124573e-02
1.148425601422786713e-02
6.380110979080200195e-01
5.749256014823913574e-01
4.195922911167144775e-01
3.751648664474487305e-01
6.047010049223899841e-02
1.796916872262954712e-01
2.337075620889663696e-01
7.981917262077331543e-02
4.845262318849563599e-02
1.953023374080657959e-01
2.341277301311492920e-01
8.414970710873603821e-03
1.454612053930759430e-02
8.667379617691040039e-01
6.108881235122680664e-01
8.807257413864135742e-01
1.751041114330291748e-01
4.382640123367309570e-01
2.359896153211593628e-01
6.853986531496047974e-02
4.562269523739814758e-02
2.283800691366195679e-01
6.075158119201660156e-01
1.492184847593307495e-01
4.475706443190574646e-02
5.873386561870574951e-02
4.059864282608032227e-01
6.342764496803283691e-01
1.986096203327178955e-01
1.350554525852203369e-01
9.524785727262496948e-02
5.973298847675323486e-02
3.259573131799697876e-02
4.269999265670776367e-02
4.485398903489112854e-02
1.945382952690124512e-01
3.987175971269607544e-02
2.537310421466827393e-01
2.257423698902130127e-01
5.684632658958435059e-01
5.736978650093078613e-01
6.193508505821228027e-01
1.760423481464385986e-01
1.058971956372261047e-01
2.078026235103607178e-01
3.686572611331939697e-01
2.390533126890659332e-02
2.424111515283584595e-01
6.620028614997863770e-02
1.968186944723129272e-01
2.068629562854766846e-01
2.435396909713745117e-01
8.282161951065063477e-01
5.202956199645996094e-01
2.850712239742279053e-01
1.335825324058532715e-01
5.292081832885742188e-01
2.298132032155990601e-01
2.572140693664550781e-01
3.213048875331878662e-01
2.690757811069488525e-01
2.384954877197742462e-02
2.496891915798187256e-01
2.059454098343849182e-03
1.039401907473802567e-02
5.973887443542480469e-01
2.713144123554229736e-01
5.096451044082641602e-01
1.213004216551780701e-01
6.236340478062629700e-02
2.166105210781097412e-01
3.516912087798118591e-02
2.104107588529586792e-01
4.214775562286376953e-01
1.406571418046951294e-01
3.873244524002075195e-01
3.861863538622856140e-02
1.432026270776987076e-03
4.296048581600189209e-01
7.937648892402648926e-01
1.354657206684350967e-02
2.182811200618743896e-01
1.242017298936843872e-01
2.606915235519409180e-01
2.145338356494903564e-01
9.002228267490863800e-03
2.049349946901202202e-03
1.951339095830917358e-01
1.660837233066558838e-01
5.487580783665180206e-04
1.000207439064979553e-01
4.927500486373901367e-01
2.130689173936843872e-01
5.410743355751037598e-01
5.315912961959838867e-01
1.037750542163848877e-01
3.272745907306671143e-01
4.353173971176147461e-01
6.060501188039779663e-02
2.722898311913013458e-02
5.942797288298606873e-02
2.546859383583068848e-01
7.211974263191223145e-02
4.395875707268714905e-02
6.124008297920227051e-01
4.357830882072448730e-01
2.225398868322372437e-01
3.506041467189788818e-01
4.672054052352905273e-01
7.222920656204223633e-02
1.310422867536544800e-01
2.195615768432617188e-01
1.028229445219039917e-01
3.892081230878829956e-02
2.522896975278854370e-02
2.552028298377990723e-01
8.091744035482406616e-02
6.864513158798217773e-01
7.591922283172607422e-01
7.622495889663696289e-01
4.566931128501892090e-01
1.209986656904220581e-01
4.449889659881591797e-01
6.366315484046936035e-02
2.099299430847167969e-02
4.624798893928527832e-02
1.931127607822418213e-01
9.689714759588241577e-03
9.838195517659187317e-03
3.670513257384300232e-02
7.789888978004455566e-01
7.689904570579528809e-01
2.301734089851379395e-01
2.910788357257843018e-01
1.156502887606620789e-01
2.514759004116058350e-01
2.300889939069747925e-01
2.484382502734661102e-02
5.389604717493057251e-03
1.019043661653995514e-02
1.572043895721435547e-01
6.439426448196172714e-03
1.561140269041061401e-02
8.627599477767944336e-01
1.529330164194107056e-01
2.829596698284149170e-01
3.610011339187622070e-01
1.120771765708923340e-01
3.984551727771759033e-01
3.140993788838386536e-02
3.161959052085876465e-01
7.937706261873245239e-02
1.652915179729461670e-01
1.114881504327058792e-02
2.433254718780517578e-01
1.936009675264358521e-01
7.470160126686096191e-01
9.715250134468078613e-01
7.608273029327392578e-01
2.434614747762680054e-01
1.470015645027160645e-01
1.801842749118804932e-01
4.153877794742584229e-01
2.742220461368560791e-01
5.681547895073890686e-02
9.303957223892211914e-02
8.042830042541027069e-03
2.541168406605720520e-02
2.826203359290957451e-03
6.239308714866638184e-01
7.580732107162475586e-01
5.694937705993652344e-01
1.430481523275375366e-01
9.499649703502655029e-02
1.120033338665962219e-01
7.036751508712768555e-02
4.210688471794128418e-01
2.061742171645164490e-02
2.765820547938346863e-02
1.134013459086418152e-01
4.716277122497558594e-02
6.939672864973545074e-03
7.269502282142639160e-01
4.617445915937423706e-02
4.842949807643890381e-01
2.374863028526306152e-01
1.709868460893630981e-01
1.178537234663963318e-01
1.568064838647842407e-02
4.221620261669158936e-01
4.085455089807510376e-02
5.915142595767974854e-02
1.069476157426834106e-01
3.724730387330055237e-02
8.031027764081954956e-02
5.555965900421142578e-01
4.067613780498504639e-01
5.219388604164123535e-01
1.983689814805984497e-01
2.101411968469619751e-01
7.994195073843002319e-02
7.277016341686248779e-02
1.044301614165306091e-01
8.040525950491428375e-03
4.145614504814147949e-01
2.791917137801647186e-02
2.005250602960586548e-01
2.490534484386444092e-01
4.502999186515808105e-01
7.315616011619567871e-01
5.855162143707275391e-01
3.431797027587890625e-01
7.840381562709808350e-02
5.978437885642051697e-02
7.402928173542022705e-02
2.284768596291542053e-02
4.053696617484092712e-02
2.085169404745101929e-01
9.293667040765285492e-03
3.048724494874477386e-02
2.287258803844451904e-01
5.764781236648559570e-01
4.737349152565002441e-01
4.578910470008850098e-01
1.949973255395889282e-01
2.295505702495574951e-01
1.011753380298614502e-01
2.608180046081542969e-02
5.435268580913543701e-02
6.157240830361843109e-03
9.523972868919372559e-03
1.726813614368438721e-01
9.065384417772293091e-02
7.068481761962175369e-03
7.085596919059753418e-01
7.072172164916992188e-01
3.554281890392303467e-01
1.330943852663040161e-01
1.568382680416107178e-01
2.112761884927749634e-01
3.253024816513061523e-02
4.712605103850364685e-02
3.710202127695083618e-02
1.168803498148918152e-01
1.261546313762664795e-01
1.417378336191177368e-02
2.070502378046512604e-03
7.047500610351562500e-01
7.222290635108947754e-01
4.818484485149383545e-01
3.228069543838500977e-01
1.188741400837898254e-01
2.261484861373901367e-01
3.496534749865531921e-02
4.185088276863098145e-01
2.187617719173431396e-01
1.118301786482334137e-02
3.701844718307256699e-03
4.097518511116504669e-03
1.555848401039838791e-02
4.301344752311706543e-01
6.288782358169555664e-01
6.402449607849121094e-01
1.996711641550064087e-01
7.083582133054733276e-02
4.353486895561218262e-01
1.980082094669342041e-01
1.952748596668243408e-01
6.811294704675674438e-02
1.405506208539009094e-02
5.824179388582706451e-03
2.772292494773864746e-01
5.399876739829778671e-03
8.708207011222839355e-01
9.139601588249206543e-01
2.035544514656066895e-01
3.905737698078155518e-01
6.421791017055511475e-02
6.503018736839294434e-02
1.306985318660736084e-01
3.867813199758529663e-02
5.001210421323776245e-02
9.678410366177558899e-03
2.055855393409729004e-01
3.329162597656250000e-01
1.075974083505570889e-03
6.401001811027526855e-01
6.162607073783874512e-01
3.682676851749420166e-01
1.342275142669677734e-01
1.558997631072998047e-01
6.643959879875183105e-02
4.347609356045722961e-02
4.043707251548767090e-02
1.817216910421848297e-02
5.341049283742904663e-03
1.875973641872406006e-01
1.146651729941368103e-01
1.993608772754669189e-01
8.826603889465332031e-01
5.222038626670837402e-01
7.500349879264831543e-01
3.279752731323242188e-01
7.189644873142242432e-02
3.399226069450378418e-01
2.694781422615051270e-01
3.902503848075866699e-02
2.076164633035659790e-02
2.149538137018680573e-03
3.682001829147338867e-01
2.975373528897762299e-02
1.972207129001617432e-01
5.876589417457580566e-01
3.701826632022857666e-01
1.233716979622840881e-01
2.234748452901840210e-01
2.493663430213928223e-01
1.425912082195281982e-01
2.855446040630340576e-01
2.950439155101776123e-01
2.182457409799098969e-02
4.865031689405441284e-02
1.222092658281326294e-01
1.769273355603218079e-02
1.171063259243965149e-01
5.133759975433349609e-01
7.936192154884338379e-01
3.217408061027526855e-01
3.489928245544433594e-01
4.711058139801025391e-01
1.602543890476226807e-01
1.632808744907379150e-01
4.308993816375732422e-01
2.463454157114028931e-01
4.003562331199645996e-01
5.666181445121765137e-02
1.029596012085676193e-02
5.095061287283897400e-02
5.256639122962951660e-01
2.323881536722183228e-01
7.053146362304687500e-01
1.156025752425193787e-01
1.692831218242645264e-01
1.688178926706314087e-01
2.503613829612731934e-01
1.999776661396026611e-01
7.736540585756301880e-02
4.739392995834350586e-01
2.105180323123931885e-01
6.095056608319282532e-02
3.791780173778533936e-01
5.550757050514221191e-01
7.674891948699951172e-01
5.103481411933898926e-01
5.090863704681396484e-01
1.867296695709228516e-01
3.208943605422973633e-01
4.903277754783630371e-01
8.733385056257247925e-02
1.064716279506683350e-01
6.643676757812500000e-02
8.802095428109169006e-03
3.629203885793685913e-02
8.795509114861488342e-03
9.699040651321411133e-01
5.176726579666137695e-01
4.128217101097106934e-01
2.451304048299789429e-01
1.059847772121429443e-01
2.939782440662384033e-01
2.591962814331054688e-01
2.393669039011001587e-01
6.196964904665946960e-02
7.114803791046142578e-02
2.739950418472290039e-01
3.962939083576202393e-01
8.438291028141975403e-03
6.433559656143188477e-01
5.538253784179687500e-01
3.717843592166900635e-01
4.259340763092041016e-01
8.267459273338317871e-02
3.126935660839080811e-01
3.945587575435638428e-01
2.022518403828144073e-02
8.413214981555938721e-02
2.801530761644244194e-03
1.962989568710327148e-01
1.542455144226551056e-02
2.135197818279266357e-02
7.859919071197509766e-01
7.843973636627197266e-01
3.927223980426788330e-01
2.037507295608520508e-01
3.665618300437927246e-01
9.808406233787536621e-02
3.294194936752319336e-01
2.107487916946411133e-01
2.369614392518997192e-01
1.971565932035446167e-01
4.296151548624038696e-02
9.873667359352111816e-02
1.604832243174314499e-03
7.565351128578186035e-01
3.773473799228668213e-01
4.717681407928466797e-01
2.757573425769805908e-01
3.645601570606231689e-01
2.163539677858352661e-01
4.624630808830261230e-01
4.300066530704498291e-01
2.527684271335601807e-01
5.994821339845657349e-02
2.568997070193290710e-02
3.413414210081100464e-02
9.230817668139934540e-03
8.434875011444091797e-01
7.193500995635986328e-01
8.164809346199035645e-01
2.736420035362243652e-01
1.751272827386856079e-01
2.528507709503173828e-01
9.805697947740554810e-02
2.072754502296447754e-01
4.165042191743850708e-02
3.899248838424682617e-01
1.553096175193786621e-01
1.509557478129863739e-02
2.069801390171051025e-01
8.099768161773681641e-01
7.122434973716735840e-01
3.882130980491638184e-01
4.469240903854370117e-01
2.241103202104568481e-01
3.314734995365142822e-01
1.794536709785461426e-01
2.514773011207580566e-01
1.786244958639144897e-01
2.307974100112915039e-01
3.907328844070434570e-01
9.688767604529857635e-04
1.074983775615692139e-01
7.946547865867614746e-01
2.033341675996780396e-01
6.314014196395874023e-01
4.275205135345458984e-01
1.075140163302421570e-01
1.028924882411956787e-01
9.161417931318283081e-02
4.785059764981269836e-02
6.720750033855438232e-02
2.381473183631896973e-01
4.765539988875389099e-02
1.021766811609268188e-01
1.448743939399719238e-01
6.599014997482299805e-01
3.790776729583740234e-01
5.951309204101562500e-01
1.735924482345581055e-01
1.649346947669982910e-01
6.759131699800491333e-02
3.136439323425292969e-01
5.091101527214050293e-01
3.369509801268577576e-02
4.961708094924688339e-03
5.012954585254192352e-03
2.779415342956781387e-03
8.552170584152918309e-06
7.000661492347717285e-01
4.658929705619812012e-01
5.711135268211364746e-01
1.317895501852035522e-01
2.109577059745788574e-01
8.696066588163375854e-02
2.357482910156250000e-01
2.396144419908523560e-01
4.057756438851356506e-02
2.617512345314025879e-01
4.754696786403656006e-02
2.478467971086502075e-01
1.058984473347663879e-01
5.156676769256591797e-01
6.945744752883911133e-01
3.465063571929931641e-01
1.817310750484466553e-01
1.343971192836761475e-01
1.299298256635665894e-01
2.649786770343780518e-01
4.216043278574943542e-02
1.961019784212112427e-01
8.595404773950576782e-02
3.087105695158243179e-03
9.951476939022541046e-03
2.229912765324115753e-02
7.426369190216064453e-01
3.831741511821746826e-01
4.429824054241180420e-01
1.074383556842803955e-01
2.524906396865844727e-01
8.572690188884735107e-02
1.971053183078765869e-01
7.351082563400268555e-02
1.351375877857208252e-01
5.105914920568466187e-02
1.537916213274002075e-01
3.373418003320693970e-02
2.101083993911743164e-01
7.910199761390686035e-01
2.654822766780853271e-01
5.427926182746887207e-01
3.048071265220642090e-01
2.122924774885177612e-01
1.123488843441009521e-01
3.969694674015045166e-01
5.159822851419448853e-02
5.351998656988143921e-02
1.151888370513916016e-01
2.627020003274083138e-03
2.000130414962768555e-01
6.214461848139762878e-02
8.603920340538024902e-01
6.284673213958740234e-01
3.981607034802436829e-02
5.626958012580871582e-01
2.840771973133087158e-01
9.936306625604629517e-02
2.461571097373962402e-01
6.212798506021499634e-02
4.006690531969070435e-02
4.308975115418434143e-02
6.354944780468940735e-03
9.578265249729156494e-02
5.183687806129455566e-02
8.683109283447265625e-01
4.726467728614807129e-01
3.923634290695190430e-01
2.647030353546142578e-01
1.648365706205368042e-01
3.440559506416320801e-01
6.835384666919708252e-02
5.237866938114166260e-02
5.122423544526100159e-02
2.839976362884044647e-02
1.584283262491226196e-01
1.678092405200004578e-03
1.266129314899444580e-02
6.376028656959533691e-01
6.289016604423522949e-01
3.793597519397735596e-01
1.725798994302749634e-01
1.188564747571945190e-01
9.767816960811614990e-02
3.785069584846496582e-01
3.008102066814899445e-02
3.177595883607864380e-02
2.512167692184448242e-01
1.409526541829109192e-02
3.196671605110168457e-01
5.188295990228652954e-02
8.402829170227050781e-01
4.605103731155395508e-01
4.989757239818572998e-01
1.288354992866516113e-01
2.387507706880569458e-01
3.444887995719909668e-01
1.669101566076278687e-01
6.478803604841232300e-02
2.260952293872833252e-01
2.300008386373519897e-01
8.185265958309173584e-02
2.281214669346809387e-02
1.693325489759445190e-02
8.066838979721069336e-01
6.874186992645263672e-01
6.789225935935974121e-01
1.522783041000366211e-01
1.012411564588546753e-01
1.606632024049758911e-01
6.041366457939147949e-01
4.068259596824645996e-01
2.138125002384185791e-01
1.473931074142456055e-01
1.032460704445838928e-01
2.144898772239685059e-01
3.865136951208114624e-02
5.328940749168395996e-01
5.250097513198852539e-01
3.423806130886077881e-01
1.218791007995605469e-01
9.694849699735641479e-02
1.127590835094451904e-01
1.198068857192993164e-01
2.849727272987365723e-01
1.671923696994781494e-02
4.679669439792633057e-02
1.040476709604263306e-01
2.973091006278991699e-01
9.910492226481437683e-03
5.881330966949462891e-01
6.834092736244201660e-01
7.394103407859802246e-01
2.339251637458801270e-01
1.258241832256317139e-01
8.120909333229064941e-02
2.367977648973464966e-01
1.859627366065979004e-01
2.731130123138427734e-01
2.222364544868469238e-01
1.126873418688774109e-01
1.350599341094493866e-02
8.580548688769340515e-03
6.834062337875366211e-01
6.582757830619812012e-01
6.326556205749511719e-01
3.031946718692779541e-01
4.599149525165557861e-02
2.124288529157638550e-01
1.547084152698516846e-01
7.624383270740509033e-02
4.610083401203155518e-01
2.430913746356964111e-01
8.457304537296295166e-02
2.458340674638748169e-02
2.011811286211013794e-01
6.809518337249755859e-01
7.241894006729125977e-01
5.846927762031555176e-01
1.890381872653961182e-01
2.567858397960662842e-01
1.098770201206207275e-01
1.585511565208435059e-01
2.067412883043289185e-01
2.081071436405181885e-01
6.431099772453308105e-02
5.027331709861755371e-01
2.738183364272117615e-03
3.532256558537483215e-02
