1.138653170603972226e-01
7.722858969086351943e-02
4.358636078317291301e-02
2.748889118097744971e-02
4.737190280754405985e-02
3.662374893275018028e-02
8.571410287046231369e-02
6.607094467975772878e-02
9.430015613683141729e-02
1.276859764296274791e-01
4.803687106603039825e-02
8.703047323685425551e-02
5.956771862334930140e-02
1.456282474816991690e-01
1.011129154537159652e-01
1.063111291371639650e-01
1.690120894390229889e-01
1.203314530878112909e-01
1.891761214221612808e-01
1.189067120251890569e-01
1.522177176767190165e-01
1.133237073663622141e-01
1.512131746321056791e-01
1.455048605298193687e-01
1.245888400769147725e-01
1.663910224854659448e-01
1.635870629420074218e-01
1.455295411690782914e-01
2.028092468300690954e-01
1.329035668257767255e-01
2.115011226672392497e-01
1.612178323736701002e-01
1.920914845899320544e-01
2.056440476041573873e-01
1.950826789610660972e-01
1.850803245682842435e-01
1.277376915543125269e-01
2.167312714916009297e-01
1.805184521855643098e-01
1.975044202229652712e-01
3.319996405177964571e-01
2.393723270640923384e-01
2.138292616089949305e-01
2.432316511493319566e-01
1.678927178637912576e-01
1.966197063000156287e-01
1.996046743140770796e-01
2.138418009003194564e-01
1.984634703884904094e-01
1.761964385111171594e-01
2.189549080526026481e-01
1.677079626287405201e-01
2.509829128662554032e-01
1.731818234585052185e-01
1.877910805722841914e-01
2.287177195181497036e-01
2.426648059716591532e-01
2.321224144588296123e-01
2.010208487224120488e-01
2.209421859767574658e-01
2.375901135830925104e-01
2.226201906943550413e-01
2.462867677498322139e-01
2.213588172140029675e-01
2.566059992308370452e-01
2.139148106977630248e-01
2.444051415301286279e-01
2.167033584913811983e-01
2.122067825223963866e-01
1.735996496950414913e-01
2.395677410084037784e-01
2.177128922194242477e-01
2.147818975723706780e-01
2.023978598702412257e-01
2.524074359008899315e-01
2.800091065806694646e-01
2.850041323556349870e-01
3.061715526363024131e-01
2.664883232388932099e-01
2.400864165885230606e-01
2.121523000085009936e-01
2.121752605128746638e-01
2.385573191926456393e-01
1.927549652576159844e-01
2.515506173904913378e-01
2.167082145237005653e-01
2.547880119930666099e-01
2.347868863770809778e-01
2.328375724072639652e-01
2.090070421914928256e-01
2.467818916954386821e-01
3.528351047828506837e-01
2.121707697515375912e-01
2.833287408217214365e-01
2.228883655311969525e-01
2.550575770437717438e-01
2.387252674223138693e-01
2.222455152525351640e-01
2.176398995977181783e-01
2.785585310596686015e-01
2.792354193695176234e-01
