1.644108630716800690e-02
9.999982714653015137e-01
3.394242748618125916e-02
4.967473074793815613e-02
7.306832075119018555e-02
9.902670383453369141e-01
1.094369869679212570e-02
5.158095620572566986e-03
1.604659948498010635e-03
8.876380324363708496e-01
2.355922609567642212e-01
1.079704612493515015e-01
7.307201623916625977e-03
1.785236527211964130e-03
1.969701051712036133e-02
3.954295814037322998e-02
9.139481186866760254e-02
3.277003020048141479e-02
9.948388934135437012e-01
2.493659406900405884e-01
6.720834225416183472e-02
8.884114772081375122e-02
9.286191463470458984e-01
1.454168856143951416e-01
2.443572320044040680e-02
6.928854156285524368e-03
3.005493781529366970e-04
3.462775144726037979e-03
9.378042817115783691e-01
1.995997130870819092e-02
5.376999615691602230e-04
9.952217340469360352e-01
6.386062502861022949e-02
6.166818551719188690e-03
1.097969710826873779e-02
4.954811930656433105e-01
5.512635707855224609e-01
9.435959160327911377e-02
5.238918238319456577e-04
1.353762199869379401e-04
1.587973162531852722e-02
9.999853372573852539e-01
2.590316720306873322e-02
3.773421421647071838e-02
9.842117428779602051e-01
9.855486154556274414e-01
9.114420972764492035e-03
2.365918364375829697e-03
8.924888372421264648e-01
2.958527505397796631e-01
4.581870138645172119e-02
1.817222335375845432e-03
9.581344202160835266e-03
2.334526628255844116e-01
5.003673955798149109e-02
3.912136703729629517e-02
2.309428155422210693e-01
9.738473296165466309e-01
5.890007019042968750e-01
6.276178359985351562e-02
1.424555666744709015e-02
4.480936825275421143e-01
3.864917159080505371e-01
1.915410161018371582e-02
8.426320855505764484e-04
4.714902490377426147e-02
1.122178882360458374e-01
9.629473090171813965e-01
5.604445934295654297e-02
3.646706789731979370e-02
2.407936379313468933e-02
1.423193886876106262e-02
2.549681626260280609e-02
2.043377142399549484e-03
3.034642711281776428e-02
1.456165760755538940e-01
3.859340213239192963e-03
1.683257520198822021e-03
1.138791849371045828e-04
3.740867376327514648e-01
9.987560510635375977e-01
3.237235546112060547e-02
4.546809196472167969e-02
3.219394981861114502e-01
9.962899684906005859e-01
5.495766922831535339e-02
1.200780421495437622e-01
8.704779744148254395e-01
2.436736077070236206e-01
2.013924764469265938e-03
2.989057684317231178e-03
1.150133903138339520e-03
4.160121083259582520e-01
9.999996423721313477e-01
3.559438884258270264e-02
1.462216377258300781e-01
3.721652626991271973e-01
9.319795966148376465e-01
1.971074752509593964e-02
6.312605738639831543e-02
5.077317953109741211e-01
6.423491239547729492e-01
5.281647443771362305e-01
1.085328869521617889e-02
1.139967795461416245e-02
3.741996288299560547e-01
1.522751748561859131e-01
3.641967475414276123e-02
7.472653687000274658e-02
2.490598559379577637e-01
9.842839241027832031e-01
7.619373798370361328e-01
6.977501511573791504e-02
5.731883049011230469e-01
1.510966867208480835e-01
1.586534082889556885e-02
3.108640376012772322e-04
7.485266542062163353e-04
1.964999139308929443e-01
2.623389288783073425e-02
4.049989953637123108e-02
7.583051919937133789e-02
2.528093159198760986e-01
9.727966785430908203e-01
7.297571897506713867e-01
6.207315251231193542e-02
6.003950536251068115e-02
3.041693568229675293e-01
1.037126332521438599e-01
4.772377200424671173e-03
3.720666281878948212e-04
1.588217467069625854e-01
2.634012512862682343e-02
2.857333049178123474e-02
4.814950004220008850e-02
1.812039911746978760e-01
4.088932275772094727e-01
2.213520929217338562e-03
4.927511885762214661e-02
6.703261286020278931e-02
9.698078632354736328e-01
5.287590622901916504e-02
6.130317226052284241e-02
5.548972403630614281e-04
4.034783691167831421e-02
2.184213697910308838e-02
3.114896826446056366e-02
4.471785947680473328e-02
9.726633131504058838e-02
6.837037857621908188e-03
6.133346818387508392e-03
5.606505554169416428e-03
6.258440762758255005e-02
9.355182945728302002e-02
9.830899238586425781e-01
7.357402890920639038e-02
1.842968049459159374e-04
9.806229174137115479e-02
2.430124022066593170e-02
2.762437239289283752e-02
3.930550813674926758e-02
1.333098709583282471e-01
9.917178750038146973e-01
1.970445923507213593e-02
5.428569391369819641e-02
2.816733159124851227e-02
9.904446601867675781e-01
4.047156572341918945e-01
8.128899149596691132e-03
7.632533311843872070e-01
1.245656684041023254e-01
2.701791226863861084e-01
7.137605547904968262e-02
5.460841208696365356e-02
9.432123303413391113e-01
5.129406228661537170e-02
7.728877943009138107e-03
1.592327281832695007e-02
4.866356961429119110e-03
1.338095813989639282e-01
2.301953360438346863e-02
1.431422715540975332e-04
9.999952316284179688e-01
1.628762036561965942e-01
2.865561246871948242e-01
2.143612056970596313e-01
1.732542067766189575e-01
7.793397456407546997e-02
1.199083104729652405e-01
1.922585419379174709e-03
3.185790404677391052e-02
1.250388324260711670e-01
3.415742889046669006e-02
9.084245903068222106e-06
3.052812417081440799e-06
2.862396836280822754e-01
6.617988692596554756e-04
7.316114008426666260e-02
2.284866641275584698e-04
2.314389421371743083e-04
3.094428032636642456e-02
7.849590480327606201e-02
1.751321949996054173e-03
7.145656272768974304e-04
6.171290576457977295e-02
2.915246598422527313e-02
3.540817499160766602e-01
1.158052691607736051e-05
3.171943426132202148e-01
2.777739893645048141e-03
9.960855245590209961e-01
1.244300156831741333e-01
2.432400360703468323e-03
9.180700182914733887e-01
1.198288947343826294e-01
8.356497623026371002e-03
1.533899223431944847e-03
1.360401362180709839e-01
2.552133202552795410e-01
2.073801308870315552e-02
4.807176883332431316e-04
7.009143829345703125e-01
2.064368724822998047e-01
1.276358962059020996e-01
3.896632045507431030e-02
9.486841410398483276e-02
1.870079040527343750e-01
8.311541378498077393e-02
1.473331358283758163e-04
2.210082486271858215e-03
1.050736308097839355e-01
1.573523432016372681e-01
1.687944022705778480e-04
1.667754361278639408e-07
3.777340054512023926e-01
3.418168425559997559e-02
9.826782941818237305e-01
2.235511690378189087e-01
1.359760761260986328e-01
3.754039108753204346e-02
8.866451382637023926e-01
1.234525814652442932e-02
3.039036411792039871e-03
2.855012938380241394e-02
4.595159366726875305e-02
2.817864995449781418e-03
2.012713346630334854e-03
3.507359623908996582e-01
1.676944792270660400e-01
9.890239238739013672e-01
2.645463049411773682e-01
4.437070339918136597e-02
1.109525486826896667e-01
4.742317497730255127e-01
9.461953490972518921e-02
2.353670308366417885e-03
7.660923525691032410e-03
5.802903175354003906e-01
5.606378614902496338e-02
1.646924793021753430e-04
4.072109162807464600e-01
2.156450897455215454e-01
4.643660783767700195e-01
3.788779079914093018e-01
4.828531667590141296e-02
9.075526893138885498e-02
9.462896585464477539e-01
4.581375420093536377e-02
3.837041929364204407e-02
2.586591802537441254e-02
3.365596532821655273e-01
9.717892389744520187e-04
4.322364475228823721e-06
5.781816244125366211e-01
1.859971508383750916e-02
7.267189677804708481e-03
2.311058342456817627e-01
4.571194946765899658e-02
2.764317393302917480e-02
9.513309001922607422e-01
6.373187899589538574e-02
7.557808421552181244e-03
5.026658996939659119e-03
1.205147653818130493e-01
2.180463925469666719e-04
8.086823509074747562e-04
4.783776402473449707e-01
1.491353362798690796e-01
2.173576131463050842e-02
2.047187834978103638e-01
1.849923729896545410e-01
9.024684876203536987e-02
9.870557785034179688e-01
2.967820167541503906e-01
7.256571203470230103e-02
8.935308456420898438e-02
7.664281129837036133e-01
3.579687327146530151e-02
2.640930935740470886e-02
7.837072610855102539e-01
1.041360944509506226e-01
3.093624301254749298e-02
7.583701610565185547e-02
1.780380755662918091e-01
2.673559188842773438e-01
9.676190018653869629e-01
8.594533801078796387e-02
2.394394390285015106e-02
9.474796056747436523e-02
9.609310626983642578e-01
9.865909218788146973e-01
6.068519502878189087e-02
6.628447175025939941e-01
7.457730174064636230e-02
3.739386200904846191e-01
1.688209623098373413e-01
2.037450522184371948e-01
1.012520864605903625e-01
9.423825144767761230e-01
7.879995703697204590e-01
7.479497045278549194e-02
1.155463159084320068e-01
6.744402647018432617e-01
1.652089953422546387e-01
1.992237940430641174e-02
9.074146747589111328e-01
3.552296431735157967e-03
1.483148783445358276e-01
6.638368368148803711e-01
7.344571352005004883e-01
3.570463741198182106e-04
6.595108658075332642e-02
3.761009126901626587e-02
2.857543528079986572e-02
3.063495736569166183e-03
9.413489699363708496e-02
3.192884847521781921e-02
8.696205914020538330e-02
9.925721883773803711e-01
9.899098873138427734e-01
6.446386873722076416e-02
1.830582618713378906e-01
1.045278981328010559e-01
1.027298253029584885e-02
5.182269811630249023e-01
1.198981888592243195e-02
1.955110020935535431e-02
2.311529358848929405e-03
4.370156384538859129e-04
1.019815262407064438e-02
1.351689861621707678e-04
1.652398407459259033e-01
7.127248495817184448e-02
9.564399123191833496e-01
1.228109747171401978e-01
1.933236926561221480e-04
5.409811623394489288e-03
2.523137256503105164e-02
1.296152127906680107e-03
6.782099080737680197e-05
2.061351260636001825e-04
5.471126437187194824e-01
2.208489179611206055e-02
9.435763672627217602e-07
5.349138975143432617e-01
9.654890894889831543e-01
9.434983730316162109e-01
2.363507151603698730e-01
3.422568440437316895e-01
8.248852565884590149e-03
7.342485785484313965e-01
5.762654915452003479e-02
8.171389345079660416e-04
1.000032993033528328e-03
5.034151077270507812e-01
9.778016805648803711e-01
1.394508672092342749e-05
9.914615154266357422e-01
9.858283400535583496e-01
8.922982215881347656e-01
4.618176817893981934e-02
9.337180852890014648e-02
1.031031683087348938e-01
1.209009625017642975e-02
1.290097832679748535e-01
1.661452800035476685e-01
1.117398440837860107e-01
9.940008521080017090e-01
2.414342947304248810e-02
1.270062522962689400e-03
2.355972528457641602e-01
7.039761543273925781e-01
9.582457542419433594e-01
7.258712500333786011e-02
7.558649778366088867e-02
2.211526334285736084e-01
2.729173982515931129e-03
7.591168105136603117e-05
3.752874443307518959e-03
8.553673978894948959e-04
4.386954475194215775e-03
3.726255499714170583e-06
3.899947955687821377e-07
5.971829295158386230e-01
9.408031105995178223e-01
1.474383175373077393e-01
5.048195645213127136e-02
3.757387995719909668e-01
2.059218287467956543e-01
8.952698111534118652e-02
9.817181825637817383e-01
5.149719864130020142e-02
2.819529072439763695e-06
1.404357105493545532e-01
2.387125790119171143e-02
6.292517296969890594e-03
9.254942536354064941e-01
9.762415289878845215e-01
3.649628907442092896e-02
2.837322950363159180e-01
4.189500808715820312e-01
1.445253938436508179e-01
4.070534408092498779e-01
1.009005010128021240e-01
4.146501421928405762e-02
6.632156146224588156e-05
1.267004758119583130e-01
3.204320091754198074e-03
2.609287730592768639e-05
9.458119869232177734e-01
9.809014797210693359e-01
2.840961888432502747e-02
7.098665833473205566e-02
3.698085546493530273e-01
2.346017658710479736e-01
9.220217466354370117e-01
4.456399381160736084e-02
1.089349091053009033e-01
2.185655385255813599e-02
2.824313342571258545e-01
6.988727021962404251e-03
4.153071131440810859e-06
5.462553501129150391e-01
8.525788187980651855e-01
1.245439145714044571e-02
2.118218839168548584e-01
2.664674520492553711e-01
1.613699942827224731e-01
9.267703294754028320e-01
1.788305640220642090e-01
3.880356997251510620e-02
3.920967876911163330e-02
2.894397079944610596e-02
8.149342611432075500e-04
2.317446196684613824e-04
5.955607891082763672e-01
8.110266923904418945e-01
1.368395052850246429e-02
2.151888608932495117e-01
2.351982742547988892e-01
2.630436122417449951e-01
9.910161495208740234e-01
7.394507527351379395e-02
1.201474443078041077e-01
1.054128911346197128e-02
5.214951634407043457e-01
9.855507612228393555e-01
7.450857665389776230e-04
5.796779394149780273e-01
9.125578403472900391e-01
1.865415088832378387e-02
1.031936481595039368e-01
1.495877802371978760e-01
2.436046004295349121e-01
9.239633083343505859e-01
5.168361216783523560e-02
5.776173435151576996e-03
1.649742946028709412e-03
6.072452291846275330e-03
1.193899437785148621e-01
1.731130643747746944e-03
1.000000000000000000e+00
1.000000000000000000e+00
9.917569160461425781e-01
1.445305626839399338e-02
2.050369530916213989e-01
5.551679059863090515e-02
2.270061895251274109e-02
1.188991777598857880e-02
1.558668017387390137e-01
8.011038415133953094e-03
6.300145760178565979e-03
4.317326238378882408e-04
1.853984594345092773e-02
9.999598264694213867e-01
9.931719303131103516e-01
9.899458885192871094e-01
1.534951776266098022e-01
2.497887462377548218e-01
2.072992920875549316e-02
1.170390471816062927e-02
1.707675121724605560e-02
2.663563564419746399e-02
1.609980501234531403e-02
2.182431966066360474e-01
4.687828550231643021e-06
3.634573658928275108e-05
9.141607582569122314e-02
5.729515105485916138e-03
1.319637056440114975e-03
1.749135255813598633e-01
2.524181604385375977e-01
1.244309096364304423e-04
3.598532825708389282e-02
4.040198624134063721e-01
8.739896118640899658e-03
3.723965724930167198e-03
8.995890617370605469e-02
5.713944789022207260e-03
2.833452308550477028e-03
9.999995231628417969e-01
9.277384281158447266e-01
1.386429369449615479e-01
1.549236942082643509e-02
6.372218132019042969e-01
9.948886036872863770e-01
1.106462161988019943e-02
4.370531998574733734e-03
7.901877164840698242e-02
2.059190347790718079e-02
2.128956466913223267e-01
4.196397215127944946e-02
6.347217410802841187e-02
9.999843239784240723e-01
9.932657480239868164e-01
4.576057195663452148e-01
1.494732685387134552e-02
2.701783552765846252e-02
9.851378798484802246e-01
7.025483064353466034e-03
8.267030119895935059e-02
1.720196902751922607e-01
1.502269040793180466e-02
1.125010289251804352e-02
5.722817033529281616e-02
1.591335423290729523e-02
9.999916553497314453e-01
9.896312952041625977e-01
1.037959568202495575e-02
1.505781058222055435e-02
3.799417614936828613e-02
9.998711943626403809e-01
1.130401641130447388e-01
6.229867227375507355e-03
1.155964285135269165e-01
7.450991868972778320e-01
3.578284755349159241e-02
6.503128912299871445e-03
5.313618853688240051e-02
9.999471902847290039e-01
7.299889810383319855e-03
2.059465914499014616e-04
2.344818226993083954e-02
9.760956764221191406e-01
1.731422096490859985e-01
1.768078655004501343e-02
2.602576836943626404e-02
1.306488527916371822e-03
8.445782959461212158e-02
4.580693244934082031e-01
4.427898675203323364e-03
2.648929366841912270e-03
9.998965263366699219e-01
4.748874604701995850e-01
1.484715342521667480e-01
8.475271612405776978e-02
9.733152985572814941e-01
9.933133125305175781e-01
1.446421229047700763e-04
4.141080081462860107e-01
1.074478588998317719e-02
4.168991371989250183e-02
2.756117098033428192e-02
2.827769145369529724e-02
8.013962954282760620e-02
9.999995827674865723e-01
9.778713583946228027e-01
1.737003922462463379e-01
1.708445884287357330e-02
2.708004787564277649e-02
9.944474697113037109e-01
1.726144924759864807e-03
3.090566024184226990e-03
4.829263314604759216e-02
1.470741033554077148e-01
1.097869127988815308e-03
4.473404027521610260e-03
1.200380921363830566e-02
9.998872876167297363e-01
9.919335246086120605e-01
9.834046959877014160e-01
3.528859466314315796e-02
3.327534347772598267e-02
1.166203543543815613e-01
6.276633590459823608e-02
5.645261332392692566e-02
1.197716668248176575e-01
1.459853351116180420e-01
2.690362334251403809e-01
1.789680216461420059e-03
2.619185484945774078e-03
9.998788833618164062e-01
9.929737448692321777e-01
9.791094660758972168e-01
1.890663430094718933e-02
2.184159308671951294e-02
2.431419044733047485e-01
4.877868294715881348e-02
5.442060157656669617e-02
4.272470250725746155e-02
1.953206509351730347e-01
5.760780572891235352e-01
2.327351123094558716e-01
1.795862954168114811e-05
8.846386671066284180e-01
8.015604615211486816e-01
8.647910356521606445e-01
5.529270172119140625e-01
2.434863597154617310e-01
2.482911385595798492e-02
4.733178019523620605e-02
2.994941771030426025e-01
3.157055005431175232e-03
7.392944535240530968e-04
3.274190006777644157e-03
1.789156198501586914e-01
1.457399316132068634e-02
9.508213996887207031e-01
9.844234585762023926e-01
9.866648912429809570e-01
1.344604510813951492e-02
1.852924004197120667e-02
1.199616002850234509e-03
1.344598457217216492e-02
4.596651345491409302e-02
3.817861215793527663e-05
1.713226200081408024e-03
3.655533771961927414e-03
5.893323570489883423e-02
2.404010956524871290e-06
9.840443134307861328e-01
9.852546453475952148e-01
9.799451828002929688e-01
6.817064248025417328e-03
3.332158550620079041e-02
1.877283453941345215e-01
8.753596246242523193e-02
1.531324908137321472e-02
2.082338482141494751e-01
9.298985004425048828e-01
2.596867680549621582e-01
1.411174307577311993e-04
2.167497761547565460e-02
9.601659774780273438e-01
9.594854116439819336e-01
9.427294731140136719e-01
6.336383819580078125e-01
4.974712803959846497e-02
3.217354416847229004e-01
3.292661309242248535e-01
6.217634305357933044e-03
9.687463194131851196e-02
2.239730209112167358e-03
5.182865858078002930e-01
2.679815952433273196e-05
5.451565812109038234e-05
8.949786424636840820e-01
9.043982625007629395e-01
9.412357807159423828e-01
3.349929582327604294e-03
1.250913143157958984e-01
4.193378686904907227e-01
1.954639330506324768e-03
1.263391040265560150e-02
4.188849404454231262e-02
1.528057282484951429e-06
4.700022749602794647e-03
3.182656764984130859e-01
8.514124783687293530e-04
9.917477369308471680e-01
9.943136572837829590e-01
9.848806858062744141e-01
2.771175652742385864e-02
1.103977635502815247e-01
1.547815054655075073e-01
5.368297570385038853e-04
9.665329009294509888e-03
1.461366191506385803e-02
1.278816398553317413e-05
5.458636283874511719e-01
4.830789566040039062e-02
8.079845429165288806e-06
9.737713932991027832e-01
9.788159132003784180e-01
9.815212488174438477e-01
3.612376376986503601e-02
8.644308894872665405e-02
2.013638317584991455e-01
1.706348359584808350e-02
3.540353477001190186e-02
1.401873528957366943e-01
2.470023930072784424e-02
6.252767983824014664e-03
5.591903924942016602e-01
3.814216825048788451e-06
8.312860131263732910e-01
9.333990216255187988e-01
9.622610807418823242e-01
1.027509123086929321e-01
8.833131939172744751e-02
3.035633563995361328e-01
2.174849212169647217e-01
2.452093362808227539e-01
1.570093096233904362e-03
1.270158030092716217e-02
5.385289434343576431e-03
2.174178604036569595e-03
8.743648504605516791e-05
9.579546451568603516e-01
9.660370349884033203e-01
9.454490542411804199e-01
9.722991585731506348e-01
1.039277166128158569e-01
3.251142501831054688e-01
9.287539124488830566e-01
4.430359974503517151e-02
2.768527716398239136e-02
1.413283310830593109e-02
2.312531173229217529e-01
1.317519545555114746e-01
1.681136927800253034e-04
5.247980356216430664e-01
5.370498299598693848e-01
8.730280995368957520e-01
6.842520087957382202e-03
3.723325580358505249e-02
3.402675390243530273e-01
1.589147606864571571e-03
1.289634406566619873e-01
2.181335166096687317e-02
6.285812705755233765e-02
1.301483018323779106e-03
1.777640543878078461e-02
9.909810125827789307e-02
1.793735623359680176e-01
2.250382900238037109e-01
8.261121511459350586e-01
4.556980133056640625e-01
1.014802977442741394e-01
2.626170171424746513e-04
2.989014983177185059e-01
1.356330327689647675e-02
1.218735815200489014e-05
1.019267248921096325e-03
1.141980011016130447e-02
4.593135714530944824e-01
5.509300623089075089e-03
3.827470839023590088e-01
6.538413763046264648e-01
9.019371867179870605e-01
9.590109586715698242e-01
1.373193133622407913e-02
2.712973654270172119e-01
2.492839004844427109e-03
1.551454042783007026e-04
9.459484717808663845e-04
2.529498189687728882e-02
5.091865733265876770e-02
2.507721656002104282e-04
1.144610223491326906e-06
2.959751486778259277e-01
7.793602943420410156e-01
8.728039264678955078e-01
4.558644443750381470e-02
1.096558421850204468e-01
2.763512134552001953e-01
3.612776927184313536e-04
5.594849586486816406e-03
5.018424391746520996e-01
1.534003391861915588e-02
1.247702311957255006e-04
3.468222022056579590e-01
8.588790893554687500e-02
4.558656215667724609e-01
8.979263305664062500e-01
8.055664300918579102e-01
7.646684646606445312e-01
1.866174638271331787e-01
2.396910339593887329e-01
3.615784924477338791e-03
3.558705747127532959e-01
1.902630552649497986e-02
1.211767448694445193e-05
5.354064330458641052e-02
2.388150990009307861e-01
1.420255051925778389e-03
8.456244468688964844e-01
9.141709804534912109e-01
9.400338530540466309e-01
8.635535836219787598e-02
1.664327085018157959e-01
2.495104074478149414e-01
9.072175621986389160e-01
2.173552289605140686e-02
1.145190093666315079e-03
3.703022003173828125e-02
8.373245596885681152e-01
3.819994162768125534e-05
6.311953484328114428e-07
1.939078718423843384e-01
6.777122020721435547e-01
9.020137190818786621e-01
9.897453784942626953e-01
5.675812438130378723e-02
3.407665193080902100e-01
4.235629439353942871e-01
2.734521962702274323e-02
1.012915465980768204e-02
2.142595946788787842e-01
2.323687076568603516e-01
1.608404517173767090e-02
6.863824091851711273e-05
3.655376434326171875e-01
9.200422763824462891e-01
9.362944364547729492e-01
9.654521346092224121e-01
1.612459868192672729e-01
2.618719637393951416e-01
2.404450029134750366e-01
9.958975911140441895e-01
2.140023261308670044e-01
9.575846195220947266e-01
1.049352809786796570e-02
1.696767210960388184e-01
8.059124648571014404e-02
6.356774568557739258e-01
9.423890113830566406e-01
9.721323251724243164e-01
8.603645563125610352e-01
4.799270257353782654e-02
2.459858804941177368e-01
3.327162861824035645e-01
9.919614791870117188e-01
3.888650564476847649e-03
9.827787876129150391e-01
1.364117860794067383e-01
2.794447839260101318e-01
1.592933386564254761e-01
6.951287984848022461e-01
9.469598531723022461e-01
9.520510435104370117e-01
9.773969650268554688e-01
5.845176428556442261e-02
2.365584522485733032e-01
6.354905366897583008e-01
2.893956750631332397e-02
4.875864833593368530e-02
7.578724026679992676e-01
1.546428948640823364e-01
4.909286499023437500e-01
2.938641235232353210e-02
9.919137358665466309e-01
9.873860478401184082e-01
9.279311895370483398e-01
9.934865236282348633e-01
3.760055080056190491e-02
5.324534326791763306e-02
3.549921512603759766e-02
3.404005244374275208e-02
2.016771584749221802e-02
6.538861989974975586e-02
4.611630737781524658e-01
6.771290674805641174e-03
4.658666148316115141e-05
6.244917511940002441e-01
8.148971796035766602e-01
9.623080492019653320e-01
4.280457794666290283e-01
1.314263939857482910e-01
1.935079991817474365e-01
8.259413298219442368e-04
1.352648600004613400e-03
2.244635019451379776e-03
1.015965099213644862e-04
4.694606832345016301e-05
1.936295575433177873e-06
4.665831099259776238e-08
3.509265184402465820e-01
9.095265865325927734e-01
9.434313774108886719e-01
9.270638823509216309e-01
4.378557577729225159e-02
1.800793409347534180e-01
1.954435356310568750e-05
1.873400509357452393e-01
2.398803655712100635e-10
9.962420790543546900e-07
1.068481728434562683e-01
1.184967905282974243e-01
1.996638232526493084e-08
5.997946858406066895e-01
9.577703475952148438e-01
9.767409563064575195e-01
9.586147069931030273e-01
2.169498354196548462e-01
1.180833503603935242e-01
1.701015979051589966e-03
9.938031435012817383e-01
1.590638794004917145e-02
1.264672609977424145e-04
3.176085650920867920e-01
7.685004733502864838e-03
6.442439371312502772e-06
9.678961038589477539e-01
9.764747023582458496e-01
9.798475503921508789e-01
5.042289197444915771e-02
6.199759617447853088e-02
8.729553222656250000e-02
8.963190019130706787e-02
5.624057650566101074e-01
5.120544508099555969e-02
2.191584557294845581e-03
1.260935217142105103e-01
3.435009391978383064e-03
8.878509447640681174e-07
7.220406532287597656e-01
9.145400524139404297e-01
9.735159873962402344e-01
8.561067283153533936e-03
1.802008748054504395e-01
1.540900021791458130e-01
2.884037792682647705e-01
3.809934258460998535e-01
6.595923332497477531e-04
1.975083432625979185e-04
5.560149438679218292e-03
4.618808452505618334e-05
1.111744950321735814e-06
5.178996324539184570e-01
9.043349623680114746e-01
9.580852985382080078e-01
1.811591908335685730e-02
8.012205362319946289e-02
1.590487360954284668e-01
7.927911281585693359e-01
3.132265806198120117e-02
1.437223982065916061e-02
5.463005509227514267e-04
3.600632306188344955e-03
1.392987966537475586e-01
5.468234303407371044e-04
8.618957996368408203e-01
9.732424616813659668e-01
9.684075117111206055e-01
1.423509120941162109e-01
1.457755714654922485e-01
1.164282858371734619e-01
9.865073859691619873e-02
5.341235548257827759e-02
1.618057303130626678e-02
1.167699374491348863e-04
1.069842721335589886e-03
5.558614134788513184e-01
2.019172534346580505e-03
9.067072272300720215e-01
9.465064406394958496e-01
9.768030643463134766e-01
1.389303654432296753e-01
2.573739886283874512e-01
2.166651785373687744e-01
2.776909172534942627e-01
1.597239519469439983e-03
1.140356063842773438e-01
3.285485436208546162e-04
1.316418929491192102e-04
1.844471407821401954e-04
2.080225531244650483e-04
7.240129709243774414e-01
9.344844818115234375e-01
9.756131172180175781e-01
1.174693834036588669e-02
3.011006414890289307e-01
1.772083044052124023e-01
2.521446645259857178e-01
5.496651679277420044e-02
1.455059051513671875e-01
5.588266849517822266e-01
1.142392493784427643e-02
8.088175207376480103e-03
4.862511157989501953e-02
9.854561090469360352e-01
9.863738417625427246e-01
2.367265224456787109e-01
9.873554706573486328e-01
5.021806806325912476e-02
4.429692029953002930e-02
1.560887396335601807e-01
3.290387336164712906e-03
9.123262763023376465e-02
5.906519480049610138e-03
1.477254927158355713e-01
1.035711169242858887e-02
5.394403124228119850e-04
9.602335691452026367e-01
9.643893837928771973e-01
9.745341539382934570e-01
9.969264268875122070e-01
1.533826738595962524e-01
1.426947116851806641e-01
3.595856726169586182e-01
2.427095025777816772e-01
1.940353587269783020e-02
1.377522349357604980e-01
2.063058465719223022e-01
5.578662967309355736e-05
1.994004151129047386e-06
4.432146549224853516e-01
8.604083657264709473e-01
9.600411653518676758e-01
9.965734481811523438e-01
4.023583605885505676e-02
2.007194459438323975e-01
4.160832166671752930e-01
9.603756479918956757e-03
5.163386231288313866e-04
4.186241887509822845e-03
1.272483170032501221e-02
7.246193289756774902e-02
8.780603093327954412e-05
7.245528697967529297e-01
9.276601076126098633e-01
9.703378677368164062e-01
9.968361854553222656e-01
1.336178928613662720e-01
2.606991827487945557e-01
3.687217533588409424e-01
2.111659348011016846e-01
5.291320011019706726e-02
2.556219510734081268e-02
8.667970895767211914e-01
9.887356758117675781e-01
6.143271093606017530e-06
9.289667606353759766e-01
9.738940000534057617e-01
9.771083593368530273e-01
1.628867983818054199e-01
2.523092329502105713e-01
1.786686331033706665e-01
2.905598282814025879e-01
3.228943049907684326e-02
8.042411506175994873e-02
6.991138309240341187e-02
2.741435468196868896e-01
3.846076433546841145e-04
1.032468304038047791e-02
5.759824514389038086e-01
9.099601507186889648e-01
9.788895845413208008e-01
7.370660454034805298e-02
9.213754534721374512e-02
1.151701360940933228e-01
4.196691811084747314e-01
1.182180494652129710e-04
2.465934667270630598e-04
4.360995080787688494e-05
3.831842604995472357e-06
6.588350515812635422e-06
7.952181135806313250e-08
9.303037524223327637e-01
9.364897012710571289e-01
9.755080938339233398e-01
1.314282715320587158e-01
1.239416971802711487e-01
2.598037123680114746e-01
3.803980350494384766e-01
5.026686191558837891e-02
3.493386029731482267e-04
1.263424307107925415e-01
1.725209318101406097e-02
5.134937964612618089e-05
5.801045335829257965e-04
8.083518147468566895e-01
9.553236961364746094e-01
9.685028195381164551e-01
2.233449742197990417e-02
3.885712847113609314e-02
2.159791886806488037e-01
3.511680066585540771e-01
9.728623032569885254e-01
1.580334268510341644e-02
8.304925262928009033e-02
1.629459410905838013e-01
6.092869443818926811e-04
7.645366713404655457e-04
3.893947601318359375e-01
2.204104512929916382e-01
6.648446321487426758e-01
1.109258010983467102e-01
3.232431411743164062e-01
2.078662216663360596e-01
3.288884162902832031e-01
2.645577490329742432e-02
1.559456735849380493e-01
4.047442600131034851e-02
1.103716343641281128e-01
8.759669959545135498e-02
6.196877453476190567e-03
2.151511907577514648e-01
7.694711685180664062e-01
9.193680286407470703e-01
8.157868385314941406e-01
6.728237122297286987e-02
2.986573800444602966e-02
2.147412151098251343e-01
7.011574227362871170e-03
1.506982836872339249e-02
1.000739820301532745e-02
1.765073277056217194e-03
2.096857503056526184e-02
3.450306598097085953e-03
7.485795021057128906e-01
9.564726948738098145e-01
9.794853925704956055e-01
9.906977415084838867e-01
8.189218491315841675e-02
1.844414174556732178e-01
4.346455931663513184e-01
2.774605818558484316e-04
1.387665420770645142e-01
1.907402474898844957e-05
2.271093577146530151e-01
2.092862129211425781e-01
2.078720058307226282e-07
5.682260990142822266e-01
9.382401108741760254e-01
9.754567146301269531e-01
8.016098290681838989e-02
5.301734060049057007e-02
2.614205777645111084e-01
4.090313315391540527e-01
1.224366649985313416e-01
1.072633862495422363e-01
9.472446888685226440e-02
6.695169955492019653e-02
8.179122232832014561e-07
1.351920887827873230e-02
5.814151763916015625e-01
9.277419447898864746e-01
9.752529859542846680e-01
3.611604124307632446e-02
4.919361695647239685e-02
1.918094903230667114e-01
3.815040886402130127e-01
1.219151839613914490e-01
6.497480720281600952e-02
5.118296295404434204e-02
4.247570905135944486e-05
5.543830920942127705e-04
5.259246565401554108e-03
3.178959190845489502e-01
8.806569576263427734e-01
9.647685289382934570e-01
9.343922138214111328e-01
1.316991597414016724e-01
1.259136646986007690e-01
3.119556307792663574e-01
9.419514238834381104e-02
9.295791983604431152e-01
3.521931916475296021e-02
7.008386310189962387e-04
5.132142305374145508e-01
5.157395265996456146e-03
2.257675677537918091e-01
5.293058156967163086e-01
9.015603065490722656e-01
1.838936209678649902e-01
5.328538417816162109e-01
3.767757490277290344e-02
2.044604867696762085e-01
3.084123018197715282e-04
2.212820574641227722e-02
2.511136606335639954e-02
5.953952859272249043e-05
3.197510261088609695e-03
4.037640988826751709e-02
9.503042101860046387e-01
9.836496114730834961e-01
8.682288527488708496e-01
5.601502954959869385e-03
2.555566132068634033e-01
2.727535068988800049e-01
2.025030106306076050e-01
3.134753108024597168e-01
1.846154928207397461e-01
1.008258201181888580e-02
7.749661803245544434e-02
4.890646669082343578e-04
7.799146987963467836e-05
7.275018692016601562e-01
9.671066403388977051e-01
9.758958816528320312e-01
9.732314944267272949e-01
6.885966658592224121e-02
1.824632287025451660e-01
3.510049283504486084e-01
6.219131499528884888e-02
6.276671290397644043e-01
3.911161795258522034e-03
2.380654681473970413e-03
7.827358786016702652e-05
3.955381373543787049e-07
9.676201939582824707e-01
9.768895506858825684e-01
9.826842546463012695e-01
1.994587481021881104e-01
2.171405106782913208e-01
2.030354142189025879e-01
3.068622946739196777e-01
8.695902675390243530e-02
1.881419867277145386e-02
5.063216388225555420e-02
4.187828302383422852e-01
1.172251701354980469e-01
7.656266679987311363e-04
9.726205468177795410e-01
9.817625284194946289e-01
9.739094972610473633e-01
3.211128711700439453e-01
2.385405153036117554e-01
9.792101383209228516e-02
2.113094776868820190e-01
5.819110199809074402e-02
8.855951018631458282e-03
6.822824478149414062e-02
8.789349347352981567e-02
5.103089497424662113e-04
2.545202733017504215e-04
3.377232551574707031e-01
6.217929124832153320e-01
9.222068786621093750e-01
9.576051495969295502e-03
1.715158522129058838e-01
1.686713993549346924e-01
1.375602632761001587e-01
9.637483954429626465e-01
7.373556494712829590e-02
3.403468802571296692e-02
3.077384084463119507e-03
9.858042597770690918e-01
8.231486426666378975e-04
3.033843636512756348e-01
7.790808677673339844e-01
9.637075662612915039e-01
9.702576398849487305e-01
7.916306704282760620e-02
7.071107625961303711e-02
3.393984138965606689e-01
5.421572327613830566e-01
2.007535696029663086e-01
2.223418559879064560e-03
1.090257428586483002e-03
2.366159409284591675e-01
4.772831685841083527e-03
6.557661294937133789e-01
9.354065656661987305e-01
9.703044891357421875e-01
2.478375658392906189e-02
2.057356983423233032e-01
1.603877246379852295e-01
3.649433553218841553e-01
1.091575771570205688e-01
6.802123785018920898e-02
3.251256793737411499e-02
2.543505653738975525e-02
7.157014012336730957e-01
1.400028122588992119e-03
2.746642529964447021e-01
8.137909770011901855e-01
9.565407633781433105e-01
9.655928611755371094e-01
1.981267780065536499e-01
1.531647145748138428e-01
1.923359334468841553e-01
6.479398012161254883e-01
1.392140053212642670e-02
9.854704886674880981e-02
9.549567103385925293e-02
5.394831299781799316e-02
5.300910770893096924e-02
4.143162667751312256e-01
9.252059459686279297e-01
9.468945860862731934e-01
4.833803176879882812e-01
2.101885378360748291e-01
1.853453516960144043e-01
3.326353132724761963e-01
9.555422663688659668e-01
4.405759572982788086e-01
8.391123414039611816e-01
1.485973410308361053e-02
2.025150209665298462e-01
1.556627601385116577e-01
