2.630466373565678584e-01
2.069880754346601071e-01
2.446094153475804334e-01
3.305273873612840085e-01
2.351978794680550100e-01
1.124756035681527405e-01
3.125551429178673457e-01
3.596198867487076511e-01
2.657336972882218817e-01
2.176879201209745707e-01
1.580663217016710642e-01
1.128657777131033685e-01
2.169193966591802247e-01
1.895369036512700167e-01
1.713749342556569188e-01
7.056825562204512015e-02
2.233216554024973211e-01
1.310690426792903707e-01
2.133094887965573672e-01
2.417468151688808575e-01
2.306935456118271166e-01
1.582844790424972614e-01
2.618152023507998583e-01
3.554210794659761197e-01
3.358056731522083282e-01
2.158583678000678130e-01
2.236657579868243928e-01
1.474897159967291926e-01
4.081292926780056840e-01
3.500495515226458298e-01
1.753038319893020225e-01
2.777624315400456512e-01
2.665273852179290137e-01
3.090247293952975705e-01
2.511194371181773022e-01
3.720879344663654553e-01
2.398109479287925949e-01
2.685002936318946487e-01
2.843762942414356787e-01
8.283820774634548245e-02
3.190277920176203263e-01
2.953145097081477655e-01
3.175625799295420659e-01
2.134427785080893480e-01
3.290232838559089545e-01
2.621493722813633687e-01
2.937562193076770911e-01
3.389175378740149625e-01
3.015168280645201815e-01
2.368338251529236715e-01
3.615073507714371970e-01
3.708052185326008443e-01
2.822067293715673220e-01
2.986801014079061845e-01
3.108339096193223905e-01
2.850926568470850686e-01
4.345254359840720060e-01
2.040476412870562972e-01
1.982849123046784845e-01
2.509711839420036283e-01
2.565927962546433738e-01
3.094335480667583793e-01
3.851245877487616820e-01
3.142093937808217996e-01
4.830104212921399465e-01
5.070028496153938802e-01
4.625050760805606842e-01
3.549723034901454688e-01
2.430193002396212332e-01
2.898091428120076474e-01
3.972916084201362774e-01
3.045306531406289374e-01
2.791392609512093892e-01
2.784680908572716995e-01
3.027239544776071378e-01
2.951663606240449989e-01
3.233651874873500476e-01
2.850436346981531366e-01
3.967673455782775305e-01
3.089890031131709569e-01
5.021235460191326716e-01
3.255285676076219992e-01
2.435334288439212069e-01
3.025165724600530903e-01
3.535809088408803924e-01
2.055857315158041709e-01
2.376876389607787132e-01
3.808979524450120113e-01
2.838807233699928712e-01
2.605355695218000145e-01
4.034883230029103762e-01
2.082077429393113799e-01
3.172949513771947117e-01
3.801763568382166558e-01
3.497592294857335693e-01
3.093161593065955062e-01
3.407900041202083230e-01
3.456397112100743074e-01
3.284273529246162782e-01
3.474675094565519706e-01
4.697103384309090357e-01
