8.705459833145141602e-01
6.252197027206420898e-01
3.205593824386596680e-01
3.340621665120124817e-02
1.853976249694824219e-01
3.094026744365692139e-01
2.932946979999542236e-01
6.925442256033420563e-03
1.335120052099227905e-01
7.266719341278076172e-01
6.942421197891235352e-02
1.110611599870026112e-03
4.060196131467819214e-02
2.687630951404571533e-01
5.727654695510864258e-02
1.288643013685941696e-02
5.197262857109308243e-03
3.960609808564186096e-02
4.824115708470344543e-02
1.998708769679069519e-02
1.951231248676776886e-02
1.205433160066604614e-03
1.516558043658733368e-02
9.454261511564254761e-03
1.339424587786197662e-02
7.798676379024982452e-04
9.335519745945930481e-03
1.260569691658020020e-02
1.086845528334379196e-02
9.439448118209838867e-01
6.202626973390579224e-03
1.688363589346408844e-02
5.578371882438659668e-01
2.771566510200500488e-01
3.557815775275230408e-02
1.969856675714254379e-03
1.908419877290725708e-01
2.609758675098419189e-01
1.852872595191001892e-02
5.155079998075962067e-04
4.288798570632934570e-02
9.150768816471099854e-02
3.179696202278137207e-02
9.056779742240905762e-01
8.188270330429077148e-01
1.746295765042304993e-02
3.299783170223236084e-01
6.924089193344116211e-01
1.147656068205833435e-01
9.405603632330894470e-03
5.180284380912780762e-02
4.192156195640563965e-01
1.243088841438293457e-01
1.450169133022427559e-03
1.736442148685455322e-01
3.071809709072113037e-01
1.452321857213973999e-01
9.815838932991027832e-01
8.391135334968566895e-01
1.889549493789672852e-01
1.658899784088134766e-01
6.100266575813293457e-01
2.926395535469055176e-01
1.425241120159626007e-02
4.905567690730094910e-02
3.274939060211181641e-01
1.428736150264739990e-01
2.454553544521331787e-02
2.420738488435745239e-01
4.290759265422821045e-01
3.282982856035232544e-02
8.789402246475219727e-01
9.373694062232971191e-01
3.533846437931060791e-01
1.762324571609497070e-02
3.769297301769256592e-01
2.362561225891113281e-01
8.872097358107566833e-03
4.695796594023704529e-02
3.990977406501770020e-01
1.485963612794876099e-01
8.361631771549582481e-04
3.013376146554946899e-02
6.635759025812149048e-02
1.060367822647094727e-01
9.196115732192993164e-01
8.332890272140502930e-01
4.292513728141784668e-01
7.957658916711807251e-02
1.077362224459648132e-01
3.370316624641418457e-01
2.892983611673116684e-03
4.995058476924896240e-02
3.082285076379776001e-02
1.111271828413009644e-01
4.981492646038532257e-03
3.205146268010139465e-02
4.015237092971801758e-02
1.580111831426620483e-01
8.838408589363098145e-01
5.592755675315856934e-01
4.977626800537109375e-01
4.323811829090118408e-02
1.652105450630187988e-01
4.736861884593963623e-01
1.018636114895343781e-02
8.840238302946090698e-02
4.372234940528869629e-01
4.857584834098815918e-02
1.746477093547582626e-03
1.677215695381164551e-01
6.005137562751770020e-01
7.554722577333450317e-02
9.922741651535034180e-01
7.963423728942871094e-01
4.344021379947662354e-01
4.249970987439155579e-02
2.428870648145675659e-01
3.870022296905517578e-01
3.071323633193969727e-01
1.212650090456008911e-01
3.136677443981170654e-01
3.723121583461761475e-01
7.637025415897369385e-02
1.420353353023529053e-01
4.667643308639526367e-01
6.493802368640899658e-02
9.424074888229370117e-01
7.685436606407165527e-01
4.943852424621582031e-01
2.771815098822116852e-02
1.748051494359970093e-01
4.017728567123413086e-01
3.385457694530487061e-01
4.621708765625953674e-03
2.693071961402893066e-01
2.351756095886230469e-01
4.195987639832310379e-05
1.883447915315628052e-01
1.022918820381164551e-01
6.122910231351852417e-02
9.036809802055358887e-01
8.453567028045654297e-01
2.763684093952178955e-01
3.554640710353851318e-02
1.301761269569396973e-01
2.063919603824615479e-01
3.274293541908264160e-01
3.238473087549209595e-03
5.765905603766441345e-02
2.234164923429489136e-01
5.118529777973890305e-03
1.811352744698524475e-02
3.129106760025024414e-02
2.416424453258514404e-01
9.212625026702880859e-01
7.861245870590209961e-01
2.318639308214187622e-01
6.749759614467620850e-02
2.237228453159332275e-01
7.472395300865173340e-01
2.324068546295166016e-01
1.477798633277416229e-02
9.235473722219467163e-02
3.698813915252685547e-01
2.285958034917712212e-04
1.247753798961639404e-01
5.634678602218627930e-01
3.925175964832305908e-02
9.053956866264343262e-01
7.664849758148193359e-01
2.825898230075836182e-01
9.805481880903244019e-03
1.755539774894714355e-01
5.066059827804565430e-01
4.747382104396820068e-01
1.187521032989025116e-02
2.105825990438461304e-01
5.599768161773681641e-01
1.241621673107147217e-01
1.250324994325637817e-01
4.404622316360473633e-01
3.467270731925964355e-02
7.701074481010437012e-01
7.342184782028198242e-01
3.964005112648010254e-01
5.270205065608024597e-02
1.290728747844696045e-01
5.192178487777709961e-01
2.331063300371170044e-01
4.134526010602712631e-03
7.656223326921463013e-02
4.788247346878051758e-01
1.622630804777145386e-01
4.708296546596102417e-05
5.847265720367431641e-01
1.037550568580627441e-01
9.504216909408569336e-01
8.061367869377136230e-01
3.281106650829315186e-01
2.155441604554653168e-02
1.801553517580032349e-01
3.749614953994750977e-01
3.719543218612670898e-01
1.703466847538948059e-02
1.300461292266845703e-01
5.022655129432678223e-01
2.098679244518280029e-01
2.574374375399202108e-04
1.525934599339962006e-02
6.982167810201644897e-02
8.200637102127075195e-01
7.654169201850891113e-01
2.652016878128051758e-01
3.041673824191093445e-02
1.461943238973617554e-01
5.763973593711853027e-01
3.696773052215576172e-01
6.525971461087465286e-03
2.697317898273468018e-01
3.351574838161468506e-01
1.739411503076553345e-01
2.110686618834733963e-03
7.525694370269775391e-02
5.603291466832160950e-02
