5.916596055030822754e-01
8.968719840049743652e-01
5.405090749263763428e-03
6.562849157489836216e-04
2.383271306753158569e-01
8.944630622863769531e-01
1.079665869474411011e-01
9.242710471153259277e-01
1.215402930974960327e-01
8.509159088134765625e-01
9.040874242782592773e-01
7.814673185348510742e-01
1.601840108633041382e-01
4.819236993789672852e-01
9.661187529563903809e-01
9.751328825950622559e-01
9.810570478439331055e-01
7.516104727983474731e-02
9.427626132965087891e-01
9.085924625396728516e-01
9.667608141899108887e-01
9.970762580633163452e-02
9.041622281074523926e-01
8.999724388122558594e-01
9.083395004272460938e-01
2.936437726020812988e-01
5.484530447574798018e-06
1.235118543263524771e-04
8.998093008995056152e-01
6.191502325236797333e-04
8.544870070181787014e-05
8.914065361022949219e-01
1.390802557580173016e-03
9.114860296249389648e-01
2.690467983484268188e-03
8.497595787048339844e-01
2.250104546546936035e-01
8.264977931976318359e-01
3.279475029557943344e-03
2.737693284871056676e-05
9.041972589329816401e-06
9.263671040534973145e-01
1.011886745691299438e-01
1.134754507802426815e-03
9.012410044670104980e-01
9.166901707649230957e-01
9.272135496139526367e-01
1.137595344334840775e-02
8.645077943801879883e-01
8.886108994483947754e-01
8.587242960929870605e-01
1.087385136634111404e-02
5.276374816894531250e-01
5.669760517776012421e-03
9.582897424697875977e-01
7.926585078239440918e-01
9.716393351554870605e-01
9.405111074447631836e-01
9.442568421363830566e-01
9.212193489074707031e-01
2.808669768273830414e-02
8.990932703018188477e-01
8.891704082489013672e-01
9.469330906867980957e-01
7.851519584655761719e-01
3.703337907791137695e-01
2.444766461849212646e-02
9.806571602821350098e-01
9.662515521049499512e-01
9.770708084106445312e-01
5.131827667355537415e-02
8.987578153610229492e-01
9.294607639312744141e-01
6.318680942058563232e-02
9.347716113552451134e-04
1.321617960929870605e-01
7.833850383758544922e-01
5.161149501800537109e-01
5.066050887107849121e-01
9.461913108825683594e-01
9.245393276214599609e-01
8.011197298765182495e-02
1.469585392624139786e-02
9.661201834678649902e-01
9.282235503196716309e-01
2.474623965099453926e-03
2.822094559669494629e-01
8.911458849906921387e-01
1.473910957574844360e-01
1.888528093695640564e-02
1.507743746042251587e-01
3.189187031239271164e-03
1.932506263256072998e-01
8.830246329307556152e-01
1.112433336675167084e-02
2.134303562343120575e-03
1.196794398128986359e-02
8.638162612915039062e-01
9.276293218135833740e-03
1.690545286692213267e-05
8.552149534225463867e-01
7.874472141265869141e-01
7.802518606185913086e-01
1.492422912269830704e-02
7.747832536697387695e-01
8.314909934997558594e-01
9.574313163757324219e-01
9.222314953804016113e-01
4.721705317497253418e-01
9.685231447219848633e-01
9.403559565544128418e-01
9.347321987152099609e-01
8.429410457611083984e-01
9.068517088890075684e-01
9.073426723480224609e-01
8.691413402557373047e-01
8.411207199096679688e-01
6.199967861175537109e-01
7.468880414962768555e-01
9.560739398002624512e-01
7.252914905548095703e-01
2.374564707279205322e-01
9.623332023620605469e-01
9.377415776252746582e-01
9.043390750885009766e-01
8.347525596618652344e-01
3.735952377319335938e-01
1.791697740554809570e-01
8.504052162170410156e-01
8.338162899017333984e-01
2.406022548675537109e-01
8.695621490478515625e-01
9.180631041526794434e-01
1.495273262262344360e-01
1.314941048622131348e-02
8.874268531799316406e-01
9.303455352783203125e-01
2.343854308128356934e-02
8.265076875686645508e-01
9.011816978454589844e-02
8.746872544288635254e-01
7.090334892272949219e-01
1.938217133283615112e-01
5.378737449645996094e-01
6.797320842742919922e-01
9.551598429679870605e-01
4.126300215721130371e-01
4.127541556954383850e-02
9.320237040519714355e-01
9.412714838981628418e-01
8.177060484886169434e-01
8.181549906730651855e-01
1.656208634376525879e-01
9.193089008331298828e-01
8.854981064796447754e-01
3.624497056007385254e-01
5.336455106735229492e-01
6.756168603897094727e-02
9.515053033828735352e-01
9.651117920875549316e-01
9.795470237731933594e-01
2.561977803707122803e-01
9.584782719612121582e-01
8.898234367370605469e-01
9.045609235763549805e-01
6.095533967018127441e-01
9.274795651435852051e-01
9.004386067390441895e-01
7.207209467887878418e-01
9.818868637084960938e-01
9.641228318214416504e-01
3.310033306479454041e-02
2.556099928915500641e-02
3.447775840759277344e-01
8.958731293678283691e-01
9.112370014190673828e-01
9.083177447319030762e-01
4.214687347412109375e-01
8.636636137962341309e-01
8.244088888168334961e-01
7.976887822151184082e-01
8.084961771965026855e-01
9.853194952011108398e-01
4.401532933115959167e-03
9.723412990570068359e-01
1.509208139032125473e-02
7.763332687318325043e-03
9.721774607896804810e-03
3.448873460292816162e-01
6.442931890487670898e-01
7.193236146122217178e-03
2.519474131986498833e-03
1.369371563196182251e-01
5.636976361274719238e-01
7.943351753056049347e-03
2.525975704193115234e-01
3.668710123747587204e-04
9.555779695510864258e-01
3.776721423491835594e-04
1.129411975853145123e-03
9.461798667907714844e-01
5.220194533467292786e-02
3.356924280524253845e-02
7.081259042024612427e-03
9.168180227279663086e-01
9.177407622337341309e-01
4.336728155612945557e-01
5.770631600171327591e-03
5.468909069895744324e-02
4.371548537164926529e-03
9.483079910278320312e-01
1.852160505950450897e-02
4.072224546689540148e-04
8.942245841026306152e-01
5.917223691940307617e-01
4.693842232227325439e-01
4.470398649573326111e-02
8.494964838027954102e-01
8.778132796287536621e-01
8.857361078262329102e-01
1.735649816691875458e-02
9.836384057998657227e-01
6.987567991018295288e-02
9.744885563850402832e-01
9.420897364616394043e-01
8.940423727035522461e-01
5.614427104592323303e-02
9.188886284828186035e-01
8.638255596160888672e-01
4.259514808654785156e-02
2.010998129844665527e-01
5.129393935203552246e-01
9.522672295570373535e-01
6.400734186172485352e-02
8.730419911444187164e-03
8.713420033454895020e-01
9.557169675827026367e-01
5.770451426506042480e-01
3.100499510765075684e-01
9.617820978164672852e-01
9.303338527679443359e-01
3.300393000245094299e-02
3.813115954399108887e-01
8.773047327995300293e-01
1.526139378547668457e-01
1.780240237712860107e-02
3.821509778499603271e-01
2.357609942555427551e-02
2.222759835422039032e-02
9.514186978340148926e-01
1.420592050999403000e-02
2.984280884265899658e-02
1.189221628010272980e-02
8.925594091415405273e-01
2.278843075037002563e-01
5.637477734126150608e-04
8.339397907257080078e-01
8.354836106300354004e-01
6.881167292594909668e-01
1.685934513807296753e-02
9.198925495147705078e-01
7.451791763305664062e-01
9.745017886161804199e-01
9.750595688819885254e-01
5.246499776840209961e-01
9.430676102638244629e-01
9.158597588539123535e-01
9.321411252021789551e-01
9.497295618057250977e-01
8.815065622329711914e-01
8.741570711135864258e-01
8.044602274894714355e-01
8.992496728897094727e-01
8.991978764533996582e-01
7.439800500869750977e-01
9.674161076545715332e-01
9.596832394599914551e-01
8.071707487106323242e-01
9.528956413269042969e-01
9.271942377090454102e-01
8.785012960433959961e-01
9.471045732498168945e-01
6.098271608352661133e-01
8.008961081504821777e-01
8.850584626197814941e-01
8.575149178504943848e-01
3.900510445237159729e-02
8.089905381202697754e-01
9.566378593444824219e-01
1.338540762662887573e-01
4.087593778967857361e-02
5.517665147781372070e-01
9.067878723144531250e-01
8.108103275299072266e-02
9.000811576843261719e-01
2.658244073390960693e-01
8.525173664093017578e-01
7.920228242874145508e-01
4.816045761108398438e-01
3.791581094264984131e-01
5.631175041198730469e-01
9.711838364601135254e-01
8.564984798431396484e-01
6.629407405853271484e-01
9.462814331054687500e-01
9.424769282341003418e-01
8.555033802986145020e-01
8.595374226570129395e-01
6.660836338996887207e-01
8.907519578933715820e-01
7.993704676628112793e-01
7.293575406074523926e-01
9.796800017356872559e-01
6.879975646734237671e-02
9.683594107627868652e-01
9.713148474693298340e-01
9.585558772087097168e-01
4.773350954055786133e-01
9.473979473114013672e-01
8.653032183647155762e-01
9.556396603584289551e-01
7.156512737274169922e-01
9.130969643592834473e-01
9.340352416038513184e-01
8.994157314300537109e-01
9.063043594360351562e-01
7.698608636856079102e-01
8.947000503540039062e-01
9.027315974235534668e-01
4.905789196491241455e-01
8.005416989326477051e-01
7.981674671173095703e-01
8.914691805839538574e-01
8.196644783020019531e-01
7.313437461853027344e-01
3.893402218818664551e-01
6.611121892929077148e-01
7.744565606117248535e-01
9.828860163688659668e-01
9.567112326622009277e-01
9.852643609046936035e-01
9.519865512847900391e-01
4.459199495613574982e-03
2.773286700248718262e-01
3.233941039070487022e-03
9.788938760757446289e-01
1.570226997137069702e-01
3.902723491191864014e-01
9.274814128875732422e-01
3.133267164230346680e-02
8.942593336105346680e-01
9.903698563575744629e-01
9.471693634986877441e-01
9.682862758636474609e-01
9.373683333396911621e-01
1.873601036095351446e-06
9.174922704696655273e-01
9.531958103179931641e-01
7.630163431167602539e-01
2.645547210704535246e-04
8.999089002609252930e-01
8.700572252273559570e-01
8.366626501083374023e-01
1.941601221915334463e-04
9.880280494689941406e-01
9.380279779434204102e-01
9.742729663848876953e-01
9.526709914207458496e-01
8.656122684478759766e-01
9.475939273834228516e-01
8.818662762641906738e-01
8.157613277435302734e-01
7.507249116897583008e-01
8.892704248428344727e-01
6.448133587837219238e-01
4.574130177497863770e-01
5.790974497795104980e-01
9.191085100173950195e-01
7.814869284629821777e-01
1.783052235841751099e-01
9.153134822845458984e-01
8.829223513603210449e-01
7.894201278686523438e-01
9.612804055213928223e-01
8.697816729545593262e-01
8.345944881439208984e-01
7.447106838226318359e-01
6.705538034439086914e-01
7.159579396247863770e-01
7.573292255401611328e-01
9.873836636543273926e-01
9.432434439659118652e-01
9.554861783981323242e-01
9.263066053390502930e-01
9.703485369682312012e-01
7.885375618934631348e-01
9.226760864257812500e-01
9.360560774803161621e-01
8.544834852218627930e-01
8.929674625396728516e-01
2.438641637563705444e-01
9.321455955505371094e-01
9.027524590492248535e-01
9.878509640693664551e-01
9.288529753684997559e-01
9.555038213729858398e-01
9.386169910430908203e-01
9.198884963989257812e-01
5.788565278053283691e-01
8.834353685379028320e-01
7.233823537826538086e-01
5.825902819633483887e-01
8.643522262573242188e-01
8.124228119850158691e-01
6.979091167449951172e-01
6.050217151641845703e-01
9.788883328437805176e-01
8.994624018669128418e-01
9.694423675537109375e-01
8.705536127090454102e-01
9.366963505744934082e-01
7.865664958953857422e-01
9.610702991485595703e-01
9.348298907279968262e-01
8.356842994689941406e-01
8.893095254898071289e-01
8.352514505386352539e-01
7.200385332107543945e-01
6.993185877799987793e-01
9.777491688728332520e-01
9.009615182876586914e-01
9.583582878112792969e-01
9.601840376853942871e-01
9.363690614700317383e-01
7.746649980545043945e-01
9.283978939056396484e-01
7.055649757385253906e-01
8.917185664176940918e-01
8.554159998893737793e-01
7.540121674537658691e-01
8.114675879478454590e-01
8.439344763755798340e-01
9.846589565277099609e-01
9.236036539077758789e-01
9.427818655967712402e-01
9.327322840690612793e-01
9.578552842140197754e-01
8.568338155746459961e-01
8.951956629753112793e-01
9.008911848068237305e-01
7.926884293556213379e-01
8.552475571632385254e-01
8.200476169586181641e-01
8.786893486976623535e-01
8.737743496894836426e-01
9.759252071380615234e-01
8.755766153335571289e-01
9.635230302810668945e-01
9.225179553031921387e-01
8.986708521842956543e-01
7.545350790023803711e-01
9.241123199462890625e-01
8.562080860137939453e-01
8.399594426155090332e-01
8.633446097373962402e-01
8.732962012290954590e-01
8.366065025329589844e-01
7.543429732322692871e-01
9.600323438644409180e-01
8.323965668678283691e-01
6.162549927830696106e-02
9.505974054336547852e-01
9.060233235359191895e-01
8.304113149642944336e-01
2.296130955219268799e-01
9.107592701911926270e-01
8.955375552177429199e-01
7.788563370704650879e-01
7.188413739204406738e-01
8.770859837532043457e-01
7.757018208503723145e-01
9.663869738578796387e-01
9.517073035240173340e-01
9.300350546836853027e-01
5.999501347541809082e-01
9.350897669792175293e-01
6.388141571278538322e-08
6.307868261501425877e-06
8.592381477355957031e-01
9.252187609672546387e-01
7.233046198962256312e-05
1.422468631062656641e-04
5.527936667203903198e-02
9.075579643249511719e-01
9.819524884223937988e-01
9.470660686492919922e-01
9.317933917045593262e-01
2.894789874553680420e-01
9.308056831359863281e-01
7.886777073144912720e-02
2.570505812764167786e-02
1.819337601773440838e-03
5.203023320063948631e-04
5.424628499895334244e-03
8.599711060523986816e-01
1.979228667914867401e-02
5.640138406306505203e-04
9.708458185195922852e-01
9.210312962532043457e-01
8.935117721557617188e-01
9.537017345428466797e-01
9.411903619766235352e-01
7.074708938598632812e-01
9.780106544494628906e-01
9.348567128181457520e-01
8.325972557067871094e-01
7.556178569793701172e-01
7.360506653785705566e-01
8.063403964042663574e-01
8.164142370223999023e-01
8.724924921989440918e-01
8.015314936637878418e-01
7.667257189750671387e-01
4.937345534563064575e-02
6.433737874031066895e-01
8.365573883056640625e-01
4.214061051607131958e-02
3.044139444828033447e-01
8.686079382896423340e-01
4.632220566272735596e-01
7.232854515314102173e-02
6.015517190098762512e-02
7.157311439514160156e-01
9.440871477127075195e-01
9.190165400505065918e-01
8.913146257400512695e-01
2.062723785638809204e-02
6.919448822736740112e-02
9.233486056327819824e-01
1.424099735913841869e-07
9.620100855827331543e-01
9.074881672859191895e-01
2.503905761841451749e-06
1.856216695159673691e-04
9.187401533126831055e-01
8.939236402511596680e-01
9.836339354515075684e-01
9.358545541763305664e-01
9.246153831481933594e-01
9.371438622474670410e-01
9.657866358757019043e-01
9.276506900787353516e-01
2.743128687143325806e-02
9.452834725379943848e-01
8.895545601844787598e-01
1.080987625755369663e-03
4.597679711878299713e-03
9.033714013639837503e-05
8.455963134765625000e-01
9.476392865180969238e-01
9.060630798339843750e-01
8.782712817192077637e-01
9.772853851318359375e-01
9.400810599327087402e-01
8.511338829994201660e-01
4.267136156558990479e-01
9.742770791053771973e-01
9.382885694503784180e-01
5.713965296745300293e-01
9.129468798637390137e-01
8.614204525947570801e-01
4.416927397251129150e-01
9.334274530410766602e-01
8.716570138931274414e-01
8.269476890563964844e-01
9.624258875846862793e-01
9.188850522041320801e-01
8.573933839797973633e-01
2.396302372217178345e-01
9.841075539588928223e-01
8.861659169197082520e-01
8.175439834594726562e-01
8.005108833312988281e-01
7.923210859298706055e-01
8.065075874328613281e-01
9.472091197967529297e-01
9.004147648811340332e-01
8.706544041633605957e-01
7.120024561882019043e-01
9.337259531021118164e-01
8.767510056495666504e-01
6.280192136764526367e-01
9.819243550300598145e-01
9.338207244873046875e-01
8.866342306137084961e-01
9.086679710890166461e-06
3.601189702749252319e-02
8.251676559448242188e-01
8.959935903549194336e-01
8.239902853965759277e-01
7.658471465110778809e-01
9.405093789100646973e-01
8.270027041435241699e-01
8.041133284568786621e-01
7.672173976898193359e-01
9.672716259956359863e-01
7.688214778900146484e-01
6.696702241897583008e-01
4.665896892547607422e-01
8.282642364501953125e-01
6.268680691719055176e-01
9.002122282981872559e-01
7.501747012138366699e-01
6.643081307411193848e-01
7.016869187355041504e-01
8.275665044784545898e-01
7.487984895706176758e-01
8.285028338432312012e-01
8.948168158531188965e-01
8.325462937355041504e-01
5.316877365112304688e-01
8.050793409347534180e-01
5.387020707130432129e-01
5.745086669921875000e-01
9.876303076744079590e-01
9.692192077636718750e-01
9.618639945983886719e-01
9.818089604377746582e-01
1.502692466601729393e-03
9.674797058105468750e-01
6.948825716972351074e-02
4.373608157038688660e-03
7.987043261528015137e-01
9.005129933357238770e-01
9.185345172882080078e-01
4.832730628550052643e-03
8.883531093597412109e-01
9.849691390991210938e-01
9.712003469467163086e-01
9.548812508583068848e-01
9.868851900100708008e-01
1.964797973632812500e-01
9.675794839859008789e-01
4.197536706924438477e-01
8.518016934394836426e-01
7.205369183793663979e-04
8.998321890830993652e-01
7.596184015274047852e-01
9.237157702445983887e-01
1.325250510126352310e-02
9.823040962219238281e-01
9.656456112861633301e-01
9.471762180328369141e-01
3.100380599498748779e-01
1.746839880943298340e-01
9.101698398590087891e-01
6.508897058665752411e-04
4.436146467924118042e-03
9.304217100143432617e-01
3.466109410510398448e-05
3.411636571399867535e-04
8.950909972190856934e-02
9.036386609077453613e-01
9.846068620681762695e-01
9.673259854316711426e-01
9.515956044197082520e-01
9.825499057769775391e-01
9.014444425702095032e-03
4.517711102962493896e-01
9.682951569557189941e-01
1.067722405423410237e-04
6.549652814865112305e-01
1.810785382986068726e-01
6.245292257517576218e-03
2.303246781229972839e-02
8.823693990707397461e-01
9.802906513214111328e-01
9.643760919570922852e-01
9.586163163185119629e-01
9.643062353134155273e-01
3.376621170900762081e-04
2.981936559081077576e-03
9.441922307014465332e-01
4.370138049125671387e-03
2.250201702117919922e-01
8.980327844619750977e-01
8.733724951744079590e-01
8.380309939384460449e-01
1.631387742236256599e-03
9.850457310676574707e-01
9.652082920074462891e-01
9.466910362243652344e-01
9.875401854515075684e-01
6.221927404403686523e-01
9.102656841278076172e-01
9.719455838203430176e-01
5.434721112251281738e-01
7.214882373809814453e-01
9.469621181488037109e-01
9.447258710861206055e-01
2.494937181472778320e-02
1.737831085920333862e-01
9.880177974700927734e-01
9.714195132255554199e-01
9.514890909194946289e-01
9.739313721656799316e-01
9.705955982208251953e-01
9.371635913848876953e-01
9.596921801567077637e-01
6.750320196151733398e-01
8.755010962486267090e-01
8.953720331192016602e-01
1.765933781862258911e-01
5.091974511742591858e-03
5.997152924537658691e-01
9.817252755165100098e-01
9.614418148994445801e-01
9.475070834159851074e-01
9.738821387290954590e-01
1.917269825935363770e-01
8.465732932090759277e-01
9.559379220008850098e-01
4.994779527187347412e-01
1.935594156384468079e-02
7.805844545364379883e-01
9.136298894882202148e-01
4.569367971271276474e-03
8.213921785354614258e-01
9.828873276710510254e-01
9.554099440574645996e-01
9.308992028236389160e-01
9.815835356712341309e-01
9.505212903022766113e-01
9.172729253768920898e-01
1.484267860651016235e-01
1.533518452197313309e-02
4.775432944297790527e-01
8.859648704528808594e-01
9.351800680160522461e-01
9.312059283256530762e-01
7.167844176292419434e-01
9.800752401351928711e-01
9.525045752525329590e-01
9.275900125503540039e-01
9.935001730918884277e-01
4.533726871013641357e-01
9.013056755065917969e-01
6.580381989479064941e-01
4.518760833889245987e-03
9.632666707038879395e-01
8.868264555931091309e-01
6.325414776802062988e-01
6.810613870620727539e-01
9.288270473480224609e-01
9.894926548004150391e-01
8.068234324455261230e-01
9.299792647361755371e-01
9.727640151977539062e-01
7.385849356651306152e-01
9.316040873527526855e-01
8.237672448158264160e-01
6.659153103828430176e-01
5.070302358944900334e-05
9.025886058807373047e-01
7.939354181289672852e-01
6.283452510833740234e-01
1.104371715337038040e-02
9.857552051544189453e-01
9.428162574768066406e-01
9.256750941276550293e-01
9.753310680389404297e-01
7.622748017311096191e-01
8.973305225372314453e-01
3.573125302791595459e-01
1.254031376447528601e-04
5.599513649940490723e-01
3.474614024162292480e-01
8.637049794197082520e-01
6.812778301537036896e-03
6.698689609766006470e-02
6.176862716674804688e-01
9.393181204795837402e-01
9.429334998130798340e-01
9.701556563377380371e-01
9.686509370803833008e-01
6.135577559471130371e-01
9.074127674102783203e-01
1.580469543114304543e-04
7.886851429939270020e-01
8.814644217491149902e-01
4.022120237350463867e-01
4.448631079867482185e-05
4.623419940471649170e-01
3.231835067272186279e-01
6.068726181983947754e-01
9.403185844421386719e-01
9.692692756652832031e-01
9.158549308776855469e-01
3.701213300228118896e-01
9.031621217727661133e-01
5.835530161857604980e-01
1.305105090141296387e-01
8.349559307098388672e-01
8.410798311233520508e-01
8.256467580795288086e-01
3.254026640206575394e-03
9.226002693176269531e-01
8.000927567481994629e-01
9.231969714164733887e-01
9.658493995666503906e-01
8.960223793983459473e-01
8.734406232833862305e-01
8.975390791893005371e-01
2.802593111991882324e-01
4.875084012746810913e-02
8.488605618476867676e-01
6.645402908325195312e-01
6.512193679809570312e-01
3.293352425098419189e-01
9.850960373878479004e-01
9.402244091033935547e-01
9.351507425308227539e-01
9.589056372642517090e-01
9.325451850891113281e-01
8.786028027534484863e-01
8.882584571838378906e-01
8.541561365127563477e-01
8.955971002578735352e-01
7.876608967781066895e-01
7.394084334373474121e-01
7.354493141174316406e-01
1.036748290061950684e-02
6.383168101310729980e-01
1.685429513454437256e-01
9.208296537399291992e-01
9.641049504280090332e-01
9.251446723937988281e-01
3.528074622154235840e-01
8.942551016807556152e-01
8.454869985580444336e-01
1.884026825428009033e-01
8.370538055896759033e-02
8.452691435813903809e-01
6.110230088233947754e-01
9.981859475374221802e-02
9.095599651336669922e-01
8.456126451492309570e-01
9.186199903488159180e-01
9.631826281547546387e-01
9.543846249580383301e-01
7.665280699729919434e-01
9.114358425140380859e-01
8.941485881805419922e-01
7.680510878562927246e-01
4.059712809976190329e-04
8.655070066452026367e-01
7.313790917396545410e-01
7.183018606156110764e-03
9.895267486572265625e-01
9.384723901748657227e-01
9.191600680351257324e-01
9.622526764869689941e-01
9.336700439453125000e-01
8.857783675193786621e-01
9.387882947921752930e-01
9.551036953926086426e-01
2.217202261090278625e-02
8.329450152814388275e-03
9.079372882843017578e-01
8.691235780715942383e-01
2.369742840528488159e-01
9.695535302162170410e-01
9.254330396652221680e-01
8.940498828887939453e-01
7.540413737297058105e-01
9.529237747192382812e-01
9.305287003517150879e-01
9.498468041419982910e-01
9.285548925399780273e-01
7.304974794387817383e-01
7.692897915840148926e-01
8.903053402900695801e-01
8.429837822914123535e-01
8.463222384452819824e-01
9.861606359481811523e-01
9.497020244598388672e-01
9.375109076499938965e-01
9.644668698310852051e-01
9.066891670227050781e-01
9.707540273666381836e-01
9.316703081130981445e-01
8.119118213653564453e-01
2.533006772864609957e-04
8.938684463500976562e-01
6.034584045410156250e-01
8.669202923774719238e-01
8.463498950004577637e-01
7.833493947982788086e-01
7.690203785896301270e-01
9.159857630729675293e-01
9.676585793495178223e-01
6.293247938156127930e-01
3.411020040512084961e-01
9.052524566650390625e-01
8.323563337326049805e-01
1.030714251101016998e-03
8.675404191017150879e-01
8.053766489028930664e-01
7.581883072853088379e-01
8.582714013755321503e-03
9.911557435989379883e-01
9.313473105430603027e-01
8.895314335823059082e-01
9.654192328453063965e-01
9.276512861251831055e-01
9.559857845306396484e-01
8.963295221328735352e-01
8.424233198165893555e-01
7.906110286712646484e-01
8.706402778625488281e-01
5.421062707901000977e-01
5.358206033706665039e-01
2.380856275558471680e-01
9.854325652122497559e-01
9.391963481903076172e-01
9.128386974334716797e-01
9.604247212409973145e-01
9.590041041374206543e-01
9.606801867485046387e-01
9.182524681091308594e-01
9.017534852027893066e-01
9.119948148727416992e-01
6.124396324157714844e-01
8.417511582374572754e-01
8.405261039733886719e-01
7.918754816055297852e-01
9.872695207595825195e-01
9.345771670341491699e-01
9.190334081649780273e-01
9.497848153114318848e-01
8.809351325035095215e-01
9.311996102333068848e-01
9.099652171134948730e-01
9.166433811187744141e-01
8.926002979278564453e-01
8.922723531723022461e-01
8.195499181747436523e-01
8.606063723564147949e-01
8.325564265251159668e-01
9.863721728324890137e-01
9.261878132820129395e-01
8.939573764801025391e-01
9.537677764892578125e-01
9.484556913375854492e-01
9.313462972640991211e-01
9.200346469879150391e-01
8.230710625648498535e-01
8.113244771957397461e-01
4.705624580383300781e-01
8.790398240089416504e-01
8.421002626419067383e-01
7.171595096588134766e-01
9.825487136840820312e-01
9.270785450935363770e-01
8.609612584114074707e-01
9.737018346786499023e-01
9.707626104354858398e-01
9.175749421119689941e-01
9.581952691078186035e-01
9.518326520919799805e-01
8.657975196838378906e-01
7.424944639205932617e-01
9.151492714881896973e-01
8.318910002708435059e-01
7.442486286163330078e-01
9.787286520004272461e-01
9.381445646286010742e-01
9.149887561798095703e-01
3.292467892169952393e-01
1.367028206586837769e-01
9.703260660171508789e-01
9.066520333290100098e-01
8.821604847908020020e-01
9.106027483940124512e-01
3.604418816394172609e-05
7.131711026886478066e-05
9.487869739532470703e-01
9.189934730529785156e-01
9.869514703750610352e-01
9.248266220092773438e-01
9.250966906547546387e-01
9.545777440071105957e-01
9.309389591217041016e-01
9.689086675643920898e-01
9.103385210037231445e-01
9.466272592544555664e-01
8.474400639533996582e-01
3.157721832394599915e-03
9.262152761220932007e-02
5.452422052621841431e-02
2.833476364612579346e-01
9.507881402969360352e-01
8.919592499732971191e-01
8.595574498176574707e-01
3.287580907344818115e-01
7.662420272827148438e-01
9.228295683860778809e-01
8.693869113922119141e-01
9.685882925987243652e-01
8.958727121353149414e-01
8.147879242897033691e-01
8.816770911216735840e-01
8.696166872978210449e-01
5.492950081825256348e-01
9.153643846511840820e-01
8.475973010063171387e-01
8.236818313598632812e-01
5.178028251975774765e-03
4.287175461649894714e-02
9.011099934577941895e-01
8.578709363937377930e-01
6.606843322515487671e-03
9.200401902198791504e-01
8.529923558235168457e-01
7.592768967151641846e-02
5.694494396448135376e-02
7.772235870361328125e-01
9.085425734519958496e-01
8.074934482574462891e-01
7.318854331970214844e-01
9.620808362960815430e-01
9.495178461074829102e-01
8.096047639846801758e-01
7.947958111763000488e-01
9.694926142692565918e-01
7.022204995155334473e-01
6.511292457580566406e-01
2.418500138446688652e-03
5.907877087593078613e-01
6.234781742095947266e-01
8.506007790565490723e-01
7.415875792503356934e-01
6.633111834526062012e-01
1.248204987496137619e-02
8.347297906875610352e-01
8.128650784492492676e-01
7.404035329818725586e-01
9.709757566452026367e-01
8.257538676261901855e-01
7.404464483261108398e-01
7.675346732139587402e-01
7.723035812377929688e-01
6.165384650230407715e-01
4.185622185468673706e-02
2.331314980983734131e-02
9.253930300474166870e-02
9.633414745330810547e-01
8.196499347686767578e-01
1.387645453214645386e-01
9.339024424552917480e-01
9.166362285614013672e-01
4.299689531326293945e-01
8.715029954910278320e-01
3.522206470370292664e-02
5.877578854560852051e-01
9.561195038259029388e-03
9.823650717735290527e-01
9.361860752105712891e-01
9.212062954902648926e-01
9.661582112312316895e-01
8.975262045860290527e-01
9.400491118431091309e-01
8.704435229301452637e-01
9.467110633850097656e-01
9.250448346138000488e-01
9.031805992126464844e-01
8.137779831886291504e-01
6.893206238746643066e-01
7.779435515403747559e-01
9.812223315238952637e-01
9.211754202842712402e-01
9.061419963836669922e-01
9.635077714920043945e-01
8.982098698616027832e-01
9.214827418327331543e-01
9.152156114578247070e-01
9.178292155265808105e-01
9.067853093147277832e-01
8.689137101173400879e-01
7.592072361148893833e-04
5.064762830734252930e-01
8.451669812202453613e-01
9.796193838119506836e-01
9.230279326438903809e-01
9.074508547782897949e-01
9.667123556137084961e-01
8.880485892295837402e-01
7.466335892677307129e-01
8.656350970268249512e-01
9.077835679054260254e-01
1.232183189131319523e-03
6.023784875869750977e-01
8.878319263458251953e-01
8.838862413540482521e-06
4.397537931799888611e-02
5.608479380607604980e-01
7.149776220321655273e-01
8.985534310340881348e-01
9.683423042297363281e-01
8.519957661628723145e-01
8.986634016036987305e-01
6.352623105049133301e-01
9.178207516670227051e-01
8.825217485427856445e-01
7.584608793258666992e-01
8.888152837753295898e-01
6.572700105607509613e-03
7.047380208969116211e-01
9.842564463615417480e-01
9.336435794830322266e-01
9.011030793190002441e-01
9.757197499275207520e-01
9.500343203544616699e-01
9.262285828590393066e-01
8.746652603149414062e-01
9.476379752159118652e-01
8.416820168495178223e-01
8.920079469680786133e-01
9.154641628265380859e-01
7.851512432098388672e-01
8.957864642143249512e-01
9.767236709594726562e-01
8.976209163665771484e-01
9.041393399238586426e-01
9.675552248954772949e-01
9.581556320190429688e-01
8.748764395713806152e-01
8.497884273529052734e-01
9.089296460151672363e-01
2.443355917930603027e-01
8.788766860961914062e-01
7.931576967239379883e-01
6.147966384887695312e-01
3.466113209724426270e-01
9.183477759361267090e-01
6.025709509849548340e-01
8.819434046745300293e-01
9.598327279090881348e-01
2.268634736537933350e-01
8.561907410621643066e-01
5.922257900238037109e-01
9.017987251281738281e-01
8.697275519371032715e-01
8.017214536666870117e-01
4.901074618101119995e-02
2.192441374063491821e-02
8.380025029182434082e-01
3.232881724834442139e-01
1.261727809906005859e-01
6.058904528617858887e-01
9.655758142471313477e-01
9.555607438087463379e-01
8.773531913757324219e-01
8.334300518035888672e-01
8.857125639915466309e-01
8.696995377540588379e-01
3.990352153778076172e-01
8.521641492843627930e-01
5.085224285721778870e-03
3.680588006973266602e-01
2.272567898035049438e-01
1.143877878785133362e-01
7.907531261444091797e-01
9.666988849639892578e-01
7.617874145507812500e-01
1.397163718938827515e-01
7.829779386520385742e-01
8.925549983978271484e-01
2.066793739795684814e-01
8.038745522499084473e-01
8.621121048927307129e-01
6.521422863006591797e-01
8.123067021369934082e-01
9.867559671401977539e-01
9.309895038604736328e-01
9.030415415763854980e-01
9.576787352561950684e-01
9.440473914146423340e-01
9.425661563873291016e-01
7.144889831542968750e-01
8.972292542457580566e-01
1.544670760631561279e-01
8.199950456619262695e-01
8.575727939605712891e-01
6.602138876914978027e-01
1.097961664199829102e-01
9.858943223953247070e-01
9.299145340919494629e-01
8.900622129440307617e-01
9.623893499374389648e-01
9.469209909439086914e-01
9.568834304809570312e-01
8.204412460327148438e-01
9.225510358810424805e-01
9.099529385566711426e-01
8.992438316345214844e-01
7.633257508277893066e-01
7.949221730232238770e-01
7.079739570617675781e-01
9.848892688751220703e-01
9.249405264854431152e-01
8.960039615631103516e-01
9.506114721298217773e-01
8.799291253089904785e-01
9.437626004219055176e-01
8.921744227409362793e-01
9.154162406921386719e-01
8.999577164649963379e-01
9.199936985969543457e-01
8.576138019561767578e-01
7.883968949317932129e-01
6.890089064836502075e-02
9.846353530883789062e-01
9.293446540832519531e-01
7.159936428070068359e-01
9.693312048912048340e-01
9.658503532409667969e-01
9.235703945159912109e-01
1.526819020509719849e-01
9.362903237342834473e-01
9.398818612098693848e-01
8.236577510833740234e-01
8.900766968727111816e-01
7.841363549232482910e-01
7.059971690177917480e-01
9.830883145332336426e-01
9.144074916839599609e-01
2.378118485212326050e-01
9.450175762176513672e-01
8.995236158370971680e-01
9.051272869110107422e-01
4.051884263753890991e-02
9.121152162551879883e-01
7.858645915985107422e-01
7.501018643379211426e-01
7.950137257575988770e-01
7.664995193481445312e-01
5.595761537551879883e-01
9.755910634994506836e-01
9.185530543327331543e-01
8.764220029115676880e-02
9.527046084403991699e-01
8.027803897857666016e-01
8.424012064933776855e-01
7.097744941711425781e-01
9.026888012886047363e-01
8.359525799751281738e-01
7.603595852851867676e-01
8.021497726440429688e-01
8.400031924247741699e-01
3.411662876605987549e-01
9.701625108718872070e-01
8.920020461082458496e-01
8.317485451698303223e-01
8.738682270050048828e-01
9.682952165603637695e-01
9.154801368713378906e-01
8.962512016296386719e-01
9.298029541969299316e-01
8.838860392570495605e-01
8.902845978736877441e-01
7.677411437034606934e-01
9.122701287269592285e-01
8.526559472084045410e-01
9.796625971794128418e-01
9.103034734725952148e-01
8.618463873863220215e-01
9.566591382026672363e-01
7.896955013275146484e-01
8.087177276611328125e-01
8.560724258422851562e-01
9.055243134498596191e-01
8.553732633590698242e-01
8.682345747947692871e-01
8.202794790267944336e-01
8.718729615211486816e-01
7.675807476043701172e-01
9.756584763526916504e-01
8.953685760498046875e-01
8.641173839569091797e-01
9.565796852111816406e-01
9.518995285034179688e-01
9.316425919532775879e-01
9.253948926925659180e-01
9.074718952178955078e-01
9.234059453010559082e-01
8.059184551239013672e-01
7.475639581680297852e-01
8.521268367767333984e-01
8.954920768737792969e-01
9.529951214790344238e-01
8.584426045417785645e-01
8.002936244010925293e-01
3.134627640247344971e-01
9.269067645072937012e-01
9.184331297874450684e-01
7.926638126373291016e-01
1.823162585496902466e-01
9.061619639396667480e-01
8.811288475990295410e-01
8.202822208404541016e-01
2.654513716697692871e-01
8.723827004432678223e-01
