5.351033527404069901e-03
4.096479713916778564e-01
4.608145356178283691e-01
5.174200981855392456e-02
3.431198000907897949e-02
3.979974091053009033e-01
3.907308280467987061e-01
2.419698536396026611e-01
2.934897877275943756e-02
3.585804700851440430e-01
2.057193219661712646e-01
1.413465887308120728e-01
3.170774504542350769e-02
9.444890543818473816e-03
8.004122972488403320e-01
1.815596669912338257e-01
3.220378756523132324e-01
2.188452929258346558e-01
2.044722586870193481e-01
1.027081161737442017e-02
2.552458643913269043e-01
1.266007423400878906e-01
3.072364926338195801e-01
4.402831792831420898e-01
4.100317358970642090e-01
2.315327525138854980e-01
8.731012232601642609e-03
3.565985336899757385e-02
4.121508002281188965e-01
1.713060401380062103e-02
2.104271203279495239e-02
6.022163629531860352e-01
7.286611199378967285e-02
2.449886947870254517e-01
7.324365526437759399e-02
2.333782911300659180e-01
2.021429389715194702e-01
7.393186092376708984e-01
2.190542072057723999e-01
1.725711673498153687e-02
3.290026262402534485e-02
6.554650664329528809e-01
5.198915675282478333e-02
1.461221743375062943e-02
2.090717852115631104e-01
2.347428798675537109e-01
1.399706751108169556e-01
1.222442910075187683e-01
2.051252871751785278e-03
6.121310591697692871e-01
4.488384127616882324e-01
8.569721877574920654e-02
6.716215517371892929e-03
3.062817035242915154e-03
6.056082844734191895e-01
1.125318855047225952e-01
2.477789856493473053e-02
3.887450098991394043e-01
7.229275256395339966e-02
9.677923284471035004e-03
2.401072680950164795e-01
5.683147907257080078e-01
2.087827771902084351e-01
3.032683134078979492e-01
3.637537732720375061e-02
3.487857989966869354e-03
4.617504775524139404e-03
2.343916445970535278e-01
3.477269709110260010e-01
2.135357856750488281e-01
1.933139562606811523e-01
1.965372115373611450e-01
1.637635193765163422e-02
5.133975297212600708e-02
2.896607387810945511e-03
2.582509517669677734e-01
2.673954665660858154e-01
2.810464203357696533e-01
4.857639595866203308e-02
4.348102957010269165e-03
4.118351936340332031e-01
5.606139451265335083e-02
2.260900139808654785e-01
2.259948477149009705e-02
4.013206064701080322e-01
5.112156737595796585e-03
1.533100847154855728e-02
3.247339045628905296e-03
4.332884028553962708e-02
1.362901926040649414e-01
2.157732546329498291e-01
2.173078432679176331e-02
3.801357746124267578e-02
4.092475175857543945e-01
3.871576860547065735e-02
2.111104875802993774e-01
2.113713175058364868e-01
1.230064854025840759e-01
2.864539325237274170e-01
1.781678348779678345e-01
1.814074963331222534e-01
2.069730609655380249e-01
9.822990000247955322e-02
4.695795848965644836e-02
4.074999596923589706e-03
2.031593024730682373e-01
6.165392994880676270e-01
5.431854724884033203e-01
4.137192070484161377e-01
8.138645440340042114e-03
2.040780782699584961e-01
2.361093014478683472e-01
1.814983785152435303e-01
1.999612450599670410e-01
4.345465004444122314e-01
4.040012955665588379e-01
1.832830533385276794e-02
7.766565773636102676e-03
6.020998582243919373e-02
8.043040633201599121e-01
4.651074409484863281e-01
2.288092970848083496e-01
1.827411055564880371e-01
6.626980304718017578e-01
2.040081918239593506e-01
1.718914695084095001e-02
2.424918413162231445e-01
1.652869731187820435e-01
2.488474547863006592e-01
3.088064193725585938e-01
1.317156013101339340e-03
1.614147797226905823e-02
4.248015880584716797e-01
6.587514281272888184e-01
5.667015910148620605e-01
5.569807440042495728e-02
2.088353633880615234e-01
3.914908766746520996e-01
4.420132637023925781e-01
2.031168341636657715e-01
2.345528453588485718e-01
5.901401396840810776e-03
3.706669807434082031e-01
1.129356911405920982e-03
7.801066339015960693e-02
7.768297791481018066e-01
3.775109648704528809e-01
6.125961989164352417e-02
1.098572388291358948e-01
4.075674414634704590e-01
4.519676566123962402e-01
5.131851881742477417e-02
1.241325214505195618e-01
8.505183272063732147e-03
3.721651434898376465e-01
1.729528009891510010e-01
5.168306641280651093e-03
2.323613129556179047e-02
8.699901103973388672e-01
4.119903743267059326e-01
1.650031842291355133e-02
1.446886658668518066e-01
1.377020031213760376e-01
3.953484892845153809e-01
2.132860571146011353e-01
1.750239431858062744e-01
2.500330209732055664e-01
4.102001786231994629e-01
4.987062513828277588e-02
9.443143755197525024e-02
2.160440981388092041e-01
2.757131755352020264e-01
1.456392407417297363e-01
2.333967685699462891e-01
2.817354165017604828e-02
2.880294919013977051e-01
2.708111703395843506e-01
9.504944086074829102e-02
5.127362161874771118e-02
2.325443625450134277e-01
3.705792725086212158e-01
4.152905941009521484e-01
1.612258404493331909e-01
1.069860346615314484e-02
1.957013756036758423e-01
2.730567753314971924e-01
8.290164172649383545e-02
4.329808987677097321e-03
1.699682325124740601e-02
3.800153136253356934e-01
6.110746413469314575e-02
1.179179921746253967e-02
2.614913694560527802e-02
2.321846187114715576e-01
1.154836267232894897e-01
7.831978797912597656e-01
2.443464100360870361e-02
2.791977524757385254e-01
2.082992112264037132e-03
1.938620395958423615e-02
2.149667292833328247e-01
2.054694443941116333e-01
6.981159746646881104e-02
4.653549194335937500e-02
6.301756948232650757e-02
2.016200423240661621e-01
2.662607133388519287e-01
1.872409880161285400e-01
5.924953818321228027e-01
5.482261069118976593e-03
4.200161695480346680e-01
4.445725679397583008e-01
2.141531556844711304e-02
9.530691429972648621e-03
2.733468413352966309e-01
4.438483119010925293e-01
4.520047083497047424e-02
5.229054093360900879e-01
3.595098555088043213e-01
2.096717208623886108e-01
2.992501258850097656e-01
8.899785280227661133e-01
1.594995264895260334e-03
7.973176836967468262e-01
4.282964468002319336e-01
2.340078204870223999e-01
2.604046277701854706e-02
2.151285707950592041e-01
2.239666283130645752e-01
3.101999163627624512e-01
1.626198738813400269e-02
3.768381476402282715e-01
5.632941126823425293e-01
4.646894633769989014e-01
3.982801735401153564e-01
1.351697836071252823e-02
4.285844564437866211e-01
7.859660685062408447e-02
4.120501875877380371e-01
9.876623749732971191e-02
3.938662111759185791e-01
1.652177423238754272e-01
2.926611304283142090e-01
2.180275917053222656e-01
2.535871267318725586e-01
2.109079957008361816e-01
2.655860781669616699e-01
2.117060124874114990e-01
9.538754820823669434e-03
7.937447428703308105e-01
2.440630644559860229e-01
7.909948378801345825e-02
2.129705995321273804e-02
3.978693392127752304e-03
1.271545737981796265e-01
1.091487109661102295e-01
3.825192153453826904e-01
7.698314636945724487e-02
9.050191938877105713e-02
1.811372041702270508e-01
3.935968279838562012e-01
1.224136427044868469e-01
2.107055336236953735e-01
3.991286754608154297e-01
2.969247102737426758e-01
7.050094753503799438e-02
2.193405628204345703e-01
4.253044426441192627e-01
7.152535766363143921e-02
3.139872550964355469e-01
5.277965664863586426e-01
4.260813593864440918e-01
4.289382100105285645e-01
2.099617421627044678e-01
3.925805166363716125e-02
5.710977911949157715e-01
2.530226707458496094e-01
4.065477550029754639e-01
1.336221396923065186e-01
5.358252525329589844e-01
2.121124863624572754e-01
2.842698097229003906e-01
3.199728429317474365e-01
5.207216739654541016e-01
2.830671668052673340e-01
4.890010058879852295e-01
6.067240238189697266e-01
2.964540570974349976e-02
4.418216645717620850e-01
4.440000653266906738e-01
1.044378578662872314e-01
2.014183849096298218e-01
5.918061733245849609e-01
4.139603376388549805e-01
3.635365366935729980e-01
2.493579983711242676e-01
5.798761248588562012e-01
1.013339757919311523e-01
2.748598754405975342e-01
7.920285463333129883e-01
5.068206228315830231e-03
4.001483321189880371e-01
6.103290319442749023e-01
4.762455224990844727e-01
2.162257432937622070e-01
2.029665112495422363e-01
3.619146943092346191e-01
4.067719876766204834e-01
7.974164187908172607e-02
2.445043176412582397e-01
6.385304927825927734e-01
1.711936891078948975e-01
5.091398358345031738e-01
6.616991478949785233e-03
2.009430378675460815e-01
6.307857632637023926e-01
5.947303771972656250e-01
1.382225751876831055e-01
4.827132448554039001e-03
7.158534526824951172e-01
2.384994179010391235e-01
4.837679266929626465e-01
3.108257353305816650e-01
1.497374475002288818e-01
3.781290650367736816e-01
8.006975650787353516e-01
2.076036036014556885e-01
2.895596623420715332e-02
2.581726312637329102e-01
8.985502272844314575e-02
2.397372871637344360e-01
2.085411548614501953e-02
3.105761110782623291e-02
2.103982865810394287e-01
7.395292050205171108e-04
2.582479417324066162e-01
5.066860839724540710e-02
4.096804261207580566e-01
4.021849334239959717e-01
6.049518585205078125e-01
3.817473649978637695e-01
2.989321947097778320e-01
2.698279358446598053e-02
1.265462767332792282e-02
1.800679042935371399e-02
2.097533494234085083e-01
4.973689913749694824e-01
1.252355426549911499e-01
4.332839548587799072e-01
4.676903486251831055e-01
4.522492587566375732e-01
9.158901572227478027e-01
2.892719209194183350e-01
2.225902080535888672e-01
2.101906836032867432e-01
7.909034378826618195e-03
1.266935020685195923e-01
2.879358232021331787e-01
5.021987557411193848e-01
6.599856913089752197e-02
2.727605402469635010e-03
2.835022807121276855e-01
2.748152613639831543e-01
3.007802926003932953e-02
2.143083959817886353e-01
2.607862055301666260e-01
2.831062972545623779e-01
1.983941346406936646e-01
6.669594049453735352e-01
4.236198067665100098e-01
4.611434787511825562e-02
6.043268442153930664e-01
3.396664261817932129e-01
1.325387507677078247e-01
6.870926618576049805e-01
7.403861880302429199e-01
4.172208905220031738e-01
5.914342403411865234e-01
5.922337770462036133e-01
4.054692089557647705e-01
3.523749411106109619e-01
6.143596768379211426e-01
1.357013583183288574e-01
2.781985104084014893e-01
4.235760271549224854e-01
1.766347289085388184e-01
3.485185503959655762e-01
4.111604988574981689e-01
4.202567934989929199e-01
3.400016725063323975e-01
3.935665190219879150e-01
4.255160093307495117e-01
1.187392789870500565e-02
5.130085349082946777e-01
9.039992690086364746e-01
5.008304864168167114e-02
2.043965607881546021e-01
3.989644348621368408e-01
2.294298857450485229e-01
2.273624762892723083e-02
4.767812490463256836e-01
1.402073204517364502e-01
5.692673921585083008e-01
6.116657853126525879e-01
6.372699737548828125e-01
4.036421477794647217e-01
5.485756397247314453e-01
4.282600879669189453e-01
3.198036849498748779e-01
1.572218909859657288e-02
2.075259685516357422e-01
2.662432193756103516e-02
1.599676907062530518e-01
2.188472598791122437e-01
5.029881000518798828e-01
3.107454776763916016e-01
3.971225321292877197e-01
4.229108393192291260e-01
2.188133299350738525e-01
5.806287527084350586e-01
4.095722138881683350e-01
5.647927150130271912e-02
1.983809173107147217e-01
2.726845741271972656e-01
2.193966209888458252e-01
2.055737227201461792e-01
2.159328013658523560e-01
6.795553565025329590e-01
4.241920262575149536e-02
5.433300733566284180e-01
5.429513454437255859e-01
6.032041311264038086e-01
3.659324645996093750e-01
6.133468151092529297e-01
1.828057467937469482e-01
5.863200426101684570e-01
2.239599674940109253e-01
6.062629222869873047e-01
3.956666290760040283e-01
4.538197815418243408e-01
3.823235332965850830e-01
6.669337153434753418e-01
2.075506299734115601e-01
1.510238051414489746e-01
2.979337573051452637e-01
4.798408746719360352e-01
8.597604632377624512e-01
7.591658737510442734e-03
1.911885142326354980e-01
4.611010551452636719e-01
6.023638844490051270e-01
4.886341691017150879e-01
3.320659399032592773e-01
5.293386578559875488e-01
1.689044088125228882e-01
5.371098518371582031e-01
5.883186459541320801e-01
2.036186754703521729e-01
4.105268418788909912e-01
5.998517274856567383e-01
3.873451426625251770e-02
6.788665428757667542e-03
3.919689059257507324e-01
6.138331890106201172e-01
3.000932335853576660e-01
2.261485755443572998e-01
3.923457264900207520e-01
4.264343082904815674e-01
5.949627161026000977e-01
4.284239411354064941e-01
2.178968340158462524e-01
2.570336759090423584e-01
2.275778949260711670e-01
1.512130349874496460e-01
4.824579879641532898e-02
3.252787292003631592e-01
4.155669510364532471e-01
1.326238960027694702e-01
2.169787734746932983e-01
7.284430265426635742e-01
7.139508128166198730e-01
6.067526340484619141e-01
4.053607881069183350e-01
1.913663744926452637e-01
2.102839350700378418e-01
5.960874557495117188e-01
6.187779828906059265e-02
4.181865975260734558e-02
2.464475482702255249e-01
2.805997133255004883e-01
4.052751231938600540e-03
5.509949102997779846e-02
3.120154142379760742e-01
4.605036377906799316e-01
4.219255149364471436e-01
5.893307924270629883e-01
3.540629744529724121e-01
2.212662994861602783e-01
1.738806627690792084e-02
3.868366777896881104e-02
1.391418464481830597e-02
6.817923486232757568e-02
1.635607704520225525e-02
1.939280889928340912e-02
1.471839286386966705e-02
2.101033031940460205e-01
3.219705522060394287e-01
2.383783906698226929e-01
6.950877308845520020e-01
1.870587095618247986e-02
2.002149447798728943e-02
2.203000634908676147e-01
1.191986608318984509e-03
7.184830307960510254e-02
4.723240733146667480e-01
1.963263005018234253e-01
8.971503376960754395e-02
2.346229404211044312e-01
2.028683573007583618e-01
1.469483785331249237e-02
4.168158173561096191e-01
2.028363198041915894e-01
3.842719793319702148e-01
4.230128973722457886e-02
4.652851521968841553e-01
3.969189524650573730e-01
1.473756283521652222e-01
9.892562776803970337e-02
3.342146426439285278e-02
1.029489189386367798e-02
2.293430268764495850e-01
3.723160922527313232e-01
7.442151308059692383e-01
6.129821538925170898e-01
1.267315745353698730e-01
1.976262032985687256e-01
1.717059612274169922e-01
2.979509532451629639e-01
2.726787328720092773e-02
8.476869761943817139e-02
2.773237526416778564e-01
4.823805391788482666e-01
1.246114745736122131e-01
7.909707725048065186e-03
6.205799579620361328e-01
2.819181084632873535e-01
6.128625273704528809e-01
5.944780111312866211e-01
2.068476825952529907e-01
3.160756453871726990e-02
3.769156932830810547e-01
2.505985200405120850e-01
1.037429925054311752e-02
2.068192213773727417e-01
4.048198461532592773e-01
1.545671075582504272e-01
1.011430658400058746e-02
3.818306326866149902e-02
4.361481666564941406e-01
4.090652763843536377e-01
4.016077518463134766e-01
2.029706686735153198e-01
2.688610926270484924e-02
2.167692780494689941e-01
2.218346297740936279e-01
1.339372992515563965e-01
4.634563624858856201e-02
1.238488033413887024e-01
2.003302723169326782e-01
1.130737438797950745e-01
2.018433362245559692e-01
1.443766150623559952e-02
3.964178562164306641e-01
2.157677710056304932e-01
1.268964633345603943e-02
7.446271926164627075e-02
5.999863743782043457e-01
6.079061031341552734e-01
3.209405578672885895e-03
2.029390260577201843e-02
3.573549985885620117e-01
5.873892903327941895e-01
3.007911741733551025e-01
3.015463054180145264e-01
6.070953607559204102e-01
4.033850431442260742e-01
7.654827833175659180e-01
2.089891815558075905e-03
1.806111447513103485e-02
3.917164802551269531e-01
1.718479581177234650e-02
6.974159739911556244e-03
3.064999580383300781e-01
4.002188146114349365e-01
2.655718028545379639e-01
4.744344390928745270e-03
3.913646042346954346e-01
5.998595952987670898e-01
8.299390673637390137e-01
3.959845900535583496e-01
2.049389928579330444e-01
2.561395764350891113e-01
2.338808029890060425e-02
2.149741351604461670e-01
6.207807455211877823e-03
2.106610685586929321e-01
2.559079825878143311e-01
4.537651538848876953e-01
9.140464477241039276e-03
8.796916343271732330e-03
4.027246236801147461e-01
4.107791781425476074e-01
2.577242851257324219e-01
3.260372905060648918e-03
3.006156347692012787e-02
5.258107185363769531e-01
2.016222029924392700e-01
3.188584744930267334e-02
2.036661840975284576e-02
2.255517840385437012e-01
5.221225619316101074e-01
1.405230164527893066e-01
3.701390624046325684e-01
1.617381162941455841e-02
5.946499109268188477e-01
2.016047239303588867e-01
4.692412912845611572e-02
2.021097391843795776e-01
3.782473206520080566e-01
6.203367114067077637e-01
2.305520139634609222e-02
9.546037018299102783e-02
8.479181677103042603e-02
1.988999992609024048e-01
3.150197863578796387e-01
2.084604352712631226e-01
2.126878798007965088e-01
4.013915061950683594e-01
4.080363810062408447e-01
2.286636084318161011e-02
5.887743830680847168e-01
2.374838143587112427e-01
2.483566552400588989e-01
1.935011744499206543e-01
1.102259978652000427e-01
2.691064178943634033e-01
2.009818255901336670e-01
7.616745829582214355e-01
1.552853435277938843e-01
2.457503974437713623e-01
5.988647341728210449e-01
5.446594953536987305e-01
2.355737090110778809e-01
3.038776516914367676e-01
3.978357911109924316e-01
2.536813616752624512e-01
9.445626288652420044e-02
2.485253661870956421e-01
2.192786782979965210e-01
8.899785578250885010e-02
3.527489900588989258e-01
1.882712095975875854e-01
1.757981628179550171e-01
5.983684062957763672e-01
7.943093776702880859e-01
4.954977333545684814e-02
5.941001772880554199e-01
2.042583376169204712e-01
1.899782717227935791e-01
3.330354392528533936e-01
1.151598393917083740e-01
6.088745594024658203e-01
5.532395094633102417e-02
1.037024259567260742e-01
6.141270399093627930e-01
2.271523326635360718e-01
4.647770524024963379e-01
6.161235570907592773e-01
3.649029880762100220e-03
2.067742198705673218e-01
4.680787920951843262e-01
2.487516030669212341e-02
2.028432935476303101e-01
2.658535242080688477e-01
2.172771394252777100e-01
2.034618258476257324e-01
5.970618128776550293e-01
2.601168155670166016e-01
3.912747502326965332e-01
5.986636877059936523e-01
4.127293229103088379e-01
8.359272964298725128e-03
2.079890668392181396e-01
2.441404014825820923e-02
2.062803208827972412e-01
4.025937318801879883e-01
9.706202149391174316e-02
1.379507631063461304e-01
2.921593189239501953e-02
5.654354095458984375e-01
2.483182549476623535e-01
3.985425829887390137e-02
7.785893082618713379e-01
6.088194251060485840e-01
1.216727588325738907e-02
4.088272750377655029e-01
1.477647572755813599e-01
2.036330103874206543e-01
2.211497575044631958e-01
2.155442386865615845e-01
2.787765860557556152e-01
3.865961134433746338e-01
2.530613541603088379e-01
2.084459364414215088e-01
3.258920311927795410e-01
5.987030863761901855e-01
5.972661077976226807e-03
3.795673847198486328e-01
4.027662575244903564e-01
4.257547110319137573e-02
2.426331490278244019e-02
2.005054801702499390e-01
1.125903706997632980e-02
1.215132176876068115e-01
4.070841073989868164e-01
2.130697071552276611e-01
2.178756743669509888e-01
3.594312667846679688e-01
5.952221751213073730e-01
2.033064961433410645e-01
1.879864931106567383e-01
3.990013003349304199e-01
7.206371426582336426e-01
3.778957426548004150e-01
3.975537419319152832e-01
2.199638783931732178e-01
3.980436623096466064e-01
2.262506335973739624e-01
2.380348294973373413e-01
3.961400687694549561e-01
2.139679789543151855e-01
9.947978854179382324e-01
5.979393720626831055e-01
5.099288746714591980e-02
3.984892070293426514e-01
2.004816979169845581e-01
7.627921551465988159e-02
6.020855903625488281e-01
1.261926740407943726e-01
7.489488124847412109e-01
4.512461647391319275e-02
4.027391970157623291e-01
5.626579523086547852e-01
1.714036613702774048e-01
5.999172925949096680e-01
2.006468176841735840e-01
4.490689039230346680e-01
3.988620340824127197e-01
6.049625873565673828e-01
1.192480325698852539e-02
3.163057565689086914e-01
2.292746156454086304e-01
1.417046785354614258e-02
1.226711552590131760e-02
1.203646045178174973e-02
4.432026743888854980e-01
1.324969679117202759e-01
4.056664407253265381e-01
1.994750052690505981e-01
3.320227935910224915e-02
5.342342853546142578e-01
2.401791960000991821e-01
3.559457361698150635e-01
4.088880717754364014e-01
6.956916302442550659e-02
2.046837955713272095e-01
4.215002804994583130e-02
1.244426816701889038e-01
1.229264121502637863e-02
2.375431060791015625e-01
5.708758234977722168e-01
6.008599400520324707e-01
1.643029451370239258e-01
4.652557373046875000e-01
2.415579855442047119e-01
8.050069212913513184e-03
2.187454849481582642e-01
1.480649411678314209e-01
3.449100628495216370e-02
1.986908763647079468e-01
1.838566511869430542e-01
9.502964094281196594e-03
4.764539375901222229e-02
4.139398932456970215e-01
3.909949064254760742e-01
2.034908235073089600e-01
5.974726080894470215e-01
4.551416933536529541e-01
2.179659008979797363e-01
4.079232737421989441e-02
4.696838557720184326e-01
3.933720886707305908e-01
3.246781229972839355e-01
1.344017982482910156e-01
2.796567380428314209e-01
1.289366632699966431e-01
3.882127404212951660e-01
5.280841588973999023e-01
1.286647003144025803e-02
3.996618390083312988e-01
5.226026773452758789e-01
4.379704128950834274e-03
3.784325420856475830e-01
3.744320273399353027e-01
2.323805838823318481e-01
3.693265914916992188e-01
2.718696892261505127e-01
3.613038659095764160e-01
2.260355055332183838e-01
4.085939526557922363e-01
2.012948840856552124e-01
2.205278575420379639e-01
6.090304851531982422e-01
2.135019898414611816e-01
2.034473866224288940e-01
3.890604674816131592e-01
2.161647826433181763e-01
1.880325078964233398e-01
3.437977135181427002e-01
6.769469380378723145e-02
2.191366553306579590e-01
2.783815860748291016e-01
7.873504757881164551e-01
1.942064762115478516e-01
5.598086118698120117e-01
6.072233319282531738e-01
7.795903682708740234e-01
5.984766781330108643e-02
2.420002371072769165e-01
2.788655757904052734e-01
1.217920333147048950e-01
1.963027864694595337e-01
1.971703469753265381e-01
1.230730265378952026e-01
3.956058919429779053e-01
5.926817059516906738e-01
1.638046801090240479e-01
2.057731896638870239e-01
9.917697906494140625e-01
5.765488147735595703e-01
4.362112656235694885e-02
2.124589681625366211e-01
3.282825648784637451e-01
1.598551571369171143e-01
4.511682987213134766e-01
3.383148610591888428e-01
2.065934538841247559e-01
3.979853987693786621e-01
5.896793603897094727e-01
3.898827731609344482e-01
5.452623218297958374e-02
2.240041047334671021e-01
4.449846744537353516e-01
3.931026458740234375e-01
2.411445081233978271e-01
4.437601566314697266e-01
3.203775584697723389e-01
4.943247884511947632e-02
2.969124019145965576e-01
3.643805980682373047e-01
3.981737494468688965e-01
5.799196958541870117e-01
7.890923619270324707e-01
1.871060132980346680e-01
7.965874075889587402e-01
6.098474264144897461e-01
5.584056675434112549e-02
4.458552971482276917e-02
2.914305627346038818e-01
2.758746780455112457e-02
1.275044307112693787e-02
1.441520005464553833e-01
5.664766430854797363e-01
1.292134672403335571e-01
7.346508502960205078e-01
5.941789746284484863e-01
2.407664656639099121e-01
7.877075076103210449e-01
7.597532272338867188e-01
4.756208360195159912e-01
3.919833898544311523e-01
3.270864784717559814e-01
1.347549408674240112e-01
3.211548328399658203e-01
3.343105688691139221e-02
5.304917693138122559e-01
4.242145121097564697e-01
4.049521684646606445e-01
4.878492355346679688e-01
1.704428344964981079e-01
5.956050753593444824e-01
7.996956110000610352e-01
4.226794838905334473e-01
2.035679221153259277e-01
1.108857765793800354e-01
6.347873806953430176e-02
5.279518365859985352e-01
1.980967223644256592e-01
5.661031603813171387e-01
3.603806346654891968e-02
7.684141993522644043e-01
6.936308145523071289e-01
1.515126205049455166e-03
7.993922233581542969e-01
6.180981397628784180e-01
5.908167362213134766e-01
6.569664925336837769e-02
2.038901448249816895e-01
5.294632911682128906e-01
4.288784861564636230e-01
5.608315467834472656e-01
3.560993373394012451e-01
2.889367043972015381e-01
5.967262983322143555e-01
5.528000593185424805e-01
2.058962583541870117e-01
7.974807024002075195e-01
3.266682624816894531e-01
5.720498040318489075e-02
3.513535857200622559e-02
3.437924683094024658e-01
1.627664268016815186e-01
1.895447522401809692e-01
5.595762729644775391e-01
4.133073687553405762e-01
2.203480303287506104e-01
6.008206009864807129e-01
3.677468299865722656e-01
2.062925510108470917e-02
5.983998775482177734e-01
4.006462991237640381e-01
5.461949706077575684e-01
2.442557737231254578e-02
4.428111910820007324e-01
3.320607542991638184e-01
1.637307256460189819e-01
2.171901017427444458e-01
3.387219011783599854e-01
3.060560226440429688e-01
4.063159227371215820e-01
3.842443525791168213e-01
1.975599974393844604e-01
5.921753048896789551e-01
4.289068877696990967e-01
3.761970996856689453e-01
2.054311633110046387e-01
6.423528492450714111e-02
5.836358666419982910e-01
8.384390175342559814e-02
2.158241569995880127e-01
3.394323885440826416e-01
1.271501928567886353e-01
4.025811553001403809e-01
4.013445079326629639e-01
7.071097847074270248e-03
3.666169643402099609e-01
4.169239401817321777e-01
4.016720652580261230e-01
2.063226401805877686e-01
2.347607165575027466e-01
5.929675102233886719e-01
2.634539902210235596e-01
3.123844563961029053e-01
4.107550680637359619e-01
3.954045176506042480e-01
4.241489171981811523e-01
2.023767828941345215e-01
3.939690887928009033e-01
2.122685015201568604e-01
3.898146152496337891e-01
4.848434627056121826e-01
4.119698405265808105e-01
1.110838279128074646e-01
4.492985308170318604e-01
2.006029896438121796e-02
3.393115401268005371e-01
6.366512179374694824e-01
5.421185493469238281e-01
6.013873815536499023e-01
4.082580804824829102e-01
2.065903395414352417e-01
4.060040712356567383e-01
4.239728748798370361e-01
4.076131582260131836e-01
2.521586716175079346e-01
1.905394345521926880e-01
1.638171672821044922e-01
1.945578455924987793e-01
1.779962927103042603e-01
2.202356606721878052e-01
6.092657446861267090e-01
4.986046552658081055e-01
5.878305435180664062e-01
1.682207286357879639e-01
6.027208566665649414e-01
6.033571362495422363e-01
2.779225111007690430e-01
1.202095765620470047e-02
3.019655346870422363e-01
2.205943167209625244e-01
1.581761054694652557e-02
3.441051244735717773e-01
2.293439805507659912e-01
1.107701212167739868e-01
9.746189117431640625e-01
5.917263031005859375e-01
2.833867967128753662e-01
4.636641740798950195e-01
3.754023835062980652e-02
4.008943438529968262e-01
4.391503334045410156e-01
2.125082910060882568e-01
1.629067398607730865e-02
2.630354762077331543e-01
3.734007775783538818e-01
4.355139136314392090e-01
4.400702714920043945e-01
5.996394157409667969e-01
5.869258642196655273e-01
1.571616679430007935e-01
3.986160159111022949e-01
2.325205355882644653e-01
7.693588137626647949e-01
2.095689326524734497e-01
3.807994425296783447e-01
4.018384814262390137e-01
4.812946021556854248e-01
2.341949194669723511e-01
2.024086937308311462e-02
5.114915966987609863e-01
4.061748981475830078e-01
5.837979316711425781e-01
4.083220064640045166e-01
6.013549566268920898e-01
3.281281590461730957e-01
4.107272922992706299e-01
3.632131516933441162e-01
1.365540176630020142e-01
4.960895776748657227e-01
5.116755366325378418e-01
2.328038811683654785e-01
6.477983295917510986e-02
4.288278222084045410e-01
7.078664302825927734e-01
2.463669031858444214e-01
2.364028096199035645e-01
3.990959823131561279e-01
4.846232533454895020e-01
3.379246890544891357e-01
2.353242933750152588e-01
5.864199995994567871e-01
2.751922607421875000e-01
2.945019900798797607e-01
1.631349027156829834e-01
1.300109084695577621e-02
4.263972640037536621e-01
6.032080650329589844e-01
7.642301321029663086e-01
8.465409278869628906e-03
4.029224812984466553e-01
3.117868304252624512e-02
7.939779758453369141e-01
5.761706456542015076e-02
4.971475154161453247e-02
1.253910660743713379e-01
1.425861567258834839e-02
3.221844434738159180e-01
3.130215406417846680e-01
2.380280047655105591e-01
6.613078713417053223e-01
5.955653786659240723e-01
6.216764450073242188e-01
7.448302507400512695e-01
3.480569720268249512e-01
4.147982597351074219e-01
6.467291712760925293e-02
1.956844776868820190e-01
4.604637920856475830e-01
7.976905703544616699e-01
1.714552938938140869e-01
4.763807654380798340e-01
3.800553083419799805e-01
5.883207321166992188e-01
5.538057088851928711e-01
5.673937797546386719e-01
7.906676530838012695e-01
5.886020064353942871e-01
2.327873408794403076e-01
2.330683618783950806e-01
1.966904401779174805e-01
3.120194077491760254e-01
1.972289085388183594e-01
1.970769762992858887e-01
8.808630704879760742e-01
7.496912479400634766e-01
6.043170690536499023e-01
6.804985404014587402e-01
1.918271631002426147e-01
3.812683224678039551e-01
8.195051550865173340e-01
4.274928271770477295e-01
2.123258113861083984e-01
3.924108147621154785e-01
2.535013854503631592e-01
1.980223953723907471e-01
1.984809190034866333e-01
2.024101912975311279e-01
5.444960594177246094e-01
5.909116268157958984e-01
2.885098159313201904e-01
6.637038663029670715e-03
6.115420460700988770e-01
2.005846202373504639e-01
3.432202041149139404e-01
1.312973499298095703e-01
1.197490561753511429e-02
4.668742418289184570e-01
2.553966343402862549e-01
2.070320099592208862e-01
6.900244951248168945e-02
4.316289126873016357e-01
5.743386745452880859e-01
2.053462266921997070e-01
5.186171736568212509e-03
5.972608327865600586e-01
4.422624409198760986e-01
9.843153953552246094e-01
4.068493247032165527e-01
2.007527351379394531e-01
3.946213126182556152e-01
3.675990924239158630e-02
4.000104665756225586e-01
4.098923802375793457e-01
1.517261564731597900e-02
7.486521005630493164e-01
2.661261558532714844e-01
1.012130379676818848e-01
4.013220369815826416e-01
6.027990579605102539e-01
5.945678949356079102e-01
1.933536231517791748e-01
4.274673461914062500e-01
9.106945246458053589e-02
2.575310170650482178e-01
3.448387980461120605e-01
9.711213409900665283e-02
2.972781360149383545e-01
7.948124408721923828e-01
3.303563594818115234e-01
1.412562280893325806e-01
4.105449318885803223e-01
5.403417348861694336e-01
3.941119611263275146e-01
2.032809704542160034e-01
5.910059213638305664e-01
4.751184880733489990e-01
1.528365015983581543e-01
3.913196921348571777e-01
2.239994145929813385e-02
7.462806999683380127e-02
4.044135212898254395e-01
7.825064063072204590e-01
2.072476744651794434e-01
6.005775928497314453e-01
5.895636677742004395e-01
5.487850904464721680e-01
6.380727291107177734e-01
3.219101428985595703e-01
5.752719640731811523e-01
2.961457371711730957e-01
5.856676697731018066e-01
5.515140295028686523e-01
5.128297805786132812e-01
7.922398447990417480e-01
2.096638381481170654e-01
4.158137142658233643e-01
4.828563332557678223e-01
3.825683593750000000e-01
2.090768814086914062e-01
7.989672422409057617e-01
2.001895159482955933e-01
3.826292604207992554e-02
2.097915410995483398e-01
1.357608884572982788e-01
5.404977798461914062e-01
4.467842578887939453e-01
2.518695592880249023e-01
3.643320202827453613e-01
1.375839412212371826e-01
4.053452014923095703e-01
7.480671405792236328e-01
4.055537879467010498e-01
2.166523188352584839e-01
1.959829777479171753e-01
1.314163357019424438e-01
2.901314795017242432e-01
1.840068399906158447e-01
3.689723014831542969e-01
6.029447317123413086e-01
4.159236252307891846e-01
3.083965182304382324e-01
1.891186535358428955e-01
5.761059522628784180e-01
2.225487232208251953e-01
6.071450710296630859e-01
1.877589821815490723e-01
2.057345062494277954e-01
4.189501404762268066e-01
2.315715402364730835e-01
2.995675429701805115e-03
1.967098563909530640e-01
2.759304642677307129e-01
2.135206162929534912e-01
5.441040992736816406e-01
2.998510301113128662e-01
5.947359800338745117e-01
3.435350358486175537e-01
5.258629918098449707e-01
3.864399194717407227e-01
3.241740167140960693e-02
3.556638956069946289e-01
2.887362241744995117e-01
3.946984708309173584e-01
3.854992985725402832e-01
1.913727074861526489e-01
6.448258161544799805e-01
2.077911049127578735e-01
7.551199756562709808e-03
5.949631333351135254e-01
2.190670967102050781e-01
5.656272768974304199e-01
4.100720584392547607e-01
1.649244129657745361e-01
3.888149857521057129e-01
4.644548296928405762e-01
7.792322039604187012e-01
4.891094565391540527e-01
7.019426822662353516e-01
4.095585346221923828e-01
2.530433051288127899e-02
3.869357332587242126e-02
4.036000967025756836e-01
6.269289255142211914e-01
7.831022143363952637e-01
5.894593000411987305e-01
3.940665721893310547e-01
2.941526472568511963e-01
4.203267991542816162e-01
4.432843923568725586e-01
3.896737992763519287e-01
1.740931421518325806e-01
4.060474038124084473e-01
8.563698269426822662e-03
4.099433720111846924e-01
5.950424075126647949e-01
7.387240529060363770e-01
2.228320538997650146e-01
3.978751301765441895e-01
1.976829618215560913e-01
2.989478707313537598e-01
4.341009259223937988e-01
6.271932721138000488e-01
3.917598128318786621e-01
3.887469768524169922e-01
5.168910026550292969e-01
3.327923715114593506e-01
1.988869160413742065e-01
4.190323948860168457e-01
8.007122278213500977e-01
7.260940074920654297e-01
4.331781864166259766e-01
1.056712307035923004e-02
5.300465226173400879e-01
2.489592134952545166e-01
3.272266089916229248e-01
8.087591268122196198e-03
8.347482681274414062e-01
5.945646166801452637e-01
5.894650220870971680e-01
2.089609205722808838e-01
2.087263762950897217e-01
3.388772010803222656e-01
7.691941857337951660e-01
2.640691995620727539e-01
1.964683383703231812e-01
2.081233114004135132e-01
5.742056965827941895e-01
2.075284123420715332e-01
8.181418478488922119e-02
4.076942205429077148e-01
4.073309004306793213e-01
5.218378305435180664e-01
1.976821124553680420e-01
2.055291235446929932e-01
6.061358451843261719e-01
4.071230888366699219e-01
4.518968462944030762e-01
2.465875595808029175e-01
3.596116900444030762e-01
2.323324382305145264e-01
7.104942202568054199e-01
3.918036222457885742e-01
4.912941455841064453e-01
