3.944344520568847656e-01
7.971603274345397949e-01
3.710920810699462891e-01
3.040944226086139679e-03
2.007274031639099121e-01
1.618076581507921219e-03
3.971692547202110291e-02
1.117511260417813901e-06
6.685171276330947876e-03
3.059886395931243896e-01
1.586336493492126465e-01
5.717257857322692871e-01
5.379419687479014556e-10
4.446712154049237142e-08
1.795685307115491014e-07
1.295545670743081246e-09
2.584697078589215380e-08
1.400105829816311598e-04
3.054758301004767418e-03
3.515443313517607749e-05
1.248221451533026993e-05
1.997015029191970825e-01
5.454392521642148495e-04
1.653015146985126194e-07
3.821582940872758627e-04
3.184791803359985352e-01
2.366422122577205300e-04
1.130026794271543622e-04
2.671179208846297115e-05
6.285250782966613770e-01
4.436870071344856115e-08
4.014638066291809082e-01
3.439868334680795670e-03
5.258290329948067665e-04
5.912819688091985881e-05
2.522835984564153478e-06
9.069215593626722693e-05
2.473316714167594910e-02
1.950566002051346004e-06
3.821149468421936035e-01
1.925833057612180710e-03
1.230814490327247768e-07
1.090849863771836681e-07
9.981038570404052734e-01
5.297162532806396484e-01
3.985179364681243896e-01
1.940572634339332581e-03
2.237965090898796916e-04
2.636670542415231466e-04
3.929237425327301025e-01
3.057515481486916542e-03
1.453584134578704834e-01
8.185058832168579102e-04
1.839706599712371826e-01
1.776221673935651779e-03
2.049253694713115692e-02
3.149825707077980042e-02
7.552840113639831543e-01
5.684477090835571289e-01
2.021589875221252441e-01
1.726625305309426039e-05
1.529374420642852783e-01
2.217175513505935669e-01
8.349688995767934330e-12
2.512529725208878517e-03
3.977602124214172363e-01
1.063593153958208859e-04
2.015669853250301458e-09
2.973291702801361680e-05
1.198361366987228394e-01
1.650252006947994232e-02
9.673061370849609375e-01
4.468739330768585205e-01
3.976289331912994385e-01
3.628628253936767578e-01
1.452095955610275269e-01
8.143222332000732422e-02
1.992311626672744751e-01
5.833662726217880845e-05
1.983628869056701660e-01
1.008491264656186104e-03
5.931882858276367188e-01
5.622677690553246066e-06
1.716355109238065779e-05
2.420417517423629761e-01
9.898184537887573242e-01
5.964028835296630859e-01
4.443146586418151855e-01
2.005149722099304199e-01
4.058961290866136551e-03
1.963890045881271362e-01
3.762162327766418457e-01
1.843386292457580566e-01
3.918007496395148337e-05
1.732976436614990234e-01
1.959522322181328491e-08
2.973487135022878647e-03
1.101843314245343208e-03
2.618264943521353416e-06
7.527278661727905273e-01
5.213779807090759277e-01
3.732564747333526611e-01
1.025789752602577209e-01
9.817360842134803534e-05
2.481220581103116274e-04
3.992301821708679199e-01
5.407207645475864410e-03
3.412780279177241027e-05
7.690307484153890982e-07
3.973110318183898926e-01
1.542888639960438013e-05
1.406937092542648315e-01
8.182042599003125360e-09
5.981540083885192871e-01
5.920875668525695801e-01
8.766469955444335938e-01
3.518438935279846191e-01
2.038755416870117188e-01
1.731016300618648529e-02
5.374418469727970660e-05
5.445256456732749939e-02
1.164396280728396960e-06
1.975583434104919434e-01
1.807119697332382202e-04
3.094899147981777787e-05
2.209237217903137207e-01
4.106738913378649158e-07
8.614571094512939453e-01
5.773920416831970215e-01
5.678766965866088867e-01
8.875468047335743904e-04
1.790419220924377441e-03
4.733332991600036621e-02
3.564500212669372559e-01
2.000030130147933960e-01
1.259080164572878857e-07
1.977403648197650909e-02
2.000000625848770142e-01
1.984804959276331715e-10
1.505052023276221007e-05
2.160576879978179932e-01
6.029161810874938965e-01
6.083690524101257324e-01
5.712713003158569336e-01
6.331783533096313477e-01
1.062368322163820267e-02
6.991118192672729492e-02
9.479274922341573983e-06
3.655893863196979510e-07
2.991296947002410889e-01
1.131731696659699082e-04
1.981585472822189331e-01
6.630632043425066513e-09
7.777848765044836910e-08
2.961061254609376192e-04
4.212809503078460693e-01
7.465642690658569336e-01
4.097945690155029297e-01
4.398263394832611084e-01
3.499325830489397049e-03
1.905150860548019409e-01
1.877144575119018555e-01
3.848577737808227539e-01
1.434476871509104967e-04
1.592575609683990479e-01
1.715261638164520264e-01
7.786270543874707073e-06
1.292294484755984740e-07
6.899011584238223804e-09
9.687772989273071289e-01
3.047707378864288330e-01
2.113452404737472534e-01
5.723702311515808105e-01
1.847208593972027302e-03
1.052497923374176025e-01
1.836704909801483154e-01
2.358927844170466415e-07
6.701489910483360291e-03
1.542079353100689332e-08
1.910552091430872679e-04
6.526264827698469162e-03
1.999385654926300049e-01
8.182565215975046158e-04
6.334335803985595703e-01
3.443657755851745605e-01
8.200042247772216797e-01
1.358437486942420946e-07
1.008441395242698491e-04
7.654371112585067749e-02
9.963544289348646998e-05
1.982390731573104858e-01
1.195622753584757447e-04
5.225910805165767670e-03
2.089685499668121338e-01
4.533345254742471298e-09
3.976346552371978760e-01
1.912993006408214569e-02
5.998941659927368164e-01
7.981901764869689941e-01
7.946622967720031738e-01
3.988655507564544678e-01
1.241864520125091076e-03
1.965301334857940674e-01
3.774388432502746582e-01
3.992283940315246582e-01
1.067914054146967828e-04
1.419323052687104791e-05
1.979665309190750122e-01
3.956929445266723633e-01
7.979287329362705350e-05
5.230972892604768276e-04
9.596138000488281250e-01
3.980615735054016113e-01
6.877656579017639160e-01
5.526179075241088867e-01
6.110068061389029026e-04
4.358703736215829849e-04
5.395597219467163086e-01
2.000013589859008789e-01
1.187292337417602539e-01
2.772427396848797798e-04
1.609763950109481812e-01
3.774629235267639160e-01
4.854450526181608438e-04
1.020958848130248953e-06
