8.862957034949658919e-10
3.601684002205729485e-04
2.581705848569981754e-05
3.323244891362264752e-05
1.464280217078339774e-06
1.302303462580312043e-05
1.843903191911522299e-05
8.483488927595317364e-04
3.672546154120936990e-05
3.400626010261476040e-04
2.637397074067848735e-06
4.715323302662000060e-05
2.023830602411180735e-04
2.395497133989010763e-10
1.332992978859692812e-04
1.292321394430473447e-05
8.063976565608754754e-06
7.984948524608626030e-07
1.114943188440520316e-06
5.826452979817986488e-05
1.120359156630001962e-04
7.701932190684601665e-05
3.865406199565768475e-07
5.624122422887012362e-06
1.599171431735157967e-03
2.154006360797211528e-04
4.050723622199607504e-19
6.566517871651169144e-18
3.787322784774005413e-04
3.840904677643308673e-11
8.910780675884608787e-15
5.450452590594068170e-06
2.150141881429590285e-06
6.102210363678750582e-07
1.022014615159605455e-07
6.344010733405625047e-11
9.311746040907564748e-09
6.967760812770507073e-10
9.770309006285060605e-10
3.560788457156351586e-25
3.198815220716131335e-19
3.006573533639311790e-04
1.761307066772133112e-04
3.722962219000931772e-15
3.807771427091211081e-04
6.915662197570782155e-06
1.277008050237782300e-05
3.104381960383761907e-07
2.346532994579320075e-07
7.411744445562362671e-05
1.071274709829594940e-06
1.509045978309586644e-05
2.031443457894965832e-08
5.871714225946789156e-10
5.988688280922360718e-05
9.216159014613367617e-06
5.474269073602044955e-06
8.267541034001624212e-07
6.647994450759142637e-05
3.203380401828326285e-06
1.694363845672341995e-06
6.210749692314720960e-09
3.944154013879597187e-05
1.419601496309041977e-03
1.458068494684994221e-03
7.764719978098355568e-10
4.453565294326722324e-11
1.306184185523306951e-05
1.400309201926575042e-06
2.108386979671195149e-06
2.075022962344519328e-07
3.551320787664735690e-06
5.855597950965574228e-11
3.408223747669580916e-08
1.407735140949274352e-28
9.871633675426205734e-15
1.019356278942598952e-18
4.188122974835611011e-18
1.053976284026703070e-08
1.575969910128094398e-10
3.105880168732255697e-04
2.053878415608778596e-05
1.750459705363027751e-05
8.206569646063144319e-07
5.415158284449717030e-06
1.068550936622614245e-08
1.385748760185379069e-06
6.907088789809279206e-11
4.305976233354158467e-07
9.107433557309363437e-12
5.334782095245405031e-13
1.002796068405586993e-08
5.604466224440329825e-09
1.545389823149889708e-04
1.031456304190214723e-05
1.024067205435130745e-05
1.560507030262670014e-06
1.633680312806973234e-06
3.634691893239505589e-06
1.260822464246302843e-04
1.383531724741260405e-07
2.483403113728854805e-05
2.136916691597434692e-06
1.929235586430877447e-04
3.956002636584798893e-09
1.287653539350230858e-09
3.195467434125021100e-05
3.248097073083044961e-06
4.765651283378247172e-06
5.691935029972228222e-07
4.986137582818628289e-07
6.386124005075544119e-05
1.212775515568864648e-07
9.411013079940744319e-10
8.278267387140658684e-07
4.728590138256549835e-04
2.526993048377335072e-04
3.130024850417356674e-10
5.525734314559826998e-10
1.203025840368354693e-05
4.694213203038088977e-06
2.329220933461328968e-06
1.857327305287981289e-07
7.135327706464522635e-08
3.493915573926642537e-05
4.652535153581993654e-06
1.717577652016188949e-05
2.720534553191100713e-07
4.375888693175511435e-06
1.240378041984513402e-04
5.393931346020508499e-08
4.159502076106491586e-09
6.534293788718059659e-05
4.015951162728015333e-06
7.424729574267985299e-06
5.260845341581443790e-07
5.958073856504597643e-08
2.042196574620902538e-04
8.363176311831921339e-05
9.311307803727686405e-05
4.488305727079477947e-09
3.492772229947149754e-04
1.618978276383131742e-04
1.344075961640101013e-09
3.266392045730981408e-09
4.517326306086033583e-05
9.257440979126840830e-06
1.614955181139521301e-05
4.653290091027884046e-07
1.612969242614781251e-07
7.295238174265250564e-05
5.721015986637212336e-05
8.802606316749006510e-05
6.441155386838204322e-10
7.949183782329782844e-07
1.088366261683404446e-04
1.574510299917619705e-08
1.752044398450891549e-09
9.821736966841854155e-06
2.841914238160825334e-06
3.820754500338807702e-06
1.689040516339446185e-07
3.820159690803848207e-07
1.265745231648907065e-05
8.430045454588253051e-06
2.492657586117275059e-05
7.299119602066639345e-07
2.945161838852072833e-07
6.622859655180945992e-05
9.999995231628417969e-01
5.505734225152991712e-05
4.889680712949484587e-05
8.982339932117611170e-05
1.404887098033213988e-05
1.234434563457398326e-07
6.852183287264779210e-05
1.254300004802644253e-03
1.977125648409128189e-03
3.778468681048252620e-06
2.400770711119548650e-07
1.109698059735819697e-04
3.398732049390673637e-03
1.000000119209289551e+00
6.518136030919663426e-11
2.120011686201905832e-06
1.193070602312218398e-06
3.660290417428768706e-07
6.590281612596960055e-17
2.528854681216330391e-09
2.739565518883324557e-11
7.818762859379546626e-10
2.793719025859642380e-23
7.799024759852938378e-17
4.545728663278770245e-19
1.079586814860188247e-18
9.999848604202270508e-01
1.554823107838976807e-17
1.233355287695303559e-04
8.610333779301981849e-09
8.308643703602847097e-12
3.210422801203094423e-05
4.817416083824355155e-06
8.268554552159912419e-08
3.904566625578809180e-08
2.925804598596926098e-10
1.009247966976545285e-06
1.168002370377507759e-07
3.220174846774170874e-07
9.999995231628417969e-01
1.179219375473705032e-18
8.551097562303766608e-05
1.515547337476164103e-04
1.583011574200678812e-14
1.324441853967073257e-07
1.964999682968482375e-05
4.764987352245952934e-06
1.091466970137844328e-07
1.831900853233037196e-08
7.988752059873149847e-08
8.075852747424505651e-06
1.950379373738542199e-05
1.000000119209289551e+00
1.238478486431660031e-10
1.738519358696066774e-06
2.199730715801706538e-06
5.101564511278411373e-06
5.058631700194382574e-07
3.399013621674384922e-07
2.758278327963381571e-10
6.518574124925180513e-09
3.309056138375019187e-24
1.170559417625061105e-13
9.873127841545162320e-15
3.940631528176480195e-17
9.999998211860656738e-01
2.120243841607916124e-10
5.749462798121385276e-05
1.952491402334999293e-05
1.806006548576988280e-05
1.361285285383928567e-06
8.143409502281429013e-08
1.066628918522383174e-08
4.411083409650018439e-07
2.179829927673182510e-11
1.901863333486630836e-09
7.898955795004880542e-11
1.946599958589818880e-14
9.999994635581970215e-01
5.717744055999673947e-09
6.267563730943948030e-05
2.605596382636576891e-04
6.567348464159294963e-05
1.622645504539832473e-05
2.168574440020165639e-07
3.267349893576465547e-05
2.036462305113673210e-03
1.333700794248215971e-07
2.316907966815051623e-06
5.091479397378861904e-05
2.062646206468343735e-03
9.999999403953552246e-01
5.302630556869303291e-10
5.419629360403632745e-06
1.374842395307496190e-05
3.422486406634561718e-05
1.786121629265835509e-06
2.485020047515718034e-07
1.181655388791114092e-04
1.086160864360863343e-06
9.585247653376427479e-07
2.737765680649317801e-05
1.153996330685913563e-03
1.003088708966970444e-02
1.000000000000000000e+00
2.212899169462545501e-10
2.060783117485698313e-06
3.848120104521512985e-05
1.695462378847878426e-05
1.592327976140950341e-06
6.590709489273649524e-08
2.049019094556570053e-04
6.976923032198101282e-05
3.287744766566902399e-05
3.033892653547809459e-06
6.371043855324387550e-05
2.308066468685865402e-03
9.999998211860656738e-01
6.169915689469007702e-09
2.780160684778820723e-05
1.083505267160944641e-04
8.794084715191274881e-05
2.457500841046567075e-06
7.590823258851742139e-08
1.892733126878738403e-01
4.397791344672441483e-04
1.118491054512560368e-03
1.646131980725940025e-10
4.285426810383796692e-03
2.475383691489696503e-03
9.999998807907104492e-01
1.273023375603088425e-08
8.397070814680773765e-06
6.885365291964262724e-05
1.407609233865514398e-04
4.674340743804350495e-06
3.410894180433388101e-07
4.265388008207082748e-03
4.196975496597588062e-04
8.702349150553345680e-04
4.272201759025762158e-10
5.881703145860228688e-06
1.493523945100605488e-03
9.999998807907104492e-01
3.031083994908811974e-10
1.197304209199501202e-05
1.446436272090068087e-05
9.009781933855265379e-06
8.210805049202463124e-07
1.584928277509334293e-08
1.025076812766201328e-06
1.896623143693432212e-04
1.328625876340083778e-05
5.678028287547931541e-07
1.756679246511794190e-08
2.780539034574758261e-06
1.000000119209289551e+00
9.999997019767761230e-01
3.166494479955872521e-06
9.340904216514900327e-05
2.014683195739053190e-05
1.581194620766182557e-13
2.794609521572510857e-08
3.079794552718340128e-08
7.114920663298107684e-06
4.160663955075960328e-21
5.572369720871234861e-15
4.545211429451967433e-12
5.875355202356047357e-10
9.999998807907104492e-01
9.999999403953552246e-01
1.970269222510978580e-04
1.399226021021604538e-03
1.291760272579267621e-04
5.544958185055293143e-06
1.298554092645645142e-01
7.954213023185729980e-01
6.804007887840270996e-01
8.410735441444217031e-10
5.278010503388941288e-04
4.204675927758216858e-02
5.774001479148864746e-01
9.999998211860656738e-01
9.999992847442626953e-01
9.982174378819763660e-05
3.694292900036089122e-05
2.710874331002949278e-13
4.055472345498856157e-06
2.772938751149922609e-05
5.568357209995156154e-06
5.980974293606777792e-08
3.121954361695600255e-10
4.881945159240785870e-08
2.443853372824378312e-05
4.407329106470569968e-05
9.999998807907104492e-01
9.999992251396179199e-01
9.429166311747394502e-06
1.615303335711359978e-05
7.471550488844513893e-04
1.772615505615249276e-04
1.577969193458557129e-01
2.723528537899255753e-03
7.996708518476225436e-06
1.584428446221863851e-06
7.623486220836639404e-02
7.058095932006835938e-01
1.793863922357559204e-01
9.999999403953552246e-01
9.999995827674865723e-01
3.443218020038329996e-06
5.999094355502165854e-06
5.934850196354091167e-04
8.426632848568260670e-05
5.667168181389570236e-03
2.167757173765494372e-07
4.488340637180954218e-04
4.396818989021514788e-18
2.777094776362787343e-09
1.124145182984648272e-05
3.979450775659643114e-05
9.999998807907104492e-01
9.999995231628417969e-01
2.637187026266474277e-05
5.478808452608063817e-05
8.584564784541726112e-04
2.105411113006994128e-04
2.708459760469850153e-06
1.758625439833849669e-04
4.069530218839645386e-02
4.441182144265809484e-11
6.263036311793257482e-07
9.948605298995971680e-02
1.376970708370208740e-01
9.999997615814208984e-01
9.999993443489074707e-01
1.038828031596494839e-05
1.944641553563997149e-05
5.489770555868744850e-04
1.333176041953265667e-04
1.208782578032696620e-06
1.370282028801739216e-03
1.490667164325714111e-01
1.422795463668080629e-07
8.809703103906940669e-06
5.173011682927608490e-03
2.972712181508541107e-02
1.000000000000000000e+00
9.999998807907104492e-01
5.965387686046597082e-07
4.450083451956743374e-06
4.137621726840734482e-05
3.551751797203905880e-05
5.373026965571625624e-07
2.626436526043107733e-07
4.943101217236289813e-08
2.434538404205710549e-10
4.420787841081619263e-02
1.234868477695272304e-06
4.757902570418082178e-05
1.000000000000000000e+00
1.000000000000000000e+00
1.279628691008838359e-06
1.618289616089896299e-06
6.534950080094859004e-05
3.203190863132476807e-05
1.027162943501025438e-05
1.230483945846572169e-07
1.432972640031948686e-04
5.785705288872122765e-04
1.819900237023830414e-02
8.050405886024236679e-04
4.300058633089065552e-02
9.999999403953552246e-01
9.999997615814208984e-01
9.744269846123643219e-06
1.084189352695830166e-05
8.618894935352727771e-05
7.225158333312720060e-05
4.565661947708576918e-05
1.383437216281890869e-01
9.681032896041870117e-01
6.993215647526085377e-04
1.569456370420496683e-10
2.138848975300788879e-02
4.920637011528015137e-01
9.999999403953552246e-01
9.999998211860656738e-01
3.143199819533037953e-06
7.379000180662842467e-06
1.637589884921908379e-04
6.392350042006000876e-05
2.542055335652548820e-05
4.690181463956832886e-03
6.383885629475116730e-04
3.715024795383214951e-03
3.857380193039716687e-08
1.490711933001875877e-03
3.209668793715536594e-04
1.000000000000000000e+00
9.999998807907104492e-01
9.888190106721594930e-07
3.878327788697788492e-06
5.194362529437057674e-05
1.681887624727096409e-05
3.597482702843990410e-07
6.549137830734252930e-02
5.902521706957486458e-07
1.605535908311139792e-05
4.732442704380446230e-08
4.042371362447738647e-02
6.881303852424025536e-04
1.000000000000000000e+00
1.000000000000000000e+00
9.999997019767761230e-01
8.476631023768277373e-07
7.649364852113649249e-05
2.331991280524890712e-27
1.053270646834145521e-16
4.779666246124136819e-11
2.213037646470183972e-07
4.184063096068554942e-38
4.089168161697005940e-29
2.413443565073389481e-16
1.517488912305964277e-11
1.000000000000000000e+00
1.000000000000000000e+00
1.000000119209289551e+00
6.365262095187063096e-08
3.527667649905197322e-05
5.035847021924394347e-24
3.536993594332408369e-16
7.949191604711847853e-15
4.539392195468394675e-10
1.447277196912980093e-36
3.072486595941997521e-28
1.410097650323105008e-26
2.405578070064745251e-16
1.000000000000000000e+00
9.999994039535522461e-01
9.999915361404418945e-01
4.085545242560328916e-06
2.872357435990124941e-05
6.975095959723979166e-17
5.051846718728825181e-10
3.981384466555937252e-08
7.590372206323081627e-07
5.101631631646494441e-23
4.464691606736103865e-16
3.369421170025532764e-14
2.229118625796111530e-11
1.000000000000000000e+00
1.000000000000000000e+00
9.999998211860656738e-01
7.074814334373513702e-08
1.729824816720793024e-07
1.667393371462821960e-05
4.166378778811756067e-16
5.651235772743956609e-13
1.129931925802907244e-09
8.262791427352891979e-39
7.096965659701952790e-28
2.042189863621657442e-20
5.138377143752443504e-15
1.000000000000000000e+00
1.000000000000000000e+00
9.999998807907104492e-01
2.816485711321092822e-08
1.993538944589090534e-06
6.405809108400717378e-05
2.914123674405953263e-25
3.931748047796002066e-13
3.622457889207453263e-10
7.179692811814632745e-41
1.596657960611383168e-32
6.509687751154693463e-17
1.511068288724548569e-13
1.000000000000000000e+00
9.999999403953552246e-01
9.999982118606567383e-01
4.140805458519025706e-07
1.195010668197937775e-06
4.827877637580968440e-05
1.921182003591154993e-22
1.322949674207327467e-14
9.737507467022510355e-10
4.713487467814209608e-30
9.402524033222614786e-27
2.272829832639824734e-26
4.474913020179766633e-21
1.000000119209289551e+00
9.999999403953552246e-01
9.999986290931701660e-01
1.717410100354754832e-06
3.448263669270090759e-06
9.389457409270107746e-05
5.952306465710274312e-21
2.585668224669435133e-12
1.072074720664950576e-11
2.150446882750223830e-29
3.188289719006434853e-21
4.034457115453752215e-20
2.922983250536771948e-20
1.000000000000000000e+00
9.999999403953552246e-01
9.999993443489074707e-01
3.576159031126735499e-07
7.998709179446450435e-07
4.051929863635450602e-05
2.924757468132373663e-22
7.870640445807597363e-13
1.407394686903096215e-11
5.551802573222630599e-08
4.086430439955107840e-24
1.767589181510886501e-17
2.847704710928766758e-12
1.000000000000000000e+00
1.000000000000000000e+00
9.999983906745910645e-01
1.330919872088998090e-06
2.233085751868202351e-06
7.128252036636695266e-05
3.688716298921900472e-19
8.967371983858996032e-12
3.994964359321784286e-10
7.942061870380712207e-07
1.639760311558083084e-31
1.775320176951929608e-16
1.698736706856607270e-10
1.000000000000000000e+00
9.999998211860656738e-01
9.999986290931701660e-01
4.425387032824801281e-06
1.809580317058134824e-05
1.696961116977035999e-04
5.901082137756065871e-16
2.315370561944973815e-09
4.067483294623031043e-10
1.189588147099129856e-05
1.474847785078472233e-21
2.223550954397592126e-16
6.588139322277752896e-12
1.000000000000000000e+00
1.000000000000000000e+00
9.999997615814208984e-01
9.160795002571830992e-07
1.009580955724231899e-06
4.778734728461131454e-05
1.466065377414950757e-15
1.260197390884343349e-09
1.370805691180976282e-10
5.657516410906282545e-08
8.124884884009570449e-23
1.448220404919552378e-16
1.444237445484096763e-19
1.000000000000000000e+00
1.000000119209289551e+00
1.000000000000000000e+00
4.643899956136010587e-05
6.528765516122803092e-05
6.387353579384580371e-08
3.171434173054876737e-07
1.858990490436553955e-01
8.174899267032742500e-04
2.090078110583704074e-12
1.394879589611264237e-08
8.067437011050060391e-05
3.715575076057575643e-05
9.999992847442626953e-01
9.999997615814208984e-01
9.999750256538391113e-01
2.129522472387179732e-04
2.599392610136419535e-04
9.154607596428832039e-07
6.059365812689065933e-03
6.945928180357441306e-05
4.682024940848350525e-03
5.025947436010369529e-10
4.627456817729580507e-08
9.200903150485828519e-09
2.568980335126980208e-07
1.000000000000000000e+00
1.000000000000000000e+00
9.999984502792358398e-01
4.882600137534609530e-07
2.085489768433035351e-06
1.733702374622225761e-04
1.890750502399427685e-14
2.209740446179608853e-10
3.899886280578357400e-07
4.624284932271896334e-44
1.609028704467699561e-30
1.354097277963530951e-14
7.266132140415493268e-11
1.000000000000000000e+00
9.999999403953552246e-01
9.999966621398925781e-01
8.561418508179485798e-05
8.829259968479163945e-06
1.680241257417947054e-04
3.426602646072751668e-08
2.568416945791796024e-08
1.115723421207803767e-06
1.200820519409173670e-11
4.975898448833504517e-08
9.880775532619331947e-14
8.817919194825662998e-08
9.999998807907104492e-01
1.000000119209289551e+00
9.999957084655761719e-01
2.285959635628387332e-04
8.316515049955341965e-06
3.473514516372233629e-04
1.058853399626968894e-06
1.801922189770266414e-05
4.338492825627326965e-02
1.774321488345886877e-11
7.961514638736844063e-04
1.487968432911657146e-07
2.811195736285299063e-04
9.999998807907104492e-01
1.000000000000000000e+00
9.999974370002746582e-01
1.344428310403600335e-04
4.600100146490149200e-05
1.095260959118604660e-04
1.047782394181240306e-08
6.130483234301209450e-05
1.412456185789778829e-06
2.384244010040928799e-15
6.311142580761597287e-12
2.284635236549092951e-08
1.547392325385033018e-09
1.000000000000000000e+00
9.999999403953552246e-01
9.999976158142089844e-01
1.339343361905775964e-05
5.811416485812515020e-05
1.166200672741979361e-04
1.607925952384903212e-07
1.400800496339797974e-01
5.751059576869010925e-02
4.765808284282684326e-01
1.103208924178034067e-04
2.673310339450836182e-01
1.667995564639568329e-02
9.999998807907104492e-01
1.000000119209289551e+00
9.999933838844299316e-01
6.171271525090560317e-05
3.342362120747566223e-03
5.745446542277932167e-04
2.728617687353107613e-07
4.896395466857939027e-07
2.013437449932098389e-02
9.961296916007995605e-01
1.464986985888483417e-11
4.894757177680730820e-03
6.281209737062454224e-02
1.000000000000000000e+00
1.000000000000000000e+00
9.999955892562866211e-01
9.042781312018632889e-05
7.586163934320211411e-03
7.216653320938348770e-04
6.496874789263529237e-07
1.931930193677544594e-03
6.539024412631988525e-02
9.905604720115661621e-01
1.276733233024351932e-11
1.194904086787573760e-07
8.629178255796432495e-02
9.999999403953552246e-01
1.000000000000000000e+00
9.999987483024597168e-01
1.925004035001620650e-04
3.821134450845420361e-04
1.670437050051987171e-04
4.082269811078731436e-07
2.899744510650634766e-01
1.036797910928726196e-01
8.421294689178466797e-01
3.546005850063593812e-11
5.396903816290432587e-06
7.607901934534311295e-04
9.999998807907104492e-01
9.999994635581970215e-01
9.999998211860656738e-01
1.657093234825879335e-04
1.006904676614794880e-05
1.743478351272642612e-04
9.476611739955842495e-05
8.527664613211527467e-05
3.057868298128596507e-06
2.695560965548793320e-07
3.742761919056647457e-06
1.062087812897516415e-05
7.171784818638116121e-05
1.000000000000000000e+00
9.999999403953552246e-01
1.000000000000000000e+00
2.058811645611058339e-07
1.063333385786791041e-07
2.062542807834688574e-05
6.081337690366783733e-13
2.631054248981076066e-14
9.374711007481550951e-10
4.167224869513473648e-37
2.585958030872078115e-25
3.400325520868246930e-25
6.883739485895662620e-17
1.000000000000000000e+00
9.999998807907104492e-01
9.999999403953552246e-01
1.534291004645638168e-05
1.425065647708834149e-06
2.234977910120505840e-05
2.050154108701462974e-07
6.160860016590774535e-12
9.815758872377955413e-09
4.923386946849501230e-17
1.406558432958315494e-14
7.058358587444422812e-25
2.089652929859742159e-11
1.000000000000000000e+00
9.999998807907104492e-01
1.000000000000000000e+00
8.413326577283442020e-05
1.957261156348977238e-05
4.687003820436075330e-05
6.958019298508588690e-07
3.728870433405973017e-05
1.729717041598632932e-05
3.581476695074803374e-12
8.328647993494087132e-08
5.626470083370804787e-04
4.217296664137393236e-04
1.000000119209289551e+00
9.999998807907104492e-01
1.000000000000000000e+00
2.631504503369797021e-05
3.859860044030938298e-06
5.638140464725438505e-06
5.791785895326029276e-08
9.701871931611094624e-06
1.130942678173596505e-06
4.009580428093739712e-12
2.233746299040717531e-09
1.609829602955414884e-08
5.171171268969487755e-10
1.000000000000000000e+00
1.000000000000000000e+00
9.999999403953552246e-01
2.436891918478067964e-06
2.684918172235484235e-06
2.196889545302838087e-05
6.335690017067463486e-08
1.291140506509691477e-06
7.644557626917958260e-05
2.003636109293438494e-05
1.096011374102090485e-06
1.244333945214748383e-02
3.997102382413686428e-08
9.999999403953552246e-01
1.000000000000000000e+00
1.000000119209289551e+00
1.778220030246302485e-05
9.554917596688028425e-06
7.725210161879658699e-05
5.321976459526922554e-08
5.993294962536310777e-06
1.000693719834089279e-02
6.086685881018638611e-02
1.085668013822704836e-13
4.597445726394653320e-01
3.336492180824279785e-02
1.000000000000000000e+00
1.000000000000000000e+00
9.999999403953552246e-01
1.314388191531179473e-05
1.661230817262548953e-05
5.621404852718114853e-05
3.162690802582801552e-07
2.982806108775548637e-05
5.375404376536607742e-03
9.314476847648620605e-01
6.356829559267529461e-12
6.608111391415150138e-08
6.544132484123110771e-04
1.000000000000000000e+00
1.000000000000000000e+00
1.000000000000000000e+00
1.571163375047035515e-05
2.518343308111070655e-06
1.400908240611897781e-05
5.647152789833853603e-08
2.015785049991336564e-08
2.543909242376685143e-03
4.647620244213612750e-06
7.580604546864044835e-12
1.871024096544715576e-06
1.036527450196444988e-03
9.999999403953552246e-01
9.999996423721313477e-01
9.999921321868896484e-01
2.413030415482353419e-06
8.843602699926123023e-06
2.376134361838921905e-04
1.783932239050045609e-04
4.252847247698809952e-07
4.491953404794912785e-06
1.304419261640623349e-18
4.319650540041131137e-12
7.445354981427954044e-07
2.369973663007840514e-05
9.999999403953552246e-01
9.999985098838806152e-01
9.999926090240478516e-01
1.867915671027731150e-05
4.573012120090425014e-05
8.045297727221623063e-05
5.322921197148389183e-07
5.361885087040718645e-06
3.959071818826487288e-06
1.227813163640067984e-11
6.963899323864097823e-08
3.174324752762913704e-03
3.612545784562826157e-03
9.999982118606567383e-01
9.999972581863403320e-01
9.999725818634033203e-01
1.472775911679491401e-04
1.769945520209148526e-04
7.033844012767076492e-04
2.289567783009260893e-04
1.489026704803109169e-03
6.226555342436768115e-06
3.396263491595163941e-05
8.771245484240353107e-05
4.546214768197387457e-06
9.057038141691009514e-07
1.000000000000000000e+00
9.999991059303283691e-01
9.999876618385314941e-01
4.562783942674286664e-06
7.412877039314480498e-06
5.796365076093934476e-05
1.205088096867257264e-06
1.733305165544152260e-03
3.266340399932232685e-06
1.567735385954449612e-09
1.608069287613034248e-03
7.306999526917934418e-03
3.016519127413630486e-03
9.999999403953552246e-01
9.999998807907104492e-01
9.999983906745910645e-01
1.874817371572135016e-06
1.067588891601189971e-05
2.051359842880629003e-05
3.125802322756499052e-06
1.347883641719818115e-01
4.995145445718662813e-06
1.046265197146567516e-06
7.414311170578002930e-02
6.785392542951740324e-06
2.881985565181821585e-04
9.999998807907104492e-01
9.999995231628417969e-01
9.999926686286926270e-01
5.502372005139477551e-06
1.569282176205888391e-05
6.033397221472114325e-05
5.987218969494279008e-07
2.044167369604110718e-02
1.668250479269772768e-05
3.924410702893510461e-05
3.623347455405934170e-11
2.308365510543808341e-04
3.688468830659985542e-03
9.999999403953552246e-01
9.999995231628417969e-01
9.999962449073791504e-01
2.428732159387436695e-06
1.642261122469790280e-05
2.985257196996826679e-05
1.204845975735224783e-04
5.158300045877695084e-04
3.610881776694441214e-06
1.114810766011942178e-05
1.149289996504876399e-08
1.304241013713181019e-03
4.864380753133445978e-05
1.000000000000000000e+00
9.999994635581970215e-01
9.999946951866149902e-01
9.200988984048308339e-07
6.658780421275878325e-06
1.874759072961751372e-05
1.975432951439870521e-06
6.518839654745534062e-07
4.664684638555627316e-08
7.640838362021895591e-08
4.839376011034346448e-09
1.517232656478881836e-01
9.350541176900151186e-07
1.000000000000000000e+00
1.000000119209289551e+00
9.999999403953552246e-01
1.597318721735518920e-08
1.784266245863364020e-08
1.037691504279791843e-06
4.595454811351373792e-05
1.044232585058375851e-13
2.104766083643738739e-10
6.303040492533027185e-42
7.617314514278774221e-34
3.655085306564602319e-18
2.772382543263403332e-14
1.000000000000000000e+00
9.999998807907104492e-01
9.999992847442626953e-01
2.626270543260034174e-06
1.758421717568126041e-06
7.727833690296392888e-06
1.022630167426541448e-04
9.843790138575059245e-08
6.237169714040646795e-07
2.077040062919904336e-29
2.572978217134572193e-17
1.507677222458541596e-21
2.220293053924215273e-16
1.000000119209289551e+00
9.999997615814208984e-01
9.999994635581970215e-01
5.807449952044407837e-07
1.980451997951604426e-06
1.287444865738507360e-05
1.304637407884001732e-04
7.399196420010412112e-07
5.903437183540916067e-10
1.495032779268032977e-23
5.896615118926307186e-13
5.667016335364483126e-14
1.960595483977301684e-14
1.000000000000000000e+00
9.999999403953552246e-01
9.999996423721313477e-01
9.695347102933737915e-08
5.087009071758075152e-07
5.638947641273261979e-06
4.949797585140913725e-05
3.465492781629109231e-09
4.942006359698325468e-09
5.828196663060225546e-06
2.502816962078213692e-03
2.817104605146170115e-10
2.850011924238060601e-07
9.999998211860656738e-01
9.999996423721313477e-01
9.999981522560119629e-01
2.858984316844725981e-06
1.028669430525042117e-05
1.725108159007504582e-04
8.375226170755922794e-04
2.774858730845153332e-04
2.463156306475866586e-06
2.866790443658828735e-02
1.478543655035664296e-17
5.360929122844027006e-08
3.894162716733262641e-07
1.000000000000000000e+00
1.000000000000000000e+00
9.999994039535522461e-01
7.110863293746660929e-07
1.016889882521354593e-06
5.725896699004806578e-06
6.005077739246189594e-05
6.093103820603573695e-06
5.289700899524518718e-10
3.716633614203601610e-07
1.098009561743119070e-21
6.015436900767140438e-14
1.255909113685726997e-12
1.000000000000000000e+00
9.999998211860656738e-01
9.999985098838806152e-01
1.426893413736252114e-05
1.586276630405336618e-05
1.667609649302903563e-05
8.454306225758045912e-05
1.188952367670026433e-07
9.263332467526197433e-04
3.822520772134296863e-11
4.112727940082550049e-03
1.492979256390893072e-14
1.203889904433097513e-10
1.000000000000000000e+00
9.999998211860656738e-01
9.999989271163940430e-01
1.472984786232700571e-05
1.876594978966750205e-05
1.259093824046431109e-05
2.663164341356605291e-04
8.877730550693740952e-08
2.281919098123807998e-09
3.526035800144322607e-13
3.614730303524993360e-06
3.600251545776700368e-07
1.470355215360541479e-08
1.000000000000000000e+00
9.999999403953552246e-01
9.999989867210388184e-01
2.760403731372207403e-06
3.713911428349092603e-05
1.849984073487576097e-05
1.833332644309848547e-04
6.435335819787724176e-08
1.657318549064257240e-08
1.299886389460880309e-05
6.294594845357437407e-10
1.219931600182633247e-09
1.670400529008020385e-08
1.000000000000000000e+00
9.999998211860656738e-01
9.999983906745910645e-01
3.749733650693087839e-06
2.552005526013090275e-06
1.146486101788468659e-05
1.733135286485776305e-04
7.764033682633453282e-08
8.426370712300013111e-10
4.866953418058983516e-07
1.580012488032467299e-12
9.443013211651862804e-12
1.972984969844659986e-10
1.000000000000000000e+00
9.999998211860656738e-01
9.999983906745910645e-01
1.172958127426682040e-05
4.178197195869870484e-05
7.383753109024837613e-05
1.280641648918390274e-03
1.086370460257057857e-07
2.478623706281268824e-08
3.562306665116921067e-05
1.860164799971641969e-11
4.739433379086221976e-08
2.344204119708592771e-07
1.000000119209289551e+00
9.999998211860656738e-01
9.999994635581970215e-01
3.158337494824081659e-05
1.030016937875188887e-05
7.123751129256561399e-05
1.298002316616475582e-04
7.306810402951668948e-06
1.357362044984711247e-08
4.022826033178716898e-06
4.929916717910654000e-12
2.380320893280440941e-06
4.307345079723745584e-06
9.999998211860656738e-01
9.999998807907104492e-01
9.999992251396179199e-01
4.555218310997588560e-06
2.130742177541833371e-05
7.247720350278541446e-05
7.397182343993335962e-05
1.539249183224455919e-06
1.148965908214449883e-03
4.743902493054008573e-10
1.698204187050578184e-06
1.199252665173844434e-06
2.542539334626781056e-08
9.999999403953552246e-01
1.000000119209289551e+00
9.999992251396179199e-01
2.327110905753215775e-06
9.307163963967468590e-06
7.103652751538902521e-05
6.107917870394885540e-04
5.975522299195290543e-08
3.393762162886559963e-04
6.857218593358993530e-02
2.107017935486510396e-04
5.597524046897888184e-01
9.838293194770812988e-01
1.000000000000000000e+00
1.000000000000000000e+00
9.999988675117492676e-01
2.852488705684663728e-06
9.646107173466589302e-06
5.017876901547424495e-05
5.885585560463368893e-04
2.152128217858262360e-07
1.227477923748665489e-07
5.529000610113143921e-02
1.981701911943356542e-12
1.027111579787742812e-06
2.939888238906860352e-01
9.999999403953552246e-01
9.999999403953552246e-01
9.999990463256835938e-01
2.821251655404921621e-06
2.507253884687088430e-05
9.558087913319468498e-05
7.910319836810231209e-04
6.376725195877952501e-06
3.572115092538297176e-04
1.707961969077587128e-02
3.830592787412712141e-11
7.115528205758892000e-06
4.674670752137899399e-03
1.000000000000000000e+00
9.999998807907104492e-01
9.999991059303283691e-01
3.580659495128202252e-06
1.094955223379656672e-05
5.394430263550020754e-05
4.304828762542456388e-04
7.649127553577272920e-08
1.515964977443218231e-03
7.223947322927415371e-04
1.492752796372620594e-11
1.109975528379436582e-06
4.221958818106941180e-07
1.000000000000000000e+00
9.999998211860656738e-01
9.999997019767761230e-01
1.327310769738687668e-06
6.347401267703389749e-06
1.903421798488125205e-05
2.678925520740449429e-04
9.993262892749044113e-07
7.555836134542914806e-08
4.601991804520366713e-06
4.541784524917602539e-02
3.283512910456920508e-07
9.851629329205024987e-06
9.999999403953552246e-01
9.999998211860656738e-01
9.999989271163940430e-01
3.207333975296933204e-06
9.058700015884824097e-06
2.256896186736412346e-05
4.480908391997218132e-04
1.566315404488705099e-06
4.162499863014090806e-06
9.724846313474699855e-05
5.999901964148790512e-12
1.104236798710189760e-05
8.061511834966950119e-06
1.000000119209289551e+00
9.999998807907104492e-01
9.999994635581970215e-01
6.086596044951875228e-07
4.028704552183626220e-06
1.076318949344567955e-05
2.594583493191748857e-04
2.469897140144894365e-07
3.160274673064122908e-07
7.093115428347118723e-09
1.396596033265140591e-10
2.018665149807929993e-02
1.051889921654947102e-05
1.000000000000000000e+00
1.000000000000000000e+00
9.999994635581970215e-01
7.228081244647910353e-08
3.975763434027612675e-07
1.107215553020068910e-06
4.287476258468814194e-05
2.260558129574263830e-10
5.690025672855369976e-10
2.441001845099322054e-09
1.349149624729761854e-05
1.617631096451077610e-05
2.014012716244906187e-04
1.000000119209289551e+00
1.000000119209289551e+00
9.999991059303283691e-01
1.628076461201999336e-06
2.587370545370504260e-06
1.901547875604592264e-05
3.095674328505992889e-04
2.123846343238255940e-06
5.398733264883048832e-07
2.782105468213558197e-03
2.558722533285617828e-02
1.246105181053280830e-03
7.943177595734596252e-03
1.000000000000000000e+00
9.999998807907104492e-01
9.999994635581970215e-01
7.788191851432202384e-07
6.091539489716524258e-06
8.526904821337666363e-06
1.703467278275638819e-04
3.687897276449803030e-08
3.353608946099484456e-08
2.105004881514105364e-07
1.913854212034493685e-04
5.113427760079503059e-04
1.216477994603337720e-05
1.000000119209289551e+00
9.999998211860656738e-01
9.999982118606567383e-01
4.193749191472306848e-06
5.946422788838390261e-06
2.929672155005391687e-05
4.266995238140225410e-04
1.438203867110132705e-06
1.266453864445793442e-06
1.607853546738624573e-02
1.420076787471771240e-01
5.683388135113709438e-11
1.619585156440734863e-01
1.000000000000000000e+00
9.999998211860656738e-01
9.999985694885253906e-01
5.201852218306157738e-06
1.447957220079842955e-05
2.923205829574726522e-05
4.578695225063711405e-04
1.750430328684160486e-06
1.853260248899459839e-01
3.641167713794857264e-04
4.355305433273315430e-02
1.279693573330575873e-10
1.966760260984301567e-03
9.999999403953552246e-01
9.999997615814208984e-01
9.999976158142089844e-01
3.267076181145966984e-06
2.243191920570097864e-05
8.871432510204613209e-05
7.994255283847451210e-04
7.721904466961859725e-07
2.875554859638214111e-01
2.930456399917602539e-01
4.916273057460784912e-02
1.582928677024142416e-09
1.566936261951923370e-03
