6.599705144762992859e-01
7.350631607159112679e-01
5.501320962983020646e-01
5.750582842276273920e-01
5.198864291285014705e-01
2.321150964744447265e-01
3.417287795902946290e-01
5.215635220788849002e-01
4.885777308400764962e-01
5.048672262049736653e-02
1.995627055842375541e-01
5.114487380577394937e-01
5.364201265261866469e-01
5.295960771349760288e-01
1.561324317299295217e-01
4.723346808711469946e-01
5.335595296816720845e-01
1.618324010341893882e-01
5.804430021179052268e-01
5.592486046550150247e-01
4.693172442314859638e-01
8.330627351282461623e-02
1.613275602811392317e-01
3.558279793897571874e-01
6.846511402668861157e-01
5.685934373088037397e-01
6.661804501826946723e-01
5.804956337580313708e-01
8.314829377027658230e-01
5.035340332354351078e-01
6.813458957924292125e-01
6.246345759584353008e-01
6.897587824899417130e-01
5.098984958808592260e-01
7.242176601519951795e-01
6.537456079744375925e-01
5.680392705477200765e-01
5.404632326792404573e-01
7.049322800370506625e-01
6.496545353886455931e-01
4.888147502788342535e-01
5.775585117114014899e-01
5.987755111194789093e-01
6.575922116798420536e-01
4.755711686528225624e-01
5.524045201287103302e-01
4.603881764901766038e-01
6.944831758648013498e-01
8.814621453101818549e-01
6.935305285912293227e-01
4.739122859410389577e-01
6.435487018181726970e-01
8.095793815759512180e-01
7.782813081374535535e-01
4.738684637487215467e-01
6.652535111285172720e-01
6.396257097904498590e-01
8.312616302416875325e-01
8.393837305215688938e-01
4.705130734776398205e-01
8.217201438875725295e-01
9.300520511773916477e-01
8.698998231154221328e-01
4.705366538819112376e-01
8.200767796773177354e-01
6.444467082619667053e-01
8.272074036873303671e-01
5.147631441147425546e-01
5.961965631980162827e-01
5.425128585014206140e-01
8.285966240442715902e-01
4.992304583821873809e-01
7.624113055375906223e-01
4.465662882878230211e-01
6.476595138127987372e-01
4.747241227371257755e-01
4.793983340882382871e-01
3.176450590066169921e-01
4.993145300356444105e-01
4.831645702786492858e-01
3.948173376606624041e-01
9.023039203423720567e-01
6.485152760377297376e-01
4.741861787681227458e-01
6.874607069274554227e-01
8.502483049837442630e-01
8.466892884327814617e-01
6.342944399668619671e-01
4.715773382861855878e-01
7.475795906323653428e-01
9.142532256933358914e-01
7.817778243468358479e-01
3.231000125702027104e-01
8.171405104490426785e-01
7.541571557521820068e-01
5.693137852092780005e-01
4.651572966129326470e-01
4.063625916803367821e-01
7.011585719883441925e-01
8.000290256280165879e-01
6.303125000916994791e-01
