4.088237583637237549e-01
3.776509463787078857e-01
2.065961360931396484e-01
5.665918588638305664e-01
3.969906568527221680e-01
6.421278715133666992e-01
7.997290790081024170e-02
4.104887545108795166e-01
6.317015290260314941e-01
3.984737694263458252e-01
4.407655000686645508e-01
2.701845169067382812e-01
6.157115101814270020e-01
4.649918079376220703e-01
7.172722220420837402e-01
3.467334061861038208e-02
2.486484125256538391e-02
4.384003877639770508e-01
2.814353704452514648e-01
1.946545839309692383e-01
2.068232893943786621e-01
2.269764244556427002e-01
4.399054050445556641e-01
1.182872802019119263e-01
2.959319055080413818e-01
3.095170715823769569e-03
2.264493554830551147e-01
4.431888163089752197e-01
8.743905276060104370e-02
5.978184342384338379e-01
2.969140419736504555e-03
2.105639576911926270e-01
1.528602242469787598e-01
9.360725432634353638e-02
4.117158800363540649e-02
5.897064208984375000e-01
6.063563823699951172e-01
6.219415068626403809e-01
9.923782944679260254e-02
1.930314302444458008e-01
5.331118106842041016e-01
7.842674851417541504e-01
3.465417027473449707e-01
5.982849597930908203e-01
2.046570777893066406e-01
2.420774288475513458e-02
4.935231804847717285e-01
2.240547388792037964e-01
5.927920714020729065e-02
2.308126837015151978e-01
4.243855774402618408e-01
6.106569170951843262e-01
7.491510510444641113e-01
2.969574555754661560e-02
6.977170705795288086e-01
6.690366268157958984e-01
5.830601453781127930e-01
4.239762127399444580e-01
7.487025260925292969e-01
1.775808259844779968e-02
2.911999225616455078e-01
6.153779625892639160e-01
7.909658551216125488e-02
1.440368313342332840e-02
5.278222262859344482e-02
5.257714390754699707e-01
7.990711927413940430e-01
4.015287384390830994e-02
1.380871683359146118e-01
1.914249807596206665e-01
5.299939513206481934e-01
5.926060080528259277e-01
3.996591269969940186e-01
3.941755890846252441e-01
5.963787436485290527e-01
3.980196118354797363e-01
5.975696444511413574e-01
5.929322242736816406e-01
2.523138746619224548e-02
3.406282961368560791e-01
4.587750434875488281e-01
2.256384938955307007e-01
2.193609327077865601e-01
5.281681418418884277e-01
6.548097729682922363e-01
4.157017469406127930e-01
7.885340452194213867e-01
1.357351243495941162e-01
2.115776687860488892e-01
2.263884842395782471e-01
4.957114160060882568e-02
1.995616108179092407e-01
1.741775721311569214e-01
3.644981980323791504e-01
2.015713155269622803e-01
1.069589704275131226e-01
4.226371943950653076e-01
6.514674425125122070e-01
2.801545560359954834e-01
5.964093804359436035e-01
7.430812120437622070e-01
6.656426936388015747e-03
5.957056879997253418e-01
1.534962952136993408e-01
4.496190845966339111e-01
3.327575922012329102e-01
2.802325487136840820e-01
1.101209893822669983e-01
3.835755884647369385e-01
4.131630808115005493e-02
3.457349538803100586e-01
4.767782092094421387e-01
6.313977837562561035e-01
7.918942570686340332e-01
3.928243219852447510e-01
6.769540160894393921e-02
4.064176380634307861e-01
2.379186451435089111e-01
6.182022094726562500e-01
2.764793932437896729e-01
2.551009953022003174e-01
1.567746996879577637e-01
2.320165485143661499e-01
2.117541134357452393e-01
8.154124021530151367e-02
2.773803770542144775e-01
6.231182217597961426e-01
9.797040820121765137e-01
3.870189189910888672e-01
2.634935639798641205e-02
4.125437736511230469e-01
3.979774713516235352e-01
4.569865465164184570e-01
4.340304434299468994e-01
5.773637294769287109e-01
4.980687499046325684e-01
2.337162643671035767e-01
2.714795060455799103e-02
5.251818150281906128e-02
1.897048950195312500e-01
7.160958051681518555e-01
7.905318140983581543e-01
5.807521343231201172e-01
2.239081822335720062e-02
4.026310443878173828e-01
2.417587190866470337e-01
4.006980657577514648e-01
9.105013310909271240e-02
1.620020531117916107e-02
5.697584152221679688e-01
6.551321595907211304e-02
2.918651700019836426e-01
3.363036364316940308e-02
2.671689689159393311e-01
1.300394833087921143e-01
7.934554815292358398e-01
5.774278640747070312e-01
2.129708677530288696e-01
2.059139013290405273e-01
2.540631890296936035e-01
2.986113354563713074e-02
2.171750217676162720e-01
3.571094274520874023e-01
4.505939781665802002e-01
4.805474281311035156e-01
6.861875206232070923e-02
5.425823926925659180e-01
3.172606825828552246e-01
2.777636051177978516e-01
4.078941345214843750e-01
7.892494201660156250e-01
2.228034660220146179e-02
4.016216993331909180e-01
2.347424924373626709e-01
7.679441571235656738e-01
2.277036756277084351e-01
2.045320570468902588e-01
2.305365800857543945e-01
6.144769787788391113e-01
6.579827070236206055e-01
2.632454335689544678e-01
6.990802288055419922e-01
3.714478909969329834e-01
9.770680665969848633e-01
3.867441415786743164e-01
3.877198696136474609e-01
1.070775240659713745e-01
2.163204848766326904e-01
4.734420180320739746e-01
4.002499580383300781e-02
9.840045124292373657e-03
2.277657687664031982e-01
4.253262579441070557e-01
6.577543020248413086e-01
2.041638940572738647e-01
5.960836410522460938e-01
4.252266585826873779e-01
8.284753561019897461e-01
3.876625299453735352e-01
4.050695896148681641e-01
4.034605026245117188e-01
4.258961603045463562e-02
6.003736853599548340e-01
2.428952008485794067e-01
5.693270564079284668e-01
4.957068562507629395e-01
8.082123994827270508e-01
2.700347006320953369e-01
1.621321439743041992e-01
5.949382781982421875e-01
4.043520689010620117e-01
4.152678251266479492e-01
5.712316036224365234e-01
2.060840725898742676e-01
5.985223054885864258e-01
3.725084364414215088e-01
4.123559594154357910e-01
4.339320063591003418e-01
2.141464352607727051e-01
1.015153005719184875e-01
5.121465325355529785e-01
4.077950716018676758e-01
4.087068513035774231e-02
3.981270492076873779e-01
5.648092627525329590e-01
