9.810847043991088867e-01
9.638342261314392090e-01
9.642226696014404297e-01
9.819848537445068359e-01
9.898428320884704590e-01
9.924008250236511230e-01
9.906945824623107910e-01
9.788663387298583984e-01
9.859546422958374023e-01
9.689179658889770508e-01
9.820227026939392090e-01
9.766605496406555176e-01
9.861954450607299805e-01
9.840704798698425293e-01
9.958321452140808105e-01
9.379632472991943359e-01
9.867460131645202637e-01
9.979353547096252441e-01
9.842664599418640137e-01
9.945626854896545410e-01
9.892818331718444824e-01
9.894344806671142578e-01
9.970186948776245117e-01
9.938380122184753418e-01
9.957280158996582031e-01
9.885606169700622559e-01
9.932314753532409668e-01
9.971119761466979980e-01
9.944577813148498535e-01
9.600855708122253418e-01
9.910385608673095703e-01
9.782114028930664062e-01
9.921276569366455078e-01
9.882621765136718750e-01
9.925180673599243164e-01
9.734126925468444824e-01
9.883336424827575684e-01
9.938876628875732422e-01
9.952928423881530762e-01
9.732822775840759277e-01
9.886328577995300293e-01
9.948511123657226562e-01
9.955481886863708496e-01
9.834526777267456055e-01
9.695033431053161621e-01
9.842591881752014160e-01
9.894974231719970703e-01
9.958773255348205566e-01
9.891008734703063965e-01
9.813179373741149902e-01
9.650514721870422363e-01
9.641790390014648438e-01
9.846110343933105469e-01
9.726333618164062500e-01
9.835349917411804199e-01
9.801803827285766602e-01
9.940053224563598633e-01
9.987139701843261719e-01
9.862322807312011719e-01
9.838271141052246094e-01
9.962414503097534180e-01
9.971752762794494629e-01
9.992033839225769043e-01
9.162114262580871582e-01
9.881079792976379395e-01
9.947687387466430664e-01
9.986089468002319336e-01
9.656789898872375488e-01
9.960798025131225586e-01
9.947759509086608887e-01
9.929631352424621582e-01
9.908973574638366699e-01
9.907673001289367676e-01
9.879820346832275391e-01
9.863654971122741699e-01
9.790990352630615234e-01
9.915519952774047852e-01
9.887775182723999023e-01
9.602131247520446777e-01
9.614216685295104980e-01
9.936251640319824219e-01
9.853772521018981934e-01
9.901384115219116211e-01
9.836713075637817383e-01
9.836634993553161621e-01
9.894516468048095703e-01
9.805520176887512207e-01
9.843927621841430664e-01
9.826603531837463379e-01
9.422199130058288574e-01
9.874016046524047852e-01
9.745925664901733398e-01
9.927850961685180664e-01
9.916219711303710938e-01
9.890637993812561035e-01
9.798912405967712402e-01
9.990193247795104980e-01
9.953402876853942871e-01
9.991285204887390137e-01
9.838926792144775391e-01
9.689525365829467773e-01
9.677997231483459473e-01
9.784783124923706055e-01
9.926056265830993652e-01
9.936362504959106445e-01
9.797734022140502930e-01
9.903718233108520508e-01
9.938287138938903809e-01
9.889435172080993652e-01
9.817243814468383789e-01
9.902556538581848145e-01
9.890580773353576660e-01
9.868794679641723633e-01
9.832572340965270996e-01
9.664598107337951660e-01
9.659287929534912109e-01
9.764305949211120605e-01
9.963521361351013184e-01
9.949051141738891602e-01
9.981685876846313477e-01
9.953350424766540527e-01
9.917858242988586426e-01
9.815990924835205078e-01
9.685049057006835938e-01
9.920726418495178223e-01
9.879032373428344727e-01
9.981400370597839355e-01
9.787033200263977051e-01
9.607299566268920898e-01
9.604771137237548828e-01
9.908353686332702637e-01
9.948071241378784180e-01
9.945739507675170898e-01
9.970305562019348145e-01
9.883594512939453125e-01
9.931945204734802246e-01
9.976474046707153320e-01
9.897574186325073242e-01
9.914489984512329102e-01
9.926189780235290527e-01
9.984371662139892578e-01
9.767636060714721680e-01
9.550322890281677246e-01
9.529080390930175781e-01
9.794043898582458496e-01
9.905117750167846680e-01
9.928320646286010742e-01
9.944151043891906738e-01
9.730783700942993164e-01
9.855591058731079102e-01
9.965383410453796387e-01
9.790284633636474609e-01
9.785255789756774902e-01
9.919218420982360840e-01
9.989482164382934570e-01
9.809660315513610840e-01
9.633851051330566406e-01
9.594871997833251953e-01
9.648756980895996094e-01
9.916285872459411621e-01
9.941880702972412109e-01
9.967816472053527832e-01
9.420663118362426758e-01
9.880020022392272949e-01
9.935241341590881348e-01
9.755549430847167969e-01
9.776756167411804199e-01
9.886017441749572754e-01
9.905597567558288574e-01
9.797536134719848633e-01
9.612311124801635742e-01
9.625144004821777344e-01
9.845710396766662598e-01
9.926642775535583496e-01
9.899284839630126953e-01
9.861940145492553711e-01
9.828212857246398926e-01
9.799202680587768555e-01
9.740805625915527344e-01
9.827954769134521484e-01
9.792919158935546875e-01
9.867727756500244141e-01
9.944633841514587402e-01
9.768027663230895996e-01
9.563997387886047363e-01
9.601424932479858398e-01
9.781020879745483398e-01
9.887100458145141602e-01
9.870531558990478516e-01
9.918916821479797363e-01
9.731650352478027344e-01
9.746560454368591309e-01
9.733761548995971680e-01
9.935946464538574219e-01
9.739943146705627441e-01
9.804641604423522949e-01
9.987303018569946289e-01
9.746810197830200195e-01
9.508967995643615723e-01
9.501324295997619629e-01
9.515187144279479980e-01
9.831435084342956543e-01
9.878724813461303711e-01
9.966838955879211426e-01
9.603273868560791016e-01
9.816897511482238770e-01
9.790863990783691406e-01
9.923568367958068848e-01
9.613799452781677246e-01
9.928523898124694824e-01
9.974650144577026367e-01
9.787563085556030273e-01
9.589470028877258301e-01
9.542184472084045410e-01
9.650336503982543945e-01
9.847705364227294922e-01
9.894236922264099121e-01
9.975436925888061523e-01
9.682880640029907227e-01
9.875241518020629883e-01
9.872969388961791992e-01
9.727349877357482910e-01
9.714034795761108398e-01
9.895141124725341797e-01
9.839543700218200684e-01
