5.803061127662658691e-01
6.432963609695434570e-01
7.602338790893554688e-01
5.764113664627075195e-01
4.375823438167572021e-01
5.387043952941894531e-01
1.874590963125228882e-01
3.774189651012420654e-01
2.641534805297851562e-01
3.372566401958465576e-01
3.596826493740081787e-01
2.727235201746225357e-03
1.997581422328948975e-01
4.837690591812133789e-01
4.680365324020385742e-01
6.851537036709487438e-04
5.961600982118397951e-05
3.113445341587066650e-01
8.657230436801910400e-02
3.359853755682706833e-03
2.243038639426231384e-02
3.681651055812835693e-01
2.875541448593139648e-01
4.494088292121887207e-01
7.184319198131561279e-03
1.574509544298052788e-03
3.559578955173492432e-01
1.248496174812316895e-01
8.609720505774021149e-03
4.311999678611755371e-01
1.198959574103355408e-01
4.812236726284027100e-01
3.034566938877105713e-01
9.069049358367919922e-02
9.094856679439544678e-03
1.891049444675445557e-01
1.962353289127349854e-01
2.334088832139968872e-01
1.971999406814575195e-01
1.835823804140090942e-01
7.649068254977464676e-03
4.512957632541656494e-01
2.307777404785156250e-01
9.527140259742736816e-01
3.888317048549652100e-01
3.892572224140167236e-01
4.248839914798736572e-01
1.945953667163848877e-01
2.832839787006378174e-01
4.702822864055633545e-01
1.959449201822280884e-01
3.186377286911010742e-01
5.317345261573791504e-02
2.993512433022260666e-03
1.837610900402069092e-01
2.896910905838012695e-01
3.430941998958587646e-01
3.908410072326660156e-01
5.755546502768993378e-03
1.896749134175479412e-03
1.278082747012376785e-02
3.569706380367279053e-01
6.812092065811157227e-01
5.934554338455200195e-02
1.941281110048294067e-01
1.803005784749984741e-01
3.310896754264831543e-01
3.471307572908699512e-04
2.701161243021488190e-02
1.252679526805877686e-01
1.484458148479461670e-01
4.606244862079620361e-01
1.956839114427566528e-01
1.733274608850479126e-01
7.747516036033630371e-01
5.299499630928039551e-01
1.590818017721176147e-01
3.819531202316284180e-01
5.859589669853448868e-03
1.890125423669815063e-01
1.741620600223541260e-01
1.559045049361884594e-04
2.134082615375518799e-01
2.077502310276031494e-01
4.935512542724609375e-01
7.676436901092529297e-01
7.404562830924987793e-01
7.878574542701244354e-04
3.687054812908172607e-01
3.807135224342346191e-01
2.778150606900453568e-03
5.702876448631286621e-01
3.684594929218292236e-01
1.328857988119125366e-01
2.662758231163024902e-01
6.500124931335449219e-03
6.596012711524963379e-01
1.911250203847885132e-01
5.471707507967948914e-02
1.990774273872375488e-01
1.421140432357788086e-01
3.749226033687591553e-01
3.995795547962188721e-01
4.103061929345130920e-02
5.279441475868225098e-01
3.765732645988464355e-01
3.733611702919006348e-01
6.581739783287048340e-01
2.087254971265792847e-01
6.450199522078037262e-03
2.004214227199554443e-01
3.396948575973510742e-01
1.799607463181018829e-02
7.763644456863403320e-01
5.596691966056823730e-01
2.301113912835717201e-03
6.265106201171875000e-01
4.164236187934875488e-01
2.108067423105239868e-01
1.892442256212234497e-01
7.668873760849237442e-03
4.434949159622192383e-01
6.716494560241699219e-01
5.232655094005167484e-04
1.075867004692554474e-02
3.658433258533477783e-01
1.013014093041419983e-01
3.977021574974060059e-01
3.852256834506988525e-01
3.796574845910072327e-02
2.874228358268737793e-01
2.361001372337341309e-01
2.617160975933074951e-01
4.368045832961797714e-03
3.485211133956909180e-01
2.715469598770141602e-01
1.850115656852722168e-01
3.685747981071472168e-01
3.152069821953773499e-02
1.919803768396377563e-01
1.654608845710754395e-01
7.787302136421203613e-01
2.094542235136032104e-01
8.128813467919826508e-03
2.082782536745071411e-01
1.906363107264041901e-02
5.389897823333740234e-01
5.193663761019706726e-03
4.448652267456054688e-01
1.950023472309112549e-01
1.777310669422149658e-01
2.593789482489228249e-03
3.450455665588378906e-01
7.430323958396911621e-02
2.153541445732116699e-01
3.956464529037475586e-01
2.844707965850830078e-01
5.335975885391235352e-01
3.978852629661560059e-01
2.080908715724945068e-01
5.603495240211486816e-01
1.894368678331375122e-01
4.024760127067565918e-01
3.714993596076965332e-01
5.126560926437377930e-01
1.846377402544021606e-01
6.870732177048921585e-03
2.001507133245468140e-01
1.231958493590354919e-01
7.711551189422607422e-01
3.707689642906188965e-01
2.371662529185414314e-03
6.464456319808959961e-01
5.277444720268249512e-01
3.904294371604919434e-01
1.466039940714836121e-02
1.906581670045852661e-01
2.249080836772918701e-01
3.694095611572265625e-01
4.612528383731842041e-01
1.599956601858139038e-01
3.693737983703613281e-01
7.901387661695480347e-02
3.931303024291992188e-01
3.813341259956359863e-01
1.860125456005334854e-03
3.948810696601867676e-01
2.309918403625488281e-01
5.167903304100036621e-01
2.315507503226399422e-03
2.413278818130493164e-01
1.836549192667007446e-01
6.741040945053100586e-01
1.725555807352066040e-01
7.730235159397125244e-02
3.663296997547149658e-01
5.353596210479736328e-01
4.444409012794494629e-01
5.407373309135437012e-01
1.900025759823620319e-03
3.979000747203826904e-01
2.145796567201614380e-01
3.405609130859375000e-01
3.216464519500732422e-01
2.127236276865005493e-01
1.934428364038467407e-01
3.294829130172729492e-01
7.009583711624145508e-01
1.269072759896516800e-02
3.534992337226867676e-01
2.039828002452850342e-01
5.839062929153442383e-01
7.440887093544006348e-01
3.177939951419830322e-01
7.730729579925537109e-01
2.211681157350540161e-01
3.924077153205871582e-01
3.504467904567718506e-01
7.698155194520950317e-02
3.576612472534179688e-01
2.180753201246261597e-01
5.271497964859008789e-01
1.740093231201171875e-01
1.627630740404129028e-01
1.780253499746322632e-01
