3.714390099048614502e-01
3.811016678810119629e-01
4.949335157871246338e-01
2.697500884532928467e-01
6.917060613632202148e-01
2.651798129081726074e-01
4.666970372200012207e-01
2.320370227098464966e-01
4.214820861816406250e-01
2.958110570907592773e-01
8.594342470169067383e-01
2.253102138638496399e-02
5.785992145538330078e-01
5.459306836128234863e-01
4.233591556549072266e-01
4.358881115913391113e-01
2.543237209320068359e-01
6.246939897537231445e-01
1.726021915674209595e-01
3.753094077110290527e-01
6.611933112144470215e-01
3.558951616287231445e-01
3.842993080615997314e-01
2.262587398290634155e-01
5.202739238739013672e-01
1.063867583870887756e-01
3.794662356376647949e-01
4.523532092571258545e-01
6.276314258575439453e-01
1.453469786792993546e-02
3.464598357677459717e-01
8.665661513805389404e-02
1.242765635251998901e-01
5.728373527526855469e-01
3.856831192970275879e-01
1.764285862445831299e-01
1.268033236265182495e-01
5.915757268667221069e-02
5.608298182487487793e-01
4.188885092735290527e-01
6.761940717697143555e-01
1.177878752350807190e-01
1.335218250751495361e-01
5.410497784614562988e-01
2.546620666980743408e-01
4.741862118244171143e-01
3.360387086868286133e-01
2.773009836673736572e-01
2.111622393131256104e-01
1.514006108045578003e-01
5.282816290855407715e-01
2.368355989456176758e-01
5.450860857963562012e-01
6.106113791465759277e-01
2.173457741737365723e-01
3.936106562614440918e-01
3.316111266613006592e-01
2.171975672245025635e-01
6.958147287368774414e-01
6.396700143814086914e-01
3.808215260505676270e-01
3.170963823795318604e-01
2.366308569908142090e-01
1.031780056655406952e-02
9.926486015319824219e-02
4.077233672142028809e-01
1.995745897293090820e-01
2.654499411582946777e-01
3.862728476524353027e-01
7.296788692474365234e-01
2.391487509012222290e-01
1.988415867090225220e-01
4.941653311252593994e-01
2.388118803501129150e-01
3.371224105358123779e-01
1.903341710567474365e-01
7.565454244613647461e-01
2.865891456604003906e-01
8.876992464065551758e-01
5.142307877540588379e-01
4.163386523723602295e-01
3.361075222492218018e-01
1.057289540767669678e-01
6.263818144798278809e-01
4.590385556221008301e-01
8.198105692863464355e-01
4.065273404121398926e-01
4.593124687671661377e-01
3.037370927631855011e-02
5.197761654853820801e-01
6.386731564998626709e-02
4.899706840515136719e-01
2.191241234540939331e-01
1.956597864627838135e-01
2.889340743422508240e-02
5.788828730583190918e-01
4.796003997325897217e-01
3.390520112589001656e-03
4.027192592620849609e-01
5.864236354827880859e-01
3.911911845207214355e-01
2.613433897495269775e-01
6.876730322837829590e-01
3.285904228687286377e-01
5.448068976402282715e-01
