1.197692938148975372e-02
9.308160543441772461e-01
8.204751461744308472e-02
9.414227008819580078e-01
2.189383953809738159e-01
9.835170507431030273e-01
4.642191231250762939e-01
9.999895095825195312e-01
1.774104535579681396e-01
9.949549436569213867e-01
1.051278319209814072e-02
8.247240185737609863e-01
4.868919551372528076e-01
1.099956966936588287e-02
8.397687077522277832e-01
1.554770208895206451e-02
8.295469284057617188e-01
1.863130331039428711e-01
8.018025755882263184e-01
4.626553952693939209e-01
4.877899773418903351e-03
9.736791253089904785e-01
3.314219117164611816e-01
9.441130161285400391e-01
3.248673081398010254e-01
9.875526428222656250e-01
4.796016812324523926e-01
3.884359002113342285e-01
2.280436642467975616e-02
1.017267350107431412e-03
2.245938777923583984e-02
2.220415975898504257e-03
1.467122286558151245e-01
1.070647761225700378e-01
9.925649762153625488e-01
9.274131655693054199e-01
1.590575650334358215e-02
9.787127375602722168e-01
4.139346480369567871e-01
2.347814291715621948e-01
7.374314069747924805e-01
1.754367649555206299e-01
9.925727844238281250e-01
4.121923744678497314e-01
8.408712148666381836e-01
3.842752575874328613e-01
7.962306961417198181e-03
9.329044222831726074e-01
2.064294219017028809e-01
7.699151039123535156e-01
2.203127890825271606e-01
6.696662306785583496e-01
4.896803796291351318e-01
3.350900486111640930e-02
7.226505279541015625e-01
5.402889102697372437e-02
1.886084079742431641e-01
6.838044524192810059e-02
3.208621963858604431e-02
7.471236400306224823e-03
9.871227741241455078e-01
3.765301406383514404e-01
8.225501775741577148e-01
9.952067136764526367e-01
3.214663267135620117e-01
7.435545325279235840e-03
8.294575214385986328e-01
2.000957727432250977e-01
5.775088071823120117e-01
3.370866775512695312e-01
8.204110860824584961e-01
4.543753862380981445e-01
9.094670414924621582e-03
9.821035861968994141e-01
1.859349310398101807e-01
7.913000583648681641e-01
3.592685610055923462e-02
8.474218845367431641e-01
8.033429384231567383e-01
3.704161196947097778e-02
9.616106748580932617e-01
2.937734872102737427e-02
8.260082006454467773e-01
2.236737459897994995e-01
2.845604717731475830e-01
6.583563983440399170e-03
9.331486225128173828e-01
1.564981192350387573e-01
8.654052019119262695e-01
3.958972170948982239e-02
7.284812927246093750e-01
8.247247897088527679e-03
9.850456714630126953e-01
1.311023719608783722e-02
5.793210268020629883e-01
3.511538803577423096e-01
6.486992239952087402e-01
2.849406301975250244e-01
5.747338756918907166e-03
8.082824349403381348e-01
1.755838096141815186e-01
6.379700899124145508e-01
2.180411666631698608e-02
7.843503355979919434e-01
3.312363326549530029e-01
