5.003279820084571838e-02
9.999253749847412109e-01
6.464887876063585281e-03
5.110080383019521832e-05
1.224333391292020679e-05
8.457168005406856537e-03
1.168465532828122377e-04
2.984970160468947142e-05
3.623614611569792032e-05
1.068341219934154651e-07
5.183288521948270500e-06
3.689416553243063390e-05
8.375580611008626164e-12
2.673847600817680359e-03
9.997697472572326660e-01
9.096203371882438660e-03
7.582509715575724840e-05
2.761284995358437300e-04
4.723548889160156250e-03
1.976528874365612864e-04
1.077799388440325856e-04
5.319728188624139875e-06
2.841044261003844440e-05
9.276815690100193024e-04
5.184388253837823868e-03
1.601568015985321836e-07
8.884046110324561596e-05
7.088924576237332076e-06
9.985580444335937500e-01
8.634673431515693665e-04
2.876790858863387257e-05
1.871201992034912109e-01
2.874103374779224396e-03
1.977188047021627426e-03
8.058123639784753323e-04
2.836461178958415985e-03
1.553168840473517776e-04
4.006263043265789747e-05
5.065693358119460754e-07
4.980211087968200445e-06
2.426581457257270813e-03
9.658836722373962402e-01
6.871228571981191635e-03
1.919608004391193390e-02
9.846666362136602402e-04
5.258392775431275368e-05
6.942783784325001761e-06
3.140239186905091628e-06
2.745300653472781960e-09
1.614783307068989870e-09
6.963166487850003250e-09
3.540822712649589841e-16
2.675322117283940315e-03
1.546534430235624313e-02
4.284998774528503418e-01
6.059956550598144531e-02
1.232256069779396057e-01
3.110504448413848877e-01
1.356956921517848969e-02
5.857912357896566391e-03
1.535074785351753235e-03
3.047309110115747899e-05
1.668244749453151599e-06
1.778368385885187308e-08
2.369694718229453656e-11
1.577229984104633331e-02
1.070165447890758514e-02
9.946454763412475586e-01
2.241370826959609985e-01
2.585291513241827488e-04
8.499568328261375427e-03
6.342509761452674866e-03
7.692083716392517090e-03
2.371627138927578926e-03
9.636945469537749887e-05
2.099762014040607028e-06
2.119912245746036206e-08
3.234586556932761425e-11
2.203821903094649315e-03
5.827799439430236816e-03
9.982976317405700684e-01
1.167433988302946091e-02
4.188594408333301544e-03
1.068686600774526596e-02
1.030540913343429565e-01
1.142442692071199417e-03
1.163229244411922991e-04
1.553663169033825397e-04
3.189779454260133207e-05
1.940113179443869740e-05
2.551859665800293442e-07
5.353556014597415924e-03
8.816997251415159553e-06
9.586951136589050293e-01
5.061256140470504761e-02
5.672454833984375000e-02
4.532866114459466189e-06
1.365812867879867554e-02
1.535705290734767914e-03
1.003865269012749195e-03
5.674476735293865204e-03
1.846043393015861511e-03
4.198481142520904541e-02
3.388200653716921806e-03
2.850734628736972809e-03
4.166780505329370499e-03
2.293362468481063843e-02
1.840248890221118927e-02
1.409463882446289062e-01
6.461410969495773315e-02
9.209631681442260742e-01
2.621210366487503052e-02
1.112801488488912582e-03
3.140454366803169250e-02
5.901619046926498413e-02
1.936492277309298515e-03
6.121190381236374378e-07
2.386265434324741364e-03
8.550687693059444427e-03
9.996550083160400391e-01
3.023329563438892365e-02
3.059520013630390167e-02
4.064822196960449219e-01
5.653110891580581665e-02
3.091860329732298851e-03
7.465381640940904617e-03
1.647567376494407654e-03
2.365096491985241300e-07
1.389528159201347535e-09
8.473180924256640267e-13
4.348418675363063812e-03
1.205101516097784042e-02
9.807224869728088379e-01
1.959084868431091309e-01
1.187338214367628098e-02
1.476754695177078247e-01
4.114388674497604370e-02
3.162893466651439667e-03
9.913328103721141815e-04
2.874135971069335938e-04
2.394740236923098564e-03
1.940989415635113735e-13
3.953658841965692131e-15
1.776957302354276180e-03
3.429164644330739975e-04
1.207661181688308716e-01
6.363449245691299438e-02
3.013120591640472412e-02
5.184673704206943512e-03
5.526236295700073242e-01
3.709449246525764465e-02
5.019468255341053009e-03
4.646532470360398293e-04
2.033977769315242767e-02
1.414073994965292513e-05
3.750937006743310098e-14
1.809504115954041481e-03
5.019522737711668015e-03
8.749885857105255127e-02
1.870029419660568237e-02
6.453971727751195431e-04
3.325212895870208740e-01
1.078973710536956787e-01
4.458154086023569107e-03
3.404805902391672134e-03
9.769073221832513809e-04
3.597195027396082878e-04
2.336067555006593466e-04
1.139979531217250042e-06
7.015216350555419922e-01
9.790070652961730957e-01
2.151500619947910309e-02
2.404367987764999270e-04
2.639359154272824526e-04
4.715759307146072388e-02
6.826744647696614265e-04
3.274267510278150439e-05
2.530321808080771007e-06
7.621161639690399170e-04
8.573859231546521187e-04
4.524846561253070831e-03
2.604653673188295215e-06
8.339239358901977539e-01
5.921925767324864864e-04
6.271213293075561523e-02
9.192920988425612450e-04
1.425434311386197805e-05
2.219147048890590668e-03
5.215765486354939640e-05
2.041532297880621627e-06
1.477198020438663661e-05
2.650738679221831262e-06
2.187391146435402334e-06
6.382864376064389944e-05
9.433601633190846769e-08
9.741793274879455566e-01
5.091333719065005425e-07
9.901087284088134766e-01
2.578417770564556122e-04
2.572647645138204098e-05
5.755212306976318359e-01
1.591765135526657104e-02
3.968656063079833984e-03
1.336683519184589386e-03
2.515479177236557007e-02
2.538828121032565832e-04
1.191644842037931085e-04
7.155379648793314118e-07
8.047651499509811401e-02
4.471089341677725315e-04
8.276523351669311523e-01
7.082487642765045166e-02
1.975676605070475489e-05
2.270443073939532042e-04
3.559893002602620982e-06
1.067982680069690105e-07
1.909390645593589397e-09
8.440306555712595582e-05
8.940131374401971698e-05
3.649993799626827240e-03
1.232619069924112409e-06
9.888098239898681641e-01
7.020778954029083252e-02
1.471965014934539795e-02
6.186433508992195129e-02
6.256154775619506836e-01
1.611230075359344482e-01
7.255516201257705688e-02
5.794853437691926956e-03
1.653018989600241184e-03
1.019426999846473336e-04
4.581194298225454986e-05
9.105369827011600137e-07
9.519921739808978600e-09
9.873658418655395508e-01
1.798035809770226479e-03
6.867971271276473999e-02
9.961190819740295410e-01
1.586689651012420654e-01
7.473107893019914627e-03
4.627640545368194580e-01
3.752407850697636604e-03
1.011360727716237307e-04
1.845067925751209259e-02
7.189177558757364750e-04
7.460176129825413227e-05
4.788546448253327981e-06
7.957569956779479980e-01
1.827098894864320755e-03
9.887131452560424805e-01
4.500526934862136841e-02
7.431839476339519024e-04
1.120125316083431244e-02
5.104590207338333130e-03
5.759582272730767727e-04
9.839948266744613647e-02
1.812552800402045250e-03
1.497709425166249275e-03
5.602344404906034470e-03
3.369334619492292404e-03
9.883204698562622070e-01
5.300979595631361008e-03
1.152671407908201218e-02
9.905412793159484863e-01
1.214122027158737183e-02
4.348128568381071091e-03
8.953599333763122559e-01
5.470332875847816467e-02
3.883464960381388664e-03
3.890113234519958496e-01
8.109282702207565308e-03
1.158083672635257244e-03
1.914434687932953238e-05
9.826868176460266113e-01
9.167902171611785889e-02
1.296393424272537231e-01
3.154936805367469788e-02
6.079779863357543945e-01
3.620182275772094727e-01
8.530932068824768066e-01
4.833755269646644592e-02
7.833125069737434387e-03
2.528157318010926247e-03
3.280404052929952741e-05
1.068041939333852497e-07
1.875136851348102596e-11
9.869524836540222168e-01
4.584129154682159424e-02
3.607077896595001221e-02
2.828612364828586578e-02
2.184245921671390533e-02
2.529870346188545227e-02
4.811115562915802002e-01
3.734428435564041138e-02
1.162769971415400505e-03
8.759342017583549023e-04
2.971445918083190918e-01
4.755163623970659614e-11
2.541856936250693616e-14
9.442669153213500977e-01
1.992758363485336304e-02
1.445236802101135254e-02
5.035240650177001953e-01
1.707373857498168945e-01
5.378189682960510254e-01
7.142771482467651367e-01
5.412435159087181091e-02
4.968454129993915558e-03
2.893435885198414326e-04
7.600584030151367188e-01
1.032003667205572128e-02
3.285257807982000511e-13
9.859248995780944824e-01
3.979464992880821228e-03
1.854193396866321564e-02
4.086408019065856934e-02
1.481275558471679688e-01
2.084883898496627808e-01
7.687619924545288086e-01
3.882283344864845276e-02
4.417483229190111160e-03
6.296947249211370945e-04
1.133252456784248352e-01
1.576888607814908028e-03
5.069629696663469076e-05
9.393426775932312012e-02
1.936162589117884636e-04
1.420303434133529663e-01
3.939330577850341797e-02
2.348941937088966370e-02
1.031476305797696114e-03
5.884710699319839478e-02
5.137353204190731049e-03
1.013425411656498909e-03
2.121787518262863159e-03
6.129660323495045304e-05
4.929239366902038455e-06
1.346226213172485586e-06
3.347714617848396301e-02
3.865911625325679779e-03
6.802344322204589844e-02
4.177566245198249817e-02
1.488714478909969330e-03
9.846351742744445801e-01
1.539763528853654861e-02
1.306231692433357239e-02
4.625910660251975060e-04
6.549745202064514160e-01
3.272478282451629639e-02
3.879702650010585785e-03
9.403601870872080326e-04
9.911289215087890625e-01
7.226114394143223763e-04
6.039248108863830566e-01
6.364319473505020142e-02
6.701926031382754445e-05
1.912314095534384251e-03
1.314146502409130335e-04
1.595072171767242253e-05
3.769507017636897217e-08
8.182475343346595764e-03
3.897479502484202385e-03
8.607455529272556305e-03
8.861329988576471806e-04
9.840313196182250977e-01
9.245957136154174805e-01
9.534522891044616699e-03
8.560873270034790039e-01
2.144776135683059692e-01
5.972605347633361816e-01
3.945926949381828308e-02
1.694511272944509983e-03
8.652579854242503643e-04
1.175439916551113129e-02
5.621884483844041824e-03
9.087655926123261452e-04
2.819860856106970459e-05
5.879230499267578125e-01
1.729675382375717163e-02
9.755778126418590546e-03
9.117037057876586914e-02
9.258075952529907227e-01
9.575889706611633301e-01
4.728740081191062927e-02
1.518967095762491226e-03
3.947248042095452547e-04
7.381404284387826920e-03
1.459969673305749893e-03
5.612890527117997408e-05
1.133612613557488658e-06
3.131113201379776001e-02
1.316973211942240596e-04
5.371964350342750549e-02
1.623884886503219604e-01
3.426213189959526062e-02
3.929653321392834187e-04
7.127264738082885742e-01
1.227695308625698090e-02
1.825330196879804134e-03
5.791215300559997559e-01
1.912434399127960205e-02
2.069476526230573654e-03
1.673674443736672401e-03
9.287973493337631226e-02
1.617547968635335565e-04
1.984936743974685669e-02
2.530411481857299805e-01
1.102590374648571014e-02
5.200637315283529460e-05
2.618256807327270508e-01
3.301033377647399902e-02
6.318768858909606934e-02
2.186891250312328339e-02
4.911590833216905594e-03
3.959299530833959579e-03
8.022718131542205811e-03
1.116157174110412598e-01
1.650988939218223095e-03
2.959896624088287354e-02
3.642020002007484436e-02
8.099597096443176270e-01
7.606578990817070007e-03
9.601599574089050293e-01
4.046379774808883667e-02
1.474785152822732925e-03
6.247004866600036621e-01
4.859420657157897949e-02
6.401272490620613098e-03
1.550260640215128660e-04
9.871335625648498535e-01
8.455150127410888672e-01
1.251291334629058838e-01
8.886063098907470703e-01
9.948375225067138672e-01
2.008202075958251953e-01
7.243409752845764160e-01
5.982234328985214233e-02
4.184631165117025375e-03
1.090343808755278587e-03
1.662245369516313076e-03
7.563373947050422430e-05
5.450816615848452784e-07
1.006215065717697144e-01
2.905802801251411438e-03
1.616418361663818359e-02
6.192056536674499512e-01
9.261795282363891602e-01
1.476704180240631104e-01
3.718129396438598633e-01
4.555808752775192261e-02
6.495235953480005264e-03
1.552295987494289875e-03
2.744101881980895996e-01
5.459115755002130754e-07
1.048171771600436841e-09
5.793203413486480713e-02
1.872075881692580879e-05
9.381034411489963531e-03
5.298581346869468689e-02
1.685995906591415405e-01
3.842416778206825256e-02
5.772155523300170898e-01
4.697526618838310242e-02
4.175529349595308304e-03
4.282098088879138231e-04
7.682976722717285156e-01
4.441333469003438950e-03
1.835624097168420121e-08
9.763004183769226074e-01
7.409070618450641632e-03
9.988492354750633240e-03
6.650412827730178833e-02
9.935729503631591797e-01
9.433733224868774414e-01
4.175942242145538330e-01
2.693832851946353912e-02
2.704344922676682472e-03
4.432533460203558207e-04
3.417427092790603638e-02
1.270976755768060684e-02
2.021562773734331131e-03
2.785691618919372559e-01
1.705982349812984467e-02
1.160115748643875122e-02
2.383720129728317261e-02
1.218549805344082415e-04
1.233499613590538502e-03
1.039822306483983994e-02
2.027647010982036591e-02
5.125194787979125977e-03
3.231241833418607712e-03
1.408573472872376442e-03
8.576514720916748047e-01
9.993405342102050781e-01
2.193596027791500092e-02
5.669136047363281250e-01
3.028365317732095718e-03
1.162362843751907349e-01
2.442333207000046968e-04
2.055031619966030121e-02
9.797211885452270508e-01
1.384379342198371887e-03
1.515621668659150600e-03
1.106018759310245514e-02
7.254773285239934921e-03
3.079657471971586347e-05
9.727746946737170219e-04
6.704093515872955322e-02
2.657745208125561476e-04
1.521976628282573074e-06
1.306566894054412842e-01
2.296392992138862610e-02
1.809302833862602711e-03
5.717442557215690613e-02
9.676943533122539520e-03
1.871269382536411285e-02
1.380236446857452393e-02
3.549034148454666138e-02
7.072588196024298668e-04
1.993673213291913271e-04
9.890507906675338745e-02
1.876235939562320709e-03
5.831701564602553844e-04
1.482621133327484131e-01
1.418212708085775375e-02
1.235708361491560936e-03
4.726123809814453125e-02
2.471389947459101677e-03
1.013841712847352028e-03
4.735289141535758972e-03
2.851867815479636192e-03
2.837834181264042854e-04
2.383476821705698967e-04
9.986208677291870117e-01
1.175247207283973694e-01
5.607047933153808117e-04
7.897456735372543335e-02
1.297997385263442993e-01
1.041291058063507080e-01
1.985180657356977463e-03
1.257066726684570312e-01
2.944881096482276917e-02
2.046349458396434784e-03
1.184127777814865112e-01
2.409622371196746826e-01
1.730768680572509766e-01
3.142243623733520508e-01
3.531067669391632080e-01
9.703887701034545898e-01
1.868257969617843628e-01
2.743874862790107727e-02
1.505833305418491364e-02
5.018761148676276207e-04
1.624759845435619354e-02
1.423902995884418488e-02
1.025329460389912128e-03
6.289533525705337524e-02
1.850067754276096821e-03
2.815861701965332031e-01
1.366968154907226562e-01
2.764490246772766113e-02
3.771688556298613548e-03
9.288719296455383301e-02
7.989823818206787109e-03
1.017957227304577827e-03
7.373521220870316029e-04
9.517300128936767578e-02
8.893495425581932068e-03
5.699861329048871994e-03
5.626178905367851257e-02
4.327530972659587860e-03
7.330168737098574638e-04
1.174833923578262329e-01
2.665149222593754530e-04
1.224252969223016407e-06
6.924320459365844727e-01
3.682858869433403015e-02
1.195589601993560791e-01
7.918305345810949802e-04
6.294839084148406982e-02
2.683206228539347649e-03
3.090021200478076935e-04
4.765235644299536943e-05
1.849774889706168324e-06
1.951061676663812250e-07
3.501277789473533630e-02
4.644114815164357424e-04
2.116117684636265039e-04
9.809831529855728149e-02
5.348828621208667755e-03
2.027211485255975276e-05
8.395421318709850311e-03
5.399860441684722900e-02
2.125663757324218750e-01
2.002106746658682823e-03
1.096130930818617344e-03
4.868852556683123112e-04
8.313688340422231704e-06
1.454689633101224899e-02
1.422330096829682589e-04
6.849049441370880231e-06
1.111821979284286499e-01
9.850460337474942207e-04
7.186157745309174061e-05
4.666937165893614292e-04
1.062158867716789246e-02
3.175672516226768494e-02
5.003703385591506958e-02
6.037112689227797091e-05
2.524148672819137573e-02
9.834528100327588618e-06
7.344553619623184204e-02
4.400666221044957638e-04
5.209675873629748821e-05
3.725456073880195618e-02
9.777680039405822754e-03
6.541023612953722477e-04
3.934393636882305145e-03
3.953245282173156738e-02
9.857998490333557129e-01
9.882326126098632812e-01
1.230806298553943634e-02
6.974314805120229721e-03
7.959322538226842880e-04
2.989820390939712524e-02
4.941664934158325195e-01
8.331378194270655513e-05
8.374796807765960693e-02
3.496785939205437899e-05
9.294854998588562012e-01
1.627378165721893311e-02
7.097838446497917175e-03
3.130339609924703836e-04
1.084615141153335571e-01
2.310731681063771248e-03
4.733622772619128227e-04
7.008935208432376385e-04
2.153725363314151764e-02
5.075933295302093029e-04
9.278848665417172015e-06
6.113490462303161621e-01
6.231659092009067535e-03
2.452976070344448090e-03
5.406537093222141266e-03
5.723530650138854980e-01
8.157470729202032089e-04
9.689625501632690430e-01
5.367888510227203369e-02
1.489774696528911591e-02
4.646857269108295441e-03
1.016731634736061096e-01
1.431819051504135132e-02
3.579288022592663765e-03
9.768141508102416992e-01
8.433438837528228760e-03
1.149794552475214005e-04
2.506769262254238129e-02
4.862057790160179138e-02
2.838344080373644829e-03
3.439583233557641506e-04
1.593748165760189295e-04
2.737128816079348326e-04
2.079527766909450293e-04
1.555411219596862793e-01
1.083164475858211517e-02
1.273109018802642822e-02
6.240658164024353027e-01
3.265462815761566162e-02
1.729981275275349617e-03
2.443699864670634270e-03
4.434278979897499084e-02
1.233945693820714951e-02
9.820623993873596191e-01
5.458602309226989746e-01
2.415975090116262436e-03
9.750604513101279736e-04
9.233402609825134277e-01
7.729947566986083984e-01
2.203779527917504311e-03
7.342616319656372070e-01
8.636917918920516968e-02
2.492034062743186951e-02
5.228008143603801727e-03
7.484438829123973846e-03
1.856053568189963698e-04
7.198370099067687988e-01
2.745095081627368927e-02
3.522632643580436707e-03
1.231560204178094864e-02
1.922585368156433105e-01
6.091753486543893814e-03
2.030596369877457619e-03
7.427148818969726562e-01
1.723559014499187469e-02
1.491694594733417034e-03
4.922360647469758987e-03
1.738161407411098480e-02
9.125485084950923920e-03
1.430948614142835140e-04
3.266021376475691795e-03
2.537601999938488007e-02
1.801662612706422806e-03
2.177072316408157349e-02
7.480936619685962796e-05
2.308962393726687878e-06
1.596475951373577118e-02
9.667485952377319336e-03
1.033908338285982609e-03
9.868534207344055176e-01
4.158371686935424805e-02
2.089091576635837555e-03
1.692266378086060286e-04
4.032727796584367752e-03
7.018870091997087002e-04
7.733264646958559752e-05
2.792067080736160278e-02
7.057685870677232742e-04
1.015807574731297791e-04
7.372136116027832031e-01
3.656199434772133827e-03
2.758499431365635246e-05
1.123647671192884445e-02
1.064895093441009521e-02
8.155009150505065918e-01
9.811590909957885742e-01
5.676990258507430553e-04
1.470126793719828129e-03
8.473874186165630817e-04
2.504033409059047699e-02
1.161085965577512980e-04
3.633767619248828851e-06
7.544561624526977539e-01
8.574563544243574142e-04
4.484880628297105432e-05
1.592818647623062134e-01
4.377874080091714859e-03
9.501035213470458984e-01
5.176629871129989624e-03
9.033638983964920044e-03
3.259383887052536011e-02
9.839546692091971636e-05
9.880779683589935303e-02
1.199359772726893425e-03
5.682307164533995092e-05
4.059861302375793457e-01
7.517550606280565262e-03
4.420799086801707745e-04
2.190057421103119850e-03
5.034301877021789551e-01
9.682682156562805176e-01
9.800750017166137695e-01
3.719447553157806396e-01
6.060867756605148315e-02
1.049271970987319946e-02
9.864395856857299805e-01
2.979814540594816208e-03
9.040232896804809570e-01
9.536750316619873047e-01
2.814699709415435791e-02
7.246279157698154449e-03
2.368867397308349609e-03
1.608141756150871515e-04
1.035501918522641063e-05
8.857235312461853027e-03
8.583494462072849274e-03
6.099098362028598785e-03
7.231425115605816245e-05
8.998587727546691895e-03
2.095763012766838074e-02
2.720189280807971954e-02
9.939635396003723145e-01
3.305729627609252930e-01
1.028536062221974134e-04
6.608949601650238037e-02
3.335385583341121674e-03
9.304278501076623797e-05
1.168397162109613419e-02
9.833971271291375160e-04
1.464200522605096921e-06
9.454313549213111401e-04
9.359501302242279053e-02
8.917367458343505859e-01
9.559772610664367676e-01
9.317121505737304688e-01
5.536929517984390259e-02
2.645645756274461746e-03
5.094775557518005371e-02
1.272299326956272125e-03
2.991767786443233490e-02
1.857424378395080566e-01
8.961936458945274353e-03
1.185153145343065262e-03
5.200055311433970928e-04
1.412134431302547455e-02
1.259821839630603790e-02
3.268156666308641434e-03
2.533498406410217285e-02
1.760548651218414307e-01
1.184316119179129601e-03
4.859100878238677979e-01
6.430842727422714233e-02
3.362692892551422119e-03
1.517064403742551804e-02
5.066288169473409653e-03
2.060872502624988556e-03
3.479213640093803406e-02
4.978447221219539642e-03
5.401831865310668945e-02
7.165103306761011481e-05
1.454584859311580658e-02
2.911914698779582977e-02
2.238889464933890849e-05
9.805062413215637207e-01
1.279251575469970703e-01
5.284715909510850906e-03
8.129769563674926758e-01
8.165044337511062622e-02
4.804529889952391386e-04
9.689124999567866325e-05
9.898986220359802246e-01
1.554807240609079599e-04
2.440436219330877066e-05
9.562554359436035156e-01
1.732309162616729736e-02
2.303439214301761240e-05
2.382693579420447350e-03
3.463216125965118408e-04
3.234223913750611246e-05
2.470061190251726657e-05
6.924632180016487837e-05
3.644409589469432831e-04
4.510864251572321848e-11
3.813155293464660645e-01
8.526373676431830972e-06
5.582004973803122994e-07
9.699524044990539551e-01
9.623908437788486481e-03
7.849994290154427290e-06
3.015691763721406460e-04
2.062865300104022026e-03
2.793331532302545384e-06
1.001861528493463993e-05
3.310176834929734468e-04
2.826919853760045953e-06
6.986139999831664227e-10
2.644507214426994324e-02
1.210077607538551092e-05
6.747089855707599781e-07
9.880116581916809082e-01
3.641410544514656067e-02
8.215673474865070602e-09
1.421602629125118256e-02
1.126805227249860764e-02
5.249612655688906671e-08
1.563221681863069534e-03
5.443900078535079956e-02
2.498064532119315118e-06
3.519350144642885425e-09
9.796105027198791504e-01
7.949303835630416870e-06
9.185934572997211944e-07
9.511206150054931641e-01
3.484840691089630127e-02
5.489810064318589866e-06
3.253587521612644196e-03
1.410315278917551041e-03
6.977790326345711946e-05
1.941429218277335167e-03
2.331239916384220123e-02
1.857690513134002686e-02
6.310948170721530914e-03
1.156129539012908936e-01
5.784177687019109726e-03
1.558122021378949285e-04
4.299633204936981201e-02
2.485498785972595215e-02
6.781351566314697266e-02
8.885017633438110352e-01
4.409366101026535034e-02
1.053655869327485561e-03
1.961463829502463341e-03
5.658004432916641235e-02
2.464202232658863068e-03
2.643078041728585958e-04
5.624234676361083984e-02
9.518874809145927429e-03
6.976188160479068756e-04
4.968601763248443604e-01
8.807234466075897217e-02
5.120782647281885147e-03
5.209526792168617249e-02
8.054184317588806152e-01
1.728356117382645607e-03
8.895398378372192383e-01
3.771808370947837830e-02
6.061290856450796127e-03
1.660316833294928074e-03
6.611549258232116699e-01
6.069938652217388153e-03
2.879831939935684204e-03
9.800584912300109863e-01
6.317844390869140625e-01
9.726946949958801270e-01
1.420673280954360962e-01
8.175847120583057404e-03
3.697910346090793610e-03
1.490811258554458618e-01
2.827782742679119110e-02
6.147335283458232880e-03
7.586717838421463966e-04
5.137165784835815430e-01
9.834308922290802002e-02
8.467566967010498047e-02
8.913884870707988739e-03
7.052764296531677246e-01
3.361220657825469971e-01
5.877257585525512695e-01
3.005767241120338440e-02
5.150202196091413498e-03
3.298080265522003174e-01
3.381645306944847107e-02
4.615780897438526154e-03
1.929285586811602116e-03
9.793710112571716309e-01
6.657087057828903198e-02
9.285337291657924652e-03
1.514940708875656128e-02
2.909116819500923157e-02
9.073285758495330811e-02
6.529430747032165527e-01
6.050489097833633423e-02
4.334091674536466599e-03
6.831161445006728172e-04
1.857840642333030701e-02
8.849829901009798050e-04
3.159320112899877131e-05
7.505267113447189331e-02
3.897041780874133110e-03
2.465838042553514242e-04
1.029358338564634323e-02
5.109488591551780701e-02
5.933825969696044922e-01
9.338679909706115723e-01
2.940488047897815704e-02
5.307688377797603607e-03
5.400258814916014671e-04
9.424883127212524414e-01
3.325194484204985201e-06
1.876225468322445522e-07
8.181419968605041504e-02
1.905304961837828159e-04
4.123932376387529075e-05
9.995216503739356995e-03
5.905606597661972046e-02
1.333168745040893555e-01
9.212955236434936523e-01
2.601505443453788757e-02
1.984468428418040276e-03
1.084343821275979280e-04
9.494259357452392578e-01
5.620192736387252808e-02
1.403634968255573767e-07
8.605586737394332886e-02
2.824980532750487328e-03
9.891547961160540581e-05
2.679697796702384949e-02
2.324487641453742981e-02
2.729713916778564453e-02
8.569653630256652832e-01
3.494812175631523132e-02
1.115769706666469574e-02
9.254048200091347098e-05
7.210204005241394043e-01
3.523196280002593994e-02
3.911739215254783630e-03
5.118904709815979004e-01
3.097263872623443604e-01
1.277099102735519409e-01
8.698596954345703125e-01
1.111328899860382080e-01
1.030722483992576599e-01
4.932274110615253448e-03
2.858832478523254395e-02
2.028965158388018608e-03
1.206641085445880890e-02
2.828421711456030607e-04
5.855806544423103333e-02
9.621308185160160065e-03
1.035409718751907349e-01
6.753241177648305893e-03
9.508673101663589478e-02
1.694918051362037659e-02
9.868600368499755859e-01
1.702272146940231323e-02
1.095312531106173992e-03
5.881526321172714233e-02
2.354838326573371887e-02
7.120047695934772491e-03
2.678590081632137299e-02
3.789999755099415779e-03
3.581522032618522644e-02
7.612292468547821045e-02
4.949523136019706726e-04
1.739360413921531290e-05
4.700823426246643066e-01
1.669683307409286499e-01
1.301226951181888580e-02
2.019777195528149605e-03
9.122315049171447754e-01
9.836463928222656250e-01
2.774354536086320877e-03
3.992789611220359802e-02
3.555247792974114418e-03
1.279080286622047424e-03
1.367381960153579712e-01
2.437515417113900185e-03
1.695867831585928798e-04
1.409559510648250580e-02
4.206748306751251221e-02
5.955788120627403259e-02
9.443890452384948730e-01
2.758442796766757965e-02
2.078640274703502655e-03
5.933979264227673411e-05
1.231091842055320740e-02
2.950446796603500843e-04
4.996180905436631292e-06
4.918674752116203308e-02
4.075426259078085423e-04
3.392065082152839750e-06
1.745783537626266479e-01
8.881109207868576050e-02
5.933102220296859741e-03
8.619279600679874420e-03
1.324605941772460938e-01
1.713373232632875443e-03
9.868391156196594238e-01
3.397211059927940369e-02
4.358474165201187134e-02
4.632868666476497310e-08
9.904295951128005981e-02
3.241522936150431633e-03
4.475458990782499313e-05
1.881864294409751892e-02
4.663101583719253540e-02
5.104345083236694336e-02
3.946319967508316040e-02
3.066934272646903992e-02
9.850321412086486816e-01
8.996839751489460468e-04
3.192451316863298416e-03
3.254801779985427856e-02
3.011354478076100349e-03
9.461551904678344727e-01
4.048898990731686354e-04
1.411713164998218417e-04
7.969646453857421875e-01
1.603467315435409546e-01
1.357663273811340332e-01
8.737730793654918671e-03
5.891262292861938477e-01
1.121726911514997482e-02
8.328141120728105307e-05
1.811171509325504303e-02
1.394174294546246529e-03
4.444446414709091187e-03
1.387679725885391235e-01
2.336019650101661682e-02
6.125542800873517990e-03
2.086703181266784668e-01
9.153245389461517334e-02
1.341956853866577148e-02
2.738339593634009361e-03
9.655795097351074219e-01
6.475005149841308594e-01
7.605982422828674316e-01
3.128785640001296997e-02
5.162252113223075867e-03
2.785722899716347456e-04
4.560892283916473389e-02
3.830684348940849304e-03
1.752739585936069489e-02
7.215390801429748535e-01
7.322826236486434937e-02
6.892187055200338364e-03
4.555004488793201745e-05
3.850459456443786621e-01
8.339088410139083862e-02
2.000734675675630569e-03
6.577874301001429558e-04
1.823512138798832893e-03
4.481398791540414095e-04
7.338108867406845093e-02
5.826917011290788651e-03
1.738098217174410820e-05
8.285762071609497070e-01
5.439677089452743530e-02
3.246222157031297684e-03
2.553934427851345390e-05
6.006523966789245605e-02
1.288083754479885101e-02
4.277004336472600698e-04
1.224994775839149952e-03
5.327351856976747513e-03
2.399693476036190987e-03
1.054188758134841919e-01
2.371533541008830070e-03
1.487206418460118584e-06
9.698726534843444824e-01
6.056040525436401367e-01
9.936752915382385254e-01
9.836013913154602051e-01
4.369296878576278687e-02
2.175844507291913033e-03
3.472978249192237854e-02
2.730235829949378967e-02
5.427593365311622620e-03
2.667657483801377793e-10
1.267449259757995605e-01
1.254588831216096878e-02
6.167269349098205566e-01
6.853206753730773926e-01
8.782341331243515015e-02
1.404363382607698441e-02
5.641089519485831261e-04
2.722732722759246826e-01
7.548517733812332153e-02
7.123098475858569145e-04
9.416816234588623047e-01
2.474520541727542877e-02
4.634674172848463058e-03
1.140667796134948730e-01
1.226056739687919617e-01
1.593566872179508209e-02
3.477868139743804932e-01
1.437263488769531250e-01
6.931020878255367279e-03
1.313551142811775208e-02
9.741061925888061523e-01
3.110861964523792267e-02
7.407073378562927246e-01
7.018719613552093506e-02
4.215890541672706604e-03
2.285536145791411400e-03
9.421939849853515625e-01
1.355182845145463943e-03
8.442565558652859181e-06
3.276595473289489746e-01
1.532340049743652344e-01
4.860598221421241760e-02
4.786803910974413157e-04
8.440465331077575684e-01
2.094177715480327606e-02
4.766597598791122437e-02
4.486623220145702362e-03
3.243373241275548935e-03
1.588444923982024193e-03
5.252738669514656067e-02
3.382427385076880455e-03
4.072578158229589462e-04
7.494227290153503418e-01
8.866666257381439209e-02
1.671356521546840668e-02
6.051645614206790924e-04
4.489163681864738464e-02
5.868763923645019531e-01
9.966484904289245605e-01
2.652798593044281006e-01
4.991759894323877234e-09
6.285449489951133728e-04
3.372515365481376648e-02
5.085232257843017578e-01
3.286810815334320068e-01
9.849292635917663574e-01
8.817547000944614410e-03
1.297246082685887814e-03
6.143483915366232395e-04
6.442632079124450684e-01
4.086646437644958496e-02
1.099730870919302106e-04
7.124871015548706055e-01
1.008254662156105042e-02
4.036165191791951656e-04
1.252391338348388672e-01
2.101804018020629883e-01
9.823117405176162720e-02
6.730362176895141602e-01
6.924431025981903076e-02
1.383624691516160965e-02
5.575595423579216003e-03
7.027626633644104004e-01
4.797824323177337646e-01
1.550525194033980370e-03
8.785769939422607422e-01
6.895270198583602905e-02
4.118076525628566742e-03
1.054148748517036438e-01
3.243625629693269730e-03
4.056474717799574137e-04
1.404638402163982391e-02
2.294181473553180695e-02
1.348675638437271118e-01
4.269157350063323975e-02
9.400187730789184570e-01
5.507230758666992188e-02
1.231326372362673283e-03
6.133280694484710693e-02
5.417429842054843903e-03
1.104486407712101936e-03
1.112954616546630859e-01
2.599877538159489632e-03
4.835687286686152220e-04
1.417570188641548157e-02
2.825411409139633179e-02
9.015462398529052734e-01
2.399799413979053497e-02
9.674558043479919434e-01
2.671356312930583954e-02
1.984304049983620644e-03
8.959261178970336914e-01
6.150916451588273048e-04
1.553920242258755025e-06
3.246170282363891602e-02
5.100091220811009407e-04
1.709650496195536107e-05
5.011658072471618652e-01
1.442206948995590210e-01
1.017665117979049683e-02
9.566648077452555299e-05
8.913868069648742676e-01
5.627091601490974426e-02
3.353850916028022766e-02
9.015788435935974121e-01
6.960307806730270386e-02
7.902082055807113647e-03
1.805997490882873535e-01
5.960256792604923248e-03
2.969668130390346050e-04
1.029992476105690002e-02
7.706261426210403442e-02
5.671052336692810059e-01
8.609452247619628906e-01
8.874008059501647949e-01
6.370342522859573364e-02
7.691764272749423981e-03
1.818367978557944298e-03
1.864779733296018094e-06
3.150707694743459797e-09
9.495455026626586914e-01
6.382470019161701202e-03
2.822587965056300163e-03
1.885500177741050720e-02
9.133538603782653809e-02
4.572599530220031738e-01
9.496027231216430664e-01
7.211799621582031250e-01
6.046743318438529968e-02
2.799053676426410675e-03
1.736015547066926956e-04
4.049151390790939331e-02
4.119058427676236533e-10
7.975233793258666992e-01
4.515686631202697754e-02
4.625045228749513626e-03
2.582783252000808716e-02
2.077424228191375732e-01
1.226663887500762939e-01
9.690147042274475098e-01
8.434737324714660645e-01
2.766507305204868317e-02
2.214889414608478546e-02
1.292682136408984661e-04
3.044284880161285400e-02
2.758281771093606949e-03
6.893705110996961594e-03
4.692054539918899536e-02
4.632339347153902054e-03
9.517892599105834961e-01
5.777681712061166763e-03
2.923876309068873525e-05
1.097202968480814889e-07
4.558975249528884888e-02
9.706978686153888702e-03
2.529810741543769836e-02
1.525433617644011974e-04
4.275626037269830704e-03
4.988586879335343838e-04
3.658560663461685181e-02
1.957612344995141029e-03
1.831265981309115887e-04
1.183435972779989243e-02
2.153774909675121307e-02
4.693567380309104919e-02
1.300370134413242340e-02
9.574642777442932129e-01
3.066497668623924255e-02
9.649766981601715088e-02
5.333595909178256989e-03
9.221754670143127441e-01
2.143169331247918308e-05
7.760049309581518173e-03
6.324441637843847275e-04
1.633028150536119938e-03
6.182256340980529785e-01
1.639591306447982788e-01
8.302765199914574623e-04
6.384801963577046990e-05
9.788382053375244141e-01
9.779267311096191406e-01
3.233629511669278145e-03
1.125111803412437439e-01
3.225610032677650452e-02
7.386243343353271484e-02
