5.727440118789672852e-01
6.427484154701232910e-01
4.111920893192291260e-01
8.880296349525451660e-01
2.987291216850280762e-01
5.337653160095214844e-01
4.988546371459960938e-01
5.984840989112854004e-01
4.192441701889038086e-01
4.322935938835144043e-01
3.778356313705444336e-01
2.599824592471122742e-02
3.958393633365631104e-01
2.964977025985717773e-01
1.534941792488098145e-01
7.351084798574447632e-02
1.848734021186828613e-01
6.180672049522399902e-01
3.296471238136291504e-01
2.308335453271865845e-01
1.607778668403625488e-01
1.076615676283836365e-01
5.408934950828552246e-01
1.739013046026229858e-01
5.064800381660461426e-01
3.495527664199471474e-03
2.302075475454330444e-01
3.194524347782135010e-01
7.074959278106689453e-01
5.825226306915283203e-01
9.953705966472625732e-02
5.245259404182434082e-01
8.274177312850952148e-01
3.004804849624633789e-01
3.358579874038696289e-01
3.383448719978332520e-01
4.877685010433197021e-01
2.601714432239532471e-01
4.685504734516143799e-01
7.077960669994354248e-02
2.163715213537216187e-01
2.412114739418029785e-01
8.096957206726074219e-01
4.108950197696685791e-01
5.850559473037719727e-01
2.222799062728881836e-01
3.170200437307357788e-02
3.205429315567016602e-01
6.506938934326171875e-01
4.795850217342376709e-01
5.884814262390136719e-01
7.332929968833923340e-01
6.869708299636840820e-01
3.777579069137573242e-01
3.982563614845275879e-01
4.425807595252990723e-01
7.368702888488769531e-01
4.283829033374786377e-01
1.936940103769302368e-01
1.112159527838230133e-02
4.950994849205017090e-01
1.603870838880538940e-02
4.067801833152770996e-01
1.741750910878181458e-02
2.744587659835815430e-01
3.480680286884307861e-02
6.975511312484741211e-01
4.722634330391883850e-03
1.947487890720367432e-02
1.011420190334320068e-01
2.100586295127868652e-01
4.460072517395019531e-01
7.145889103412628174e-02
2.168124318122863770e-01
8.108063936233520508e-01
2.373362332582473755e-01
7.438395619392395020e-01
5.915474891662597656e-01
7.513827085494995117e-01
2.056878656148910522e-01
5.407372713088989258e-01
1.302505582571029663e-01
2.216018140316009521e-01
2.704032361507415771e-01
5.270163416862487793e-01
7.006356716156005859e-01
2.315429039299488068e-02
1.397122908383607864e-02
4.154711663722991943e-01
4.291826188564300537e-01
2.292110770940780640e-01
2.556605637073516846e-01
6.649551987648010254e-01
4.504955410957336426e-01
5.612933635711669922e-01
3.784870505332946777e-01
4.842332750558853149e-02
4.172282814979553223e-01
4.886666238307952881e-01
3.758604228496551514e-01
1.963514685630798340e-01
4.487384483218193054e-02
4.287121891975402832e-01
2.421198636293411255e-01
4.694788455963134766e-01
2.261991351842880249e-01
3.347221612930297852e-01
4.020137190818786621e-01
4.677355885505676270e-01
2.091226577758789062e-01
3.594397902488708496e-01
7.709550857543945312e-01
5.997817516326904297e-01
7.574418783187866211e-01
6.438426375389099121e-01
2.285521477460861206e-01
8.070182204246520996e-01
5.492680072784423828e-01
4.362613558769226074e-01
4.054035842418670654e-01
3.865279555320739746e-01
3.789685368537902832e-01
5.840788483619689941e-01
1.053325133398175240e-03
2.951941266655921936e-02
2.107703536748886108e-01
4.079734683036804199e-01
7.959787845611572266e-01
2.843628525733947754e-01
3.941964507102966309e-01
4.356918036937713623e-01
7.779583930969238281e-01
2.221879065036773682e-01
3.860394060611724854e-01
3.665838018059730530e-02
5.559952557086944580e-02
5.159270763397216797e-01
2.631700336933135986e-01
3.509543836116790771e-01
4.702983200550079346e-01
5.956798791885375977e-01
2.045139372348785400e-01
4.204802811145782471e-01
1.561235636472702026e-02
6.111772060394287109e-01
3.862511813640594482e-01
1.951972842216491699e-01
4.183729588985443115e-01
2.624907195568084717e-01
7.839363813400268555e-01
4.459390938282012939e-01
2.422500699758529663e-01
2.386869341135025024e-01
5.328210592269897461e-01
4.794111251831054688e-01
4.657165408134460449e-01
2.085339277982711792e-01
5.736619234085083008e-02
4.413779079914093018e-01
7.003568410873413086e-01
3.256791234016418457e-01
1.345402002334594727e-01
2.468969672918319702e-01
6.894610077142715454e-02
4.016218483448028564e-01
2.748426422476768494e-02
1.769310086965560913e-01
4.899080395698547363e-01
6.224117279052734375e-01
2.287833392620086670e-01
5.668017864227294922e-01
2.047011703252792358e-01
6.097589731216430664e-01
3.730775415897369385e-01
1.935263872146606445e-01
3.335173428058624268e-01
9.726605415344238281e-01
2.670271992683410645e-01
4.527589976787567139e-01
7.446484565734863281e-01
2.056951969861984253e-01
8.002720475196838379e-01
5.500223040580749512e-01
8.825129866600036621e-01
4.062131941318511963e-01
1.996158659458160400e-01
5.914989709854125977e-01
5.986111164093017578e-01
2.138596177101135254e-01
7.846616506576538086e-01
2.807038091123104095e-02
4.122521579265594482e-01
2.909369170665740967e-01
5.025550127029418945e-01
9.674592316150665283e-02
2.861603200435638428e-01
4.732889235019683838e-01
4.037029147148132324e-01
2.044171094894409180e-01
1.228671753779053688e-03
8.154386281967163086e-01
5.977970957756042480e-01
6.205693483352661133e-01
5.761022567749023438e-01
3.035178184509277344e-01
1.948709785938262939e-01
2.218793630599975586e-01
5.909795165061950684e-01
4.326266944408416748e-01
2.246828377246856689e-01
4.764785170555114746e-01
1.649187207221984863e-01
5.424540042877197266e-01
2.309179902076721191e-01
6.053638458251953125e-01
2.292281240224838257e-01
2.535611391067504883e-01
2.162935435771942139e-01
2.762500643730163574e-01
7.719279527664184570e-01
3.949445486068725586e-01
1.588473469018936157e-01
2.341649681329727173e-01
3.479409217834472656e-01
4.094010293483734131e-01
