9.427017569541931152e-01
9.399256706237792969e-01
9.320292472839355469e-01
9.860599040985107422e-01
9.329720735549926758e-01
9.616072177886962891e-01
9.103663563728332520e-01
9.645133614540100098e-01
9.280284643173217773e-01
9.250661134719848633e-01
8.068476915359497070e-01
9.062659740447998047e-01
9.030383229255676270e-01
8.512079119682312012e-01
9.043257236480712891e-01
6.798336505889892578e-01
6.733741164207458496e-01
9.784876704216003418e-01
9.384592175483703613e-01
8.353899121284484863e-01
8.360021710395812988e-01
9.188271760940551758e-01
9.089246392250061035e-01
9.210634827613830566e-01
8.934668898582458496e-01
8.299465775489807129e-01
8.496646285057067871e-01
8.028841614723205566e-01
8.014338016510009766e-01
8.377708792686462402e-01
6.943461894989013672e-01
9.895606040954589844e-01
8.379920721054077148e-01
8.991678357124328613e-01
8.612017631530761719e-01
9.545640349388122559e-01
9.416137337684631348e-01
9.255129694938659668e-01
9.049479365348815918e-01
8.579615354537963867e-01
8.942935466766357422e-01
8.602858781814575195e-01
8.647198677062988281e-01
9.174988865852355957e-01
9.251052141189575195e-01
9.876509904861450195e-01
9.276881814002990723e-01
9.451931715011596680e-01
9.335871338844299316e-01
9.587963819503784180e-01
9.394577741622924805e-01
9.155853390693664551e-01
8.739271759986877441e-01
8.778052330017089844e-01
9.411215186119079590e-01
8.550966978073120117e-01
8.754009604454040527e-01
9.790398478507995605e-01
9.481900334358215332e-01
9.285537004470825195e-01
9.529228806495666504e-01
9.463021755218505859e-01
8.277339935302734375e-01
7.942683100700378418e-01
9.123573303222656250e-01
9.075638055801391602e-01
8.511978983879089355e-01
8.395171761512756348e-01
8.217213153839111328e-01
8.096467256546020508e-01
8.117725253105163574e-01
9.026904106140136719e-01
9.423982501029968262e-01
9.482971429824829102e-01
9.959483742713928223e-01
8.249776959419250488e-01
7.213729619979858398e-01
9.659090638160705566e-01
9.086754918098449707e-01
9.350429177284240723e-01
7.871377468109130859e-01
8.953463435173034668e-01
9.081205129623413086e-01
9.231674075126647949e-01
9.070649743080139160e-01
8.787098526954650879e-01
9.655209779739379883e-01
9.509199261665344238e-01
9.961895346641540527e-01
8.151590824127197266e-01
8.698415160179138184e-01
9.743573665618896484e-01
9.515371918678283691e-01
9.414433836936950684e-01
8.576522469520568848e-01
8.902392387390136719e-01
9.186350703239440918e-01
9.300756454467773438e-01
9.256314039230346680e-01
9.617362618446350098e-01
9.351545572280883789e-01
9.174456000328063965e-01
9.401008486747741699e-01
9.572613835334777832e-01
9.297123551368713379e-01
8.835719823837280273e-01
9.454919099807739258e-01
9.471116065979003906e-01
8.557952642440795898e-01
8.176545500755310059e-01
9.261271953582763672e-01
8.738769292831420898e-01
8.037611246109008789e-01
9.711537957191467285e-01
9.487287402153015137e-01
9.308443069458007812e-01
8.892323374748229980e-01
9.756427407264709473e-01
9.525073170661926270e-01
9.070156812667846680e-01
9.459429383277893066e-01
9.544436931610107422e-01
8.462445139884948730e-01
7.985148429870605469e-01
9.115362167358398438e-01
8.580036163330078125e-01
8.551658391952514648e-01
9.817426204681396484e-01
9.721321463584899902e-01
9.452543258666992188e-01
9.625988602638244629e-01
8.850328922271728516e-01
9.555560946464538574e-01
9.280911087989807129e-01
9.636213183403015137e-01
9.013705849647521973e-01
8.333884477615356445e-01
9.575403332710266113e-01
7.931795716285705566e-01
8.443201184272766113e-01
8.124097585678100586e-01
9.556454420089721680e-01
9.599429368972778320e-01
9.473906755447387695e-01
9.926429390907287598e-01
9.363957643508911133e-01
9.514443874359130859e-01
9.025062918663024902e-01
9.457414746284484863e-01
9.531912803649902344e-01
8.616703748703002930e-01
8.961647748947143555e-01
9.303788542747497559e-01
8.882434964179992676e-01
8.311611413955688477e-01
9.666839838027954102e-01
9.431456327438354492e-01
9.153756499290466309e-01
9.532235860824584961e-01
9.661017656326293945e-01
9.241178035736083984e-01
8.328481316566467285e-01
9.222205281257629395e-01
9.539675712585449219e-01
9.402751326560974121e-01
8.941318392753601074e-01
8.705002069473266602e-01
8.851121664047241211e-01
7.712845802307128906e-01
9.475665688514709473e-01
9.083488583564758301e-01
8.958536982536315918e-01
9.873870015144348145e-01
9.346991777420043945e-01
9.575304388999938965e-01
9.320347309112548828e-01
9.640490412712097168e-01
9.207336306571960449e-01
9.155539274215698242e-01
8.398578763008117676e-01
8.445714116096496582e-01
8.346149921417236328e-01
8.211689591407775879e-01
9.245838522911071777e-01
9.443722963333129883e-01
9.419347643852233887e-01
9.953930377960205078e-01
9.292500019073486328e-01
9.554666280746459961e-01
9.098584651947021484e-01
9.649797081947326660e-01
9.537287950515747070e-01
9.335749149322509766e-01
9.118237495422363281e-01
9.024104475975036621e-01
8.411355614662170410e-01
8.133664131164550781e-01
9.634514451026916504e-01
9.514325261116027832e-01
9.287849068641662598e-01
9.695685505867004395e-01
9.619153141975402832e-01
9.467574357986450195e-01
8.975614905357360840e-01
9.429854154586791992e-01
9.498115181922912598e-01
9.530286788940429688e-01
8.290280699729919434e-01
9.087353348731994629e-01
9.392799139022827148e-01
8.318954706192016602e-01
9.608741402626037598e-01
9.558201432228088379e-01
9.105190634727478027e-01
9.862741827964782715e-01
9.523274898529052734e-01
9.496886134147644043e-01
9.118533134460449219e-01
9.726496934890747070e-01
9.207051992416381836e-01
9.331042170524597168e-01
8.498780727386474609e-01
9.225363135337829590e-01
8.501669764518737793e-01
8.491950035095214844e-01
