9.537626504898071289e-01
9.582642316818237305e-01
9.888287782669067383e-01
9.919188022613525391e-01
9.516583681106567383e-01
9.881742000579833984e-01
9.987594485282897949e-01
9.816130995750427246e-01
9.665387868881225586e-01
9.771109223365783691e-01
9.979903101921081543e-01
9.787046909332275391e-01
9.989802241325378418e-01
9.994350671768188477e-01
9.999997615814208984e-01
8.737455606460571289e-01
9.338958859443664551e-01
9.999948740005493164e-01
9.485507607460021973e-01
8.884453773498535156e-01
9.818862676620483398e-01
9.933278560638427734e-01
9.617639780044555664e-01
9.689005613327026367e-01
9.890406131744384766e-01
9.728934764862060547e-01
9.943349957466125488e-01
9.793812036514282227e-01
9.977829456329345703e-01
8.425701856613159180e-01
9.405660629272460938e-01
9.942079782485961914e-01
8.476727604866027832e-01
9.207750558853149414e-01
9.726604223251342773e-01
9.838383197784423828e-01
9.652842283248901367e-01
9.638826847076416016e-01
9.867171049118041992e-01
9.571176767349243164e-01
9.897146821022033691e-01
9.922865033149719238e-01
9.998261928558349609e-01
9.285444021224975586e-01
9.427536129951477051e-01
9.929835796356201172e-01
9.487250447273254395e-01
9.724459648132324219e-01
9.911254048347473145e-01
9.760745763778686523e-01
9.765961766242980957e-01
9.739178419113159180e-01
9.908003211021423340e-01
9.540038704872131348e-01
9.977732896804809570e-01
9.943493008613586426e-01
1.000000000000000000e+00
9.999952316284179688e-01
9.870431423187255859e-01
9.862073063850402832e-01
9.771199822425842285e-01
9.963420629501342773e-01
9.935809969902038574e-01
8.608618378639221191e-01
9.688557386398315430e-01
9.956864118576049805e-01
9.911786317825317383e-01
9.988291263580322266e-01
9.984965920448303223e-01
9.992661476135253906e-01
9.999880790710449219e-01
9.042974710464477539e-01
9.594913721084594727e-01
9.938229918479919434e-01
9.979059100151062012e-01
9.060130119323730469e-01
9.857494235038757324e-01
9.900728464126586914e-01
9.238920211791992188e-01
9.626522660255432129e-01
9.281665086746215820e-01
9.891397953033447266e-01
9.950465559959411621e-01
9.967013597488403320e-01
9.985145926475524902e-01
8.814157247543334961e-01
9.723175168037414551e-01
9.849205613136291504e-01
9.975484609603881836e-01
8.198415637016296387e-01
9.726486206054687500e-01
9.868352413177490234e-01
9.602805376052856445e-01
9.580053091049194336e-01
9.790472984313964844e-01
9.598756432533264160e-01
9.998477101325988770e-01
9.998927116394042969e-01
9.999973773956298828e-01
9.779546260833740234e-01
9.673716425895690918e-01
9.745459556579589844e-01
9.551606178283691406e-01
9.864473938941955566e-01
9.881448745727539062e-01
9.074674844741821289e-01
9.917693734169006348e-01
9.980313181877136230e-01
9.890878200531005859e-01
9.754013419151306152e-01
9.985567927360534668e-01
9.992599487304687500e-01
9.999897480010986328e-01
9.834609031677246094e-01
9.702140092849731445e-01
9.853528738021850586e-01
9.011893272399902344e-01
9.948951601982116699e-01
9.905232191085815430e-01
9.963231086730957031e-01
9.948087930679321289e-01
9.977768063545227051e-01
9.933464527130126953e-01
9.901463985443115234e-01
9.977048635482788086e-01
9.995430707931518555e-01
9.999935626983642578e-01
9.890400171279907227e-01
9.868202805519104004e-01
9.969767332077026367e-01
9.658696651458740234e-01
9.043739438056945801e-01
9.924666881561279297e-01
9.999035596847534180e-01
9.703580141067504883e-01
9.840876460075378418e-01
9.998902082443237305e-01
9.713289737701416016e-01
9.336358308792114258e-01
9.833117723464965820e-01
9.983389973640441895e-01
9.615606069564819336e-01
9.723180532455444336e-01
9.852941036224365234e-01
9.944911003112792969e-01
9.483645558357238770e-01
9.864628314971923828e-01
9.994856715202331543e-01
9.622291922569274902e-01
9.680114388465881348e-01
9.989267587661743164e-01
9.376482367515563965e-01
9.998115897178649902e-01
9.998008012771606445e-01
9.778528809547424316e-01
9.832432270050048828e-01
9.756914377212524414e-01
9.902525544166564941e-01
9.633278846740722656e-01
9.908701181411743164e-01
9.930603504180908203e-01
9.947612285614013672e-01
9.379773736000061035e-01
9.912026524543762207e-01
9.988967180252075195e-01
9.943684339523315430e-01
9.989921450614929199e-01
9.998122453689575195e-01
9.979625940322875977e-01
9.589390754699707031e-01
9.273533821105957031e-01
9.795477390289306641e-01
9.934610724449157715e-01
9.580062031745910645e-01
9.837649464607238770e-01
9.975478649139404297e-01
9.857548475265502930e-01
9.997546672821044922e-01
9.822567701339721680e-01
9.966621994972229004e-01
9.975399374961853027e-01
9.875640869140625000e-01
9.999974966049194336e-01
9.310041666030883789e-01
9.560725688934326172e-01
9.937834143638610840e-01
9.970232248306274414e-01
9.399399757385253906e-01
9.721364974975585938e-01
9.958046078681945801e-01
9.787918329238891602e-01
9.744137525558471680e-01
9.890885949134826660e-01
9.990546107292175293e-01
9.394385814666748047e-01
9.534239768981933594e-01
9.958936572074890137e-01
9.772969484329223633e-01
9.754902124404907227e-01
9.839429259300231934e-01
9.762931466102600098e-01
9.823790788650512695e-01
9.919135570526123047e-01
9.953541755676269531e-01
9.580836892127990723e-01
9.830021858215332031e-01
9.971930980682373047e-01
9.996607303619384766e-01
9.968132972717285156e-01
9.986767768859863281e-01
9.995092153549194336e-01
9.708106517791748047e-01
9.767686724662780762e-01
9.802666902542114258e-01
9.921568632125854492e-01
9.733762741088867188e-01
9.935254454612731934e-01
9.999289512634277344e-01
9.878887534141540527e-01
9.612344503402709961e-01
9.923043847084045410e-01
9.926393032073974609e-01
9.873228073120117188e-01
9.986215829849243164e-01
9.992083311080932617e-01
