8.455328620397127848e-01
8.948913918664822553e-01
6.743769108993896699e-01
7.132449399393337997e-01
8.959682224175105070e-01
3.044053862731044280e-01
3.712688279875482333e-01
8.518367024550500544e-01
9.050637025099533828e-01
9.493930110564599012e-01
8.900555830735427110e-01
8.873162086193377984e-01
8.919506898293128039e-01
9.138697867210094916e-01
7.262915923045232258e-01
6.131784223942636780e-01
7.500380653028304589e-01
7.321001520523657824e-01
5.837490922556474171e-01
9.025921077968982464e-01
9.124294290175805067e-01
9.507773472712590657e-01
9.114823983265802898e-01
9.058075914016137098e-01
8.970855382772592312e-01
8.821842280717996365e-01
9.212183493834275039e-01
8.976301511407095424e-01
9.674550203176645047e-01
9.544206032386193250e-01
8.647092351546654676e-01
8.914724703018481744e-01
9.519427051910986926e-01
9.847784913503206949e-01
9.781528757168695964e-01
9.683979795529291668e-01
8.660702567834120957e-01
5.004355786099600190e-01
8.529840226356799615e-01
9.024367653406583090e-01
9.633056521415710449e-01
4.016192598411670311e-01
4.172180485553466101e-01
9.287214737672072618e-01
9.286221380417163385e-01
8.409738663870555131e-01
9.253621514026935113e-01
8.222248210356786213e-01
6.501831104262516536e-01
8.895935645470252062e-01
5.880356879116823698e-01
9.134336985074557047e-01
3.113200661542717684e-01
9.002145207845247965e-01
8.834964420932990281e-01
9.130255121451157363e-01
9.113314828047385241e-01
8.424907223536417522e-01
7.311136911694819940e-01
8.743253556581643826e-01
6.210929715368995740e-01
7.760599759908822781e-01
8.159501185783972765e-01
9.839541132633502496e-01
8.406010413399109815e-01
7.811624648479315036e-01
9.357992318960336453e-01
9.223427589123065484e-01
6.534490968602207905e-01
8.565718679112334089e-01
9.567778660700871907e-01
9.058388483065825669e-01
9.811979532241821289e-01
9.561878351064828641e-01
6.846823203735626917e-01
6.395599314799675916e-01
5.845986733642908328e-01
9.505949799831097113e-01
9.140053150745538479e-01
8.658037008001253643e-01
8.037906266175783854e-01
4.379775809446492807e-01
9.090776993678166829e-01
7.874291975973531921e-01
8.900999209055533434e-01
8.406565877107473606e-01
6.734621166609801035e-01
6.053294936338295962e-01
9.419665474158066543e-01
8.157316263476297458e-01
8.936614963011100254e-01
7.047167087976748956e-01
9.794919857612023328e-01
9.811233144540053575e-01
9.247627120751601426e-01
9.151228253658001410e-01
9.430816127703740559e-01
9.678213779742901313e-01
9.224458015882052164e-01
8.910035697313455350e-01
9.602949619293212891e-01
