6.581857204437255859e-01
2.850039601325988770e-01
6.997625529766082764e-02
4.520817399024963379e-01
3.464062213897705078e-01
4.030575752258300781e-01
3.035323619842529297e-01
2.767801880836486816e-01
4.454224705696105957e-01
4.831566512584686279e-01
7.719818353652954102e-01
4.711655974388122559e-01
3.934832513332366943e-01
7.264196872711181641e-01
9.999998807907104492e-01
3.184550732839852571e-04
1.401741174049675465e-04
5.419230461120605469e-01
1.678031384944915771e-01
2.992239594459533691e-01
3.721488639712333679e-02
5.994819402694702148e-01
3.760077655315399170e-01
1.685088872909545898e-01
2.701130211353302002e-01
1.324350237846374512e-01
7.800471782684326172e-01
6.687883138656616211e-01
8.046111464500427246e-01
5.881564021110534668e-01
6.926166242919862270e-04
2.695973515510559082e-01
6.794844269752502441e-01
1.417586803436279297e-01
4.450294747948646545e-02
2.097318619489669800e-01
1.677428185939788818e-01
2.372614890336990356e-01
3.497945368289947510e-01
3.579510748386383057e-01
2.721652388572692871e-01
5.624604225158691406e-01
6.599328517913818359e-01
7.178292870521545410e-01
6.282401829957962036e-02
6.749870777130126953e-01
5.186349153518676758e-01
4.970418214797973633e-01
1.956921070814132690e-01
4.570927619934082031e-01
4.250346422195434570e-01
6.301113367080688477e-01
3.520527482032775879e-01
2.019792795181274414e-01
2.507206201553344727e-01
6.662768125534057617e-01
9.999998211860656738e-01
8.189932703971862793e-01
3.847963213920593262e-01
1.948619186878204346e-01
3.582434356212615967e-01
4.309182763099670410e-01
2.068561762571334839e-01
1.054504420608282089e-03
2.553741931915283203e-01
3.505019545555114746e-01
7.099170684814453125e-01
3.550982219167053699e-04
6.570374220609664917e-02
2.354362308979034424e-01
8.553819656372070312e-01
6.103278398513793945e-01
5.901465415954589844e-01
2.687683701515197754e-01
5.876762866973876953e-01
3.273250460624694824e-01
4.731874167919158936e-01
3.899670541286468506e-01
3.384143412113189697e-01
3.131423890590667725e-01
4.044469296932220459e-01
6.328301038593053818e-03
2.531557679176330566e-01
3.774051368236541748e-01
9.632241725921630859e-01
2.856718599796295166e-01
3.626666665077209473e-01
5.161265134811401367e-01
6.627559661865234375e-01
2.938016057014465332e-01
3.027831912040710449e-01
2.665390670299530029e-01
4.464641213417053223e-01
5.125395655632019043e-01
6.946324110031127930e-01
4.219498038291931152e-01
3.666223883628845215e-01
5.833669304847717285e-01
9.696789979934692383e-01
4.712742567062377930e-01
3.489306569099426270e-01
1.034762039780616760e-01
4.878376126289367676e-01
3.431683778762817383e-01
1.629485040903091431e-01
4.205450117588043213e-01
3.667133450508117676e-01
6.221497654914855957e-01
4.806780517101287842e-01
1.138880252838134766e-01
3.366805911064147949e-01
4.757148325443267822e-01
7.237022519111633301e-01
3.761073052883148193e-01
1.038907915353775024e-01
2.302842140197753906e-01
4.378851950168609619e-01
3.960738480091094971e-01
4.140739440917968750e-01
5.202890634536743164e-01
1.150035560131072998e-01
3.295250535011291504e-01
6.652109622955322266e-01
1.197326811961829662e-03
2.055518142879009247e-02
3.917101025581359863e-01
9.898116588592529297e-01
3.837164640426635742e-01
3.035448789596557617e-01
2.214791029691696167e-01
7.199271321296691895e-01
2.300334274768829346e-01
5.600144863128662109e-01
6.675708293914794922e-01
1.768128275871276855e-01
1.989811658859252930e-01
6.389786005020141602e-01
3.168192803859710693e-01
7.683829963207244873e-02
2.755397558212280273e-01
8.363636136054992676e-01
3.171670138835906982e-01
4.074198603630065918e-01
7.804010063409805298e-02
2.727417945861816406e-01
4.297643899917602539e-01
1.609777808189392090e-01
5.578721165657043457e-01
3.165576457977294922e-01
5.438202023506164551e-01
8.159944415092468262e-01
2.889409363269805908e-01
8.184138536453247070e-01
5.051554441452026367e-01
8.868116736412048340e-01
6.803543567657470703e-01
4.031982645392417908e-02
1.055070534348487854e-01
4.452768564224243164e-01
3.307737410068511963e-01
1.785309612751007080e-01
2.346163392066955566e-01
3.674319982528686523e-01
4.680755734443664551e-01
4.695733189582824707e-01
8.150319755077362061e-02
2.085867524147033691e-01
7.191752195358276367e-01
6.617105603218078613e-01
7.265769243240356445e-01
2.153273373842239380e-01
5.934569984674453735e-02
4.249458909034729004e-01
4.371809959411621094e-01
2.313090860843658447e-01
4.010697305202484131e-01
4.756980538368225098e-01
6.150935888290405273e-01
3.600005507469177246e-01
5.539561510086059570e-01
5.458397865295410156e-01
4.348758757114410400e-01
9.999997615814208984e-01
6.006093025207519531e-01
5.689057111740112305e-01
1.640103906393051147e-01
4.822579920291900635e-01
1.923883706331253052e-01
3.618423044681549072e-01
4.287954270839691162e-01
1.347811818122863770e-01
2.153181135654449463e-01
4.851720631122589111e-01
5.946105122566223145e-01
3.618932068347930908e-01
2.353409975767135620e-01
9.903274774551391602e-01
6.680377125740051270e-01
7.932393252849578857e-02
4.113974273204803467e-01
4.987579882144927979e-01
4.241718947887420654e-01
4.455126225948333740e-01
4.916706085205078125e-01
3.710569739341735840e-01
4.536803662776947021e-01
4.697493612766265869e-01
5.873939990997314453e-01
1.106755211949348450e-01
2.477800548076629639e-01
6.865894198417663574e-01
6.422135233879089355e-01
1.750598289072513580e-02
1.480148136615753174e-01
7.072473764419555664e-01
1.993108689785003662e-01
2.841004133224487305e-01
1.259555816650390625e-01
4.905968904495239258e-01
2.458977699279785156e-01
2.161989659070968628e-01
7.130981087684631348e-01
3.548489511013031006e-01
3.150518536567687988e-01
5.376796126365661621e-01
