4.874059259891510010e-01
1.989105343818664551e-01
6.782741844654083252e-02
5.621090531349182129e-01
4.217289686203002930e-01
2.405489385128021240e-01
2.612205743789672852e-01
1.729581058025360107e-01
6.539871692657470703e-01
6.247648000717163086e-01
4.284234642982482910e-01
3.107886910438537598e-01
3.819598555564880371e-01
7.914436459541320801e-01
9.992287158966064453e-01
3.020929034391883761e-05
5.112446378916501999e-04
5.733537673950195312e-01
2.295506745576858521e-01
1.180524006485939026e-01
5.440831929445266724e-02
3.171913921833038330e-01
6.131598353385925293e-01
3.619400262832641602e-01
3.033382892608642578e-01
3.041710257530212402e-01
5.442807674407958984e-01
3.649150431156158447e-01
7.106369733810424805e-01
2.012309283018112183e-01
1.008652616292238235e-03
5.727692842483520508e-01
5.430392026901245117e-01
3.490404486656188965e-01
1.837328635156154633e-02
2.586632072925567627e-01
4.487557113170623779e-01
4.311418533325195312e-01
2.267025113105773926e-01
1.658528596162796021e-01
3.744874596595764160e-01
4.273869693279266357e-01
9.952259063720703125e-01
4.893425703048706055e-01
7.538543641567230225e-02
6.256361007690429688e-01
2.766312360763549805e-01
1.796628683805465698e-01
1.463104337453842163e-01
3.918440341949462891e-01
5.128041505813598633e-01
5.003540515899658203e-01
1.442261934280395508e-01
1.473560929298400879e-01
3.766387328505516052e-02
5.441963076591491699e-01
8.014594316482543945e-01
4.582417011260986328e-01
1.047365814447402954e-01
7.513865083456039429e-02
3.606961667537689209e-01
2.838768661022186279e-01
2.016484290361404419e-01
3.290219174232333899e-04
3.758593499660491943e-01
1.369649916887283325e-01
4.208886623382568359e-01
9.356083464808762074e-04
7.012434303760528564e-02
2.085143327713012695e-01
8.006592392921447754e-01
3.743792176246643066e-01
1.127219349145889282e-01
6.057054921984672546e-02
4.333103597164154053e-01
4.503786191344261169e-02
3.923455476760864258e-01
6.057475209236145020e-01
2.411653548479080200e-01
2.197576165199279785e-01
1.661770492792129517e-01
8.653546124696731567e-02
4.233355224132537842e-01
4.911411404609680176e-01
8.878294229507446289e-01
7.458935976028442383e-01
3.029503822326660156e-01
4.072389006614685059e-01
6.831101775169372559e-01
2.872244119644165039e-01
3.611769676208496094e-01
5.181475281715393066e-01
4.428640604019165039e-01
3.242150843143463135e-01
1.463222205638885498e-01
1.948776543140411377e-01
2.078583389520645142e-01
4.772597849369049072e-01
9.081144928932189941e-01
5.016534328460693359e-01
3.037189245223999023e-01
3.050265908241271973e-01
4.489553868770599365e-01
5.989940762519836426e-01
3.985472321510314941e-01
2.174448370933532715e-01
5.098229646682739258e-01
3.329718708992004395e-01
9.298214316368103027e-02
1.517044603824615479e-01
1.425113976001739502e-01
6.544012427330017090e-01
8.943110704421997070e-01
4.210849702358245850e-01
1.520272195339202881e-01
5.772304162383079529e-02
7.762818038463592529e-02
5.951799750328063965e-01
2.882522642612457275e-01
3.943774104118347168e-01
3.509751558303833008e-01
3.319702148437500000e-01
6.124717593193054199e-01
3.766205918509513140e-04
1.524976640939712524e-01
2.993298768997192383e-01
9.986667633056640625e-01
3.919796347618103027e-01
2.657077312469482422e-01
1.376861929893493652e-01
6.414775252342224121e-01
4.443942904472351074e-01
2.714441716670989990e-01
1.893549859523773193e-01
2.790322005748748779e-01
1.422297358512878418e-01
2.731488049030303955e-01
1.822152584791183472e-01
3.663969933986663818e-01
5.050024390220642090e-01
8.420068621635437012e-01
4.312599897384643555e-01
2.970073223114013672e-01
4.817565679550170898e-01
3.908174335956573486e-01
3.836742639541625977e-01
2.052741646766662598e-01
7.136675715446472168e-01
5.187441706657409668e-01
5.848346352577209473e-01
3.918082118034362793e-01
2.825625836849212646e-01
2.633442282676696777e-01
1.880709975957870483e-01
9.809616208076477051e-01
6.938816308975219727e-01
3.302543237805366516e-02
5.578500404953956604e-02
7.861563563346862793e-01
4.520631730556488037e-01
1.434376090764999390e-01
3.451680541038513184e-01
2.513873875141143799e-01
4.560104012489318848e-01
3.138819336891174316e-01
2.847349643707275391e-02
8.128746598958969116e-02
7.159835696220397949e-01
5.335365533828735352e-01
3.899600505828857422e-01
1.284483075141906738e-01
3.429569005966186523e-01
3.391195237636566162e-01
2.368880212306976318e-01
3.615240454673767090e-01
4.020243287086486816e-01
2.561486959457397461e-01
4.915131330490112305e-01
3.984099924564361572e-01
7.846471667289733887e-01
1.455681771039962769e-01
6.447749137878417969e-01
9.989745020866394043e-01
3.140705823898315430e-01
2.198276668787002563e-02
7.633337378501892090e-02
5.512806773185729980e-01
5.618250966072082520e-01
3.968337774276733398e-01
6.888724863529205322e-02
1.955534219741821289e-01
3.445981442928314209e-01
3.107552826404571533e-01
8.346416354179382324e-01
9.003682062029838562e-03
2.272697389125823975e-01
9.932608604431152344e-01
7.633045911788940430e-01
2.464150339365005493e-01
1.440551877021789551e-01
6.812766790390014648e-01
2.128758132457733154e-01
5.485888719558715820e-01
1.527667492628097534e-01
5.884219408035278320e-01
3.120293915271759033e-01
4.119802415370941162e-01
7.329136133193969727e-01
6.097233667969703674e-02
4.749289453029632568e-01
8.659526109695434570e-01
5.354311466217041016e-01
8.907620608806610107e-02
3.471306860446929932e-01
3.928277790546417236e-01
4.895983338356018066e-01
3.083490431308746338e-01
3.459166884422302246e-01
3.255674242973327637e-01
2.523264586925506592e-01
5.051661729812622070e-01
4.343489408493041992e-01
1.648763567209243774e-01
1.530938744544982910e-01
5.745438337326049805e-01
