2.324152737855911255e-03
9.999999403953552246e-01
7.893024943768978119e-03
1.773740798234939575e-01
6.508159041404724121e-01
9.999924302101135254e-01
3.213616088032722473e-02
4.620086252689361572e-01
9.076797962188720703e-01
9.999637007713317871e-01
9.999710917472839355e-01
9.943443536758422852e-01
9.999997615814208984e-01
5.851346650160849094e-04
9.999999403953552246e-01
5.622675176709890366e-03
8.389507979154586792e-02
6.132856607437133789e-01
9.999697804450988770e-01
1.561184227466583252e-01
4.549920558929443359e-01
7.860831618309020996e-01
9.988294243812561035e-01
9.999704360961914062e-01
9.980884790420532227e-01
9.999995827674865723e-01
3.865318831230979413e-06
1.524171693745302036e-06
9.999999403953552246e-01
1.108429487794637680e-02
2.237646142020821571e-03
9.999999403953552246e-01
1.926319003105163574e-01
6.583661437034606934e-01
5.458789467811584473e-01
9.996250271797180176e-01
9.997825026512145996e-01
9.910185933113098145e-01
9.999979138374328613e-01
3.281774851870977727e-08
1.317434180236887187e-05
9.999999403953552246e-01
5.321990465745329857e-04
3.092336002737283707e-03
9.999959468841552734e-01
3.448978532105684280e-03
4.539715871214866638e-02
6.064252853393554688e-01
9.999748468399047852e-01
9.999909400939941406e-01
9.999660253524780273e-01
1.000000000000000000e+00
5.667756777256727219e-03
8.458007941953837872e-04
9.999998211860656738e-01
9.359116107225418091e-02
6.721560955047607422e-01
9.998963475227355957e-01
3.929264247417449951e-01
8.223561644554138184e-01
3.816908597946166992e-01
9.993445277214050293e-01
9.999930858612060547e-01
9.880753755569458008e-01
8.779553771018981934e-01
8.388623973587527871e-05
2.064832224277779460e-04
1.079436987638473511e-01
4.181144386529922485e-02
9.178712964057922363e-02
6.054712831974029541e-02
1.326700486242771149e-02
6.892452389001846313e-02
1.423526406288146973e-01
2.283338176312099677e-07
3.365493030287325382e-04
1.565265655517578125e-02
2.739395499229431152e-01
1.964289403986185789e-04
6.596779450774192810e-03
9.999998807907104492e-01
1.289993058890104294e-02
1.747242510318756104e-01
7.881451845169067383e-01
9.999907016754150391e-01
2.155896072508767247e-04
1.928726732730865479e-01
9.999998807907104492e-01
9.941611886024475098e-01
9.997262358665466309e-01
9.957789182662963867e-01
1.288499217480421066e-02
2.320431871339678764e-03
1.000000000000000000e+00
3.987950831651687622e-02
2.288872599601745605e-01
7.241417467594146729e-02
9.998618364334106445e-01
1.099307928234338760e-02
4.104792699217796326e-02
9.999071359634399414e-01
1.000000119209289551e+00
9.999998211860656738e-01
9.999966025352478027e-01
4.283615387976169586e-03
4.314778372645378113e-03
9.999996423721313477e-01
3.816928267478942871e-01
4.170569777488708496e-01
7.129675894975662231e-02
9.985359311103820801e-01
3.115041255950927734e-01
4.826319515705108643e-01
9.981710314750671387e-01
9.999715685844421387e-01
9.999997019767761230e-01
1.000000238418579102e+00
2.790212165564298630e-04
5.272538983263075352e-04
4.931377768516540527e-01
6.593230962753295898e-01
1.781585812568664551e-01
1.530148088932037354e-01
1.331234723329544067e-02
6.502171605825424194e-02
1.188143491744995117e-01
5.013934373855590820e-01
2.172865497414022684e-04
3.693270310759544373e-02
5.947562456130981445e-01
4.067087720613926649e-04
4.975933581590652466e-03
9.999974370002746582e-01
4.822739213705062866e-02
6.565364003181457520e-01
5.893324613571166992e-01
9.878478050231933594e-01
2.110710442066192627e-01
4.286667108535766602e-01
7.703152298927307129e-01
9.411252737045288086e-01
9.814291447401046753e-02
9.041085839271545410e-02
2.073820796795189381e-04
1.022471394389867783e-02
9.999973773956298828e-01
2.083955109119415283e-01
3.811293840408325195e-01
6.805160641670227051e-01
9.952564239501953125e-01
1.852891445159912109e-01
5.391523838043212891e-01
9.283196330070495605e-01
9.940791130065917969e-01
8.562000989913940430e-01
8.620315790176391602e-01
1.903967931866645813e-03
2.104320097714662552e-03
9.999995827674865723e-01
2.594242095947265625e-01
8.764827847480773926e-01
7.127519845962524414e-01
9.990749955177307129e-01
1.065783649682998657e-01
8.480724096298217773e-01
5.494565367698669434e-01
9.984259605407714844e-01
9.964380264282226562e-01
9.995708465576171875e-01
5.555075407028198242e-01
9.363569021224975586e-01
5.915144681930541992e-01
7.076051235198974609e-01
6.313437223434448242e-01
9.952701330184936523e-01
7.925885319709777832e-01
9.048274755477905273e-01
8.846371173858642578e-01
9.903763532638549805e-01
9.827921986579895020e-01
9.741222262382507324e-01
1.000000000000000000e+00
9.998518228530883789e-01
8.589341305196285248e-04
5.878045558929443359e-01
4.197155535221099854e-01
3.521119654178619385e-01
2.325651235878467560e-03
1.151763349771499634e-01
7.282283902168273926e-01
2.976833581924438477e-01
6.498474394902586937e-04
3.750196192413568497e-03
1.479702442884445190e-01
2.814278006553649902e-01
3.654932975769042969e-02
2.490269253030419350e-06
9.999196529388427734e-01
1.648471807129681110e-03
1.118236221373081207e-03
9.999852180480957031e-01
2.464128844439983368e-02
7.690151035785675049e-02
3.002566993236541748e-01
9.999674558639526367e-01
9.999576210975646973e-01
9.961704611778259277e-01
9.107786417007446289e-01
6.112949848175048828e-01
2.132254621756146662e-06
9.435182213783264160e-01
3.020739555358886719e-01
9.096901048906147480e-04
9.955011010169982910e-01
6.781024932861328125e-01
9.024067521095275879e-01
7.244458794593811035e-01
9.971669912338256836e-01
9.800193905830383301e-01
9.742570519447326660e-01
1.000000119209289551e+00
7.550226873718202114e-04
1.159260938315260191e-16
9.994190335273742676e-01
8.312774449586868286e-02
8.250604878412559628e-06
3.409579910074178599e-11
3.841290250420570374e-02
2.422087891318369657e-05
6.987130873881142179e-09
1.413150876760482788e-02
4.834893345832824707e-02
6.175294890999794006e-02
5.323457345366477966e-02
1.351076085120439529e-02
1.285084290429949760e-03
9.999994635581970215e-01
1.956888590939342976e-04
3.582102712243795395e-03
4.620252922177314758e-02
9.999996423721313477e-01
1.201789200422354043e-04
1.133989915251731873e-02
1.000000000000000000e+00
8.795332312583923340e-01
9.999839663505554199e-01
9.999939799308776855e-01
1.283566057682037354e-01
4.860760236624628305e-04
9.991915225982666016e-01
8.021079003810882568e-03
1.180948838591575623e-01
4.374663159251213074e-02
9.999792575836181641e-01
6.934399716556072235e-03
3.523108735680580139e-02
9.999870657920837402e-01
7.357478737831115723e-01
8.956107497215270996e-01
9.999765157699584961e-01
3.511455357074737549e-01
1.041501574218273163e-02
9.746881723403930664e-01
1.922938078641891479e-01
5.345067977905273438e-01
3.321373760700225830e-01
9.994440674781799316e-01
5.032914504408836365e-02
1.731954067945480347e-01
9.991685748100280762e-01
9.999682307243347168e-01
9.999996423721313477e-01
1.000000000000000000e+00
1.841558405430987477e-04
2.308698941420330667e-16
9.998408555984497070e-01
5.368749611079692841e-03
2.391660416378726950e-07
4.099844595761847899e-12
9.757298827171325684e-01
9.690399765968322754e-01
5.026067607104778290e-03
2.294771373271942139e-03
9.947258234024047852e-01
9.999809861183166504e-01
9.999997019767761230e-01
3.040554292965680361e-04
7.359878596055035443e-15
9.991447329521179199e-01
6.578376982361078262e-03
2.816955202433746308e-05
4.133085429458560611e-09
9.291154146194458008e-01
2.698103785514831543e-01
8.128980547189712524e-02
6.856818217784166336e-04
7.686710953712463379e-01
8.786462992429733276e-02
8.124160766601562500e-01
1.272499654442071915e-02
6.527784280478954315e-04
9.839498400688171387e-01
5.178496241569519043e-02
5.983585119247436523e-02
1.583729386329650879e-01
9.906802177429199219e-01
3.624128177762031555e-02
5.571551993489265442e-02
3.166363239288330078e-01
9.962620735168457031e-01
9.674079418182373047e-01
2.615139186382293701e-01
3.642942011356353760e-02
2.081433311104774475e-03
9.969025850296020508e-01
1.599604077637195587e-02
7.822886854410171509e-02
3.100702464580535889e-01
9.999673962593078613e-01
2.105259336531162262e-03
2.981246449053287506e-02
1.886306554079055786e-01
9.997297525405883789e-01
9.999850988388061523e-01
9.999999403953552246e-01
9.999124407768249512e-01
8.515782952308654785e-01
3.679334819316864014e-01
9.956448078155517578e-01
4.586618840694427490e-01
4.619466490112245083e-04
3.434434905648231506e-02
9.431148171424865723e-01
8.681228160858154297e-01
1.034161890856921673e-03
9.436826221644878387e-03
5.008725523948669434e-01
1.000000000000000000e+00
3.106144964694976807e-01
4.480418562889099121e-01
9.982546567916870117e-01
5.952877998352050781e-01
7.137499451637268066e-01
9.995092749595642090e-01
6.355650424957275391e-01
4.092262685298919678e-01
7.031534314155578613e-01
9.971489906311035156e-01
9.997715353965759277e-01
9.697830080986022949e-01
9.996904134750366211e-01
7.833390831947326660e-01
7.546878457069396973e-01
8.816512227058410645e-01
4.899920225143432617e-01
1.998995197936892509e-03
9.884151220321655273e-01
7.913674116134643555e-01
8.825260996818542480e-01
5.009177327156066895e-01
9.897962212562561035e-01
9.757580757141113281e-01
9.677794575691223145e-01
9.972407221794128418e-01
7.313035726547241211e-01
5.629210472106933594e-01
8.685250878334045410e-01
8.255690336227416992e-01
8.909225463867187500e-01
9.324716925621032715e-01
9.241848587989807129e-01
9.970072507858276367e-01
8.503691554069519043e-01
9.627961516380310059e-01
9.762092232704162598e-01
9.296610951423645020e-01
9.999998807907104492e-01
5.221297964453697205e-03
3.713678233907558024e-05
9.980192780494689941e-01
3.358168303966522217e-01
4.387588123790919781e-04
9.313833260193860042e-09
3.086777925491333008e-01
9.706874843686819077e-04
3.215356628061272204e-06
8.310431987047195435e-02
2.189524620771408081e-01
8.369337022304534912e-02
9.068071842193603516e-02
6.772392988204956055e-02
6.759335845708847046e-02
9.998164772987365723e-01
6.536253541707992554e-02
3.517963588237762451e-01
5.398052930831909180e-01
9.999921321868896484e-01
4.010081291198730469e-02
2.843408584594726562e-01
9.999970197677612305e-01
9.999893307685852051e-01
9.993903636932373047e-01
9.992846846580505371e-01
5.603070855140686035e-01
4.803597927093505859e-01
9.326890707015991211e-01
2.939168214797973633e-01
4.622662365436553955e-01
6.969827413558959961e-01
9.971408843994140625e-01
4.039110243320465088e-02
6.520076394081115723e-01
9.971994757652282715e-01
9.999992251396179199e-01
9.999924302101135254e-01
9.968736767768859863e-01
3.029833734035491943e-01
8.605486899614334106e-02
9.790541529655456543e-01
2.535529434680938721e-01
1.752494275569915771e-01
6.390789896249771118e-02
9.984833002090454102e-01
3.800239861011505127e-01
6.006568297743797302e-02
9.937341213226318359e-01
9.999686479568481445e-01
1.000000000000000000e+00
9.999986886978149414e-01
2.361577702686190605e-03
5.321716344042215496e-06
9.988393783569335938e-01
2.406785823404788971e-02
1.889252234832383692e-05
1.575974351020192898e-09
9.783779382705688477e-01
9.743298888206481934e-01
1.451162062585353851e-02
8.502529934048652649e-03
9.959102869033813477e-01
9.999507665634155273e-01
9.999989867210388184e-01
4.348421469330787659e-03
1.603533019078895450e-05
9.966138005256652832e-01
9.101369231939315796e-02
2.990823239088058472e-03
2.207509766094517545e-07
9.008587002754211426e-01
5.941234230995178223e-01
6.437583565711975098e-01
1.800696365535259247e-03
5.619898438453674316e-01
7.103407979011535645e-01
8.425016403198242188e-01
1.254201084375381470e-01
2.406895346939563751e-02
9.713842868804931641e-01
3.346126154065132141e-02
2.128796726465225220e-01
2.294774204492568970e-01
9.690923094749450684e-01
2.890670895576477051e-01
4.076135754585266113e-01
7.802543044090270996e-01
9.463938474655151367e-01
7.634805440902709961e-01
7.510743737220764160e-01
9.633914381265640259e-02
1.150717437267303467e-01
9.821884632110595703e-01
2.222738415002822876e-01
4.281222522258758545e-01
4.755384325981140137e-01
9.971525669097900391e-01
8.960000425577163696e-02
5.092185139656066895e-01
3.545337617397308350e-01
9.905567169189453125e-01
9.992658495903015137e-01
9.999830126762390137e-01
9.999973177909851074e-01
9.999999403953552246e-01
9.515047669410705566e-01
5.320966243743896484e-01
9.936991930007934570e-01
1.878335496030558716e-07
4.690462723374366760e-03
5.149198770523071289e-01
9.700959920883178711e-01
8.720606875511904832e-11
1.781741855666041374e-03
7.263069748878479004e-01
1.000000119209289551e+00
9.999796152114868164e-01
9.544400572776794434e-01
9.845883250236511230e-01
3.875292092561721802e-02
9.838535189628601074e-01
1.395862818753812462e-05
1.493729418143630028e-03
2.637431723996996880e-03
9.854562878608703613e-01
1.658123102970421314e-03
1.063460367731750011e-04
7.320404052734375000e-02
9.925131201744079590e-01
9.999964237213134766e-01
9.901422858238220215e-01
7.702477574348449707e-01
1.522095650434494019e-01
9.962391257286071777e-01
1.302374410443007946e-03
1.051744725555181503e-02
9.968668818473815918e-01
1.098896339535713196e-01
2.301073633134365082e-03
1.087234243750572205e-01
9.553780555725097656e-01
9.834125638008117676e-01
1.000000000000000000e+00
9.986250400543212891e-01
9.912731051445007324e-01
4.549674224108457565e-03
1.351979523897171021e-01
9.995564818382263184e-01
5.397975910454988480e-03
4.195700585842132568e-02
9.994120001792907715e-01
4.020339983981102705e-04
7.259441167116165161e-02
1.301144659519195557e-01
1.000000119209289551e+00
9.999998807907104492e-01
9.988044500350952148e-01
9.988760352134704590e-01
1.935690292157232761e-03
9.561691433191299438e-03
9.999976754188537598e-01
3.145687920216855282e-12
5.541740451008081436e-03
1.000000238418579102e+00
3.263172621004173379e-09
1.989092015719506890e-05
8.065388351678848267e-02
9.999985694885253906e-01
9.999998211860656738e-01
9.950376152992248535e-01
9.739353060722351074e-01
2.983480319380760193e-02
5.041363835334777832e-01
9.999995231628417969e-01
9.409023448824882507e-03
3.512732684612274170e-03
9.999988675117492676e-01
2.630733419209718704e-03
1.462485874071717262e-03
3.102228604257106781e-02
9.999861717224121094e-01
1.000000000000000000e+00
9.747533798217773438e-01
6.825577020645141602e-01
3.213869631290435791e-01
9.783810377120971680e-01
2.629058063030242920e-01
1.063636783510446548e-02
3.776886686682701111e-02
8.617929816246032715e-01
1.631301012821495533e-03
1.173625886440277100e-01
9.321896433830261230e-01
5.745589733123779297e-01
1.000000000000000000e+00
9.980880618095397949e-01
9.903784990310668945e-01
1.012207567691802979e-02
1.407539695501327515e-01
9.995613694190979004e-01
2.965366584248840809e-04
8.829164318740367889e-03
7.087080925703048706e-02
9.996458292007446289e-01
2.164222449064254761e-01
2.054185718297958374e-01
1.000000000000000000e+00
9.999998807907104492e-01
9.989842176437377930e-01
9.970129728317260742e-01
4.508131183683872223e-03
1.424406934529542923e-02
6.095365285873413086e-01
1.356829955057037296e-07
2.586089540272951126e-04
1.367000676691532135e-02
4.469956755638122559e-01
1.725966591870076172e-09
6.844747811555862427e-02
1.056779101490974426e-01
9.999997615814208984e-01
9.987111091613769531e-01
9.963880181312561035e-01
5.175249185413122177e-03
1.612749509513378143e-02
9.999770522117614746e-01
7.339789220850434504e-08
9.714573388919234276e-05
8.603486232459545135e-03
9.999998807907104492e-01
7.908204757711700950e-09
1.177240420702219126e-07
9.999998807907104492e-01
9.999998807907104492e-01
9.971604347229003906e-01
9.711733460426330566e-01
1.140833124518394470e-01
5.974892973899841309e-01
9.863772392272949219e-01
8.904268179321661592e-05
1.554192416369915009e-02
3.799763619899749756e-01
9.797456264495849609e-01
3.113041166216135025e-04
1.161587610840797424e-01
6.416092514991760254e-01
7.996200919151306152e-01
9.216805696487426758e-01
9.523078799247741699e-01
9.125223755836486816e-01
9.124352335929870605e-01
9.803368449211120605e-01
4.255954176187515259e-02
2.413008511066436768e-01
9.310656189918518066e-01
9.993199706077575684e-01
9.741809368133544922e-01
3.611411452293395996e-01
9.922744035720825195e-01
9.454527497291564941e-01
9.825043082237243652e-01
8.704591989517211914e-01
6.556386351585388184e-01
8.629108667373657227e-01
9.799344539642333984e-01
5.383343696594238281e-01
8.763405084609985352e-01
1.788273006677627563e-01
9.829937219619750977e-01
8.673196434974670410e-01
9.197694063186645508e-01
7.720006704330444336e-01
9.988474845886230469e-01
9.988705515861511230e-01
9.950369000434875488e-01
1.204528030939400196e-03
7.488171011209487915e-02
9.985454082489013672e-01
1.070490758866071701e-02
5.656013637781143188e-02
9.940261840820312500e-01
6.536936325574060902e-07
2.081103390082716942e-03
4.740415886044502258e-02
9.952732920646667480e-01
7.611965537071228027e-01
7.866238951683044434e-01
9.496048688888549805e-01
8.275679945945739746e-01
6.371886003762483597e-03
8.608806133270263672e-01
9.970080256462097168e-01
3.944427240639925003e-03
5.223256945610046387e-01
9.999280571937561035e-01
9.988663792610168457e-01
8.945959806442260742e-01
4.851545095443725586e-01
8.753214478492736816e-01
9.464198350906372070e-01
9.071009159088134766e-01
9.461562037467956543e-01
3.125719353556632996e-02
7.582683563232421875e-01
9.964097142219543457e-01
9.447272121906280518e-02
1.928932070732116699e-01
9.992809295654296875e-01
9.999237060546875000e-01
9.996420145034790039e-01
9.952643513679504395e-01
9.672307968139648438e-01
9.767185449600219727e-01
8.657253980636596680e-01
9.562863707542419434e-01
9.448436498641967773e-01
9.112130999565124512e-01
9.889159798622131348e-01
6.246449947357177734e-01
5.616499185562133789e-01
9.978747963905334473e-01
9.806035757064819336e-01
9.585519433021545410e-01
9.615797996520996094e-01
9.970650672912597656e-01
9.975228309631347656e-01
9.925501346588134766e-01
1.556751783937215805e-02
1.981851756572723389e-01
9.972181320190429688e-01
1.640408590901643038e-04
1.383695099502801895e-02
1.096399128437042236e-01
9.934164285659790039e-01
1.527486019767820835e-03
4.629615694284439087e-02
9.918566346168518066e-01
9.145807623863220215e-01
9.911898970603942871e-01
9.916083812713623047e-01
6.651639342308044434e-01
9.044044651091098785e-03
9.142855405807495117e-01
2.753743231296539307e-01
2.902147360146045685e-02
2.178062684834003448e-02
7.490357160568237305e-01
1.856942474842071533e-01
1.552356297906953841e-05
3.304808586835861206e-02
9.168503284454345703e-01
9.642549157142639160e-01
9.873142838478088379e-01
4.650312662124633789e-01
3.247420862317085266e-02
9.334743022918701172e-01
1.839198172092437744e-01
1.240074187517166138e-01
8.688487857580184937e-02
7.553253173828125000e-01
7.565483450889587402e-01
1.709534414112567902e-02
6.721810698509216309e-01
9.370340108871459961e-01
9.646347761154174805e-01
9.668281078338623047e-01
7.127710580825805664e-01
5.368648171424865723e-01
9.607103466987609863e-01
9.745339751243591309e-01
6.644905805587768555e-01
7.313290238380432129e-01
8.304398655891418457e-01
9.948939681053161621e-01
8.257742524147033691e-01
8.633939027786254883e-01
9.637576341629028320e-01
9.332957863807678223e-01
9.609896540641784668e-01
3.924690186977386475e-01
4.204366803169250488e-01
8.263109326362609863e-01
9.396631121635437012e-01
7.818348407745361328e-01
2.532733976840972900e-01
9.867225885391235352e-01
9.777486920356750488e-01
9.946724176406860352e-01
9.363188147544860840e-01
1.116756536066532135e-02
3.321997588500380516e-03
6.410961039364337921e-03
9.966030716896057129e-01
2.934943139553070068e-01
9.462817160965641961e-07
2.424421310424804688e-01
4.925248795188963413e-04
1.561243493597430643e-06
5.368170142173767090e-02
3.344511091709136963e-01
7.843401432037353516e-01
9.030527472496032715e-01
9.435785561800003052e-02
2.884247303009033203e-01
4.218928515911102295e-01
9.996613264083862305e-01
1.350023150444030762e-01
3.009569272398948669e-02
9.999872446060180664e-01
1.494124153396114707e-04
2.303745970129966736e-02
9.999998807907104492e-01
9.997470974922180176e-01
9.998533129692077637e-01
9.947636127471923828e-01
6.771131753921508789e-01
8.175537586212158203e-01
7.978578209877014160e-01
9.030875563621520996e-01
2.984229326248168945e-01
5.938145518302917480e-01
9.953529834747314453e-01
8.619171380996704102e-02
4.074395596981048584e-01
9.995075464248657227e-01
9.999977350234985352e-01
9.999886751174926758e-01
9.925986528396606445e-01
3.717618584632873535e-01
5.917080640792846680e-01
6.973482370376586914e-01
9.679785370826721191e-01
2.794638574123382568e-01
5.025910735130310059e-01
9.994391202926635742e-01
6.682094931602478027e-02
1.628602668642997742e-02
9.989966154098510742e-01
9.999987483024597168e-01
1.000000000000000000e+00
8.600829839706420898e-01
3.259428078308701515e-03
4.417852615006268024e-04
8.193515241146087646e-03
9.985458254814147949e-01
1.766209304332733154e-02
5.666471406584605575e-05
9.133852124214172363e-01
9.999560713768005371e-01
3.407448828220367432e-01
2.409696877002716064e-01
9.438230395317077637e-01
4.129971563816070557e-01
9.968123435974121094e-01
3.566711442545056343e-03
1.446482347091659904e-04
5.196027341298758984e-04
9.808437824249267578e-01
5.790185928344726562e-02
3.199834736733464524e-06
6.467700004577636719e-01
7.353072762489318848e-01
6.772701144218444824e-01
2.301596254110336304e-01
5.672243833541870117e-01
5.419327020645141602e-01
1.338281631469726562e-01
2.854047119617462158e-01
5.015685558319091797e-01
6.648085117340087891e-01
8.362854719161987305e-01
1.254262179136276245e-01
1.961903125047683716e-01
9.579499959945678711e-01
3.829428181052207947e-02
4.144576564431190491e-02
1.384613215923309326e-01
9.971540570259094238e-01
9.758204817771911621e-01
1.420863717794418335e-01
1.241485103964805603e-01
2.704480290412902832e-01
3.865115642547607422e-01
9.814845323562622070e-01
5.259646102786064148e-02
1.790140718221664429e-01
9.997691512107849121e-01
1.508654188364744186e-02
1.997780241072177887e-02
6.936113536357879639e-02
9.991377592086791992e-01
9.999924302101135254e-01
1.000000000000000000e+00
6.503421664237976074e-01
7.348161935806274414e-01
7.516966462135314941e-01
8.128011822700500488e-01
9.791951775550842285e-01
3.870490491390228271e-01
9.882490634918212891e-01
7.009202986955642700e-02
3.632111474871635437e-05
1.755181103944778442e-01
9.724365472793579102e-01
5.080081820487976074e-01
1.576402410864830017e-02
6.426943540573120117e-01
7.741497755050659180e-01
8.805539011955261230e-01
9.976416826248168945e-01
5.880014896392822266e-01
4.645528793334960938e-01
9.991117119789123535e-01
4.117497205734252930e-01
6.706222891807556152e-02
9.999870657920837402e-01
9.999126791954040527e-01
9.915766716003417969e-01
9.967762827873229980e-01
9.235408306121826172e-01
9.708387255668640137e-01
9.157956242561340332e-01
5.365787744522094727e-01
6.466723680496215820e-01
9.308655858039855957e-01
9.204292893409729004e-01
8.452450037002563477e-01
2.715902868658304214e-03
9.835939407348632812e-01
9.998757839202880859e-01
9.954066872596740723e-01
9.870007038116455078e-01
9.378427267074584961e-01
8.586956858634948730e-01
7.140013575553894043e-01
7.359988689422607422e-01
9.078428149223327637e-01
9.652153849601745605e-01
6.965500116348266602e-01
9.778690338134765625e-01
8.360008001327514648e-01
9.257946014404296875e-01
9.973981976509094238e-01
9.999966025352478027e-01
9.669662714004516602e-01
2.223835438489913940e-01
2.995917201042175293e-01
4.470559060573577881e-01
9.823040366172790527e-01
2.711620330810546875e-01
1.848912537097930908e-01
8.326805830001831055e-01
9.996510148048400879e-01
3.026693128049373627e-02
3.402267466299235821e-04
9.001060724258422852e-01
9.770016074180603027e-01
9.990669488906860352e-01
3.555181026458740234e-01
3.420006930828094482e-01
4.630837142467498779e-01
9.457118511199951172e-01
6.456493139266967773e-01
6.595941185951232910e-01
5.475544929504394531e-01
9.143543839454650879e-01
9.939956665039062500e-01
1.460002921521663666e-02
1.536048762500286102e-02
9.784928560256958008e-01
9.901424646377563477e-01
9.722880125045776367e-01
9.773096442222595215e-01
9.696852564811706543e-01
4.373078942298889160e-01
2.505901455879211426e-01
2.707431614398956299e-01
2.978427708148956299e-01
7.624096423387527466e-02
9.217865765094757080e-02
7.076171785593032837e-02
3.595866262912750244e-01
1.852485723793506622e-02
2.211762219667434692e-02
8.736669421195983887e-01
8.963485360145568848e-01
8.210616111755371094e-01
7.333866357803344727e-01
8.712309598922729492e-01
9.560241103172302246e-01
9.912935495376586914e-01
9.599046707153320312e-01
9.682236313819885254e-01
2.805162966251373291e-01
9.795668125152587891e-01
9.975372552871704102e-01
9.997019767761230469e-01
9.932969808578491211e-01
9.912372231483459473e-01
9.938410520553588867e-01
3.221686184406280518e-02
1.894835382699966431e-02
2.333614975214004517e-02
9.999775290489196777e-01
1.214986387640237808e-02
9.999999403953552246e-01
1.797211091059125465e-08
6.647699046880006790e-05
1.252124309539794922e-01
1.000000000000000000e+00
9.972157478332519531e-01
9.961125850677490234e-01
9.923028945922851562e-01
4.317047540098428726e-03
1.091302279382944107e-02
2.024385891854763031e-02
9.999940991401672363e-01
8.024678390938788652e-05
9.999837875366210938e-01
7.051476131891831756e-07
1.370773970847949386e-04
4.363100603222846985e-02
9.999927878379821777e-01
9.976015686988830566e-01
9.958530068397521973e-01
9.885267019271850586e-01
4.916598089039325714e-03
1.564772240817546844e-02
3.136930465698242188e-01
9.943610429763793945e-01
2.267693914473056793e-02
3.590357601642608643e-01
6.704413681291043758e-04
1.127623543143272400e-01
7.995711565017700195e-01
4.963620901107788086e-01
8.425471782684326172e-01
9.008744955062866211e-01
8.977957367897033691e-01
7.723646163940429688e-01
9.579560756683349609e-01
9.079185724258422852e-01
4.975806176662445068e-01
9.528768658638000488e-01
6.408301591873168945e-01
1.297359764575958252e-01
9.859399199485778809e-01
9.887128472328186035e-01
7.302893400192260742e-01
9.825095534324645996e-01
9.848437905311584473e-01
9.929819107055664062e-01
2.094139307737350464e-01
2.432556748390197754e-01
5.112052708864212036e-02
9.924864172935485840e-01
7.103195786476135254e-02
7.236944884061813354e-02
9.999740123748779297e-01
3.605344682000577450e-04
3.203156171366572380e-03
9.986615180969238281e-01
9.973676800727844238e-01
9.963129758834838867e-01
9.929077625274658203e-01
4.733116365969181061e-03
9.120135568082332611e-03
2.706541866064071655e-02
9.998804330825805664e-01
3.441307926550507545e-04
1.966201700270175934e-02
9.999862909317016602e-01
3.834331891994224861e-06
1.186670036986470222e-03
1.768744550645351410e-02
9.027509093284606934e-01
9.563979506492614746e-01
9.507219195365905762e-01
7.275881767272949219e-01
2.947579622268676758e-01
1.751483827829360962e-01
9.993275403976440430e-01
9.334233403205871582e-01
9.690260291099548340e-01
9.978480339050292969e-01
9.945585727691650391e-01
9.748008847236633301e-01
9.868386387825012207e-01
8.576635122299194336e-01
9.118873476982116699e-01
9.628393650054931641e-01
9.474441409111022949e-01
4.760880470275878906e-01
5.648579597473144531e-01
9.995171427726745605e-01
9.875348210334777832e-01
4.039274752140045166e-01
9.998162388801574707e-01
9.995348453521728516e-01
9.906384348869323730e-01
9.875931143760681152e-01
9.905673861503601074e-01
9.904850721359252930e-01
9.926288723945617676e-01
1.334047466516494751e-01
5.665528029203414917e-02
3.425112366676330566e-02
9.998892545700073242e-01
1.451044226996600628e-03
3.621443361043930054e-02
9.998647570610046387e-01
1.261112192878499627e-04
1.377453655004501343e-01
9.891180992126464844e-01
9.354166388511657715e-01
9.805731773376464844e-01
9.834440946578979492e-01
9.367943406105041504e-01
4.843574166297912598e-01
9.945995360612869263e-02
3.725716173648834229e-01
6.577683091163635254e-01
2.332533185835927725e-04
4.289906471967697144e-02
6.934489607810974121e-01
4.550867743091657758e-06
2.732583554461598396e-03
7.686284184455871582e-01
9.516385197639465332e-01
9.845969676971435547e-01
9.113716483116149902e-01
4.620043933391571045e-01
3.325717151165008545e-01
9.324340224266052246e-01
5.082625746726989746e-01
5.842820391990244389e-04
1.289588809013366699e-01
8.167541027069091797e-01
3.536962866783142090e-01
1.050107064656913280e-03
6.551902294158935547e-01
7.882212996482849121e-01
9.076492786407470703e-01
9.562721848487854004e-01
5.208738446235656738e-01
4.159703552722930908e-01
9.937728047370910645e-01
9.980955719947814941e-01
9.535235166549682617e-02
9.579931497573852539e-01
9.996218681335449219e-01
9.985182285308837891e-01
8.209426403045654297e-01
9.421168565750122070e-01
9.653464555740356445e-01
7.018936276435852051e-01
3.494738936424255371e-01
6.502045392990112305e-01
9.902339577674865723e-01
9.999475479125976562e-01
6.239247322082519531e-01
8.321772813796997070e-01
9.473399519920349121e-01
9.993070363998413086e-01
9.997819066047668457e-01
9.987413883209228516e-01
9.931952357292175293e-01
9.908273220062255859e-01
9.855436682701110840e-01
1.241047680377960205e-02
3.000078164041042328e-02
9.678608924150466919e-02
9.999312162399291992e-01
1.702396984910592437e-04
8.887738804332911968e-04
9.999102354049682617e-01
1.735769474180415273e-04
1.164507791399955750e-01
9.999610185623168945e-01
7.667437195777893066e-01
9.727973937988281250e-01
9.707603454589843750e-01
8.857342004776000977e-01
4.189819991588592529e-01
2.213297039270401001e-01
8.703919053077697754e-01
7.026630043983459473e-01
3.291636705398559570e-01
3.183032572269439697e-02
6.792104244232177734e-01
9.993357252824353054e-07
2.570731332525610924e-03
7.234860658645629883e-01
9.085791110992431641e-01
9.274483323097229004e-01
6.132720708847045898e-01
4.588967859745025635e-01
4.529140591621398926e-01
9.954652190208435059e-01
4.551141858100891113e-01
2.904727756977081299e-01
9.820218086242675781e-01
9.378349184989929199e-01
3.687146604061126709e-01
9.236484766006469727e-01
8.663830161094665527e-01
9.558012485504150391e-01
9.377242922782897949e-01
5.308328270912170410e-01
4.063366055488586426e-01
8.744568228721618652e-01
9.994162321090698242e-01
7.345706224441528320e-01
5.563180446624755859e-01
9.980226159095764160e-01
9.772509336471557617e-01
9.986791610717773438e-01
9.999933838844299316e-01
9.929429888725280762e-01
9.840257167816162109e-01
9.760881066322326660e-01
2.129233814775943756e-02
7.792734354734420776e-02
6.941481232643127441e-01
9.646397829055786133e-01
8.160822326317429543e-04
5.841602757573127747e-02
7.225659489631652832e-01
7.225727196782827377e-03
6.276343464851379395e-01
1.784723699092864990e-01
9.508328437805175781e-01
9.758151769638061523e-01
9.821050167083740234e-01
9.317731857299804688e-01
3.166395425796508789e-01
1.267042458057403564e-01
9.941233396530151367e-01
8.805018663406372070e-01
3.832429051399230957e-01
3.842964768409729004e-02
6.596535444259643555e-01
4.328842274844646454e-03
7.822875864803791046e-03
8.858388066291809082e-01
7.739336490631103516e-01
3.750533163547515869e-01
5.758518576622009277e-01
9.260821342468261719e-01
9.864678382873535156e-01
5.669707059860229492e-01
7.277624607086181641e-01
9.462766647338867188e-01
9.937855005264282227e-01
9.042807817459106445e-01
9.460408687591552734e-01
1.000000000000000000e+00
4.706179201602935791e-01
3.819298744201660156e-01
5.294205546379089355e-01
9.543752074241638184e-01
8.735324144363403320e-01
8.364335894584655762e-01
1.019722744822502136e-01
5.832697153091430664e-01
9.192105531692504883e-01
9.983556866645812988e-01
1.885939091444015503e-01
9.882289767265319824e-01
9.999999403953552246e-01
9.635851383209228516e-01
9.587361216545104980e-01
9.673913717269897461e-01
4.387764334678649902e-01
5.654819607734680176e-01
3.144970536231994629e-01
9.977357983589172363e-01
3.994708880782127380e-02
3.754167258739471436e-01
1.732995063066482544e-01
9.999931454658508301e-01
1.433334685862064362e-02
9.999892115592956543e-01
9.909126162528991699e-01
9.874678850173950195e-01
9.831264019012451172e-01
2.233838476240634918e-02
4.635706916451454163e-02
1.684038639068603516e-01
9.991547465324401855e-01
9.678181377239525318e-04
1.145650632679462433e-02
1.399206370115280151e-01
9.997724294662475586e-01
5.104858428239822388e-04
7.100407965481281281e-03
9.322111010551452637e-01
9.519211649894714355e-01
9.669484496116638184e-01
8.725810050964355469e-01
3.767952322959899902e-01
3.585892617702484131e-01
8.428928852081298828e-01
9.651980400085449219e-01
1.576454639434814453e-01
2.263363450765609741e-01
9.206118583679199219e-01
8.594502210617065430e-01
1.303962767124176025e-01
9.686577916145324707e-01
9.844591617584228516e-01
9.838463068008422852e-01
8.935531377792358398e-01
2.048144936561584473e-01
4.770085588097572327e-02
7.553138136863708496e-01
8.698604702949523926e-01
4.429366886615753174e-01
1.233382429927587509e-02
5.937582254409790039e-01
6.060448288917541504e-01
3.600527634262107313e-05
7.804560065269470215e-01
9.641327261924743652e-01
9.782729744911193848e-01
9.396303296089172363e-01
4.660560786724090576e-01
3.617038726806640625e-01
9.985570311546325684e-01
7.014187574386596680e-01
4.284036457538604736e-01
3.617823719978332520e-01
9.991067051887512207e-01
7.272048592567443848e-01
9.519016742706298828e-02
