2.606600374699785116e-01
3.373970575787377801e-01
3.072687552769454156e-01
2.372688557254574448e-01
1.935951290405892589e-01
2.172314473360084652e-01
3.104319410810533753e-01
2.882582248902718636e-01
2.426624896565604539e-01
2.584898950433573428e-01
1.964195964823235163e-01
2.571531645058152682e-01
3.079091871499818334e-01
3.298583598091052171e-01
1.015691243346037304e-01
2.729330032112345372e-01
2.454254965435740676e-01
2.277862404455215928e-01
2.728642901280321498e-01
2.140086914990276257e-01
2.879924622830003500e-01
3.455582827949771341e-01
2.708975337076341416e-01
2.836858166757827981e-01
2.754539863975739022e-01
2.060672610179888342e-01
3.491306230425834656e-01
3.169686929289197708e-01
4.229289350601342923e-01
2.253608463976818910e-01
3.687354704508414849e-01
3.228475210758355862e-01
3.378584121282284247e-01
3.761490079072805637e-01
3.690781805377740254e-01
4.046698992068951117e-01
2.568967990004099589e-01
2.298634185267525998e-01
2.146214573851046581e-01
1.392794589203101840e-01
2.639636375761955644e-01
2.428188337712689771e-01
2.010234309433634181e-01
1.614829767698980623e-01
2.273018807707278266e-01
2.246582313147812981e-01
1.612893589016703710e-01
2.532459880777213623e-01
4.514897523018029935e-01
3.301100269533120413e-01
2.472884047012109121e-01
3.614777395358452217e-01
3.770579225741900187e-01
3.621930765131345376e-01
3.520350851691685934e-01
2.440093282180336720e-01
3.131885368090409627e-01
3.672401497427087436e-01
3.248090179493793861e-01
3.944671200089522878e-01
3.563047340856148604e-01
3.612079428365597145e-01
2.800385519289053660e-01
3.222517665618887528e-01
3.370668414645479061e-01
4.011509361175390476e-01
3.737016308766145101e-01
2.871434718321185242e-01
4.922005095734046098e-01
2.358855131583718068e-01
3.235340359119268649e-01
4.385306571538631903e-01
3.369444545644980082e-01
3.643768509993186577e-01
3.085337613637630927e-01
2.744598177691491836e-01
3.111455640576493153e-01
2.074863916269665542e-01
3.351231526869993815e-01
2.497004243814444635e-01
2.093408444516871303e-01
3.590017591531460273e-01
3.853338796358842244e-01
2.842278880725643830e-01
3.045384951938803209e-01
3.713897357766444696e-01
2.481538166220371433e-01
4.254676424540005941e-01
3.345976881682872772e-01
2.903729793973840456e-01
3.511805462722594751e-01
3.269607295783666379e-01
3.146384249512965692e-01
2.580017270520329475e-01
3.852342632240973730e-01
3.744830391727961283e-01
4.168558172308481913e-01
2.807332568157177577e-01
3.894665688276290894e-01
2.813940879244070659e-01
2.835259629556766137e-01
