5.462193786157653053e-01
5.411913498873428541e-01
4.893914848775820503e-01
4.646657409494843183e-01
4.329076438708188146e-01
8.765474906279342032e-03
4.680773367995593182e-01
4.637153194053098559e-01
5.558531521259842956e-01
4.730002308301314157e-02
3.081244359077223161e-01
5.380961503598462592e-01
5.618336835132839990e-01
7.998441411898686848e-01
1.198202471429025417e-01
4.708423466858321915e-01
6.427201841676544181e-01
7.936443794400861729e-02
3.511995863730058565e-01
3.162737807377617449e-01
5.449081044823217423e-01
3.642846862479933723e-01
2.479483374001654472e-01
3.172512078398050384e-01
3.971487869544384486e-01
4.832723459431480517e-01
6.140196690192589735e-01
7.385493245898172576e-01
8.297246923813452746e-01
8.995592930471132953e-02
5.272106667980551720e-01
6.079746195330069103e-01
5.311398007548772116e-01
3.231035291499202433e-01
2.891002917554721940e-01
4.608631902016125936e-01
5.492232854549701226e-01
5.192734993987955239e-01
4.250422671574894395e-01
4.925217375894135330e-01
4.805687023803758562e-01
4.009469358950009110e-01
4.890024521905266264e-01
4.648299586842767894e-01
4.970610320411966709e-01
2.400045632985975952e-01
4.482310859799899516e-01
4.999169880561217250e-01
7.150808567037949537e-01
6.748165952471586460e-01
4.703800224885740788e-01
6.029585676196103083e-01
7.101973584638192616e-01
7.720302882102819675e-01
4.811822366974682352e-01
3.115796734519099553e-01
4.722106539142819637e-01
7.392132855378664713e-01
7.410293840445004721e-01
1.037605732179198575e-01
4.948561499552922016e-01
6.911826145190459458e-01
5.740569387685704461e-01
3.833314363292244509e-01
2.874835713322782538e-01
4.126302950943891990e-01
4.485987986867817634e-01
4.125386183821739272e-01
6.921763765768935706e-01
8.005617163916423085e-01
8.202602301652615058e-01
4.179446150172644869e-01
5.430002224703247560e-01
3.577075026069695962e-01
8.522915484813543552e-01
4.501149273161949016e-01
4.617355173165282323e-01
4.222918514225632025e-01
6.699968192439812453e-01
3.713840495069095082e-01
3.870266874336172336e-01
7.522401809692382812e-01
7.965642374295455186e-01
3.618310490346970387e-01
4.249554022584919322e-01
4.730208705236341737e-01
7.100661803896610724e-01
8.141966553834768527e-01
4.671592296086041207e-01
4.880986506291105642e-01
6.581490670259182441e-01
8.171382592274591961e-01
4.343945330127518267e-01
5.122373470355972014e-01
8.085399017884180584e-01
6.437202405471068589e-01
5.514231591413800704e-01
4.089933683381576923e-01
5.494317046294991957e-01
4.761836179119339763e-01
6.670996506626789557e-01
