3.456591221038252115e-04
6.056807041168212891e-01
3.866243362426757812e-01
4.340966418385505676e-02
2.191273421049118042e-01
3.383457362651824951e-01
2.619563937187194824e-01
2.559167742729187012e-01
2.479930594563484192e-02
1.829932928085327148e-01
5.876896977424621582e-01
3.962643146514892578e-01
5.621227622032165527e-01
5.323797449818812311e-05
3.371892869472503662e-01
2.721255123615264893e-01
5.437117815017700195e-02
3.105949610471725464e-02
5.941424369812011719e-01
1.273018717765808105e-01
2.763773798942565918e-01
1.428018212318420410e-01
4.144483506679534912e-01
3.906901478767395020e-01
4.065179228782653809e-01
4.081107378005981445e-01
1.493618583481293172e-06
1.514737135721588857e-08
4.189806580543518066e-01
1.022843061946332455e-03
1.508206245489418507e-03
3.992353975772857666e-01
3.370522856712341309e-01
2.558353729546070099e-02
9.859828650951385498e-02
4.030043184757232666e-01
3.910490572452545166e-01
5.589663982391357422e-01
3.593648970127105713e-01
1.656235912306236457e-12
1.155662175733596087e-06
8.082674741744995117e-01
1.754011362791061401e-01
3.265745544922538102e-05
2.469937056303024292e-01
3.727239072322845459e-01
3.739639222621917725e-01
3.218713682144880295e-04
5.691759586334228516e-01
2.410010695457458496e-01
3.788216412067413330e-01
2.867512777447700500e-02
9.480309090577065945e-04
1.782885374268516898e-04
5.643344521522521973e-01
2.032474279403686523e-01
1.744589768350124359e-02
3.492070436477661133e-01
4.366517532616853714e-03
1.439785659313201904e-01
9.333200007677078247e-02
3.954374790191650391e-01
6.124881505966186523e-01
4.257300198078155518e-01
5.853564143180847168e-01
2.836619678419083357e-04
1.025040517561137676e-03
5.248493552207946777e-01
6.339482069015502930e-01
3.432791829109191895e-01
2.200421877205371857e-03
1.294465810060501099e-01
1.556626707315444946e-01
3.055398166179656982e-01
2.191800518858144642e-08
5.833317711949348450e-02
7.387967407703399658e-02
2.560620903968811035e-01
2.274933649459853768e-04
2.543245500419288874e-04
7.345432639122009277e-01
1.109495759010314941e-01
9.515251219272613525e-02
2.092235982418060303e-01
5.583738088607788086e-01
3.252873197197914124e-02
1.045105829834938049e-01
3.938536643981933594e-01
1.569708138704299927e-01
2.664453983306884766e-01
2.799706161022186279e-01
2.166601916542276740e-04
6.710602319799363613e-04
3.941793441772460938e-01
2.148992419242858887e-01
6.459420174360275269e-02
1.760402917861938477e-01
4.188261628150939941e-01
2.594701349735260010e-01
1.919271051883697510e-02
5.314790010452270508e-01
3.737555071711540222e-02
4.136232733726501465e-01
5.056064724922180176e-01
1.864799996837973595e-04
2.389265864621847868e-04
7.724599838256835938e-01
2.754888832569122314e-01
1.280542463064193726e-01
2.265743352472782135e-02
4.581888318061828613e-01
4.359374344348907471e-01
3.696170747280120850e-01
4.178251624107360840e-01
6.846939772367477417e-02
8.051428198814392090e-01
2.863043546676635742e-01
2.407143620075657964e-04
1.350040402030572295e-04
4.410255551338195801e-01
2.349310368299484253e-01
2.228112369775772095e-01
1.592893898487091064e-01
3.647221624851226807e-01
4.623844921588897705e-01
2.145020067691802979e-01
1.815530508756637573e-01
1.308083236217498779e-01
3.351183235645294189e-01
2.266464084386825562e-01
4.866469680564478040e-05
2.375998701609205455e-05
5.590056777000427246e-01
2.395586222410202026e-01
9.985814988613128662e-02
1.498958915472030640e-01
6.180130243301391602e-01
1.432147175073623657e-01
8.156599104404449463e-02
2.809471786022186279e-01
5.047951266169548035e-02
2.036667615175247192e-01
2.594588100910186768e-01
6.573633872903883457e-04
1.081209164112806320e-03
2.666197419166564941e-01
5.967236310243606567e-02
2.031562477350234985e-01
2.386022210121154785e-01
5.215893387794494629e-01
4.203553199768066406e-01
1.416840702295303345e-01
2.196346670389175415e-01
2.946160733699798584e-01
2.245111623778939247e-03
2.302487790584564209e-01
6.981711485423147678e-04
5.396899650804698467e-04
5.315058827400207520e-01
3.135704100131988525e-01
1.448709815740585327e-01
5.688615888357162476e-02
3.755302429199218750e-01
1.892245858907699585e-01
5.914776325225830078e-01
2.877894043922424316e-01
3.258441984653472900e-01
5.332069993019104004e-01
4.295326173305511475e-01
5.268908739089965820e-01
7.783982157707214355e-01
1.492573916912078857e-01
6.959207355976104736e-02
1.719177365303039551e-01
4.763510525226593018e-01
2.261330187320709229e-01
2.195632457733154297e-01
2.466859966516494751e-01
1.212116628885269165e-01
4.616548120975494385e-01
2.521236240863800049e-01
6.001625061035156250e-01
2.701328098773956299e-01
3.866877523250877857e-05
1.057728100568056107e-02
5.166281759738922119e-02
1.807960495352745056e-02
1.650380145292729139e-04
1.314235776662826538e-01
1.605670601129531860e-01
7.295602932572364807e-03
1.900639472296461463e-05
7.375128188868984580e-05
3.147823736071586609e-02
2.027602344751358032e-01
2.221404612064361572e-01
8.605655352766916621e-07
2.135839462280273438e-01
1.511716072855051607e-05
2.076467033475637436e-03
3.910288810729980469e-01
6.888671964406967163e-02
6.849140673875808716e-02
9.121618233621120453e-03
2.386724576354026794e-02
3.687986731529235840e-01
5.924475789070129395e-01
4.100390374660491943e-01
2.022270411252975464e-01
2.193757836721488275e-06
6.065512299537658691e-01
7.441022992134094238e-02
3.201216532033868134e-05
3.963946402072906494e-01
3.568067252635955811e-01
1.485514193773269653e-01
1.001211814582347870e-03
1.129084527492523193e-01
3.054385781288146973e-01
6.634066700935363770e-01
6.433039307594299316e-01
6.680389046669006348e-01
1.016533817164599895e-03
1.643291562795639038e-01
4.373314976692199707e-01
6.289263814687728882e-02
4.188131168484687805e-02
1.103352457284927368e-01
1.051275152713060379e-02
3.986201807856559753e-02
7.623403689649421722e-06
2.031182311475276947e-02
9.479874372482299805e-02
2.137072533369064331e-01
6.155139803886413574e-01
1.177727477625012398e-03
7.051466107368469238e-01
3.697187080979347229e-02
3.996278643608093262e-01
3.644530475139617920e-02
1.733652949333190918e-01
1.894845278002321720e-03
1.686445921659469604e-01
4.804810583591461182e-01
3.991647958755493164e-01
3.752391040325164795e-01
6.618748903274536133e-01
2.107263207435607910e-01
9.135161604945096769e-08
4.316881895065307617e-01
2.322825491428375244e-01
1.178712919354438782e-01
2.722221054136753082e-02
2.028436660766601562e-01
1.089594662189483643e-01
1.035167351365089417e-01
2.216326594352722168e-01
4.651101827621459961e-01
2.591300606727600098e-01
6.017668247222900391e-01
5.705677866935729980e-01
6.319171297342052185e-10
2.036726176738739014e-01
6.286781281232833862e-02
2.449694126844406128e-01
8.683557808399200439e-02
3.532751798629760742e-01
2.738094925880432129e-01
2.825834751129150391e-01
1.478674858808517456e-01
3.948877751827239990e-01
2.000326067209243774e-01
2.115113288164138794e-02
1.950935423374176025e-01
8.707467350177466869e-04
3.626362681388854980e-01
1.464063227176666260e-01
4.975862801074981689e-02
1.925910264253616333e-02
3.213410675525665283e-01
3.168447315692901611e-02
1.489677131175994873e-01
2.078410238027572632e-01
1.747777312994003296e-02
2.608529757708311081e-03
4.681139886379241943e-01
6.786859631538391113e-01
1.038342961692251265e-04
3.460719585418701172e-01
2.115178853273391724e-01
1.959029436111450195e-01
7.169711589813232422e-02
4.980219304561614990e-01
9.301424771547317505e-02
2.106406092643737793e-01
1.244949325919151306e-01
5.317915603518486023e-02
1.601350009441375732e-01
3.796472847461700439e-01
5.266455411911010742e-01
3.292469500593142584e-06
6.025581955909729004e-01
5.025311931967735291e-02
3.612587153911590576e-01
9.261872619390487671e-02
9.632019996643066406e-01
3.792910277843475342e-01
3.146684169769287109e-01
1.947841197252273560e-01
3.695417642593383789e-01
3.070846796035766602e-01
3.592973202466964722e-02
4.125889539718627930e-01
1.163284250651486218e-04
7.817312479019165039e-01
3.323030173778533936e-01
1.805716454982757568e-01
9.546141326427459717e-02
1.348148882389068604e-01
6.419630348682403564e-02
1.249297708272933960e-01
1.865606606006622314e-01
5.797982215881347656e-01
4.292841255664825439e-01
7.737901061773300171e-02
3.575714826583862305e-01
6.035028696060180664e-01
4.836629331111907959e-02
2.839296460151672363e-01
8.790280669927597046e-02
9.755173960002139211e-05
2.590457536280155182e-02
2.911687791347503662e-01
3.152920007705688477e-01
2.868051175028085709e-03
6.128218228695914149e-05
7.007404416799545288e-02
2.288890779018402100e-01
2.028061449527740479e-01
6.075521111488342285e-01
7.395846247673034668e-01
3.043575286865234375e-01
1.331987231969833374e-01
4.251756668090820312e-01
2.607699632644653320e-01
1.217266917228698730e-01
3.023149967193603516e-01
1.580922603607177734e-01
2.327626943588256836e-01
3.923157751560211182e-01
6.693031787872314453e-01
3.989704847335815430e-01
4.467213749885559082e-01
7.754305005073547363e-01
1.948389112949371338e-01
1.192380150314420462e-04
4.101355075836181641e-01
1.673968583345413208e-01
2.785255433991551399e-03
4.975411668419837952e-02
1.480672210454940796e-01
4.586678147315979004e-01
4.951499402523040771e-01
2.775966227054595947e-01
5.021537542343139648e-01
4.035629332065582275e-01
4.190246462821960449e-01
3.887087702751159668e-01
2.803487181663513184e-01
4.069853425025939941e-01
1.828655600547790527e-01
3.928155601024627686e-01
9.532524645328521729e-02
3.982521891593933105e-01
3.344902396202087402e-01
4.139658212661743164e-01
3.773520886898040771e-01
3.216667771339416504e-01
3.727971911430358887e-01
4.289202094078063965e-01
1.962941735982894897e-01
4.323757290840148926e-01
3.258994817733764648e-01
2.976088225841522217e-01
9.401948750019073486e-02
2.176007926464080811e-01
4.498641646932810545e-05
4.327518399804830551e-03
3.233277797698974609e-01
2.692561447620391846e-01
4.687118530273437500e-01
5.359852313995361328e-01
7.104937434196472168e-01
1.575927287340164185e-01
2.414968460798263550e-01
1.746282726526260376e-01
2.624182701110839844e-01
4.385028779506683350e-02
3.636372387409210205e-01
1.948233544826507568e-01
7.312361001968383789e-01
4.175368547439575195e-01
5.921049714088439941e-01
3.870960474014282227e-01
5.408332943916320801e-01
4.724471271038055420e-01
2.008557617664337158e-01
6.525377035140991211e-01
2.111958861351013184e-01
6.079990863800048828e-01
1.433937400579452515e-01
9.414751827716827393e-02
4.421938955783843994e-01
1.576257310807704926e-02
3.035134971141815186e-01
2.415443211793899536e-01
8.867838978767395020e-01
8.950587511062622070e-01
3.002744317054748535e-01
1.428918391466140747e-01
2.796655893325805664e-01
2.085545659065246582e-01
2.000354528427124023e-01
1.087892875075340271e-01
2.140544801950454712e-01
5.287066102027893066e-02
1.179255023598670959e-01
5.069397091865539551e-01
2.042572349309921265e-01
1.966269612312316895e-01
3.695438206195831299e-01
9.315785169601440430e-01
7.107583433389663696e-02
3.880786299705505371e-01
1.245105713605880737e-01
7.392681837081909180e-01
1.514638513326644897e-01
2.056772112846374512e-01
3.059113919734954834e-01
1.393902301788330078e-01
5.136765241622924805e-01
4.802618920803070068e-01
1.725994199514389038e-01
6.690896153450012207e-01
5.836152434349060059e-01
3.155006468296051025e-02
4.292369186878204346e-01
2.624537348747253418e-01
6.133309602737426758e-01
3.516394793987274170e-01
1.220023259520530701e-02
1.064080744981765747e-01
1.145236417651176453e-01
4.398036897182464600e-01
7.532708644866943359e-01
3.621474802494049072e-01
3.698202371597290039e-01
7.922317385673522949e-01
1.960130631923675537e-01
1.969577521085739136e-01
3.282690048217773438e-02
2.784626092761754990e-03
1.516743153333663940e-01
8.309489488601684570e-02
1.147552952170372009e-01
2.682750821113586426e-01
2.317593544721603394e-01
4.809946119785308838e-01
7.960147857666015625e-01
4.086168855428695679e-02
8.953152894973754883e-01
1.336565911769866943e-01
5.793164968490600586e-01
2.509195804595947266e-01
8.662596940994262695e-01
3.538444042205810547e-01
2.383088767528533936e-01
3.820832371711730957e-01
5.666105151176452637e-01
9.133648127317428589e-02
3.832543194293975830e-01
2.027148902416229248e-01
4.155121147632598877e-01
4.232653081417083740e-01
4.584065079689025879e-02
1.493046134710311890e-01
1.513362985861022025e-05
7.119784713722765446e-04
9.738538414239883423e-03
3.983466923236846924e-01
1.583121189696612419e-07
2.982320636510848999e-02
1.288121007382869720e-02
3.004285097122192383e-01
7.308778762817382812e-01
7.251711487770080566e-01
3.605420291423797607e-01
1.682051569223403931e-01
4.729669690132141113e-01
1.124011236242949963e-03
5.733668059110641479e-02
1.305842422880232334e-03
3.752254545688629150e-01
2.179868533858098090e-05
1.371940714307129383e-03
1.797305233776569366e-02
5.472152829170227051e-01
7.267275452613830566e-01
7.422433495521545410e-01
3.598396778106689453e-01
8.781575597822666168e-03
3.027931749820709229e-01
6.759207462891936302e-05
5.520530510693788528e-03
1.800994575023651123e-01
2.472002059221267700e-01
3.830049245152622461e-04
2.167710335925221443e-03
4.156366363167762756e-02
3.435063660144805908e-01
6.696593761444091797e-01
8.547804355621337891e-01
2.616639137268066406e-01
8.653706870973110199e-03
1.628021746873855591e-01
5.270917415618896484e-01
1.166373044252395630e-01
2.619785964488983154e-01
4.400152266025543213e-01
1.237121224403381348e-02
9.521497413516044617e-04
2.554368674755096436e-01
2.641332745552062988e-01
3.242929577827453613e-01
6.404139399528503418e-01
2.660895884037017822e-01
1.767880469560623169e-01
2.233022898435592651e-01
5.593032576143741608e-03
4.887823652766076776e-12
1.568019092082977295e-01
4.562535583972930908e-01
4.551929464469139930e-07
1.632397645153105259e-03
3.463052585721015930e-02
4.198778271675109863e-01
3.741679787635803223e-01
7.137020826339721680e-01
4.384832978248596191e-01
3.548263013362884521e-02
2.724776566028594971e-01
6.076085567474365234e-01
1.505058375187218189e-03
1.446752697229385376e-01
6.079389452934265137e-01
1.686242103460244834e-05
4.446107428520917892e-03
1.940540410578250885e-02
4.330349862575531006e-01
4.160009026527404785e-01
2.928374409675598145e-01
1.794063299894332886e-01
7.813706994056701660e-03
2.594875916838645935e-02
5.348339676856994629e-01
6.902550012455321848e-06
2.203129231929779053e-03
1.238927170634269714e-01
5.161404988029971719e-05
8.979282341897487640e-03
7.803733646869659424e-02
1.339688897132873535e-01
3.946747779846191406e-01
3.867991268634796143e-01
1.952883303165435791e-01
1.701453775167465210e-01
1.961586773395538330e-01
6.070278882980346680e-01
3.185615059919655323e-04
1.538480073213577271e-02
1.766507774591445923e-01
5.167351961135864258e-01
6.108978413976728916e-04
1.458504945039749146e-01
3.089112937450408936e-01
4.140261113643646240e-01
3.978983163833618164e-01
2.202032059431076050e-01
1.539762504398822784e-02
1.793445199728012085e-01
2.020002007484436035e-01
3.756048099603503942e-04
2.141683734953403473e-02
7.269666343927383423e-02
5.921101570129394531e-01
2.244080860691610724e-06
1.661782562732696533e-01
5.757660865783691406e-01
7.835762500762939453e-01
4.011531174182891846e-01
3.103821538388729095e-02
9.838456660509109497e-02
2.982243895530700684e-01
1.998644471168518066e-01
9.496506390860304236e-05
1.214439701288938522e-02
4.406793788075447083e-02
5.722084045410156250e-01
2.060857696051243693e-05
1.103094778954982758e-03
2.259822785854339600e-01
5.545807480812072754e-01
2.002245485782623291e-01
5.886650644242763519e-03
1.157100871205329895e-02
1.131127178668975830e-01
8.744946718215942383e-01
2.376264819758944213e-05
1.939984261989593506e-01
4.190748929977416992e-01
5.355808734893798828e-01
1.466809480916708708e-04
3.947214689105749130e-03
2.867750637233257294e-02
3.022776842117309570e-01
3.428250253200531006e-01
2.165194749832153320e-01
5.099393129348754883e-01
3.789834082126617432e-01
2.407577335834503174e-01
1.847771257162094116e-01
1.923864483833312988e-01
5.206633210182189941e-01
4.421744942665100098e-01
4.465869069099426270e-01
2.017004042863845825e-01
8.356207609176635742e-01
4.356017410755157471e-01
7.375851273536682129e-01
1.746677234768867493e-02
7.861568331718444824e-01
4.888435825705528259e-02
7.883156538009643555e-01
2.320723980665206909e-01
3.695068955421447754e-01
1.280745957046747208e-02
3.257324397563934326e-01
1.616221964359283447e-01
7.825320959091186523e-01
2.737347185611724854e-01
2.234099805355072021e-01
5.562865734100341797e-01
3.974749743938446045e-01
5.645664930343627930e-01
4.207334518432617188e-01
3.921250998973846436e-01
1.463712105760350823e-04
3.854991793632507324e-01
4.635868072509765625e-01
9.804285383552269195e-09
5.739003427152056247e-06
1.568531588418409228e-04
3.694049119949340820e-01
2.642306685447692871e-02
3.059579730033874512e-01
1.370213180780410767e-01
6.484451293945312500e-01
1.700192689895629883e-01
6.732518076896667480e-01
5.663743019104003906e-01
6.073613651096820831e-03
3.647834807634353638e-02
6.274182200431823730e-01
2.551388740539550781e-01
2.874455451965332031e-01
4.274839460849761963e-01
6.743689179420471191e-01
3.194016218185424805e-01
2.093625813722610474e-01
1.754529178142547607e-01
3.104434013366699219e-01
3.973006606101989746e-01
2.080043554306030273e-01
1.304140686988830566e-01
5.371569395065307617e-01
1.546001136302947998e-01
7.215893268585205078e-01
4.791957512497901917e-02
4.520632922649383545e-01
4.537995159626007080e-01
2.378176450729370117e-01
3.348813354969024658e-01
2.732894420623779297e-01
2.345531284809112549e-01
3.838634490966796875e-01
3.738201260566711426e-01
1.926534227095544338e-03
1.023677438497543335e-01
2.734640538692474365e-01
2.076654881238937378e-01
4.729216098785400391e-01
3.546913862228393555e-01
3.187205791473388672e-01
5.214010477066040039e-01
2.884151041507720947e-01
3.274387717247009277e-01
2.211988419294357300e-01
5.796366930007934570e-01
2.703551650047302246e-01
1.199472397565841675e-01
2.220986187458038330e-01
7.540737390518188477e-01
1.856321236118674278e-03
1.169737428426742554e-01
3.736332654953002930e-01
4.221841394901275635e-01
2.448243796825408936e-01
1.699330508708953857e-01
3.252874314785003662e-01
3.916567564010620117e-02
1.355660706758499146e-01
2.812914550304412842e-01
1.081611663103103638e-01
2.727350592613220215e-01
4.891003966331481934e-01
3.487775325775146484e-01
6.682365387678146362e-02
3.947141766548156738e-01
2.913564443588256836e-01
5.846525430679321289e-01
3.134569525718688965e-01
4.094369411468505859e-01
2.397355139255523682e-01
1.019743829965591431e-01
2.132992595434188843e-01
1.725921928882598877e-01
7.572435587644577026e-02
3.026716709136962891e-01
2.038194611668586731e-02
4.558034241199493408e-01
3.752717375755310059e-01
6.283776760101318359e-01
5.178601741790771484e-01
3.694823980331420898e-01
5.794431567192077637e-01
1.787066576071083546e-03
4.018857479095458984e-01
4.206231832504272461e-01
1.541227549314498901e-01
1.912688761949539185e-01
9.320773929357528687e-02
5.384005904197692871e-01
5.400723218917846680e-01
4.368241727352142334e-01
1.747753173112869263e-01
3.899773657321929932e-01
3.422121331095695496e-02
5.576601028442382812e-01
8.011236786842346191e-02
1.998676955699920654e-01
4.242609739303588867e-01
9.626047685742378235e-03
1.768916286528110504e-02
3.987857401371002197e-01
4.192433655261993408e-01
6.098882555961608887e-01
5.893334746360778809e-01
4.937859773635864258e-01
4.787875115871429443e-01
3.958889842033386230e-01
5.795685052871704102e-01
3.572208806872367859e-02
4.595284163951873779e-01
1.864297501742839813e-02
5.150157213211059570e-02
5.860136151313781738e-01
1.799640012905001640e-03
5.333476234227418900e-03
4.477560892701148987e-02
2.590514421463012695e-01
5.078195333480834961e-01
4.486426115036010742e-01
2.209697663784027100e-01
8.025191426277160645e-01
4.899884387850761414e-02
1.296219825744628906e-01
5.708771347999572754e-01
2.503345720469951630e-03
3.632480502128601074e-01
1.154232025146484375e-01
2.188227474689483643e-01
3.145731389522552490e-01
3.455644249916076660e-01
1.147962082177400589e-02
3.820825815200805664e-01
1.545121967792510986e-01
6.061353087425231934e-01
7.530848681926727295e-02
5.338662266731262207e-01
1.868463237769901752e-03
2.967492677271366119e-03
3.415281474590301514e-01
3.462277948856353760e-01
1.636009365320205688e-01
3.848713338375091553e-01
5.703305602073669434e-01
5.084317922592163086e-01
5.279792547225952148e-01
1.224928186275064945e-03
4.340766072273254395e-01
1.926686614751815796e-01
3.162269592285156250e-01
4.596304595470428467e-01
1.579242944717407227e-01
5.179642885923385620e-02
1.717200875282287598e-01
4.578427076339721680e-01
3.167035281658172607e-01
2.472325861454010010e-01
3.591763973236083984e-01
4.327100217342376709e-01
5.836028456687927246e-01
7.041167020797729492e-01
5.120503157377243042e-02
5.301380157470703125e-01
6.120312809944152832e-01
2.970754206180572510e-01
2.389596700668334961e-01
3.032265901565551758e-01
1.469814032316207886e-01
2.460321784019470215e-01
7.017352581024169922e-01
7.872828841209411621e-01
1.972467750310897827e-01
4.991096556186676025e-01
7.568287849426269531e-01
4.094449281692504883e-01
2.574050724506378174e-01
5.970133543014526367e-01
2.676988244056701660e-01
4.207784682512283325e-02
3.266611695289611816e-01
4.150728583335876465e-01
1.426596492528915405e-01
4.630040526390075684e-01
6.264694929122924805e-01
7.073740959167480469e-01
8.250229805707931519e-02
6.632801294326782227e-01
1.177173107862472534e-01
1.214079037308692932e-01
2.116706222295761108e-01
4.054235219955444336e-01
2.231901735067367554e-01
3.124268054962158203e-01
2.323081344366073608e-01
1.654223650693893433e-01
3.304890394210815430e-01
6.649470329284667969e-01
3.647459298372268677e-02
4.021567106246948242e-01
4.684437513351440430e-01
5.796768888831138611e-02
1.761925220489501953e-01
3.733564317226409912e-01
3.487885892391204834e-01
5.422447808086872101e-03
4.838226437568664551e-01
1.168428286910057068e-01
2.017399072647094727e-01
5.530567169189453125e-01
3.082930147647857666e-01
4.024740457534790039e-01
4.512346982955932617e-01
2.466474324464797974e-01
1.727540045976638794e-01
7.594860345125198364e-02
1.277101784944534302e-01
2.241951823234558105e-01
1.389058977365493774e-01
8.103895001113414764e-03
1.624850556254386902e-02
1.244970038533210754e-01
2.591145038604736328e-01
4.279014766216278076e-01
3.454814553260803223e-01
6.321882605552673340e-01
7.191225290298461914e-01
2.336107939481735229e-02
1.960948407649993896e-01
5.891115069389343262e-01
1.512482166290283203e-01
3.211902827024459839e-02
3.916174471378326416e-01
3.802162408828735352e-01
4.103547930717468262e-01
4.326018691062927246e-01
6.891969442367553711e-01
6.451527476310729980e-01
3.585810661315917969e-01
8.275686502456665039e-01
1.786837875843048096e-01
4.413992911577224731e-02
5.892041325569152832e-01
8.663146197795867920e-02
5.698783323168754578e-03
1.999997049570083618e-01
4.329137038439512253e-03
2.461231350898742676e-01
7.538405805826187134e-02
2.806859612464904785e-01
5.984321236610412598e-01
4.299630224704742432e-01
8.370744064450263977e-03
3.910038173198699951e-01
5.765457153320312500e-01
4.863234236836433411e-02
2.139275521039962769e-01
1.103821694850921631e-01
8.467346429824829102e-02
1.821587979793548584e-01
4.117370843887329102e-01
4.824690818786621094e-01
6.823315620422363281e-01
5.651839375495910645e-01
1.996433138847351074e-01
3.579011261463165283e-01
1.376982778310775757e-01
6.686689704656600952e-02
5.101411342620849609e-01
6.783083826303482056e-02
4.038116633892059326e-01
4.942983388900756836e-03
3.754813969135284424e-01
2.065311372280120850e-01
3.181155622005462646e-01
4.583404660224914551e-01
2.832582890987396240e-01
1.993823349475860596e-01
6.015498638153076172e-01
4.500340297818183899e-02
2.488298714160919189e-01
3.592942953109741211e-01
5.711958408355712891e-01
9.898522496223449707e-02
7.018281519412994385e-02
1.013643108308315277e-03
2.118819952011108398e-01
2.086470872163772583e-01
4.478358328342437744e-01
5.475454330444335938e-01
1.633015275001525879e-01
3.099485337734222412e-01
4.145806431770324707e-01
2.875386774539947510e-01
4.013616144657135010e-01
4.322449117898941040e-02
2.101288735866546631e-01
3.286147713661193848e-01
3.158504366874694824e-01
3.309160470962524414e-01
3.271226882934570312e-01
5.189932584762573242e-01
1.935536265373229980e-01
5.052332878112792969e-01
4.588471651077270508e-01
4.756560921669006348e-02
1.943969279527664185e-01
2.287202328443527222e-02
9.150660783052444458e-02
2.794484198093414307e-01
1.776152700185775757e-01
4.849361777305603027e-01
1.949786394834518433e-01
2.261310368776321411e-01
7.085911035537719727e-01
5.393602848052978516e-01
4.076779484748840332e-01
8.597427606582641602e-01
1.536139845848083496e-01
1.353426873683929443e-01
1.344343274831771851e-01
4.293381422758102417e-02
4.121348857879638672e-01
3.805563864034411381e-08
1.471810694783926010e-02
8.946551382541656494e-02
7.675821781158447266e-01
3.954249620437622070e-01
1.724301427602767944e-01
3.105852603912353516e-01
4.908593297004699707e-01
1.779593825340270996e-01
1.301347762346267700e-01
4.630369842052459717e-01
2.530365716665983200e-03
6.464661359786987305e-01
6.370943156071007252e-04
5.160934478044509888e-02
4.286883026361465454e-02
6.748706698417663574e-01
3.136779963970184326e-01
5.661206841468811035e-01
3.688188493251800537e-01
4.035172164440155029e-01
2.360452115535736084e-01
3.696525096893310547e-01
3.781268745660781860e-02
2.583782970905303955e-01
1.627568900585174561e-01
1.084353061742149293e-05
6.553115323185920715e-03
4.976340830326080322e-01
2.254314534366130829e-02
5.037875771522521973e-01
5.691749453544616699e-01
3.252358734607696533e-01
5.020965337753295898e-01
2.252305001020431519e-01
1.148618161678314209e-01
1.285004019737243652e-01
3.474425151944160461e-02
4.540022090077400208e-02
7.448707818984985352e-01
1.042762305587530136e-02
4.932360723614692688e-02
5.439971685409545898e-01
2.045495957136154175e-01
3.787972629070281982e-01
4.670299887657165527e-01
6.593003273010253906e-01
1.345119625329971313e-01
2.635780572891235352e-01
4.712052643299102783e-01
6.917768716812133789e-02
1.951574981212615967e-01
8.571476936340332031e-01
2.102278631355147809e-05
5.325413122773170471e-02
5.874828696250915527e-01
2.473649978637695312e-01
3.604089021682739258e-01
1.643363572657108307e-02
7.101418972015380859e-01
3.113105297088623047e-01
6.674205660820007324e-01
3.270819783210754395e-01
4.175993427634239197e-02
5.745846778154373169e-02
5.934437513351440430e-01
5.716275381928426214e-07
1.888867169618606567e-01
4.582267999649047852e-02
5.340504646301269531e-01
1.774016916751861572e-01
5.627315118908882141e-02
4.752245545387268066e-01
1.760568469762802124e-01
2.551693022251129150e-01
5.632306933403015137e-01
5.809035897254943848e-01
2.151042222976684570e-01
4.082452058792114258e-01
4.310300052165985107e-01
4.239766597747802734e-01
3.690200448036193848e-01
4.472475051879882812e-01
1.865755319595336914e-01
5.487434267997741699e-01
6.438655853271484375e-01
2.956902384757995605e-01
3.647964894771575928e-01
4.001445770263671875e-01
4.769497513771057129e-01
2.048449665307998657e-01
3.436106443405151367e-01
3.834824077785015106e-03
4.821353554725646973e-01
5.779545903205871582e-01
1.601214706897735596e-01
1.697598397731781006e-01
3.737910985946655273e-01
2.065180838108062744e-01
2.754155397415161133e-01
2.654456198215484619e-01
1.158029213547706604e-01
7.425669580698013306e-02
6.700844038277864456e-03
2.309305369853973389e-01
1.440711319446563721e-02
5.324878171086311340e-02
6.420416235923767090e-01
5.255526304244995117e-01
3.901597857475280762e-01
5.401331782341003418e-01
5.070226788520812988e-01
6.173174828290939331e-02
2.318367362022399902e-01
2.104838639497756958e-01
3.626244068145751953e-01
2.723512649536132812e-01
3.942292034626007080e-01
4.558060765266418457e-01
1.949966400861740112e-01
5.397055745124816895e-01
5.274081230163574219e-01
1.534943133592605591e-01
2.443848550319671631e-01
1.978642642498016357e-01
4.451776742935180664e-01
3.335395753383636475e-01
6.138463020324707031e-01
1.877624392509460449e-01
1.838425546884536743e-01
7.161260396242141724e-02
2.014848142862319946e-01
2.250395417213439941e-01
6.284332871437072754e-01
5.659416913986206055e-01
5.191920399665832520e-01
6.558516528457403183e-03
5.453940033912658691e-01
9.658789634704589844e-02
3.932832777500152588e-01
3.885291218757629395e-01
3.771812915802001953e-01
1.395816653966903687e-01
6.848838925361633301e-01
2.722068130970001221e-01
2.125948071479797363e-01
5.698125958442687988e-01
3.496692180633544922e-01
4.316532015800476074e-01
9.892140515148639679e-03
5.894863605499267578e-01
5.081094056367874146e-02
6.912366300821304321e-02
4.080537855625152588e-01
5.029188394546508789e-01
1.094722896814346313e-01
2.343003451824188232e-01
2.717431187629699707e-01
1.083052679896354675e-01
5.076964497566223145e-01
3.078150153160095215e-01
3.803086578845977783e-01
2.740288376808166504e-01
2.348151803016662598e-01
1.299437433481216431e-01
2.893786430358886719e-01
4.278365969657897949e-01
2.112699300050735474e-01
2.812555134296417236e-01
3.708494305610656738e-01
2.533527323976159096e-03
1.672921180725097656e-01
5.669457912445068359e-01
4.888547956943511963e-01
3.697764277458190918e-01
1.960940957069396973e-01
8.120543360710144043e-01
2.041231989860534668e-01
5.462006330490112305e-01
2.498563230037689209e-01
7.879732251167297363e-01
1.781975924968719482e-01
3.923992514610290527e-01
1.573153138160705566e-01
8.832071907818317413e-03
3.943623900413513184e-01
1.398091912269592285e-01
2.713113129138946533e-01
4.543668329715728760e-01
2.725675106048583984e-01
2.694877684116363525e-01
2.886997759342193604e-01
3.940826356410980225e-01
3.910331726074218750e-01
1.259143203496932983e-01
5.945054888725280762e-01
3.201099336147308350e-01
3.949557840824127197e-01
3.591628670692443848e-01
4.591928124427795410e-01
4.749282002449035645e-01
3.164559900760650635e-01
3.755863904953002930e-01
1.100296527147293091e-01
8.403656631708145142e-02
1.784067898988723755e-01
2.781243249773979187e-02
1.120381504297256470e-01
2.937506139278411865e-01
5.994650125503540039e-01
7.369413226842880249e-02
5.572530031204223633e-01
6.002719998359680176e-01
3.605793118476867676e-01
1.488983780145645142e-01
3.535849452018737793e-01
2.366572022438049316e-01
7.915464043617248535e-01
3.988221287727355957e-01
7.880812287330627441e-01
3.977151513099670410e-01
3.657628893852233887e-01
2.069351673126220703e-01
3.351258933544158936e-01
8.816894888877868652e-02
7.843166589736938477e-01
5.957454442977905273e-01
3.645491898059844971e-01
5.007109045982360840e-01
1.543379127979278564e-01
1.916596591472625732e-01
6.055999994277954102e-01
3.983829915523529053e-01
1.172724813222885132e-01
1.310565620660781860e-01
1.067774444818496704e-01
5.821095034480094910e-02
5.371368676424026489e-02
3.908918499946594238e-01
7.766827344894409180e-01
5.587576627731323242e-01
4.018950164318084717e-01
1.837543249130249023e-01
3.915968537330627441e-01
1.390093266963958740e-01
4.178881049156188965e-01
3.306419253349304199e-01
2.956736087799072266e-01
3.812843188643455505e-02
6.864381432533264160e-01
3.770443201065063477e-01
4.733126759529113770e-01
1.650409251451492310e-01
4.525794088840484619e-02
2.652561664581298828e-01
1.437935978174209595e-01
2.122613936662673950e-01
2.474164962768554688e-01
4.860319793224334717e-01
2.175638824701309204e-01
2.519671022891998291e-01
4.104779958724975586e-01
2.082087472081184387e-02
5.375593304634094238e-01
4.138652384281158447e-01
1.927002668380737305e-01
2.759633958339691162e-01
6.914991140365600586e-01
2.250614613294601440e-01
2.375509291887283325e-01
4.756492972373962402e-01
4.897756576538085938e-01
2.513558566570281982e-01
5.881832838058471680e-01
5.897400975227355957e-01
3.136914968490600586e-01
2.805928587913513184e-01
6.757102608680725098e-01
4.336441457271575928e-01
4.140589833259582520e-01
6.760324239730834961e-01
1.901977360248565674e-01
1.650388985872268677e-01
4.456276893615722656e-01
4.083264172077178955e-01
2.976505756378173828e-01
1.249996349215507507e-01
7.562481164932250977e-01
4.846147075295448303e-02
1.944690942764282227e-01
2.066446244716644287e-01
4.588434845209121704e-02
2.591907978057861328e-01
6.619654893875122070e-01
2.423997968435287476e-01
1.193220764398574829e-01
2.139357328414916992e-01
9.458609819412231445e-01
2.851753029972314835e-03
6.632242202758789062e-01
2.047267556190490723e-01
5.462971925735473633e-01
5.831628441810607910e-01
5.011890530586242676e-01
2.194664925336837769e-01
4.312216043472290039e-01
4.316954314708709717e-01
7.233480364084243774e-02
5.059221982955932617e-01
2.597577571868896484e-01
5.090198516845703125e-01
2.253013700246810913e-01
1.864897906780242920e-01
5.474315881729125977e-01
5.263142287731170654e-02
1.931696198880672455e-02
3.570075631141662598e-01
3.315649032592773438e-01
1.610874235630035400e-01
4.411876201629638672e-01
1.714012026786804199e-01
3.878431916236877441e-01
1.979016810655593872e-01
1.952447891235351562e-01
3.130195736885070801e-01
1.453652232885360718e-01
5.131987333297729492e-01
3.465868830680847168e-01
2.175802886486053467e-01
