6.341127512546685940e-01
6.237652440994190250e-01
5.703997073109209337e-01
5.149306813962163387e-01
6.545432680196916486e-01
8.697580622028165676e-02
5.555835111176398167e-01
4.968492005271120671e-01
5.903956631843286784e-01
2.697709653696689913e-01
4.719457661715121266e-01
5.879194605591832046e-01
6.427581142992354613e-01
8.426021612607516031e-01
3.502900248366551117e-01
4.895428004722361948e-01
7.107260354684618031e-01
1.128883562190488993e-01
4.643528082322938011e-01
4.760930808305812167e-01
5.869060998352674252e-01
4.600387322044753313e-01
3.085572517464814646e-01
3.805773718631826341e-01
4.369601611442004430e-01
5.417233736393077814e-01
7.582502365112304688e-01
7.714974559449518932e-01
8.814704693280733805e-01
2.006380941575100774e-01
5.745979547500610352e-01
7.072842539503023662e-01
5.610148832201957703e-01
4.643062041656798034e-01
4.155861716142554285e-01
5.008607162879064045e-01
5.590312056816540975e-01
5.922198598924363067e-01
4.666995485586085124e-01
5.459041884974934478e-01
4.923141139823620782e-01
4.725687261301311226e-01
5.042122637566465171e-01
5.256963022268161811e-01
5.140146554599945850e-01
3.663954631523763106e-01
4.635234815104773975e-01
5.278649515939133341e-01
7.739092426804395908e-01
8.046781168534204998e-01
4.760404082303947293e-01
7.118726846618721460e-01
7.498220560642389065e-01
9.042443862328162218e-01
4.906007136932413193e-01
4.683599600710015021e-01
5.473506115376949310e-01
8.488419972933255453e-01
8.005122542381286621e-01
3.156579413236718645e-01
5.387589765596203506e-01
7.371435944850628363e-01
6.490047449389328982e-01
4.580725821752611449e-01
3.593678890210692534e-01
4.574318502384882579e-01
4.706138464837120172e-01
5.565770966221372795e-01
7.634157177347403733e-01
8.202614621617473345e-01
8.883201709160437609e-01
5.520671077224855727e-01
6.057244163866226661e-01
3.753876336492024679e-01
8.717811910005716092e-01
4.810949429933304988e-01
4.683471737199537133e-01
4.700186270772694352e-01
7.947968932298513645e-01
5.100691024697601161e-01
3.903441056731935532e-01
8.365223510907247029e-01
8.540314756906949301e-01
4.956325939050517659e-01
4.877966030733379976e-01
5.604021279902483554e-01
7.787261370282906325e-01
8.463830535228435981e-01
4.834714913528072033e-01
5.330940816124368764e-01
7.009882193345290391e-01
8.337610753682943576e-01
4.865916104441007084e-01
5.596201027600238298e-01
8.165291479000678088e-01
6.805010690138890705e-01
6.015339450767407392e-01
4.125553834511755391e-01
6.745697833024538737e-01
5.880552590502842181e-01
6.782119394494936504e-01
