1.350412494502961636e-04
6.012618541717529297e-01
6.633981317281723022e-02
2.095953226089477539e-01
1.094544753432273865e-01
3.405191898345947266e-01
2.171702235937118530e-01
8.722530305385589600e-02
1.282142996788024902e-01
1.166321933269500732e-01
6.875974535942077637e-01
2.280785292387008667e-01
5.920721292495727539e-01
1.024300931021571159e-03
9.309818148612976074e-01
2.978885732591152191e-02
1.241824403405189514e-01
2.990732491016387939e-01
2.691167891025543213e-01
2.807698249816894531e-01
3.080051839351654053e-01
5.036067366600036621e-01
1.000913209281861782e-03
2.048691362142562866e-01
4.564583301544189453e-01
5.503420829772949219e-01
1.197530036733951420e-05
3.150210613966919482e-05
5.650715231895446777e-01
1.359411544399335980e-04
6.744175607309443876e-06
5.130721330642700195e-01
1.768628507852554321e-01
1.099151209928095341e-03
6.384167075157165527e-02
4.872683435678482056e-02
1.636839359998703003e-01
7.636911869049072266e-01
8.132507801055908203e-01
1.103022313486690109e-07
1.220404328705626540e-07
6.121252179145812988e-01
4.033662378787994385e-01
4.322026143199764192e-06
1.992052793502807617e-01
1.053584516048431396e-01
1.319262981414794922e-01
1.162875145673751831e-01
7.152318954467773438e-03
3.873192667961120605e-01
6.890767216682434082e-01
4.236886799335479736e-01
9.069946827366948128e-04
8.764682570472359657e-05
5.749273896217346191e-01
3.709929883480072021e-01
2.211856842041015625e-01
7.965945005416870117e-01
2.114133536815643311e-01
3.864401578903198242e-02
4.815687611699104309e-02
3.660074770450592041e-01
5.694195032119750977e-01
7.371983528137207031e-01
7.542053461074829102e-01
3.522119950503110886e-04
2.259218599647283554e-03
6.536697149276733398e-01
1.530214697122573853e-01
2.162968665361404419e-01
2.010057270526885986e-01
1.111678183078765869e-01
2.197376340627670288e-01
3.332771658897399902e-01
2.160412293505942216e-08
7.093601860105991364e-03
2.268393337726593018e-01
3.954854011535644531e-01
1.413135323673486710e-03
1.270635693799704313e-04
9.985128641128540039e-01
3.019746840000152588e-01
1.471719294786453247e-01
2.804149389266967773e-01
1.989939808845520020e-02
1.207744479179382324e-01
2.506721317768096924e-01
2.001765668392181396e-01
1.895706504583358765e-01
1.978844106197357178e-01
9.054571390151977539e-01
2.109675115207210183e-04
1.146226772107183933e-03
5.913793444633483887e-01
4.901671409606933594e-01
1.920357793569564819e-01
7.117475569248199463e-02
5.380406379699707031e-01
2.852523922920227051e-01
2.784358859062194824e-01
3.483197391033172607e-01
1.655693203210830688e-01
5.366005301475524902e-01
4.736253619194030762e-01
2.346877299714833498e-04
2.945841115433722734e-04
6.120632290840148926e-01
3.578832149505615234e-01
5.204169750213623047e-01
1.655054986476898193e-01
4.421173930168151855e-01
9.744945168495178223e-02
2.177264243364334106e-01
2.699385583400726318e-01
4.015024006366729736e-01
2.495280951261520386e-01
2.000124454498291016e-01
1.133025041781365871e-03
4.930560826323926449e-04
4.594184160232543945e-01
1.439028680324554443e-01
2.983496189117431641e-01
5.313367769122123718e-02
5.979030132293701172e-01
2.685342431068420410e-01
3.587474822998046875e-01
6.279027462005615234e-02
2.968916855752468109e-02
2.988548278808593750e-01
4.969839155673980713e-01
6.418217089958488941e-04
1.840711571276187897e-03
4.211445152759552002e-01
2.021849602460861206e-01
1.650097370147705078e-01
5.655362084507942200e-02
2.355659157037734985e-01
1.527278870344161987e-01
2.045753151178359985e-01
5.804593563079833984e-01
6.471190452575683594e-01
2.441080808639526367e-01
4.528121948242187500e-01
5.763106746599078178e-04
1.307653583353385329e-04
3.083903193473815918e-01
3.281235694885253906e-01
2.097808867692947388e-01
2.529873251914978027e-01
3.565095365047454834e-01
8.671578019857406616e-02
2.748864591121673584e-01
4.800707995891571045e-01
5.234553813934326172e-01
4.199437499046325684e-01
5.018411874771118164e-01
6.846468895673751831e-04
1.943606417626142502e-03
7.934718132019042969e-01
1.905391961336135864e-01
2.606678307056427002e-01
2.414850518107414246e-02
4.021413624286651611e-01
2.211065292358398438e-01
1.275264918804168701e-01
2.758910357952117920e-01
2.887197136878967285e-01
4.569706916809082031e-01
2.352116405963897705e-01
7.465705871582031250e-01
5.779482126235961914e-01
2.285134345293045044e-01
3.744426667690277100e-01
1.661294549703598022e-01
2.110446244478225708e-01
3.056656718254089355e-01
3.199158906936645508e-01
1.793620586395263672e-01
1.759511828422546387e-01
1.782402694225311279e-01
2.840509414672851562e-01
6.021206378936767578e-01
8.943985700607299805e-01
5.409866571426391602e-05
1.117252185940742493e-01
5.265562534332275391e-01
2.386524081230163574e-01
5.448964657261967659e-05
4.021658096462488174e-03
1.621541827917098999e-01
1.293160207569599152e-02
3.943543197237886488e-05
6.271641701459884644e-02
2.020469605922698975e-01
3.208509683609008789e-01
5.321004986763000488e-01
1.489992087044811342e-06
4.172484874725341797e-01
1.257230993360280991e-03
3.687159914989024401e-04
2.017818540334701538e-01
1.252658963203430176e-01
6.662749499082565308e-02
3.895596787333488464e-02
5.226259827613830566e-01
2.741051614284515381e-01
2.805004119873046875e-01
3.887685537338256836e-01
4.486436843872070312e-01
1.524174536582378892e-10
4.867129921913146973e-01
2.906768023967742920e-01
9.167685057036578655e-04
3.950592875480651855e-01
3.951353430747985840e-01
1.348313689231872559e-01
1.154582351446151733e-01
2.316807210445404053e-01
4.250613451004028320e-01
5.903556346893310547e-01
4.813278019428253174e-01
7.844676971435546875e-01
4.570435703499242663e-05
3.877932727336883545e-01
4.098999500274658203e-01
3.466526269912719727e-01
1.770111471414566040e-01
1.920066028833389282e-02
6.291319150477647781e-03
3.103705942630767822e-01
6.069791037589311600e-03
6.062178313732147217e-02
3.545298874378204346e-01
4.002494513988494873e-01
4.316735863685607910e-01
4.829169192817062140e-04
6.172950267791748047e-01
2.229072898626327515e-01
4.780967831611633301e-01
5.755728483200073242e-02
5.080714225769042969e-01
2.215792797505855560e-02
6.206183880567550659e-02
5.577473640441894531e-01
4.679539203643798828e-01
3.932625651359558105e-01
6.590045094490051270e-01
6.204228401184082031e-01
6.703839608235284686e-05
5.939263701438903809e-01
2.454235553741455078e-01
2.204825878143310547e-01
2.412591874599456787e-01
5.314177870750427246e-01
4.100401997566223145e-01
1.315582245588302612e-01
5.728569999337196350e-02
1.930038779973983765e-01
4.315808713436126709e-01
3.504288196563720703e-01
6.378262639045715332e-01
1.454742858186364174e-03
5.705991387367248535e-01
1.898008882999420166e-01
2.531438469886779785e-01
3.803930059075355530e-02
5.814326405525207520e-01
1.865329891443252563e-01
2.765006422996520996e-01
4.258746281266212463e-02
3.978009819984436035e-01
7.995191216468811035e-01
4.804496169090270996e-01
6.575236916542053223e-01
1.923819072544574738e-04
7.945035696029663086e-01
1.872538030147552490e-01
1.894693449139595032e-02
1.576168835163116455e-01
9.766694903373718262e-01
4.428021013736724854e-01
5.146141648292541504e-01
2.133859843015670776e-01
5.185574665665626526e-02
1.982358992099761963e-01
5.307721495628356934e-01
3.214418590068817139e-01
2.812025777529925108e-04
6.929541826248168945e-01
1.740531176328659058e-01
3.129909038543701172e-01
2.920655608177185059e-01
5.740453004837036133e-01
2.415553927421569824e-01
2.902843952178955078e-01
2.142464369535446167e-01
3.358974307775497437e-02
1.799555271863937378e-01
3.707705140113830566e-01
3.949164152145385742e-01
1.348396035609766841e-04
3.406515419483184814e-01
1.349288523197174072e-01
2.309248447418212891e-01
7.762799039483070374e-03
4.111188650131225586e-01
1.545185297727584839e-01
6.931645423173904419e-02
2.994851469993591309e-01
6.812663376331329346e-02
6.859118342399597168e-01
2.402808070182800293e-01
3.979581594467163086e-01
3.403041046112775803e-04
6.639373302459716797e-01
2.372450381517410278e-01
2.743071019649505615e-01
3.295395523309707642e-02
4.552589058876037598e-01
5.144544243812561035e-01
2.858627736568450928e-01
3.149371147155761719e-01
1.472272127866744995e-01
5.203275680541992188e-01
4.047317206859588623e-01
1.337024420499801636e-01
3.544892668724060059e-01
1.654431223869323730e-02
3.139904737472534180e-01
7.319229841232299805e-02
2.312592230737209320e-03
4.141830280423164368e-02
2.144025862216949463e-01
3.940511047840118408e-01
2.083691768348217010e-03
4.441149532794952393e-02
8.565580844879150391e-02
3.953076303005218506e-01
1.809849888086318970e-01
4.549993276596069336e-01
4.820964932441711426e-01
5.843582004308700562e-02
1.908720135688781738e-01
7.643037438392639160e-01
2.448832094669342041e-01
2.217883616685867310e-01
4.240301251411437988e-01
3.651715219020843506e-01
4.005617797374725342e-01
5.698963403701782227e-01
7.178646326065063477e-01
5.546665191650390625e-01
2.307344377040863037e-01
2.433183789253234863e-01
2.729652822017669678e-01
2.182388852816075087e-04
4.071372151374816895e-01
1.706562638282775879e-01
3.279921710491180420e-01
1.151197105646133423e-01
4.300214350223541260e-02
2.626072801649570465e-02
5.377878546714782715e-01
3.103660047054290771e-01
2.609241604804992676e-01
3.942549228668212891e-01
4.188162684440612793e-01
2.029475867748260498e-01
3.517153561115264893e-01
5.255599617958068848e-01
1.791787445545196533e-01
3.305165469646453857e-01
1.805714219808578491e-01
3.346093297004699707e-01
4.193496406078338623e-01
2.059739232063293457e-01
6.646451950073242188e-01
2.960485219955444336e-01
3.997086882591247559e-01
4.740607738494873047e-01
2.964345514774322510e-01
6.133809685707092285e-01
3.807111680507659912e-01
4.356218501925468445e-02
2.662218213081359863e-01
1.801404058933258057e-01
9.147293894784525037e-06
1.054756790399551392e-01
5.299676954746246338e-02
6.008093357086181641e-01
6.039685010910034180e-01
3.825868964195251465e-01
7.321916222572326660e-01
4.892529547214508057e-01
1.450121849775314331e-01
1.088033020496368408e-01
7.900556325912475586e-01
7.032046467065811157e-02
4.163138270378112793e-01
6.782856583595275879e-01
5.889346599578857422e-01
5.233814120292663574e-01
8.337556123733520508e-01
6.338375210762023926e-01
3.093765377998352051e-01
7.088846564292907715e-01
1.992552131414413452e-01
2.550866305828094482e-01
1.487632095813751221e-01
2.343804091215133667e-01
1.325209587812423706e-01
4.313712716102600098e-01
8.390138298273086548e-02
2.323816269636154175e-01
2.035185843706130981e-01
2.268472015857696533e-01
7.912253141403198242e-01
5.815191864967346191e-01
4.736291170120239258e-01
3.544945716857910156e-01
2.233835011720657349e-01
6.697931885719299316e-02
2.743174135684967041e-01
4.157435894012451172e-02
3.486767411231994629e-01
3.178679049015045166e-01
4.475941956043243408e-01
4.793136715888977051e-01
3.897550106048583984e-01
2.732045650482177734e-01
1.712139099836349487e-01
5.323726534843444824e-01
4.866319298744201660e-01
3.825425207614898682e-01
5.095992237329483032e-02
7.893718481063842773e-01
1.612679511308670044e-01
1.294119805097579956e-01
3.030864596366882324e-01
1.481406092643737793e-01
3.687127828598022461e-01
7.827199697494506836e-01
6.015118956565856934e-01
3.611820936203002930e-01
4.780734181404113770e-01
1.439600735902786255e-01
2.781385779380798340e-01
2.227686345577239990e-01
1.953378915786743164e-01
2.579270601272583008e-01
2.313616126775741577e-01
7.689638137817382812e-01
3.944989144802093506e-01
2.584436535835266113e-01
4.530368447303771973e-01
8.084193468093872070e-01
4.693715274333953857e-01
3.802146315574645996e-01
1.147104203701019287e-01
4.058165550231933594e-01
2.175356596708297729e-01
6.583542823791503906e-01
7.720205187797546387e-02
8.995914459228515625e-02
2.837336063385009766e-01
5.168738961219787598e-01
3.122887015342712402e-01
1.469838172197341919e-01
3.667981326580047607e-01
2.489269524812698364e-01
3.300789594650268555e-01
1.689895093441009521e-01
6.172528862953186035e-01
2.122378796339035034e-01
5.889446139335632324e-01
2.980319261550903320e-01
3.445067405700683594e-01
5.198951959609985352e-01
2.261757254600524902e-01
1.032355725765228271e-01
4.061643481254577637e-01
3.604084849357604980e-01
6.119382381439208984e-01
1.752625852823257446e-01
3.161306381225585938e-01
1.846715956926345825e-01
4.784008069691481069e-06
3.924993507098406553e-05
1.206846833229064941e-01
7.561421394348144531e-01
1.162767830464872532e-06
1.098082357202656567e-04
3.987817093729972839e-02
6.319879293441772461e-01
4.238258600234985352e-01
5.936546325683593750e-01
2.053020596504211426e-01
2.349474728107452393e-01
4.751741886138916016e-01
3.982555354014039040e-04
5.310653522610664368e-02
2.127239853143692017e-01
6.771940588951110840e-01
5.780516585218720138e-05
6.196300499141216278e-03
1.113936379551887512e-01
2.703926861286163330e-01
1.402850542217493057e-02
6.791439056396484375e-01
1.865905895829200745e-02
1.348779071122407913e-02
3.864271342754364014e-01
5.953043569206784014e-07
8.006838709115982056e-02
1.212811917066574097e-01
4.499420896172523499e-02
2.094531431794166565e-02
1.167432637885212898e-03
5.641487613320350647e-02
3.399430960416793823e-02
6.047217249870300293e-01
2.650169432163238525e-01
1.126594543457031250e-01
4.688580706715583801e-02
2.702941894531250000e-01
2.590623795986175537e-01
2.640188671648502350e-02
8.030499331653118134e-03
9.023544192314147949e-01
1.396315637975931168e-04
1.994045451283454895e-02
1.801866851747035980e-02
4.002369940280914307e-01
5.989197492599487305e-01
5.145053863525390625e-01
1.511157900094985962e-01
1.879675984382629395e-01
1.555611845105886459e-02
6.735363602638244629e-01
5.350858600650099106e-07
1.995409429073333740e-01
5.817644596099853516e-01
1.712618598048720742e-07
1.604230928933247924e-04
4.943871498107910156e-02
5.170322656631469727e-01
9.974003434181213379e-01
4.870373606681823730e-01
2.089366614818572998e-01
3.175086155533790588e-02
1.816946268081665039e-01
3.999191820621490479e-01
3.057447611354291439e-05
2.057282999157905579e-02
5.993888974189758301e-01
2.818536017912265379e-07
2.429073676466941833e-02
6.373723596334457397e-02
4.068753719329833984e-01
8.312762975692749023e-01
3.727424144744873047e-01
4.638918340206146240e-01
1.308830082416534424e-01
2.026111781597137451e-01
5.766302347183227539e-01
3.195005119778215885e-04
4.948452115058898926e-02
6.474775075912475586e-01
2.882775515899993479e-05
5.680152680724859238e-03
2.982977628707885742e-01
7.032667100429534912e-02
2.219384908676147461e-01
3.003179430961608887e-01
1.893521249294281006e-01
2.755737900733947754e-01
2.566372752189636230e-01
5.021704435348510742e-01
2.634557895362377167e-04
1.271095573902130127e-01
1.602992713451385498e-01
6.806795597076416016e-01
1.379601359367370605e-01
1.955201625823974609e-01
5.494272112846374512e-01
6.442745327949523926e-01
5.800694823265075684e-01
1.987921297550201416e-01
2.412833645939826965e-02
5.363841652870178223e-01
4.694553017616271973e-01
5.405262709246017039e-05
1.634665876626968384e-01
6.628361344337463379e-02
6.033498048782348633e-01
5.355894681997597218e-04
2.417958080768585205e-01
4.797963500022888184e-01
6.254194378852844238e-01
5.473657250404357910e-01
5.448815822601318359e-01
4.547331109642982483e-02
4.440570175647735596e-01
3.586198687553405762e-01
8.862488321028649807e-04
2.872054278850555420e-02
2.121679186820983887e-01
6.960843801498413086e-01
1.562905963510274887e-03
1.553935930132865906e-03
4.046223759651184082e-01
2.073247283697128296e-01
6.356622576713562012e-01
3.452160954475402832e-01
1.350877135992050171e-01
6.843937039375305176e-01
6.315598487854003906e-01
4.203363641863688827e-05
1.990339607000350952e-01
1.281975954771041870e-01
6.601942777633666992e-01
1.511657028459012508e-04
3.433082252740859985e-02
1.733640283346176147e-01
4.770215153694152832e-01
4.474902451038360596e-01
2.381974905729293823e-01
2.384907603263854980e-01
3.253968358039855957e-01
7.982968091964721680e-01
1.873103380203247070e-01
4.645797237753868103e-02
1.639483571052551270e-01
3.064590096473693848e-01
4.384630918502807617e-01
5.916053056716918945e-01
5.712463259696960449e-01
7.657912969589233398e-01
2.580923438072204590e-01
6.303417682647705078e-01
7.776603102684020996e-01
1.179607436060905457e-01
2.028287649154663086e-01
2.532316148281097412e-01
1.711221635341644287e-01
1.083731651306152344e-01
2.130438685417175293e-01
1.291819512844085693e-01
4.430088698863983154e-01
6.120417714118957520e-01
4.241451919078826904e-01
3.251960873603820801e-01
1.127763278782367706e-02
2.906760275363922119e-01
2.657561600208282471e-01
5.237241983413696289e-01
1.681178764556534588e-05
5.227669607847929001e-03
2.989848554134368896e-01
1.624657670618034899e-07
1.174506905954331160e-04
1.163480281829833984e-01
6.497291326522827148e-01
3.102495074272155762e-01
3.601323068141937256e-01
5.068041086196899414e-01
6.115328073501586914e-01
4.215026274323463440e-03
6.651549339294433594e-01
8.473997712135314941e-01
1.622608453035354614e-01
3.007139861583709717e-01
4.356650412082672119e-01
4.117293953895568848e-01
5.099405050277709961e-01
8.749120235443115234e-01
5.729327797889709473e-01
3.741346001625061035e-01
1.197677925229072571e-01
4.259199500083923340e-01
2.371421270072460175e-02
5.142879486083984375e-02
2.024979740381240845e-01
4.585936367511749268e-01
3.460493683815002441e-01
2.616781294345855713e-01
4.612541794776916504e-01
2.757794782519340515e-02
5.808306932449340820e-01
5.333460569381713867e-01
6.081044673919677734e-01
2.251261621713638306e-01
2.915172278881072998e-01
1.347453147172927856e-01
6.051537990570068359e-01
9.152566790580749512e-01
2.162844091653823853e-01
1.579911708831787109e-01
3.645488023757934570e-01
3.296577930450439453e-01
6.560752987861633301e-01
5.612323284149169922e-01
4.297231435775756836e-01
5.403863191604614258e-01
1.360459029674530029e-01
7.224546074867248535e-01
7.679875195026397705e-02
2.741732001304626465e-01
3.146456480026245117e-01
5.160830020904541016e-01
3.589579463005065918e-01
5.656682848930358887e-01
1.719901710748672485e-02
2.107760310173034668e-01
6.484904885292053223e-01
3.291628360748291016e-01
4.877419471740722656e-01
1.406375020742416382e-01
4.141545593738555908e-01
3.989351689815521240e-01
5.398036837577819824e-01
3.610382974147796631e-01
4.092312455177307129e-01
3.452947139739990234e-01
3.184611499309539795e-01
9.003679454326629639e-02
7.834679633378982544e-02
6.449594497680664062e-01
4.893650114536285400e-01
2.034745514392852783e-01
3.289611637592315674e-01
5.998305678367614746e-01
3.305573761463165283e-01
3.843751549720764160e-01
6.090059876441955566e-01
7.667354494333267212e-02
8.723748847842216492e-03
1.291860342025756836e-01
1.202529668807983398e-01
6.581274271011352539e-01
4.622877240180969238e-01
3.872241377830505371e-01
3.820731937885284424e-01
4.252570271492004395e-01
5.943944454193115234e-01
2.425195872783660889e-01
2.106511294841766357e-01
4.615674316883087158e-01
2.770092189311981201e-01
3.583732545375823975e-01
3.606404364109039307e-01
6.317294836044311523e-01
7.445333003997802734e-01
5.323129892349243164e-01
3.952425718307495117e-01
6.137375831604003906e-01
2.608962655067443848e-01
4.613634347915649414e-01
1.663489490747451782e-01
3.238184154033660889e-01
2.065337449312210083e-01
1.716976016759872437e-01
1.175036281347274780e-01
3.317258656024932861e-01
3.971425890922546387e-01
5.614992380142211914e-01
3.850120604038238525e-01
5.066753029823303223e-01
3.802113234996795654e-01
5.425533056259155273e-01
2.715837657451629639e-01
2.393066287040710449e-01
1.421887278556823730e-01
1.868281513452529907e-02
4.689900204539299011e-02
5.273504257202148438e-01
3.188721137121319771e-03
2.782427966594696045e-01
2.701354026794433594e-01
1.985401809215545654e-01
4.410288333892822266e-01
3.820087760686874390e-02
2.099541425704956055e-01
9.300332069396972656e-01
1.320513337850570679e-01
3.846809267997741699e-01
5.835539102554321289e-01
2.111775102093815804e-03
3.412476778030395508e-01
1.951022744178771973e-01
5.736703276634216309e-01
4.015663266181945801e-01
5.300859212875366211e-01
5.125295519828796387e-01
5.791099071502685547e-01
4.608718454837799072e-01
7.465438246726989746e-01
3.247187659144401550e-02
5.961244702339172363e-01
4.697268605232238770e-01
7.697743773460388184e-01
5.479284524917602539e-01
2.388737201690673828e-01
1.960583031177520752e-01
2.546813488006591797e-01
9.736065864562988281e-01
3.843183815479278564e-01
2.607249617576599121e-01
4.195071160793304443e-01
3.576830327510833740e-01
1.081833243370056152e-01
2.613012492656707764e-01
1.058203428983688354e-01
2.381497472524642944e-01
1.136219650506973267e-01
1.454232633113861084e-01
1.986218690872192383e-01
4.073713719844818115e-01
4.070873558521270752e-01
7.482075691223144531e-01
2.106786370277404785e-01
4.042407870292663574e-01
4.860361665487289429e-02
1.117985099554061890e-01
2.285490632057189941e-01
2.919390797615051270e-01
4.302068948745727539e-01
2.744338661432266235e-02
1.893178373575210571e-01
5.931958928704261780e-02
5.743144750595092773e-01
6.011012792587280273e-01
2.819539904594421387e-01
7.213112115859985352e-01
5.214260816574096680e-01
4.166409671306610107e-01
2.831687629222869873e-01
2.196571677923202515e-01
4.649240374565124512e-01
2.134796828031539917e-01
2.101056128740310669e-01
2.463336437940597534e-01
4.751648008823394775e-02
5.833541601896286011e-02
7.041196823120117188e-01
4.544809460639953613e-01
3.273722231388092041e-01
3.678585588932037354e-01
7.307930588722229004e-01
1.454960107803344727e-01
3.552327454090118408e-01
2.762958109378814697e-01
4.618421196937561035e-01
1.376368701457977295e-01
4.816375374794006348e-01
1.999337971210479736e-01
3.462122678756713867e-01
1.635499447584152222e-01
4.504913687705993652e-01
5.387990474700927734e-01
5.942274928092956543e-01
7.663111090660095215e-01
1.680058091878890991e-01
3.386342227458953857e-01
1.292027235031127930e-01
3.961855471134185791e-01
1.053084656596183777e-01
6.889900192618370056e-03
2.376692444086074829e-01
2.614363729953765869e-01
6.260415911674499512e-01
8.526461720466613770e-01
2.029901593923568726e-01
1.856441795825958252e-01
5.487339496612548828e-01
1.815801113843917847e-01
3.759025931358337402e-01
1.314385682344436646e-01
4.170970022678375244e-01
2.277595251798629761e-01
1.072401646524667740e-02
4.353901385911740363e-05
1.469313353300094604e-01
2.080558389425277710e-01
4.275276660919189453e-01
3.933796286582946777e-01
1.452697068452835083e-01
4.309178590774536133e-01
2.319479584693908691e-01
1.673212945461273193e-01
4.164689183235168457e-01
1.699855625629425049e-01
5.379540100693702698e-02
5.265154838562011719e-01
5.755737423896789551e-01
4.953478276729583740e-01
6.424733400344848633e-01
3.561809360980987549e-01
9.967796504497528076e-02
1.971631050109863281e-01
5.967840552330017090e-01
1.928811818361282349e-01
2.038552165031433105e-01
2.650823295116424561e-01
4.491126537322998047e-02
2.047778398264199495e-04
4.721062481403350830e-01
3.472875654697418213e-01
3.857886493206024170e-01
1.614921540021896362e-01
1.013326197862625122e-01
3.812981545925140381e-01
2.105152904987335205e-01
7.784130573272705078e-01
2.202924489974975586e-01
3.504041731357574463e-01
3.729111254215240479e-01
1.964324265718460083e-01
3.092611730098724365e-01
3.405312597751617432e-01
2.044434659183025360e-02
5.498661398887634277e-01
5.862528830766677856e-02
9.356170892715454102e-01
4.241650700569152832e-01
3.909292221069335938e-01
2.525625526905059814e-01
2.718614041805267334e-01
6.274162232875823975e-02
6.057125926017761230e-01
5.746843814849853516e-01
1.866384148597717285e-01
1.009437739849090576e-01
1.113441884517669678e-01
4.057365953922271729e-01
5.121645927429199219e-01
4.975246787071228027e-01
2.012444585561752319e-01
2.483483403921127319e-03
6.163779497146606445e-01
1.364366412162780762e-01
3.236097749322652817e-03
5.192207545042037964e-02
3.029286861419677734e-01
3.754278272390365601e-02
2.246388643980026245e-01
3.534618020057678223e-01
1.706158220767974854e-01
2.150961309671401978e-01
1.718201786279678345e-01
6.903148889541625977e-01
3.548641800880432129e-01
4.728972315788269043e-01
1.131684482097625732e-01
6.255120784044265747e-02
3.857984840869903564e-01
2.209481894969940186e-01
2.915827929973602295e-01
3.336533010005950928e-01
3.096211254596710205e-01
6.708295941352844238e-01
3.604098856449127197e-01
4.041875004768371582e-01
1.016452759504318237e-01
4.113548398017883301e-01
8.467988371849060059e-01
2.378789335489273071e-01
3.690440058708190918e-01
4.831922650337219238e-01
1.776980906724929810e-01
3.423696160316467285e-01
2.801535427570343018e-01
2.231694459915161133e-01
1.907031983137130737e-01
3.623160123825073242e-01
9.002730250358581543e-01
1.468242853879928589e-01
3.941943049430847168e-01
9.124297499656677246e-01
4.310455620288848877e-01
2.886322438716888428e-01
4.275402128696441650e-01
3.615187406539916992e-01
5.443555712699890137e-01
2.750996791291981936e-04
3.109443746507167816e-02
1.251697391271591187e-01
2.174370735883712769e-02
7.298215627670288086e-01
5.830498933792114258e-01
4.106474518775939941e-01
8.516018390655517578e-01
3.044511079788208008e-01
2.422812283039093018e-01
4.165413975715637207e-01
1.318573504686355591e-01
3.283198773860931396e-01
1.200105471070855856e-04
8.816647529602050781e-02
1.356791146099567413e-02
8.641449213027954102e-01
6.940904259681701660e-01
1.269013732671737671e-01
5.484274625778198242e-01
9.171509742736816406e-01
3.535673618316650391e-01
5.221052840352058411e-02
5.660746693611145020e-01
1.334617435932159424e-01
2.025116682052612305e-01
4.647945388569496572e-05
8.456933428533375263e-04
8.001969009637832642e-02
3.107585310935974121e-01
5.226173400878906250e-01
2.246091365814208984e-01
2.157651036977767944e-01
8.518678545951843262e-01
1.891185939311981201e-01
1.244840472936630249e-01
1.907163262367248535e-01
2.119385451078414917e-02
1.649415940046310425e-01
4.245311915874481201e-01
3.241768106818199158e-03
3.509856760501861572e-01
4.059506654739379883e-01
4.510220289230346680e-01
4.950493574142456055e-01
3.927991688251495361e-01
4.441933929920196533e-01
5.091251730918884277e-01
5.183646082878112793e-01
5.120273232460021973e-01
2.145143598318099976e-01
5.750057473778724670e-02
8.033905625343322754e-01
1.907444093376398087e-03
2.608509361743927002e-01
1.166005954146385193e-01
2.818381190299987793e-01
5.627456903457641602e-01
7.386417388916015625e-01
3.913772702217102051e-01
1.726872026920318604e-01
2.552058994770050049e-01
6.541613936424255371e-01
1.956058144569396973e-01
3.072480559349060059e-01
5.036696195602416992e-01
2.372953109443187714e-03
4.655573144555091858e-02
2.798051238059997559e-01
4.495265781879425049e-01
5.370534062385559082e-01
5.895510315895080566e-02
6.761759519577026367e-01
8.114010095596313477e-02
3.841467201709747314e-01
1.097584515810012817e-01
1.762189567089080811e-01
6.097176074981689453e-01
5.115367174148559570e-01
4.518975913524627686e-01
3.475946784019470215e-01
7.964671850204467773e-01
6.592764258384704590e-01
6.499949693679809570e-01
2.291228771209716797e-01
8.005995154380798340e-01
3.199048340320587158e-01
2.249649167060852051e-01
5.909205079078674316e-01
4.456064105033874512e-01
7.160564512014389038e-02
8.836708962917327881e-02
1.425091028213500977e-01
4.316604733467102051e-01
1.172257065773010254e-01
6.527523994445800781e-01
8.722952567040920258e-03
6.187940388917922974e-02
4.527467191219329834e-01
1.899569630622863770e-01
3.782714903354644775e-01
2.119374722242355347e-01
3.651327192783355713e-01
1.170309409499168396e-01
3.089106082916259766e-01
2.872304245829582214e-02
9.126653522253036499e-02
9.644522666931152344e-01
6.861901879310607910e-01
4.839298129081726074e-01
5.839135125279426575e-02
5.697597265243530273e-01
9.578657150268554688e-02
5.482970476150512695e-01
4.100150167942047119e-01
2.580376863479614258e-01
7.705239579081535339e-03
5.953383445739746094e-01
1.491388380527496338e-01
1.828497648239135742e-02
2.197089344263076782e-01
7.351198196411132812e-01
3.588976263999938965e-01
2.844753563404083252e-01
5.222041606903076172e-01
1.839066892862319946e-01
3.233075737953186035e-01
1.969855576753616333e-01
3.750937879085540771e-01
3.794368803501129150e-01
6.668316721916198730e-01
5.536837577819824219e-01
6.759798526763916016e-01
2.851489484310150146e-01
4.231328666210174561e-01
3.270202875137329102e-01
1.555435359477996826e-01
9.674441814422607422e-01
1.066980734467506409e-01
1.306079477071762085e-01
3.387989476323127747e-02
4.301104247570037842e-01
5.596361681818962097e-02
3.649344444274902344e-01
6.070625782012939453e-01
2.066752165555953979e-01
3.009987473487854004e-01
3.602072894573211670e-01
5.534434914588928223e-01
5.703140497207641602e-01
8.471001386642456055e-01
1.714647114276885986e-01
1.112625747919082642e-01
1.757806986570358276e-01
2.971817851066589355e-01
1.220830380916595459e-01
2.062703967094421387e-01
5.979883670806884766e-01
4.364738166332244873e-01
3.574680089950561523e-01
4.322102069854736328e-01
3.943670690059661865e-01
1.952484250068664551e-01
4.596357047557830811e-01
2.051184177398681641e-01
2.741663455963134766e-01
2.247282415628433228e-01
3.020477890968322754e-01
1.440122276544570923e-01
5.070493817329406738e-01
4.264374971389770508e-01
2.713304758071899414e-01
8.627337217330932617e-01
6.812796592712402344e-01
4.022188484668731689e-01
3.115817904472351074e-02
4.129828214645385742e-01
8.611907809972763062e-02
3.805830776691436768e-01
4.001389145851135254e-01
5.887567400932312012e-01
3.155106604099273682e-01
4.322610497474670410e-01
6.364768147468566895e-01
5.786079913377761841e-02
7.214718461036682129e-01
5.249764323234558105e-01
5.876476168632507324e-01
2.200668305158615112e-01
3.314773440361022949e-01
1.097599938511848450e-01
2.607146799564361572e-01
3.452911376953125000e-01
3.866999447345733643e-01
2.353982478380203247e-01
7.017827033996582031e-01
1.662379950284957886e-01
3.230974078178405762e-01
5.931001305580139160e-01
4.197067618370056152e-01
3.000358641147613525e-01
2.043005526065826416e-01
4.169936180114746094e-01
2.274272441864013672e-01
1.861459463834762573e-01
5.072359442710876465e-01
1.314167305827140808e-02
1.762104332447052002e-01
2.115370780229568481e-01
3.743466734886169434e-01
6.704097986221313477e-01
5.657836198806762695e-01
3.990088999271392822e-01
5.507547855377197266e-01
1.388422995805740356e-01
4.699856638908386230e-01
2.464416474103927612e-01
1.369276195764541626e-01
5.159597396850585938e-01
2.556793093681335449e-01
2.985181510448455811e-01
3.265039920806884766e-01
1.408428102731704712e-01
3.930153846740722656e-01
4.154323339462280273e-01
3.424130976200103760e-01
3.883143365383148193e-01
2.821857035160064697e-01
3.239370584487915039e-01
1.171186566352844238e-01
2.622917890548706055e-01
3.542792499065399170e-01
8.319505453109741211e-01
2.285731025040149689e-02
5.031911730766296387e-01
1.080269962549209595e-01
2.704137265682220459e-01
1.898686587810516357e-01
6.002338528633117676e-01
5.987187027931213379e-01
3.933522403240203857e-01
3.942428529262542725e-01
2.075344920158386230e-01
1.460531502962112427e-01
6.896533370018005371e-01
1.960543692111968994e-01
3.844229578971862793e-01
1.901507079601287842e-01
2.696334421634674072e-01
1.973521709442138672e-01
7.439069151878356934e-01
5.223006010055541992e-01
4.396467804908752441e-01
3.584819436073303223e-01
7.548140287399291992e-01
1.336062699556350708e-01
2.803484201431274414e-01
5.703247785568237305e-01
3.743267357349395752e-01
4.512962698936462402e-01
2.304411232471466064e-01
6.071441769599914551e-01
7.502774707973003387e-03
7.877864837646484375e-01
5.974020361900329590e-01
3.233453333377838135e-01
3.076690733432769775e-01
7.417086958885192871e-01
6.273480504751205444e-02
4.454669058322906494e-01
3.940689563751220703e-01
4.449364542961120605e-01
2.787735760211944580e-01
3.613726198673248291e-01
5.001348853111267090e-01
1.217640489339828491e-01
4.045293331146240234e-01
2.675473093986511230e-01
4.021427631378173828e-01
2.103943824768066406e-01
4.337260723114013672e-01
3.000075519084930420e-01
2.556259036064147949e-01
1.503825485706329346e-01
7.530962228775024414e-01
2.262085974216461182e-01
1.557919383049011230e-01
3.923494219779968262e-01
3.898779675364494324e-02
1.594982892274856567e-01
5.022299289703369141e-01
4.268706440925598145e-01
3.017257526516914368e-02
4.742741882801055908e-01
1.746534556150436401e-01
1.449921429157257080e-01
5.013373494148254395e-01
3.903904557228088379e-01
3.842002451419830322e-01
1.561861336231231689e-01
5.079885125160217285e-01
1.944980025291442871e-01
4.692713618278503418e-01
5.734781622886657715e-01
5.659823417663574219e-01
4.702291488647460938e-01
2.913020849227905273e-01
2.674384713172912598e-01
3.875300586223602295e-01
3.228136897087097168e-01
4.131324887275695801e-01
2.830596081912517548e-02
3.934634327888488770e-01
5.326168537139892578e-01
1.491216868162155151e-01
2.217002063989639282e-01
2.125386893749237061e-01
1.559817641973495483e-01
2.236971557140350342e-01
5.974087119102478027e-01
1.194211468100547791e-01
1.300044655799865723e-01
5.995786190032958984e-01
2.467884719371795654e-01
2.184833735227584839e-01
2.857587039470672607e-01
3.648345172405242920e-01
1.312434524297714233e-01
3.978120684623718262e-01
