7.482852568276800176e-02
5.989212118304119981e-02
5.899735552688630674e-02
5.480332967664043597e-02
6.370692501346078562e-02
1.402169145988479415e-01
7.715994547470472753e-02
1.219737895209198897e-01
9.697321031797820345e-02
9.029424322383980406e-02
6.835768198988471933e-02
1.418273179442621768e-01
2.122349611196953645e-01
1.041211369671285747e-01
1.264216631758385001e-01
1.184778737940807569e-01
6.479207207806982061e-02
2.824862588895484805e-01
1.175003469778368170e-01
7.470365030950723573e-02
1.842214290070562366e-01
1.443114792390798040e-01
4.140128674379621454e-02
1.510478053062867532e-01
3.054650446865707636e-01
6.907405660660423385e-02
3.535277154109141007e-01
9.845358784570215627e-02
1.998319706581241917e-02
5.271003862523789690e-02
4.641172766278032213e-01
2.854954711107823839e-01
1.894183704385236228e-02
2.618485740744150858e-01
2.821189025036381914e-01
3.153713688773747692e-01
4.330882575644724036e-02
5.507166197546666808e-01
3.520896860326712119e-01
8.913785742802596279e-02
2.138052776791032339e-01
1.407252112387862297e-01
2.506018652415010761e-01
3.469646923253304205e-02
2.864080390466439696e-01
5.263828165972461726e-01
2.566916795286278141e-01
4.796073460308365038e-02
3.209300184210475693e-01
3.269802695811869220e-01
4.610384145749527041e-01
3.832298525823996660e-01
3.893508081897519846e-01
5.132367068704647428e-01
5.357343048000564600e-01
4.806868029991164804e-01
4.155204399811247007e-01
5.160153572304317926e-01
1.701652582582587891e-01
3.471905490665588845e-01
3.127607700410477976e-01
3.558879963261111223e-01
4.358253582882193333e-01
3.376402771189951912e-01
1.855610610151555984e-01
3.580331501165906483e-01
4.799265456744111757e-01
2.857131326843675434e-01
3.063114827359990633e-01
3.450053389040896312e-01
3.156058493567308054e-01
3.074905709005318899e-01
3.117646795401994297e-01
3.538368395081936124e-01
2.725167307285468743e-01
5.713107822727553353e-01
4.629917601974179453e-01
2.147582269753911532e-02
6.086510268147461433e-01
4.855744000292011586e-01
3.383683820112100282e-02
5.362359580646555157e-01
5.971673275164973704e-01
6.028611420591075687e-01
5.985836512767351847e-01
4.295277523700721245e-01
5.729143147428448213e-01
4.186779505331427176e-01
4.711240485776215792e-01
2.520589919194199391e-01
3.849344767177871329e-01
5.718829659498834150e-01
1.557338923896448013e-01
5.306459940128172015e-01
3.239281969055390342e-01
5.489837305906873910e-01
6.154904557535281207e-01
1.544032059072588392e-01
6.376091161599526380e-01
6.008612940517755741e-01
5.187133307022472328e-01
