7.696091197431087494e-04
1.865222305059432983e-01
2.162316441535949707e-01
2.617345936596393585e-02
5.063385237008333206e-03
2.215943299233913422e-02
3.636787533760070801e-01
9.178110631182789803e-04
3.840763121843338013e-03
1.781099103391170502e-02
7.162358611822128296e-03
6.797456741333007812e-02
1.818594522774219513e-03
1.665378222241997719e-03
8.838325738906860352e-02
2.168184146285057068e-02
1.693105511367321014e-02
5.465202033519744873e-03
6.087934225797653198e-02
3.023743629455566406e-01
5.812361836433410645e-03
8.076455444097518921e-02
1.908919028937816620e-02
1.810842454433441162e-01
1.685706824064254761e-01
1.665580831468105316e-02
6.560195470228791237e-05
2.590686781331896782e-04
1.307946443557739258e-01
6.789214967284351587e-05
1.918404013849794865e-03
2.250576391816139221e-02
3.140452783554792404e-03
1.315169851295650005e-03
3.456996637396514416e-04
4.930396005511283875e-02
4.088350979145616293e-04
1.638266146183013916e-01
3.366713970899581909e-02
1.854478614404797554e-05
2.338764898013323545e-05
3.487537503242492676e-01
2.778005227446556091e-02
6.831623613834381104e-05
2.196097560226917267e-02
1.890435442328453064e-02
1.936458051204681396e-03
7.966457633301615715e-04
2.209758311510086060e-01
1.951286941766738892e-01
1.415770268067717552e-03
7.758279144763946533e-02
7.976182969287037849e-04
9.899033466354012489e-04
4.274922609329223633e-01
3.676937222480773926e-01
2.252057194709777832e-02
7.198019325733184814e-02
1.785732656717300415e-01
3.661071183159947395e-03
9.602679871022701263e-03
1.559943258762359619e-01
1.638318449258804321e-01
8.979312260635197163e-04
5.057379603385925293e-03
1.467144349589943886e-03
1.840707147493958473e-03
1.504919230937957764e-01
2.530034258961677551e-02
1.305320393294095993e-02
1.202644663862884045e-03
3.034858033061027527e-03
3.330146148800849915e-02
1.059254282154142857e-03
3.745807334780693054e-04
3.890971187502145767e-03
7.936750625958666205e-05
3.178681246936321259e-03
1.918241614475846291e-03
1.013402943499386311e-03
4.635829329490661621e-01
3.490104526281356812e-02
3.308809176087379456e-02
7.852942682802677155e-03
3.529327362775802612e-02
7.080437149852514267e-03
2.060513477772474289e-03
1.876641437411308289e-02
1.002002730965614319e-01
6.979039171710610390e-04
1.663767849095165730e-03
3.090112004429101944e-03
1.935123233124613762e-03
2.383803278207778931e-01
3.647374734282493591e-02
1.493116002529859543e-02
2.937852637842297554e-03
3.998981416225433350e-01
1.569864898920059204e-01
1.751396805047988892e-03
8.082282729446887970e-03
8.149914443492889404e-02
4.450055130291730165e-04
1.313545461744070053e-02
1.809596549719572067e-03
1.553742098622024059e-03
1.977341771125793457e-01
2.030778303742408752e-02
2.082008682191371918e-02
2.888862509280443192e-03
3.415587544441223145e-02
8.377178572118282318e-03
9.225744754076004028e-03
1.228801012039184570e-01
1.900900155305862427e-01
1.175097227096557617e-01
2.183510514441877604e-04
1.637370092794299126e-03
1.609634608030319214e-03
6.605784893035888672e-01
2.582098841667175293e-01
8.886830881237983704e-03
8.106483146548271179e-03
2.301884815096855164e-02
1.087837666273117065e-02
1.722647249698638916e-02
3.491127397865056992e-03
5.360621027648448944e-03
1.481933295726776123e-01
1.348861902952194214e-01
1.955151790753006935e-03
7.288501365110278130e-04
3.162320852279663086e-01
1.085367798805236816e-01
1.573322154581546783e-02
7.768811658024787903e-03
2.234979271888732910e-01
8.390708826482295990e-03
1.410596966743469238e-01
8.626084774732589722e-02
1.443723216652870178e-02
7.043097284622490406e-04
4.046881943941116333e-02
1.528791850432753563e-03
1.399047439917922020e-03
2.170151621103286743e-01
2.080718576908111572e-01
5.270898342132568359e-03
6.449368782341480255e-03
5.371440201997756958e-02
9.396721608936786652e-03
1.409823000431060791e-01
3.256044816225767136e-03
1.760213822126388550e-02
1.230865437537431717e-02
6.236095796339213848e-04
1.372201601043343544e-03
1.971795223653316498e-03
6.037099361419677734e-01
2.518731728196144104e-02
3.676812630146741867e-03
5.362556315958499908e-03
2.211505472660064697e-01
1.916178911924362183e-01
1.063028629869222641e-02
1.558283227495849133e-03
7.141283154487609863e-02
3.422899544239044189e-01
4.484040290117263794e-02
4.612852334976196289e-01
1.888899207115173340e-01
2.421323657035827637e-01
4.732762277126312256e-02
3.249916713684797287e-03
1.298469007015228271e-01
2.028745263814926147e-01
7.206064183264970779e-03
1.540495641529560089e-02
8.394743502140045166e-02
1.934380233287811279e-01
1.141451895236968994e-01
1.056394651532173157e-01
6.093690395355224609e-01
9.726858697831630707e-04
1.098659187555313110e-01
2.368295565247535706e-03
3.435760736465454102e-03
5.510420305654406548e-04
3.737414255738258362e-03
7.153439521789550781e-02
5.781651998404413462e-05
1.142172768595628440e-04
1.751014613546431065e-03
4.270647768862545490e-04
1.670177676714956760e-03
1.871530413627624512e-01
1.996736682485789061e-05
1.105893254280090332e-01
9.800300176721066236e-05
6.213624874362722039e-05
3.488375544548034668e-01
8.483512327075004578e-03
1.176300924271345139e-03
5.151408840902149677e-04
1.117363478988409042e-02
1.499875336885452271e-01
2.710271510295569897e-04
2.009165909839794040e-04
5.191985368728637695e-01
1.149160889326594770e-04
2.441680282354354858e-01
3.937333226203918457e-01
1.087696655304171145e-04
1.672874838113784790e-01
7.421536371111869812e-03
2.977808238938450813e-03
4.616981605067849159e-04
2.335182726383209229e-01
1.398789510130882263e-02
8.572477381676435471e-04
1.502637565135955811e-01
3.354206681251525879e-01
8.972526411525905132e-04
1.539064645767211914e-01
2.183197624981403351e-02
4.392482340335845947e-02
4.266890697181224823e-03
1.039814054965972900e-01
8.447688072919845581e-03
2.667707856744527817e-03
2.886266156565397978e-04
9.044799022376537323e-03
7.261572871357202530e-03
4.958433099091053009e-03
4.925043284893035889e-01
1.919355709105730057e-03
1.788098961114883423e-01
1.026496142148971558e-01
3.683342039585113525e-02
4.268381278961896896e-03
3.213535994291305542e-02
3.280998906120657921e-03
5.860484205186367035e-03
6.682088598608970642e-03
1.390378028154373169e-01
1.578883975744247437e-01
6.765857804566621780e-03
5.566055178642272949e-01
1.691667363047599792e-03
2.686198651790618896e-01
3.564456850290298462e-02
1.943616941571235657e-02
1.330361980944871902e-02
8.722158521413803101e-02
1.166993007063865662e-02
3.318536560982465744e-03
3.241406381130218506e-02
9.185303002595901489e-03
1.775105297565460205e-01
3.389863763004541397e-03
5.480816364288330078e-01
1.274989917874336243e-03
3.109682798385620117e-01
6.040348112583160400e-02
1.573983021080493927e-02
2.998622599989175797e-03
3.705414012074470520e-02
1.550003327429294586e-02
9.272010065615177155e-03
1.212761178612709045e-01
6.458672694861888885e-03
1.207253523170948029e-02
1.977076055482029915e-03
4.480082094669342041e-01
5.503777065314352512e-04
3.289372622966766357e-01
3.313701972365379333e-02
6.614682264626026154e-03
4.141787067055702209e-03
3.429778851568698883e-03
1.431712880730628967e-02
1.292248964309692383e-01
3.899453207850456238e-03
8.487550541758537292e-03
3.957477165386080742e-04
1.870275102555751801e-02
9.385772943496704102e-01
9.080366580747067928e-04
2.857441008090972900e-01
5.355207622051239014e-02
1.123788729310035706e-01
1.092167571187019348e-02
8.989116176962852478e-03
3.780331090092658997e-02
2.650294266641139984e-02
4.140838980674743652e-03
2.758185863494873047e-01
1.405074447393417358e-02
1.006368082016706467e-03
2.769483327865600586e-01
8.352431468665599823e-04
2.911619246006011963e-01
5.595312267541885376e-02
2.047901228070259094e-02
4.244266077876091003e-03
2.752003967761993408e-01
1.827055066823959351e-01
1.324308849871158600e-02
4.570037499070167542e-02
2.516026049852371216e-02
1.239725649356842041e-01
3.925257769878953695e-04
1.451037228107452393e-01
9.668463026173412800e-04
1.661263108253479004e-01
2.055237591266632080e-01
2.136668562889099121e-02
1.167153660207986832e-02
4.816543310880661011e-02
1.986125856637954712e-01
2.696496667340397835e-03
2.070021443068981171e-02
6.419525295495986938e-02
4.084752872586250305e-03
3.355817869305610657e-03
4.994921684265136719e-01
2.215854227542877197e-01
1.292521953582763672e-01
1.831542514264583588e-02
9.297578595578670502e-03
6.664555403403937817e-04
2.023473568260669708e-02
1.806118339300155640e-01
8.840328082442283630e-03
2.283783629536628723e-02
3.660490270704030991e-03
3.691304009407758713e-04
3.836604952812194824e-02
4.266701936721801758e-01
2.989416718482971191e-01
3.800693452358245850e-01
3.293296322226524353e-03
9.174449369311332703e-03
2.040186673402786255e-01
1.378177572041749954e-02
9.947221726179122925e-02
2.439489401876926422e-02
9.398780763149261475e-02
5.090463906526565552e-02
3.503425046801567078e-03
1.819747686386108398e-02
3.808444142341613770e-01
2.804840505123138428e-01
3.993451595306396484e-01
2.353080213069915771e-01
4.793172702193260193e-03
5.824570078402757645e-03
1.192225515842437744e-02
5.883073434233665466e-03
1.677185148000717163e-01
2.259751856327056885e-01
1.766795367002487183e-01
9.382268041372299194e-02
6.405300227925181389e-04
2.693592011928558350e-01
4.930257499217987061e-01
3.719447851181030273e-01
9.891396760940551758e-02
3.372729569673538208e-02
2.891684472560882568e-01
1.851173490285873413e-02
2.026835223659873009e-03
2.048137830570340157e-03
8.587591350078582764e-02
4.991127178072929382e-02
1.499079763889312744e-01
1.342264586128294468e-04
3.554585874080657959e-01
2.481634169816970825e-01
2.838149368762969971e-01
6.961196660995483398e-02
1.843307316303253174e-01
9.443342685699462891e-03
2.917390316724777222e-03
1.105313450098037720e-01
3.213169053196907043e-02
6.689595757052302361e-04
2.413475187495350838e-03
1.047442555427551270e-01
2.964532002806663513e-02
5.807800889015197754e-01
9.963639080524444580e-02
7.381486147642135620e-02
1.041018888354301453e-01
2.045151889324188232e-01
9.430380538105964661e-03
3.746809065341949463e-02
1.061287224292755127e-01
1.015410944819450378e-02
2.588214701972901821e-04
1.196342171169817448e-03
4.244175797794014215e-04
7.323642726987600327e-03
3.493384718894958496e-01
3.657722473144531250e-01
3.875001668930053711e-01
6.392405927181243896e-02
1.855138540267944336e-01
2.841939032077789307e-02
3.852329850196838379e-01
2.920779585838317871e-02
1.421550381928682327e-02
2.243382111191749573e-02
1.323779812082648277e-03
4.017972387373447418e-03
1.318680122494697571e-03
2.373478710651397705e-01
3.969634473323822021e-01
3.106156885623931885e-01
2.311742156744003296e-01
2.110123634338378906e-01
1.852081902325153351e-02
1.931527554988861084e-01
1.782927662134170532e-02
4.395860247313976288e-03
5.090845823287963867e-01
1.842750934883952141e-03
2.595329191535711288e-03
3.767511516343802214e-04
4.217494428157806396e-01
2.107529342174530029e-01
3.823373913764953613e-01
2.292589396238327026e-01
2.422384321689605713e-01
2.564717549830675125e-03
2.358959987759590149e-02
1.437991205602884293e-02
4.536196589469909668e-01
1.823694631457328796e-02
6.954294629395008087e-03
1.117166317999362946e-02
3.293995186686515808e-02
4.915327429771423340e-01
4.361562430858612061e-02
6.967690587043762207e-02
3.580963984131813049e-02
2.295863255858421326e-02
1.572829484939575195e-02
7.597593218088150024e-02
7.932813465595245361e-02
1.803425550460815430e-01
4.339477047324180603e-02
2.046191692352294922e-01
4.774812608957290649e-02
5.606381688266992569e-03
5.976384282112121582e-01
3.396953344345092773e-01
2.623255848884582520e-01
6.055548787117004395e-02
1.987893432378768921e-01
3.548976965248584747e-03
1.386204808950424194e-01
1.896650642156600952e-01
3.957968670874834061e-03
1.960645802319049835e-02
1.394482553005218506e-01
1.841511577367782593e-02
3.201688872650265694e-03
4.490375220775604248e-01
2.062456756830215454e-01
4.252601563930511475e-01
4.045085608959197998e-02
2.390000969171524048e-01
1.198723446577787399e-02
4.116291701793670654e-01
1.649948954582214355e-02
1.783068478107452393e-01
5.204771086573600769e-02
2.551812864840030670e-02
3.663351386785507202e-02
2.886180020868778229e-02
5.184811353683471680e-01
3.256982564926147461e-01
3.385272920131683350e-01
4.220280051231384277e-02
3.015585541725158691e-01
2.550266496837139130e-02
1.069933101534843445e-01
6.501258030766621232e-05
5.159146711230278015e-02
4.713179350801510736e-06
8.389695547521114349e-03
2.165140816941857338e-03
2.259507402777671814e-02
4.431198835372924805e-01
2.310896962881088257e-01
3.523499518632888794e-02
9.786473214626312256e-02
3.952253237366676331e-02
3.823149891104549170e-04
6.516007706522941589e-03
4.203583579510450363e-03
4.159100353717803955e-03
3.688762080855667591e-04
4.208677913993597031e-03
1.146446913480758667e-03
1.258003339171409607e-02
5.036172866821289062e-01
2.551882863044738770e-01
1.959812939167022705e-01
3.839897364377975464e-02
1.434137299656867981e-02
1.407248928444460034e-04
1.292427815496921539e-02
6.431049108505249023e-02
4.163568373769521713e-04
1.776685530785471201e-04
3.852611407637596130e-03
6.810877472162246704e-02
6.879513239255174994e-05
3.930225670337677002e-01
4.227778613567352295e-01
1.579865366220474243e-01
1.069593727588653564e-01
2.367597967386245728e-01
1.856296211481094360e-01
5.986453033983707428e-03
2.710577249526977539e-01
8.412663638591766357e-02
1.447782778996042907e-05
6.597295403480529785e-03
1.128583331592381001e-03
4.087977856397628784e-02
4.139948487281799316e-01
2.253202795982360840e-01
1.809321343898773193e-01
7.768048439174890518e-03
4.360412247478961945e-03
1.897916644811630249e-01
6.270718166945243865e-09
1.663457453250885010e-01
1.639413833618164062e-01
1.376355101001536241e-07
4.331921227276325226e-04
8.723212778568267822e-02
1.845467649400234222e-02
3.782064914703369141e-01
1.898411512374877930e-01
1.708779297769069672e-02
1.832230985164642334e-01
5.989871919155120850e-02
8.289996534585952759e-02
2.346538967685773969e-04
4.636044148355722427e-03
6.068362388759851456e-03
9.598871110938489437e-04
6.656279438175261021e-04
4.442248959094285965e-03
2.170643769204616547e-03
2.787352204322814941e-01
5.776679888367652893e-02
2.326563559472560883e-02
2.101779431104660034e-01
4.536733962595462799e-03
1.178453266620635986e-01
1.417350722476840019e-04
5.594495311379432678e-02
2.868774831295013428e-01
1.998662337427958846e-04
5.035094800405204296e-04
7.196947932243347168e-02
1.922270712384488434e-05
3.111159801483154297e-01
5.407922267913818359e-01
3.291962444782257080e-01
1.180015224963426590e-02
1.714966893196105957e-01
2.546051051467657089e-03
3.722710069268941879e-03
3.454713895916938782e-02
1.789644360542297363e-01
4.449940100312232971e-02
3.023502416908740997e-03
8.962161093950271606e-02
7.029228657484054565e-02
2.095457911491394043e-01
5.749133825302124023e-01
2.550410106778144836e-02
2.017765194177627563e-01
2.011380391195416451e-03
1.876241862773895264e-01
5.121121066622436047e-04
5.510735325515270233e-03
1.657501310110092163e-01
1.589175430126488209e-03
8.086719026323407888e-05
1.553413312649354339e-04
9.875670075416564941e-02
4.512500464916229248e-01
2.118950039148330688e-01
3.108254633843898773e-02
2.402176149189472198e-02
1.288863122463226318e-01
3.135067224502563477e-02
3.971705213189125061e-03
2.090186346322298050e-03
4.485952481627464294e-02
1.358088999986648560e-01
1.091519079636782408e-04
3.479706589132547379e-03
3.107279539108276367e-02
3.910440504550933838e-01
2.863743305206298828e-01
1.830526441335678101e-01
1.268386654555797577e-02
5.785021465271711349e-03
6.932661682367324829e-02
1.243817880749702454e-01
2.847516909241676331e-03
5.438342923298478127e-04
3.569908731151372194e-04
7.637489761691540480e-05
4.105993546545505524e-03
5.681643635034561157e-02
5.408588051795959473e-01
2.320267260074615479e-01
1.954349577426910400e-01
4.014037251472473145e-01
3.039023466408252716e-02
2.607456445693969727e-01
2.782083116471767426e-03
2.484254539012908936e-03
1.837860618252307177e-04
3.156575188040733337e-02
9.872513823211193085e-03
3.442756459116935730e-02
1.079596132040023804e-01
2.858194410800933838e-01
2.442855536937713623e-01
2.858910262584686279e-01
5.494434013962745667e-02
1.719979494810104370e-01
2.656819820404052734e-01
7.039709948003292084e-03
1.334781646728515625e-01
4.434022586792707443e-03
9.569276869297027588e-02
1.438176035881042480e-01
8.711862564086914062e-02
2.583875358104705811e-01
6.389088034629821777e-01
2.582793235778808594e-01
1.622545532882213593e-02
1.566388905048370361e-01
9.076453000307083130e-02
3.387905657291412354e-01
8.040481588977854699e-06
8.794981241226196289e-02
6.008367612957954407e-02
7.934779278002679348e-04
1.104539725929498672e-03
6.277387728914618492e-05
5.052565038204193115e-02
2.505861520767211914e-01
4.244371056556701660e-01
1.877668946981430054e-01
6.693275570869445801e-01
1.778410375118255615e-01
6.396659184247255325e-03
1.349709928035736084e-01
2.727332175709307194e-04
3.123747706413269043e-01
2.610462903976440430e-01
2.781442133709788322e-03
1.022861301898956299e-01
1.580535173416137695e-01
4.091641902923583984e-01
1.837398558855056763e-01
1.849077790975570679e-01
2.170947790145874023e-01
7.915945351123809814e-02
7.222817745059728622e-03
1.310224533081054688e-01
2.515723556280136108e-02
1.518341004848480225e-01
9.658911079168319702e-02
4.000783432275056839e-03
2.589002542663365602e-04
7.472618669271469116e-02
5.016527175903320312e-01
3.558846116065979004e-01
1.428438127040863037e-01
2.829986810684204102e-01
1.377675384283065796e-01
8.915107464417815208e-04
2.835919857025146484e-01
6.368800066411495209e-03
1.416498911567032337e-03
1.436231099069118500e-02
1.405675858259201050e-01
8.690017275512218475e-03
1.612471938133239746e-01
6.382552385330200195e-01
7.509069889783859253e-02
1.906114518642425537e-01
5.849968791007995605e-01
1.392259150743484497e-01
1.257507055997848511e-01
5.107390508055686951e-02
1.632294803857803345e-01
2.634049057960510254e-01
2.319816350936889648e-01
9.910774230957031250e-02
4.046175454277545214e-04
8.368969894945621490e-03
2.810534834861755371e-01
7.181790471076965332e-02
1.704818010330200195e-01
3.026549220085144043e-01
2.518385415896773338e-03
3.018559189513325691e-03
2.160562872886657715e-01
3.819159697741270065e-03
1.634630709886550903e-01
1.135568097233772278e-01
2.237269580364227295e-01
3.231332229916006327e-04
5.175402620807290077e-04
5.467616915702819824e-01
4.448777064681053162e-02
2.132525742053985596e-01
1.493044644594192505e-01
3.369473814964294434e-01
2.770846476778388023e-03
3.089621067047119141e-01
3.845558734610676765e-03
1.466469168663024902e-01
1.340400922344997525e-04
1.895272731781005859e-02
1.575969457626342773e-01
3.026260808110237122e-02
6.626054644584655762e-01
3.675714433193206787e-01
1.850947178900241852e-02
9.227633476257324219e-02
1.099442481063306332e-03
4.194174427539110184e-03
3.795444965362548828e-01
2.548922551795840263e-03
9.472416131757199764e-04
1.587425358593463898e-02
5.833228584378957748e-03
2.359142005443572998e-01
1.120723709464073181e-01
2.671371698379516602e-01
1.999278515577316284e-01
1.278284844011068344e-02
2.987917661666870117e-01
3.221011161804199219e-02
2.025684416294097900e-01
2.902309224009513855e-02
1.724021323025226593e-02
9.532032418064773083e-04
1.420774962753057480e-02
4.003793299198150635e-01
2.563643269240856171e-03
7.586147170513868332e-03
5.226280093193054199e-01
7.740944623947143555e-02
3.183232992887496948e-02
2.427821010351181030e-01
3.692768886685371399e-02
3.587963581085205078e-01
4.282254260033369064e-03
1.530358335003256798e-03
6.272054743021726608e-04
1.689748314674943686e-04
5.226465407758951187e-03
2.487075107637792826e-04
1.644162693992257118e-03
3.053932785987854004e-01
3.959284126758575439e-01
1.374244596809148788e-02
4.200974702835083008e-01
6.681530177593231201e-02
6.472551467595621943e-05
3.585605323314666748e-02
1.566035323776304722e-03
2.368687637499533594e-05
1.953043229877948761e-02
9.951540268957614899e-04
7.297770207514986396e-05
2.612007595598697662e-02
6.972032785415649414e-01
2.208860516548156738e-01
4.390068352222442627e-01
2.300659865140914917e-01
2.283177971839904785e-01
1.245933381142094731e-04
1.337434202432632446e-01
1.116416975855827332e-02
9.614622103981673717e-05
9.687195532023906708e-03
1.487143188714981079e-01
1.305313110351562500e-01
4.846912622451782227e-02
3.745956122875213623e-01
3.785410523414611816e-01
1.538810878992080688e-01
2.962682247161865234e-01
1.357264816761016846e-01
1.280197029700502753e-04
1.568414866924285889e-01
1.007784623652696609e-02
5.495577119290828705e-03
4.369263648986816406e-01
1.852596849203109741e-01
1.590110957622528076e-01
4.320093139540404081e-04
3.631381690502166748e-01
2.462848871946334839e-01
1.964680850505828857e-02
6.956644356250762939e-02
5.020072311162948608e-02
8.397512137889862061e-02
1.001834198832511902e-01
5.954891443252563477e-03
9.933521971106529236e-03
9.221771359443664551e-02
1.062814518809318542e-02
6.218461203388869762e-04
9.048656374216079712e-02
4.508005678653717041e-01
1.024810448288917542e-01
3.135967254638671875e-02
2.892447710037231445e-01
5.722746998071670532e-02
6.906390935182571411e-02
3.803570568561553955e-01
1.053693704307079315e-02
2.766913035884499550e-03
7.148364093154668808e-03
1.268198788166046143e-01
2.930904971435666084e-03
5.384938418865203857e-02
5.169026255607604980e-01
1.009591147303581238e-01
1.369738578796386719e-01
5.588431358337402344e-01
2.872912771999835968e-02
4.608463495969772339e-04
9.027861803770065308e-02
2.073995769023895264e-02
2.592808566987514496e-03
2.382959239184856415e-03
3.149403929710388184e-01
1.621906012296676636e-01
1.863767465692944825e-06
5.177019834518432617e-01
2.071867585182189941e-01
1.327082216739654541e-01
4.354249536991119385e-01
3.357103466987609863e-02
4.227969422936439514e-02
1.023009046912193298e-01
1.310290116816759109e-02
2.697695977985858917e-03
2.318699844181537628e-03
1.530383378267288208e-01
1.852115690708160400e-01
1.664852499961853027e-01
3.408131897449493408e-01
2.396737337112426758e-01
3.639475628733634949e-02
2.615200877189636230e-01
1.167433783411979675e-01
5.235762521624565125e-02
3.033873438835144043e-01
3.349106311798095703e-01
1.793701760470867157e-02
7.936368137598037720e-02
3.690237179398536682e-03
9.388455748558044434e-02
1.320544481277465820e-01
4.224769473075866699e-01
2.147347480058670044e-01
1.511476784944534302e-01
2.545344829559326172e-01
4.344521835446357727e-02
1.943750530481338501e-01
2.125939577817916870e-01
6.643845699727535248e-03
1.913918927311897278e-02
6.087194196879863739e-03
4.329627845436334610e-03
1.859600543975830078e-01
1.896654441952705383e-02
3.284614384174346924e-01
5.377190113067626953e-01
1.814176440238952637e-01
1.294516324996948242e-01
4.068276286125183105e-02
2.715515159070491791e-02
2.657278180122375488e-01
2.967890165746212006e-02
1.425622576789464802e-05
4.643263518810272217e-01
7.792883086949586868e-03
1.700441241264343262e-01
6.820425624027848244e-04
4.441992640495300293e-01
6.462607532739639282e-02
3.139195591211318970e-02
6.265048384666442871e-01
1.997537352144718170e-02
1.902133412659168243e-02
3.261738717555999756e-01
1.668030954897403717e-02
2.418247461318969727e-01
3.330820426344871521e-02
1.369249727576971054e-02
2.618935406208038330e-01
1.292243687203153968e-04
3.136084079742431641e-01
5.657847598195075989e-02
1.943670064210891724e-01
5.484663695096969604e-02
3.763185814023017883e-02
1.658886857330799103e-02
1.795216836035251617e-02
5.308347940444946289e-02
1.780768036842346191e-01
3.199270367622375488e-02
1.762759536504745483e-01
1.972937770187854767e-02
1.974372006952762604e-02
3.538588583469390869e-01
2.452408969402313232e-01
3.245751261711120605e-01
2.489290833473205566e-01
6.215131655335426331e-02
1.319061368703842163e-01
9.949952363967895508e-02
7.326898165047168732e-03
1.699831336736679077e-01
1.515809074044227600e-02
2.942336350679397583e-02
9.416081011295318604e-03
7.236708770506083965e-04
3.253633081912994385e-01
5.478128045797348022e-02
1.855547130107879639e-01
2.215712815523147583e-01
1.755290776491165161e-01
9.147372841835021973e-02
1.134131848812103271e-01
1.935562938451766968e-01
1.701890677213668823e-01
3.523687273263931274e-02
4.061801359057426453e-02
4.319811705499887466e-03
1.415262222290039062e-01
5.077381134033203125e-01
3.807744085788726807e-01
1.496908217668533325e-01
3.671985864639282227e-01
5.112572014331817627e-02
1.664810031652450562e-01
9.727457910776138306e-02
1.587613672018051147e-02
7.378756999969482422e-02
8.157595247030258179e-02
1.379092223942279816e-03
1.755774766206741333e-01
3.573918342590332031e-02
4.633664488792419434e-01
1.874797940254211426e-01
2.073787897825241089e-01
1.285271346569061279e-01
3.536518812179565430e-01
1.031032726168632507e-01
1.832305826246738434e-02
1.078285044059157372e-03
9.029554203152656555e-03
2.616487790874089114e-07
4.727400466799736023e-02
7.588152587413787842e-02
1.939623802900314331e-02
4.116578400135040283e-01
8.506843447685241699e-02
1.735870242118835449e-01
1.361362934112548828e-01
6.202982366085052490e-02
3.371689617633819580e-01
2.142943628132343292e-02
1.915326714515686035e-01
1.917819231748580933e-01
1.007876926450990140e-04
5.248988512903451920e-03
3.613531298469752073e-04
4.102925583720207214e-02
4.878128468990325928e-01
3.908006846904754639e-01
1.961655914783477783e-01
2.959366738796234131e-01
6.147699803113937378e-02
3.453172743320465088e-01
1.649267971515655518e-01
1.815404593944549561e-01
1.704912036657333374e-01
1.224184758029878139e-03
4.016106016933917999e-03
1.700301617383956909e-01
3.517437726259231567e-02
2.843706309795379639e-01
1.150827407836914062e-01
1.650780439376831055e-02
5.564450845122337341e-02
2.837149612605571747e-02
1.836870610713958740e-01
8.044655434787273407e-03
1.277237758040428162e-02
1.778730750083923340e-01
5.993178114295005798e-02
4.963737912476062775e-03
7.377228699624538422e-03
8.333564549684524536e-02
5.166831612586975098e-01
3.581535518169403076e-01
2.410631254315376282e-02
1.445579826831817627e-01
2.246942818164825439e-01
9.030342847108840942e-02
1.137089636176824570e-02
1.207026652991771698e-02
1.177681758999824524e-01
2.266321796923875809e-03
1.368210301734507084e-03
6.596035673283040524e-04
8.865414187312126160e-03
4.621182084083557129e-01
3.878031969070434570e-01
2.225054241716861725e-02
2.495669275522232056e-01
4.054534733295440674e-01
2.799839079380035400e-01
1.539772003889083862e-01
3.616121113300323486e-01
1.669634729623794556e-01
1.492856144905090332e-01
2.917148231063038111e-04
1.790849841199815273e-03
5.002317950129508972e-02
4.083862900733947754e-01
6.716319173574447632e-02
4.774615168571472168e-01
5.152417346835136414e-02
9.213337302207946777e-02
3.334392607212066650e-01
2.070295996963977814e-02
1.900781840085983276e-01
1.219336991198360920e-03
1.040953211486339569e-02
5.225340370088815689e-03
1.030185376293957233e-04
4.046494513750076294e-02
3.825816214084625244e-01
3.521910309791564941e-01
2.498026750981807709e-02
2.844833433628082275e-01
2.678186893463134766e-01
4.407510627061128616e-03
8.189170062541961670e-02
1.043619662523269653e-01
6.348153203725814819e-02
1.126581132411956787e-01
4.072879441082477570e-03
4.303234629333019257e-03
1.478238962590694427e-03
5.637694001197814941e-01
1.953044384717941284e-01
1.790826320648193359e-01
2.852164506912231445e-01
3.763028979301452637e-02
1.080048456788063049e-01
1.064090244472026825e-02
1.218715086579322815e-01
1.738180667161941528e-01
2.144032478099688888e-04
2.119908313034102321e-04
4.294883087277412415e-02
1.431081793271005154e-03
5.806367993354797363e-01
3.271180391311645508e-01
1.708651930093765259e-01
2.894963026046752930e-01
2.292500883340835571e-01
2.431550770998001099e-01
1.456727087497711182e-01
2.838100790977478027e-01
1.973616192117333412e-03
2.265841960906982422e-01
4.084387421607971191e-02
9.842772269621491432e-04
1.966631971299648285e-02
5.434792637825012207e-01
6.229647621512413025e-02
1.848902553319931030e-01
2.982426881790161133e-01
2.781486324965953827e-02
2.323860377073287964e-01
2.337037026882171631e-02
3.424787521362304688e-01
2.636554185301065445e-03
1.409849617630243301e-02
7.707535475492477417e-02
6.697246339172124863e-03
6.704117404296994209e-04
2.638953328132629395e-01
2.031623274087905884e-01
1.445631682872772217e-01
8.534538745880126953e-02
3.800645470619201660e-01
2.172145843505859375e-01
1.563676595687866211e-01
9.336126595735549927e-02
1.429833471775054932e-01
2.880758233368396759e-02
2.477480284869670868e-02
9.294530004262924194e-02
4.628778900951147079e-03
3.663859367370605469e-01
6.935666203498840332e-01
2.714278921484947205e-02
8.425054699182510376e-02
2.295410484075546265e-01
3.306536972522735596e-01
7.372655905783176422e-03
9.521720558404922485e-02
1.547040790319442749e-02
7.306876359507441521e-04
1.567106842994689941e-01
5.168221890926361084e-03
1.659128029132261872e-04
4.348241090774536133e-01
6.864333897829055786e-02
1.784610897302627563e-01
2.444848716259002686e-01
2.074313163757324219e-01
2.372327819466590881e-02
5.885818041861057281e-03
2.846805378794670105e-02
1.481473594903945923e-01
5.702616181224584579e-04
4.453949630260467529e-02
8.001944050192832947e-03
6.419851630926132202e-02
5.253642201423645020e-01
4.009351730346679688e-01
2.856479212641716003e-02
2.257391512393951416e-01
7.053813338279724121e-02
1.803604066371917725e-01
1.685745269060134888e-02
3.820563480257987976e-02
2.153164297342300415e-01
9.900904260575771332e-03
1.599360555410385132e-01
1.366505841815524036e-07
3.438971471041440964e-03
3.642723262310028076e-01
1.754462867975234985e-01
6.066985428333282471e-02
2.512403726577758789e-01
5.927546322345733643e-02
8.220789022743701935e-03
2.007358334958553314e-02
4.618844389915466309e-02
1.832565963268280029e-01
1.185909882187843323e-01
1.617341041564941406e-01
1.764676868915557861e-01
6.842115908511914313e-06
6.372328400611877441e-01
2.707597911357879639e-01
1.940756291151046753e-01
2.886824607849121094e-01
5.254819244146347046e-02
2.690970301628112793e-01
1.852420717477798462e-01
4.250362887978553772e-02
1.538538932800292969e-02
1.238938271999359131e-01
8.351179771125316620e-03
4.821693524718284607e-03
7.078559137880802155e-04
4.168309271335601807e-01
4.010945260524749756e-01
1.431470550596714020e-02
2.594807744026184082e-01
2.439320236444473267e-01
1.555210351943969727e-01
1.113413125276565552e-01
1.163745373487472534e-01
9.837070479989051819e-03
4.642535466700792313e-03
5.376934539526700974e-03
1.740132123231887817e-01
1.079798936843872070e-01
4.380103647708892822e-01
2.274150401353836060e-01
1.589265465736389160e-02
1.107202842831611633e-01
2.177894860506057739e-01
7.850725203752517700e-03
1.390909701585769653e-01
1.895895786583423615e-02
5.029747262597084045e-03
1.034945994615554810e-01
2.541829347610473633e-01
6.135695148259401321e-04
1.426162291318178177e-02
6.558158397674560547e-01
2.977464720606803894e-02
2.549837715923786163e-02
2.595162093639373779e-01
1.946023106575012207e-01
6.642581894993782043e-03
1.436206139624118805e-02
4.098818302154541016e-01
1.434475369751453400e-02
1.795343607664108276e-01
1.723633557558059692e-01
3.294249251484870911e-02
4.366258531808853149e-02
5.468463897705078125e-01
3.217650353908538818e-01
4.128102213144302368e-02
5.412279367446899414e-01
5.413912236690521240e-02
1.037201955914497375e-01
2.989778481423854828e-02
2.197753265500068665e-02
6.304199248552322388e-02
4.612910095602273941e-03
5.204060301184654236e-02
1.845270693302154541e-01
4.656537622213363647e-02
6.239461898803710938e-01
3.728432357311248779e-01
2.949719503521919250e-02
1.904718875885009766e-01
4.598554968833923340e-02
6.545529514551162720e-02
3.083860035985708237e-03
1.165677700191736221e-02
1.258715689182281494e-01
3.338993992656469345e-03
5.062796548008918762e-02
8.796215988695621490e-04
2.428257372230291367e-03
3.308238089084625244e-01
3.779016733169555664e-01
2.866080030798912048e-02
2.996036708354949951e-01
3.429892063140869141e-01
3.349078595638275146e-01
3.516282439231872559e-01
4.824164509773254395e-02
2.103289961814880371e-01
2.164740711450576782e-01
1.032977364957332611e-02
5.534371733665466309e-02
5.833729356527328491e-02
3.922054767608642578e-01
2.295224070549011230e-01
2.473432384431362152e-02
5.877181291580200195e-01
2.867876365780830383e-02
4.131842255592346191e-01
1.502336710691452026e-01
3.269531577825546265e-02
4.587978124618530273e-03
3.353582918643951416e-01
3.102738410234451294e-02
1.293494403362274170e-01
2.717107534408569336e-03
4.504660964012145996e-01
5.351360440254211426e-01
3.729402422904968262e-01
1.675882190465927124e-01
1.290455758571624756e-01
3.017961606383323669e-02
3.420739173889160156e-01
2.368194162845611572e-01
1.903803050518035889e-01
2.384476959705352783e-01
1.114042941480875015e-02
2.120135575532913208e-01
8.565186709165573120e-02
2.857249677181243896e-01
5.440955758094787598e-01
2.527485415339469910e-02
2.517313361167907715e-01
2.434984743595123291e-01
3.326887190341949463e-01
4.745727777481079102e-02
5.552946031093597412e-02
1.601954847574234009e-01
1.822513490915298462e-01
2.577759511768817902e-02
7.783132605254650116e-03
4.759971052408218384e-03
