3.139136582971192579e-01
3.774785900739236477e-01
2.992979890774362106e-01
3.566217048165316594e-01
2.286061801222296352e-01
1.759515116976287374e-01
1.701556698132593026e-01
2.593322482157068842e-01
3.514908458500241029e-01
2.378183192967508741e-01
2.768364929809020158e-01
2.756625371447836148e-01
3.054427265261228097e-01
3.536356922525625834e-01
1.432188937391261907e-01
2.720613539433823225e-01
4.587835391553548581e-01
3.238904007638876426e-01
2.398110979165022083e-01
2.596623913313333976e-01
4.075298340937409391e-01
3.477680166251957417e-01
3.853012167920286668e-01
3.781636004479458912e-01
3.608608565364892495e-01
2.079855445235107847e-01
3.841454739897297022e-01
3.661543381615326997e-01
4.322234000652455110e-01
3.304357372510891566e-01
3.404437826516536481e-01
3.363020397149599772e-01
4.319101151866981403e-01
3.996081247639197698e-01
4.187704539642884138e-01
3.312618630006909370e-01
3.347981914591330876e-01
1.232546516067276748e-01
9.909169400970523067e-02
1.990047496331568966e-01
2.106848115173096947e-01
1.936279097930170001e-01
1.022782071601026355e-01
1.432620244494710871e-01
1.874063711573119018e-01
1.632070896538117821e-01
1.546108906802076688e-01
1.629529075983625064e-01
2.788453297689557076e-01
2.559373423528785718e-01
1.541649033136379132e-01
2.436942676655375062e-01
2.431689355737314817e-01
2.998123879616076959e-01
3.398369417633287926e-01
2.936120565103080282e-01
2.422063391870604154e-01
3.354566018097102642e-01
2.992454530814519509e-01
2.489743369022527630e-01
2.198745508749897770e-01
3.464411344522467240e-01
3.629127290243139847e-01
3.432164108022474069e-01
2.357031188618678441e-01
2.754005794771589022e-01
2.919573436419551360e-01
2.383207083912566304e-01
3.040874156241233361e-01
3.421579145898039354e-01
4.219402877184060818e-01
4.059668403978531348e-01
3.951044128133127109e-01
3.208144959420539122e-01
3.954196439590305090e-01
2.279095696822668604e-01
1.311803341556627145e-01
2.559055386540981525e-01
3.110820085096817622e-01
3.243270764987056243e-01
3.274043816670130780e-01
2.959504306602936397e-01
3.956532611583287729e-01
3.036847719564460535e-01
2.100384473585738543e-01
2.365903004157679235e-01
2.851656282034057965e-01
2.299567952465552678e-01
2.823908219400506625e-01
2.302696770952584737e-01
3.255288965212038144e-01
3.059780123518206496e-01
3.708633015362116092e-01
2.832250107223024949e-01
3.562025141257506022e-01
4.318283539838515539e-01
4.136030365927861330e-01
3.693774755900868789e-01
3.892530891686104555e-01
3.093853121480116264e-01
3.902220371394203302e-01
