6.335825920104980469e-01
2.010299414396286011e-01
4.801501333713531494e-01
3.595772683620452881e-01
3.982866108417510986e-01
7.488378882408142090e-01
1.895620673894882202e-01
4.810524284839630127e-01
7.396870106458663940e-02
9.813997745513916016e-01
9.388674795627593994e-02
6.562132835388183594e-01
6.036202609539031982e-02
3.386029005050659180e-01
7.033584117889404297e-01
5.426894426345825195e-01
8.269444853067398071e-02
2.298156917095184326e-01
2.196727246046066284e-01
4.578022360801696777e-01
3.413158655166625977e-02
9.348486363887786865e-02
2.822213172912597656e-01
3.977853655815124512e-01
3.620351254940032959e-01
1.654496043920516968e-01
9.679037332534790039e-01
3.841629028320312500e-01
6.439349055290222168e-02
1.417718082666397095e-01
7.187308073043823242e-01
1.408163309097290039e-01
9.192723780870437622e-02
2.576384246349334717e-01
1.451776623725891113e-01
1.704935170710086823e-02
2.646540403366088867e-01
4.420720338821411133e-01
3.595574796199798584e-01
3.700016736984252930e-01
3.123480975627899170e-01
2.304403185844421387e-01
2.993976771831512451e-01
2.351318299770355225e-01
3.636553883552551270e-01
5.967971682548522949e-01
2.535008788108825684e-01
4.686740338802337646e-01
4.287048876285552979e-01
9.713393449783325195e-02
1.845098733901977539e-01
7.810190320014953613e-01
4.473841190338134766e-01
1.717087179422378540e-01
5.752476453781127930e-01
1.510070264339447021e-01
9.478645026683807373e-02
1.514485478401184082e-01
1.280516386032104492e-01
6.455625295639038086e-01
3.805827796459197998e-01
3.059796690940856934e-01
3.946737647056579590e-01
5.199416875839233398e-01
4.556820169091224670e-02
4.052080512046813965e-01
1.312867831438779831e-02
4.067439436912536621e-01
4.695073962211608887e-01
1.069068163633346558e-02
5.646654963493347168e-01
4.914446175098419189e-02
3.999453186988830566e-01
3.147480785846710205e-01
2.513318061828613281e-01
4.278337955474853516e-01
4.649512171745300293e-01
5.710428357124328613e-01
1.354972869157791138e-01
4.206703901290893555e-01
8.423280715942382812e-02
1.769460141658782959e-01
4.088324904441833496e-01
4.407792687416076660e-01
9.612018615007400513e-02
6.738930940628051758e-01
5.463070869445800781e-01
4.085698127746582031e-01
4.200399294495582581e-02
4.487122893333435059e-01
2.744588255882263184e-01
5.403057336807250977e-01
1.852058023214340210e-01
3.405063152313232422e-01
4.258224368095397949e-01
3.986027240753173828e-01
5.600159168243408203e-01
5.106989145278930664e-01
1.264933049678802490e-01
5.026567578315734863e-01
1.020579114556312561e-01
5.980114936828613281e-01
3.085709810256958008e-01
1.882264912128448486e-01
3.450211882591247559e-01
6.743891239166259766e-01
2.778598964214324951e-01
4.722707569599151611e-01
4.935748875141143799e-01
3.581165969371795654e-01
1.104090809822082520e-01
5.854174122214317322e-02
4.574501216411590576e-01
1.132900044322013855e-01
3.925761878490447998e-01
3.856852650642395020e-01
2.651786208152770996e-01
1.858002506196498871e-02
1.681549847126007080e-01
5.750273466110229492e-01
