4.129129350185394287e-01
7.375265657901763916e-02
2.496951073408126831e-02
6.306076049804687500e-01
4.096181392669677734e-01
9.954449534416198730e-02
7.771797478199005127e-02
6.255096793174743652e-01
6.770091652870178223e-01
2.608189582824707031e-01
1.381647735834121704e-01
6.519948840141296387e-01
6.357551813125610352e-01
2.886355519294738770e-01
2.357981503009796143e-01
2.579880133271217346e-02
3.914761915802955627e-02
7.993202209472656250e-01
1.316919326782226562e-01
1.478121429681777954e-01
1.727358251810073853e-02
7.586658596992492676e-01
6.628625988960266113e-01
8.149846643209457397e-02
1.524667739868164062e-01
2.878518402576446533e-01
4.179596304893493652e-01
2.189622372388839722e-01
2.201077044010162354e-01
3.941563963890075684e-01
1.419068872928619385e-02
2.889299094676971436e-01
5.280553698539733887e-01
6.468804180622100830e-02
5.422688648104667664e-02
6.224181652069091797e-01
6.738370656967163086e-01
2.264236211776733398e-01
1.470206081867218018e-01
2.982931435108184814e-01
3.878409266471862793e-01
3.929796218872070312e-01
2.300316244363784790e-01
4.402377009391784668e-01
8.404444158077239990e-02
3.627690672874450684e-01
2.066521942615509033e-01
1.302313208580017090e-01
4.251397028565406799e-02
4.648092687129974365e-01
5.137367248535156250e-01
2.222531437873840332e-01
1.010497957468032837e-01
3.973893821239471436e-01
8.042180538177490234e-01
4.460626840591430664e-01
1.891318112611770630e-01
7.989079952239990234e-01
7.558685541152954102e-02
2.574306726455688477e-02
2.148482501506805420e-01
4.573187977075576782e-02
4.071193188428878784e-02
2.034925222396850586e-01
4.404169321060180664e-01
6.897063553333282471e-02
5.656879395246505737e-02
1.600213795900344849e-01
1.077852845191955566e-01
1.631968170404434204e-01
7.389064878225326538e-02
3.983847200870513916e-01
4.824591055512428284e-02
1.447526924312114716e-02
6.146914362907409668e-01
1.235558763146400452e-01
6.927987188100814819e-02
5.755890607833862305e-01
2.476625591516494751e-01
1.014792099595069885e-01
8.977764099836349487e-02
2.099135071039199829e-01
4.569827616214752197e-01
1.185469329357147217e-01
9.838119894266128540e-02
1.858389377593994141e-01
4.780939966440200806e-02
2.982744760811328888e-02
5.957794785499572754e-01
5.301662683486938477e-01
3.071999177336692810e-02
4.396427273750305176e-01
6.063925623893737793e-01
1.848215013742446899e-01
1.652374714612960815e-01
5.195418000221252441e-01
6.995999813079833984e-01
5.121083855628967285e-01
1.977070122957229614e-01
2.038897573947906494e-01
7.119452953338623047e-02
8.487634360790252686e-03
6.186458468437194824e-01
3.967958092689514160e-01
8.051312714815139771e-02
6.341452598571777344e-01
4.264078438282012939e-01
1.275105923414230347e-01
1.217355653643608093e-01
5.012329220771789551e-01
6.783172488212585449e-01
4.041921794414520264e-01
2.180368453264236450e-01
4.617502391338348389e-01
8.981123566627502441e-02
2.552799694240093231e-02
7.724269032478332520e-01
3.721397519111633301e-01
5.822635069489479065e-02
3.524950891733169556e-02
1.734593808650970459e-01
8.833119273185729980e-02
5.096373707056045532e-02
4.662187695503234863e-01
2.198699563741683960e-01
5.700215324759483337e-02
1.141909584403038025e-01
3.987300395965576172e-01
6.599937379360198975e-02
6.490985397249460220e-03
7.965087890625000000e-01
8.293519616127014160e-01
1.242034062743186951e-01
6.310737133026123047e-02
5.798388123512268066e-01
9.316663444042205811e-02
8.438283950090408325e-02
4.611104130744934082e-01
4.523335993289947510e-01
4.736410826444625854e-02
1.163136661052703857e-01
3.979271054267883301e-01
1.028576195240020752e-01
7.226118445396423340e-02
2.932147681713104248e-01
3.924738466739654541e-01
7.443508505821228027e-02
2.593680843710899353e-02
4.152211844921112061e-01
5.869365930557250977e-01
7.008656859397888184e-02
4.700642526149749756e-01
4.633117020130157471e-01
3.954654633998870850e-01
1.291709244251251221e-01
3.765546083450317383e-01
1.626829244196414948e-02
1.668608747422695160e-02
7.353010177612304688e-01
5.721001625061035156e-01
4.992925003170967102e-02
4.065279290080070496e-02
5.733293294906616211e-01
7.152715325355529785e-01
2.366493791341781616e-01
1.971035897731781006e-01
6.003746986389160156e-01
4.394654631614685059e-01
1.539647579193115234e-01
4.073802828788757324e-01
3.165408968925476074e-02
2.304397523403167725e-02
4.387856125831604004e-01
5.181630253791809082e-01
6.506461650133132935e-02
7.934422791004180908e-02
4.090184569358825684e-01
5.074851512908935547e-01
1.118255853652954102e-01
9.034815430641174316e-02
6.198580861091613770e-01
1.377448588609695435e-01
2.672582566738128662e-01
1.351002752780914307e-01
6.275386363267898560e-02
2.338576503098011017e-02
4.746421873569488525e-01
4.868877232074737549e-01
8.876059949398040771e-02
6.473936885595321655e-02
2.118474245071411133e-01
8.079501390457153320e-01
1.900601089000701904e-01
1.035062074661254883e-01
5.741546303033828735e-02
1.171609535813331604e-01
5.532819405198097229e-02
6.793947815895080566e-01
1.662313565611839294e-02
3.775075078010559082e-02
6.270457506179809570e-01
2.944132089614868164e-01
1.198401302099227905e-01
6.671799719333648682e-02
4.260478317737579346e-01
6.596571207046508789e-01
1.656092852354049683e-01
1.586082428693771362e-01
6.438742280006408691e-01
5.759564638137817383e-01
4.926897585391998291e-02
3.709824681282043457e-01
4.111593961715698242e-02
6.344725377857685089e-03
6.505193710327148438e-01
5.491067171096801758e-01
7.779743522405624390e-02
6.022056192159652710e-02
7.466606497764587402e-01
4.159280061721801758e-01
3.199014365673065186e-01
1.149024143815040588e-01
1.725468486547470093e-01
3.907078802585601807e-01
3.109236359596252441e-01
