5.542199611663818359e-01
2.300404459238052368e-01
4.978320002555847168e-01
8.863247036933898926e-01
9.238772392272949219e-01
8.582967519760131836e-01
1.218770295381546021e-01
4.446568489074707031e-01
9.379690289497375488e-01
9.967280626296997070e-01
8.141017556190490723e-01
8.862864971160888672e-01
4.377129673957824707e-01
9.812583327293395996e-01
9.633209109306335449e-01
1.821962185204029083e-03
6.638853810727596283e-04
9.991273880004882812e-01
8.490179777145385742e-01
8.090524077415466309e-01
1.210465207695960999e-01
9.393403530120849609e-01
7.479461431503295898e-01
9.859930276870727539e-01
9.765157103538513184e-01
9.848749041557312012e-01
9.522879123687744141e-01
9.866005182266235352e-01
9.939975738525390625e-01
5.826089382171630859e-01
6.473106332123279572e-04
8.841440081596374512e-01
6.814380884170532227e-01
7.383070588111877441e-01
4.675745964050292969e-01
8.419134020805358887e-01
9.395069479942321777e-01
9.418510198593139648e-01
9.974279403686523438e-01
9.658479690551757812e-01
7.078146338462829590e-01
9.283636212348937988e-01
9.998468756675720215e-01
4.995085895061492920e-01
3.769787773489952087e-02
8.424199819564819336e-01
9.518541097640991211e-01
2.996174991130828857e-01
8.307784050703048706e-02
5.530491471290588379e-01
9.411559700965881348e-01
8.816890120506286621e-01
7.231250405311584473e-01
9.617432355880737305e-01
7.750263214111328125e-01
8.446757197380065918e-01
3.035503923892974854e-01
9.997312426567077637e-01
8.590852022171020508e-01
6.456484198570251465e-01
3.248299062252044678e-01
9.554301500320434570e-01
1.084764525294303894e-01
3.420909633859992027e-04
3.989195823669433594e-01
9.933623671531677246e-01
8.528188467025756836e-01
6.724086999893188477e-01
6.960229873657226562e-01
9.556841254234313965e-01
5.592737197875976562e-01
9.540106654167175293e-01
8.874964118003845215e-01
9.658656120300292969e-01
9.252877235412597656e-01
6.531621217727661133e-01
2.710187137126922607e-01
9.630722999572753906e-01
6.124020218849182129e-01
9.162204265594482422e-01
8.979976177215576172e-01
9.853278398513793945e-01
9.591136574745178223e-01
8.855577111244201660e-01
4.115708768367767334e-01
8.054180145263671875e-01
9.027083516120910645e-01
9.855501651763916016e-01
8.553481101989746094e-01
4.264265298843383789e-01
9.347473978996276855e-01
8.941468000411987305e-01
9.397611618041992188e-01
7.186341881752014160e-01
8.613409996032714844e-01
9.812126755714416504e-01
8.700560331344604492e-01
9.828224182128906250e-01
8.218027353286743164e-01
7.889168858528137207e-01
3.986774384975433350e-01
6.740410923957824707e-01
6.582772731781005859e-01
9.182370901107788086e-01
8.910375833511352539e-01
3.567315638065338135e-01
6.461929678916931152e-01
9.981732368469238281e-01
4.099698960781097412e-01
9.249321222305297852e-01
7.124597430229187012e-01
9.876661896705627441e-01
4.303257763385772705e-01
9.640452265739440918e-01
9.002614021301269531e-01
6.794920563697814941e-01
3.111289143562316895e-01
4.522040486335754395e-01
9.457550644874572754e-01
8.995565026998519897e-02
7.061982750892639160e-01
9.945194125175476074e-01
7.500752806663513184e-01
9.054762721061706543e-01
8.152478933334350586e-01
9.848080873489379883e-01
4.977394640445709229e-01
9.643632769584655762e-01
9.064258933067321777e-01
9.805529117584228516e-01
6.598274111747741699e-01
4.631467163562774658e-01
4.639807343482971191e-01
6.715391874313354492e-01
2.091867290437221527e-02
6.758305430412292480e-01
9.874588251113891602e-01
8.149708509445190430e-01
5.538283586502075195e-01
8.754816055297851562e-01
7.487729787826538086e-01
7.451470494270324707e-01
6.845293641090393066e-01
9.567167162895202637e-01
9.141224622726440430e-01
8.614382743835449219e-01
5.418684482574462891e-01
9.875180721282958984e-01
8.234686255455017090e-01
7.082307934761047363e-01
9.890276789665222168e-01
9.816377162933349609e-01
9.914166927337646484e-01
9.695067405700683594e-01
3.262865543365478516e-01
5.566643476486206055e-01
4.678182899951934814e-01
8.678139448165893555e-01
8.511366844177246094e-01
9.063698649406433105e-01
6.456595659255981445e-01
9.051950573921203613e-01
6.720066070556640625e-01
8.566871285438537598e-01
9.408406615257263184e-01
9.686653614044189453e-01
8.987218141555786133e-01
9.957514405250549316e-01
9.018208980560302734e-01
9.606873393058776855e-01
6.808598041534423828e-01
8.347823619842529297e-01
2.497101575136184692e-01
6.819970011711120605e-01
7.810143232345581055e-01
3.292746841907501221e-01
6.555376457981765270e-04
4.277570247650146484e-01
8.946530222892761230e-01
9.888120889663696289e-01
1.653820574283599854e-01
7.936300039291381836e-01
8.888702392578125000e-01
7.083998918533325195e-01
5.631985068321228027e-01
7.787156105041503906e-01
8.249081969261169434e-01
9.224323630332946777e-01
8.942646980285644531e-01
1.120349913835525513e-01
1.590863913297653198e-01
8.244587182998657227e-01
9.974183440208435059e-01
7.114806175231933594e-01
7.511390447616577148e-01
9.671941995620727539e-01
9.644155502319335938e-01
5.372448563575744629e-01
4.149011075496673584e-01
6.790825724601745605e-01
9.338229894638061523e-01
8.533789515495300293e-01
7.810882925987243652e-01
3.074168562889099121e-01
6.151331067085266113e-01
9.347025156021118164e-01
9.749796986579895020e-01
9.997786283493041992e-01
8.917586803436279297e-01
4.563336372375488281e-01
9.689200520515441895e-01
6.313104629516601562e-01
5.579885840415954590e-01
8.316618204116821289e-01
8.736998438835144043e-01
9.187353849411010742e-01
8.341298103332519531e-01
6.497307419776916504e-01
3.941673934459686279e-01
8.388627767562866211e-01
9.420792460441589355e-01
9.991078972816467285e-01
8.482783436775207520e-01
2.228084057569503784e-01
5.489189028739929199e-01
