9.957835078239440918e-01
9.770624041557312012e-01
6.829813122749328613e-01
7.471023797988891602e-01
8.423134088516235352e-01
8.064326047897338867e-01
8.050819039344787598e-01
9.014111757278442383e-01
9.563025832176208496e-01
9.355725646018981934e-01
9.716898798942565918e-01
7.496950626373291016e-01
7.399202585220336914e-01
8.507939577102661133e-01
1.000000000000000000e+00
2.297647530212998390e-03
5.324998497962951660e-02
9.999999403953552246e-01
5.535126924514770508e-01
5.863128900527954102e-01
5.885033607482910156e-01
9.449836015701293945e-01
6.373569369316101074e-01
9.570054411888122559e-01
9.790882468223571777e-01
8.681035041809082031e-01
8.962374925613403320e-01
7.723056674003601074e-01
9.999998211860656738e-01
4.334957525134086609e-02
8.083885908126831055e-02
9.861745834350585938e-01
8.628218173980712891e-01
9.793542027473449707e-01
9.095457792282104492e-01
9.147098064422607422e-01
6.337112784385681152e-01
6.397166848182678223e-01
9.820542931556701660e-01
8.558150529861450195e-01
9.447394609451293945e-01
8.651788830757141113e-01
1.000000238418579102e+00
9.034087657928466797e-01
6.541579961776733398e-01
8.753766417503356934e-01
7.892705202102661133e-01
8.485966920852661133e-01
5.938941836357116699e-01
9.483168721199035645e-01
8.947329521179199219e-01
9.332342147827148438e-01
9.767658710479736328e-01
9.298673868179321289e-01
9.312525391578674316e-01
8.050239682197570801e-01
9.999995827674865723e-01
1.000000000000000000e+00
9.974774122238159180e-01
9.760009646415710449e-01
5.123042464256286621e-01
5.572869777679443359e-01
9.835211634635925293e-01
1.018152455799281597e-03
8.055716156959533691e-01
7.397166490554809570e-01
9.905072450637817383e-01
8.824925171211361885e-04
6.481902599334716797e-01
8.590635061264038086e-01
1.000000000000000000e+00
9.962486028671264648e-01
9.978638291358947754e-01
9.736396670341491699e-01
8.474770188331604004e-01
6.398469805717468262e-01
9.685044288635253906e-01
9.516361355781555176e-01
7.838516831398010254e-01
8.810244202613830566e-01
9.603837132453918457e-01
8.665445446968078613e-01
9.391136169433593750e-01
7.923076152801513672e-01
9.999999403953552246e-01
9.986470937728881836e-01
9.969167113304138184e-01
9.997039437294006348e-01
5.947101712226867676e-01
8.955326080322265625e-01
9.935242533683776855e-01
8.282933235168457031e-01
9.676910042762756348e-01
7.380495071411132812e-01
9.883815646171569824e-01
8.856394886970520020e-01
9.135143756866455078e-01
9.282353520393371582e-01
9.955567717552185059e-01
9.928523302078247070e-01
6.412897109985351562e-01
5.876175165176391602e-01
7.624770998954772949e-01
9.226934313774108887e-01
6.037837862968444824e-01
8.830217719078063965e-01
8.979718089103698730e-01
8.861169815063476562e-01
8.991451263427734375e-01
9.251139163970947266e-01
9.486773610115051270e-01
8.490885496139526367e-01
9.988963603973388672e-01
1.000000000000000000e+00
9.999995827674865723e-01
9.368959665298461914e-01
1.957024096554960124e-06
1.636529341340065002e-03
5.615696907043457031e-01
8.278140425682067871e-01
4.714832175523042679e-03
7.150285840034484863e-01
9.762241244316101074e-01
4.376682227302808315e-06
1.091218087822198868e-03
6.541106104850769043e-01
9.999998211860656738e-01
9.885179996490478516e-01
9.611973166465759277e-01
9.506841897964477539e-01
8.860880136489868164e-01
8.978651762008666992e-01
8.641883730888366699e-01
9.615604877471923828e-01
8.891922235488891602e-01
6.965217590332031250e-01
9.961894750595092773e-01
9.588720202445983887e-01
8.961538076400756836e-01
8.898529410362243652e-01
9.996495246887207031e-01
9.614552259445190430e-01
9.299287199974060059e-01
9.568892717361450195e-01
9.359234571456909180e-01
7.953084111213684082e-01
8.590712547302246094e-01
9.992814660072326660e-01
9.439523220062255859e-01
7.756192088127136230e-01
9.874544739723205566e-01
8.427725434303283691e-01
9.948282241821289062e-01
9.571940302848815918e-01
9.986814856529235840e-01
9.992561340332031250e-01
9.939991831779479980e-01
8.605262041091918945e-01
4.999447166919708252e-01
7.210671901702880859e-01
8.692981600761413574e-01
5.859251022338867188e-01
8.353342413902282715e-01
9.478812217712402344e-01
6.435076594352722168e-01
8.336701989173889160e-01
9.605302214622497559e-01
9.968705773353576660e-01
9.949130415916442871e-01
1.000000000000000000e+00
9.999989867210388184e-01
9.245374202728271484e-01
9.543529813527129591e-06
2.122581237927079201e-03
6.377803683280944824e-01
8.227044939994812012e-01
4.164635356573853642e-06
5.037805065512657166e-03
7.293014526367187500e-01
9.845439791679382324e-01
3.026699414476752281e-03
7.137300372123718262e-01
1.000000119209289551e+00
9.899026751518249512e-01
9.970625042915344238e-01
7.779668569564819336e-01
8.273322582244873047e-01
4.687667787075042725e-01
8.349211812019348145e-01
8.777547478675842285e-01
7.469021677970886230e-01
5.128252506256103516e-01
5.971204042434692383e-01
9.890882372856140137e-01
4.703308939933776855e-01
6.370678544044494629e-01
1.000000000000000000e+00
6.848542094230651855e-01
7.738869190216064453e-01
8.994838595390319824e-01
9.629108905792236328e-01
5.786554217338562012e-01
6.838031411170959473e-01
8.382557034492492676e-01
9.368491172790527344e-01
6.215991377830505371e-01
7.208398580551147461e-01
9.916124343872070312e-01
7.671715021133422852e-01
8.978726863861083984e-01
9.995951056480407715e-01
9.813327193260192871e-01
8.979145288467407227e-01
8.442472219467163086e-01
9.145756363868713379e-01
6.016808748245239258e-01
5.224862694740295410e-01
8.406946659088134766e-01
9.546225070953369141e-01
9.511214494705200195e-01
8.563997149467468262e-01
6.421123147010803223e-01
7.527234554290771484e-01
8.993682861328125000e-01
9.606348276138305664e-01
