1.681551071135170550e-01
2.168155985060506163e-01
2.735297355734823688e-01
3.138612716172210493e-01
1.935449948178148971e-01
5.540745604514661637e-02
1.692126395864411714e-01
2.388322565542204401e-01
2.577846504461306920e-01
1.848514383924166338e-01
1.637486435019884501e-01
2.416871243843231043e-01
1.953256907414959997e-01
3.001240735947459104e-01
9.584371968252762553e-02
2.820484720813020707e-01
3.492398243755675535e-01
1.108211373932740801e-01
2.051961495768538923e-01
2.664371893459666629e-01
2.913538910305270568e-01
1.359000143277711292e-01
1.465523500442062754e-01
2.116667301317927685e-01
2.117447872539743314e-01
1.743502426050746734e-01
3.791884972599887660e-01
3.362479188452617840e-01
2.845795203107767124e-01
1.886557424911643466e-01
3.276030806284845331e-01
3.521802950234215190e-01
4.088990298706285387e-01
2.660823001444458935e-01
2.722230374897395278e-01
3.236755022801025561e-01
3.779607323257500040e-01
7.502664164836512529e-03
1.121919917154638874e-01
1.608456941436053611e-01
1.786097642319733614e-01
2.034372683026154371e-01
9.610407797915215822e-02
1.155858862155652728e-01
1.824129104990368788e-01
8.237825778087426443e-02
6.731078218683049508e-02
9.498892333760103335e-02
1.641694994991068635e-01
2.869809602137093352e-01
3.359653077489300338e-02
2.727791466212459159e-01
2.831946836771302989e-01
1.992616927320613740e-01
1.673718369943710538e-01
1.712371195617728992e-01
1.750928947466075247e-01
2.566558129801913557e-01
2.929035609385720051e-01
6.792384819353003422e-02
1.890645295561445560e-01
2.360691230667414930e-01
2.417639695480453821e-01
2.385416552734035411e-01
1.310284750915113872e-01
2.081409923875351953e-01
2.979653644269130708e-01
2.583509320967104506e-01
2.713855952816531247e-01
3.159512673935088722e-01
3.264301631731137965e-01
2.375169015165765340e-01
2.456925939367598233e-01
3.208920437687471927e-01
3.808277268846587682e-01
2.776581285714795760e-02
1.420078031317626166e-01
1.464888351588819471e-01
1.441211961230762229e-01
1.391620905309113032e-01
1.460857291448257878e-01
2.489018938523405722e-01
2.769082459780461414e-01
1.754718929119007953e-01
2.357396642769056527e-01
2.163573380068381513e-01
2.619275776726190941e-01
2.943586211381712947e-01
2.828035943767008842e-01
1.956594723694410343e-01
2.021333605087081708e-01
2.753090464358252665e-01
2.084015562139356070e-01
2.039066734315033436e-01
2.846707540051747198e-01
1.684648103244936190e-01
1.859349439000055615e-01
2.730487290590825067e-01
1.803555292908250174e-01
2.103154755501168149e-01
2.683198911261547304e-01
