8.647294640541076660e-01
9.999968409538269043e-01
1.536815315485000610e-01
2.982832789421081543e-01
8.749817609786987305e-01
9.881144165992736816e-01
6.393455862998962402e-01
9.042692184448242188e-01
9.957796931266784668e-01
9.778129458427429199e-01
9.994922876358032227e-01
9.994081258773803711e-01
9.999821186065673828e-01
1.495671272277832031e-01
9.999975562095642090e-01
9.025480151176452637e-01
9.438551664352416992e-01
9.286864399909973145e-01
9.910429716110229492e-01
9.934594035148620605e-01
9.943194389343261719e-01
9.975462555885314941e-01
9.747933745384216309e-01
9.987257719039916992e-01
9.982340931892395020e-01
1.000000000000000000e+00
1.030306611210107803e-02
1.001520548015832901e-02
9.999994039535522461e-01
3.891579061746597290e-02
1.567531749606132507e-02
9.999982118606567383e-01
9.956665039062500000e-01
9.938909411430358887e-01
9.862731099128723145e-01
9.700767397880554199e-01
9.270910024642944336e-01
9.878395199775695801e-01
9.997968673706054688e-01
3.334115259349346161e-03
3.850073367357254028e-02
9.999993443489074707e-01
7.090108990669250488e-01
5.962337553501129150e-02
9.870632886886596680e-01
9.382123351097106934e-01
8.415272235870361328e-01
9.463807344436645508e-01
9.772275686264038086e-01
9.995350241661071777e-01
9.999123215675354004e-01
9.998741149902343750e-01
4.535832405090332031e-01
8.753742091357707977e-03
9.999991059303283691e-01
9.443597197532653809e-01
9.761255979537963867e-01
9.909554123878479004e-01
9.939643144607543945e-01
9.926770329475402832e-01
9.975792169570922852e-01
9.761468172073364258e-01
9.990910887718200684e-01
9.991297125816345215e-01
9.999988079071044922e-01
2.824795842170715332e-01
4.783585071563720703e-01
9.999995827674865723e-01
9.999997615814208984e-01
1.119493767619132996e-01
5.206825956702232361e-02
6.000833958387374878e-02
6.536579728126525879e-01
4.426752030849456787e-01
5.150327458977699280e-02
5.775966867804527283e-02
7.038236856460571289e-01
1.418201625347137451e-01
5.851775407791137695e-01
7.763201594352722168e-01
9.999993443489074707e-01
2.026717364788055420e-01
8.080434203147888184e-01
2.462144047021865845e-01
9.923375248908996582e-01
1.039541214704513550e-01
7.574425935745239258e-01
9.908202886581420898e-01
9.921924471855163574e-01
1.226299703121185303e-01
2.457978278398513794e-01
8.870111703872680664e-01
8.058063387870788574e-01
9.999985694885253906e-01
6.009911298751831055e-01
5.884442329406738281e-01
9.592733979225158691e-01
9.867063164710998535e-01
8.143372535705566406e-01
3.397219181060791016e-01
9.777265191078186035e-01
9.998625516891479492e-01
9.998871684074401855e-01
8.481465578079223633e-01
5.276128053665161133e-01
9.912453293800354004e-01
9.999985694885253906e-01
9.239646792411804199e-01
9.669311046600341797e-01
3.156311213970184326e-01
9.919886589050292969e-01
9.946426749229431152e-01
9.911389350891113281e-01
9.774386882781982422e-01
9.926664233207702637e-01
9.999559521675109863e-01
8.986155986785888672e-01
8.568823337554931641e-01
9.846425652503967285e-01
9.999724030494689941e-01
9.900203347206115723e-01
9.697849154472351074e-01
6.153633594512939453e-01
9.925816655158996582e-01
9.997353553771972656e-01
9.952875375747680664e-01
9.972216486930847168e-01
9.877805709838867188e-01
9.961413741111755371e-01
9.998407959938049316e-01
9.045798778533935547e-01
9.959471821784973145e-01
9.997566938400268555e-01
9.911033511161804199e-01
9.099704027175903320e-01
9.627516865730285645e-01
9.903909564018249512e-01
9.964056611061096191e-01
9.977470040321350098e-01
9.361622929573059082e-01
9.722814559936523438e-01
7.525484561920166016e-01
7.991753816604614258e-01
8.688791990280151367e-01
9.829665422439575195e-01
9.999583363533020020e-01
9.626778364181518555e-01
7.127190232276916504e-01
8.525806665420532227e-01
9.888939261436462402e-01
9.945034980773925781e-01
9.869350194931030273e-01
8.751227855682373047e-01
9.783547520637512207e-01
9.988193511962890625e-01
7.096292972564697266e-01
8.819090723991394043e-01
9.907301068305969238e-01
9.999896883964538574e-01
9.932957887649536133e-01
9.896619319915771484e-01
8.202324509620666504e-01
9.935795068740844727e-01
9.949589967727661133e-01
9.934080243110656738e-01
9.207907915115356445e-01
9.773662686347961426e-01
9.945635199546813965e-01
9.912449121475219727e-01
8.170928359031677246e-01
9.882438182830810547e-01
8.118454217910766602e-01
9.884703159332275391e-01
9.936235547065734863e-01
9.760899543762207031e-01
9.904478788375854492e-01
9.911037087440490723e-01
9.964917302131652832e-01
9.615832567214965820e-01
9.986335635185241699e-01
9.991830587387084961e-01
1.000000000000000000e+00
9.999998807907104492e-01
3.448950126767158508e-03
4.770688414573669434e-01
8.828687667846679688e-02
4.049018025398254395e-02
2.076709643006324768e-02
2.307606339454650879e-01
9.434812664985656738e-01
4.897865653038024902e-02
1.127686724066734314e-01
8.431660532951354980e-01
5.368187427520751953e-01
5.049701035022735596e-02
9.648473933339118958e-03
7.383175194263458252e-02
9.903136491775512695e-01
1.002535670995712280e-01
9.386286139488220215e-02
9.904211759567260742e-01
5.969710350036621094e-01
8.747212886810302734e-01
9.416914582252502441e-01
9.730097055435180664e-01
9.899709224700927734e-01
9.888234138488769531e-01
7.334724664688110352e-01
2.619098871946334839e-02
4.629601538181304932e-02
9.898926615715026855e-01
9.115179777145385742e-01
1.377550214529037476e-01
9.728615880012512207e-01
9.822933077812194824e-01
9.281873703002929688e-01
9.254840016365051270e-01
9.628201723098754883e-01
9.986788630485534668e-01
9.999416470527648926e-01
9.999995827674865723e-01
9.856531023979187012e-01
1.519776731729507446e-01
9.934795498847961426e-01
9.999999403953552246e-01
9.927586317062377930e-01
4.127911031246185303e-01
2.018873691558837891e-01
9.932799339294433594e-01
2.008528709411621094e-01
5.106361582875251770e-02
1.177284643054008484e-01
9.324601888656616211e-01
1.067065820097923279e-01
7.311929762363433838e-02
6.329633593559265137e-01
9.933615922927856445e-01
7.024263739585876465e-01
9.857798218727111816e-01
9.837175607681274414e-01
9.823367595672607422e-01
2.716122865676879883e-01
7.915169596672058105e-01
9.810412526130676270e-01
9.840908646583557129e-01
8.721849322319030762e-02
3.500927090644836426e-01
3.409537076950073242e-01
6.869102716445922852e-01
9.889674186706542969e-01
6.170122027397155762e-01
7.468250989913940430e-01
9.795489907264709473e-01
9.711397886276245117e-01
9.242292046546936035e-01
5.302350521087646484e-01
9.622628092765808105e-01
9.996361732482910156e-01
9.997428059577941895e-01
9.665942192077636719e-01
8.912566304206848145e-01
9.936552643775939941e-01
9.909129738807678223e-01
9.790766239166259766e-01
9.829096794128417969e-01
9.361057877540588379e-01
9.783763289451599121e-01
9.910349845886230469e-01
9.907655119895935059e-01
9.636057615280151367e-01
9.993407726287841797e-01
9.999694824218750000e-01
5.653523802757263184e-01
9.772017598152160645e-01
8.578908443450927734e-01
9.811543822288513184e-01
9.936174750328063965e-01
9.900051951408386230e-01
9.942525625228881836e-01
9.724449515342712402e-01
9.985910654067993164e-01
9.961185455322265625e-01
9.892215728759765625e-01
9.861841201782226562e-01
9.939445257186889648e-01
9.995417594909667969e-01
9.864650368690490723e-01
9.260922670364379883e-01
9.780955910682678223e-01
9.746670126914978027e-01
9.616886377334594727e-01
9.970335960388183594e-01
9.673244357109069824e-01
9.911094903945922852e-01
9.971166253089904785e-01
8.967176675796508789e-01
9.505057930946350098e-01
9.020729064941406250e-01
7.420974373817443848e-01
9.009736180305480957e-01
9.800890088081359863e-01
9.873344302177429199e-01
9.640033245086669922e-01
9.667493104934692383e-01
9.897633194923400879e-01
9.726700186729431152e-01
9.919858574867248535e-01
8.862829208374023438e-01
9.671861529350280762e-01
9.651557803153991699e-01
9.984470605850219727e-01
5.299962162971496582e-01
9.847678542137145996e-01
4.683953821659088135e-01
9.862883687019348145e-01
9.940111041069030762e-01
9.911467432975769043e-01
9.995347857475280762e-01
9.770559072494506836e-01
9.942926168441772461e-01
9.946171045303344727e-01
9.699158072471618652e-01
9.575601220130920410e-01
9.926742315292358398e-01
9.878674745559692383e-01
9.999998211860656738e-01
9.925959706306457520e-01
3.462671637535095215e-01
9.999478459358215332e-01
7.408226728439331055e-01
7.428947687149047852e-01
3.001703619956970215e-01
9.982855916023254395e-01
9.851793050765991211e-01
9.912185668945312500e-01
9.998306632041931152e-01
9.999975562095642090e-01
9.999969601631164551e-01
9.535789489746093750e-01
9.927555322647094727e-01
9.835553765296936035e-01
9.303328394889831543e-01
4.764109477400779724e-02
9.886882901191711426e-01
9.607518911361694336e-01
9.909090399742126465e-01
1.784065812826156616e-01
9.766723513603210449e-01
9.681217670440673828e-01
9.895281195640563965e-01
8.064484596252441406e-01
1.805485785007476807e-01
7.685987353324890137e-01
9.926520586013793945e-01
9.898683428764343262e-01
5.550980567932128906e-02
9.777483344078063965e-01
9.945416450500488281e-01
9.877187013626098633e-01
7.798873186111450195e-01
9.635272026062011719e-01
9.968057870864868164e-01
9.995767474174499512e-01
5.577686429023742676e-01
8.731411099433898926e-01
9.792816042900085449e-01
9.918820261955261230e-01
9.926311969757080078e-01
9.914368391036987305e-01
9.831157326698303223e-01
9.917506575584411621e-01
9.931765198707580566e-01
9.942823052406311035e-01
9.588993191719055176e-01
9.970541596412658691e-01
9.987940192222595215e-01
9.999997615814208984e-01
9.859891533851623535e-01
9.717835187911987305e-01
9.203796386718750000e-01
9.228470921516418457e-01
9.996691346168518066e-01
9.861444830894470215e-01
9.072800874710083008e-01
9.967734217643737793e-01
9.998558759689331055e-01
9.688118100166320801e-01
9.898269176483154297e-01
9.999961853027343750e-01
9.998915195465087891e-01
9.907677769660949707e-01
9.888008236885070801e-01
9.849853515625000000e-01
9.645252823829650879e-01
9.998431205749511719e-01
9.955919981002807617e-01
9.865023493766784668e-01
9.975030422210693359e-01
9.959547519683837891e-01
9.855380654335021973e-01
9.771605134010314941e-01
9.855036139488220215e-01
9.999310970306396484e-01
9.557353854179382324e-01
9.909621477127075195e-01
9.938132762908935547e-01
9.903143644332885742e-01
9.978067874908447266e-01
1.754850447177886963e-01
9.822277426719665527e-01
9.324109554290771484e-01
1.274435967206954956e-01
9.689397811889648438e-01
9.995322823524475098e-01
9.948562979698181152e-01
5.796070098876953125e-01
9.688122272491455078e-01
9.860208034515380859e-01
9.900692105293273926e-01
9.925031661987304688e-01
9.931640625000000000e-01
9.837262630462646484e-01
9.793570637702941895e-01
9.901909232139587402e-01
9.912588000297546387e-01
9.553065299987792969e-01
9.969429969787597656e-01
9.999561309814453125e-01
9.966089129447937012e-01
9.882225394248962402e-01
9.756402969360351562e-01
9.797859191894531250e-01
9.911653995513916016e-01
9.919517636299133301e-01
9.966960549354553223e-01
9.656772613525390625e-01
9.659740328788757324e-01
9.886789321899414062e-01
9.959272146224975586e-01
9.815236330032348633e-01
9.998885989189147949e-01
9.999996423721313477e-01
9.928828477859497070e-01
9.791006445884704590e-01
9.826326370239257812e-01
9.942243695259094238e-01
9.936289787292480469e-01
9.937388896942138672e-01
9.698807597160339355e-01
9.850090742111206055e-01
9.986236095428466797e-01
9.997602701187133789e-01
9.358543753623962402e-01
9.959709644317626953e-01
9.999673366546630859e-01
9.848420023918151855e-01
9.846807122230529785e-01
9.900410771369934082e-01
9.953284263610839844e-01
9.906824827194213867e-01
9.936041831970214844e-01
9.788057804107666016e-01
9.899958968162536621e-01
9.932564496994018555e-01
9.999527931213378906e-01
9.636933207511901855e-01
9.979503154754638672e-01
9.999033808708190918e-01
9.885519742965698242e-01
9.717493057250976562e-01
9.877656698226928711e-01
9.883005023002624512e-01
9.928274154663085938e-01
9.971935153007507324e-01
9.760870933532714844e-01
9.913690090179443359e-01
9.911827445030212402e-01
9.940896034240722656e-01
9.313367009162902832e-01
9.921544790267944336e-01
9.925287365913391113e-01
1.000000000000000000e+00
9.999998807907104492e-01
9.983772635459899902e-01
9.830549359321594238e-01
9.999766349792480469e-01
8.688604459166526794e-03
1.004356965422630310e-01
9.829317927360534668e-01
9.999943971633911133e-01
2.826787345111370087e-02
4.898708164691925049e-01
9.999943971633911133e-01
9.999998211860656738e-01
9.999999403953552246e-01
9.970989823341369629e-01
9.968410134315490723e-01
3.410809207707643509e-03
9.975438714027404785e-01
4.829352255910634995e-04
1.398356980644166470e-03
2.048904821276664734e-02
9.980909824371337891e-01
9.525668621063232422e-01
8.043823391199111938e-02
5.071369186043739319e-02
9.983260035514831543e-01
9.999999403953552246e-01
9.955593943595886230e-01
9.901881217956542969e-01
1.041731238365173340e-01
9.820656180381774902e-01
6.600884795188903809e-01
3.703441619873046875e-01
9.953364133834838867e-01
8.815580010414123535e-01
9.976301193237304688e-01
9.894302487373352051e-01
9.975668787956237793e-01
7.869700193405151367e-01
9.999997019767761230e-01
9.943671226501464844e-01
9.916827678680419922e-01
6.673914194107055664e-01
9.948069453239440918e-01
9.991530179977416992e-01
9.907057285308837891e-01
9.971280694007873535e-01
9.995785951614379883e-01
9.999851584434509277e-01
9.999735951423645020e-01
9.999823570251464844e-01
9.999743700027465820e-01
9.999984502792358398e-01
9.934759140014648438e-01
9.862293601036071777e-01
3.003146871924400330e-02
2.753207087516784668e-01
9.999359250068664551e-01
1.269330829381942749e-01
9.584131836891174316e-01
9.999977350234985352e-01
2.682438194751739502e-01
9.938775300979614258e-01
9.992768764495849609e-01
9.999601244926452637e-01
1.000000119209289551e+00
9.959658384323120117e-01
9.926806688308715820e-01
2.524141594767570496e-02
7.432805001735687256e-02
9.999781847000122070e-01
1.087694093585014343e-01
1.127203227952122688e-03
9.999954700469970703e-01
9.832559227943420410e-01
2.289220318198204041e-02
1.626778580248355865e-02
9.999958872795104980e-01
9.999997615814208984e-01
9.938896894454956055e-01
9.923540353775024414e-01
9.150235056877136230e-01
9.844304323196411133e-01
9.989621043205261230e-01
7.067050933837890625e-01
7.298378944396972656e-01
9.217950701713562012e-01
9.997749924659729004e-01
9.974620342254638672e-01
9.957871437072753906e-01
5.828282833099365234e-01
9.999988675117492676e-01
9.917221069335937500e-01
9.896527528762817383e-01
9.590859413146972656e-01
9.955224990844726562e-01
9.990479350090026855e-01
9.150553345680236816e-01
9.260987043380737305e-01
9.962245225906372070e-01
9.997521042823791504e-01
9.432615637779235840e-01
9.983052611351013184e-01
9.999871253967285156e-01
9.999997019767761230e-01
9.938787817955017090e-01
9.554690718650817871e-01
9.972818493843078613e-01
9.825775623321533203e-01
9.951457381248474121e-01
2.505266070365905762e-01
9.811597466468811035e-01
9.950658082962036133e-01
9.839546084403991699e-01
3.124218434095382690e-03
9.892968535423278809e-01
9.758339524269104004e-01
9.999999403953552246e-01
9.946057796478271484e-01
9.904814958572387695e-01
7.131689190864562988e-01
9.924905300140380859e-01
9.993296265602111816e-01
3.865309655666351318e-01
6.814071536064147949e-01
9.909268021583557129e-01
9.998589158058166504e-01
9.897601604461669922e-01
9.676998853683471680e-01
9.999690651893615723e-01
9.999995231628417969e-01
9.917595386505126953e-01
9.836805462837219238e-01
9.969704747200012207e-01
9.939713478088378906e-01
9.854760766029357910e-01
9.879393577575683594e-01
9.957270026206970215e-01
9.971371889114379883e-01
2.163937091827392578e-01
5.135726332664489746e-01
8.994205594062805176e-01
8.235597610473632812e-01
9.660027027130126953e-01
9.958164691925048828e-01
9.967909455299377441e-01
9.859867095947265625e-01
9.965289235115051270e-01
9.891623854637145996e-01
4.623469337821006775e-02
4.102024808526039124e-02
9.961707592010498047e-01
9.809158444404602051e-01
9.836243391036987305e-01
1.613642275333404541e-01
9.961935877799987793e-01
9.181230664253234863e-01
9.934135079383850098e-01
9.954096078872680664e-01
9.891538023948669434e-01
9.313662052154541016e-01
9.917467832565307617e-01
7.776241302490234375e-01
9.942832589149475098e-01
4.142862558364868164e-01
9.818169474601745605e-01
9.747533202171325684e-01
9.956423640251159668e-01
9.771594405174255371e-01
9.961887598037719727e-01
9.968181848526000977e-01
9.941585659980773926e-01
2.568968199193477631e-02
9.746818542480468750e-01
9.975527524948120117e-01
1.844738423824310303e-01
9.809749126434326172e-01
9.973649382591247559e-01
2.170591801404953003e-01
9.841095805168151855e-01
9.967191219329833984e-01
9.975069165229797363e-01
9.839701056480407715e-01
9.950836300849914551e-01
9.955081939697265625e-01
9.826833605766296387e-01
9.843196868896484375e-01
9.973382949829101562e-01
9.927092790603637695e-01
9.871091246604919434e-01
9.971328377723693848e-01
9.918600320816040039e-01
9.782516956329345703e-01
9.918824434280395508e-01
9.960152506828308105e-01
9.554939866065979004e-01
9.955446720123291016e-01
9.952657222747802734e-01
9.878283739089965820e-01
1.143479812890291214e-02
9.909664988517761230e-01
9.829229116439819336e-01
5.993318557739257812e-02
9.969599246978759766e-01
9.801650047302246094e-01
9.662328958511352539e-01
1.723387390375137329e-01
9.967262148857116699e-01
9.906471371650695801e-01
9.953019022941589355e-01
9.960104823112487793e-01
9.851176738739013672e-01
7.716717123985290527e-01
9.968286752700805664e-01
9.869225621223449707e-01
4.244754612445831299e-01
9.888451099395751953e-01
9.801474213600158691e-01
6.950754523277282715e-01
9.904871582984924316e-01
4.114206731319427490e-01
8.788737058639526367e-01
9.899777770042419434e-01
9.929197430610656738e-01
9.937874674797058105e-01
9.565904736518859863e-01
9.948486685752868652e-01
9.932244420051574707e-01
9.427329301834106445e-01
9.884767532348632812e-01
9.906368851661682129e-01
8.366814851760864258e-01
9.936549067497253418e-01
9.997900724411010742e-01
5.699522793292999268e-02
8.795306682586669922e-01
9.919767379760742188e-01
9.947810769081115723e-01
4.633145406842231750e-02
9.793500304222106934e-01
9.927984476089477539e-01
9.925986528396606445e-01
9.790928959846496582e-01
7.148973345756530762e-01
9.744588136672973633e-01
9.676676392555236816e-01
9.996443986892700195e-01
2.245733737945556641e-01
8.334094882011413574e-01
9.913447499275207520e-01
9.933097958564758301e-01
4.898067936301231384e-02
9.672579765319824219e-01
9.931650161743164062e-01
9.879669547080993652e-01
9.868599772453308105e-01
9.917996525764465332e-01
9.823544025421142578e-01
9.894294738769531250e-01
9.977594017982482910e-01
9.609361886978149414e-01
9.948336482048034668e-01
9.905982613563537598e-01
9.935347437858581543e-01
9.543992877006530762e-01
9.930272698402404785e-01
9.924806952476501465e-01
8.557190299034118652e-01
9.796044826507568359e-01
9.845533967018127441e-01
9.808148741722106934e-01
9.351246953010559082e-01
2.654852569103240967e-01
7.877277731895446777e-01
9.859282374382019043e-01
9.927766919136047363e-01
9.933768510818481445e-01
7.517337799072265625e-01
9.820523858070373535e-01
9.939786791801452637e-01
9.872671365737915039e-01
5.234336853027343750e-01
9.671092629432678223e-01
9.969629049301147461e-01
9.994876980781555176e-01
4.048080742359161377e-01
9.916033148765563965e-01
9.840527772903442383e-01
9.832384586334228516e-01
2.564329206943511963e-01
1.499846391379833221e-02
9.912630915641784668e-01
1.964372117072343826e-03
6.427927315235137939e-02
9.960067272186279297e-01
3.723083436489105225e-01
1.679254621267318726e-01
1.092628166079521179e-01
9.957262277603149414e-01
9.958069324493408203e-01
9.929600954055786133e-01
9.937256574630737305e-01
9.557934403419494629e-01
2.007072716951370239e-01
5.773337483406066895e-01
9.788758754730224609e-01
3.512341976165771484e-01
9.957082867622375488e-01
9.764469861984252930e-01
9.730554223060607910e-01
7.826544344425201416e-02
9.958703517913818359e-01
9.822784066200256348e-01
9.933328032493591309e-01
9.948996305465698242e-01
9.924533367156982422e-01
9.303575158119201660e-01
1.394001543521881104e-01
9.782633781433105469e-01
9.864161610603332520e-01
9.938131570816040039e-01
9.692667722702026367e-01
9.993591308593750000e-01
7.503304481506347656e-01
9.927434921264648438e-01
9.871147871017456055e-01
9.904482364654541016e-01
9.903894066810607910e-01
9.935249686241149902e-01
9.938881397247314453e-01
9.930436611175537109e-01
9.821798205375671387e-01
9.948733448982238770e-01
9.632795453071594238e-01
9.563995003700256348e-01
9.731156826019287109e-01
9.969412684440612793e-01
6.214399933815002441e-01
9.844164252281188965e-01
9.890957474708557129e-01
9.896727204322814941e-01
9.908059239387512207e-01
9.932788014411926270e-01
9.923746585845947266e-01
9.815549254417419434e-01
9.997541904449462891e-01
8.662829995155334473e-01
9.840866923332214355e-01
9.713566899299621582e-01
9.964621663093566895e-01
5.395286083221435547e-01
9.775490164756774902e-01
9.889541864395141602e-01
9.916027188301086426e-01
9.902748465538024902e-01
9.946470856666564941e-01
9.460117816925048828e-01
9.791934490203857422e-01
9.989160895347595215e-01
9.995489120483398438e-01
2.889459431171417236e-01
9.581931829452514648e-01
9.857935309410095215e-01
8.433820605278015137e-01
9.791297912597656250e-01
9.907976984977722168e-01
9.932997226715087891e-01
9.920515418052673340e-01
9.955701231956481934e-01
9.724310040473937988e-01
9.788587093353271484e-01
9.988257884979248047e-01
9.885841608047485352e-01
9.749069809913635254e-01
9.757350683212280273e-01
9.812620282173156738e-01
9.727352857589721680e-01
9.831087589263916016e-01
9.889113306999206543e-01
9.863156080245971680e-01
9.925999045372009277e-01
9.922961592674255371e-01
9.931969046592712402e-01
9.832339882850646973e-01
9.991439580917358398e-01
8.039475083351135254e-01
2.202725857496261597e-01
9.497484564781188965e-01
9.981279969215393066e-01
9.896571040153503418e-01
9.859284162521362305e-01
9.788087606430053711e-01
9.719068408012390137e-01
2.823334038257598877e-01
6.479361653327941895e-01
9.920231699943542480e-01
6.549853086471557617e-01
9.964964985847473145e-01
3.918777704238891602e-01
9.953452348709106445e-01
9.995727539062500000e-01
9.969298243522644043e-01
8.948246836662292480e-01
9.953994750976562500e-01
9.906116724014282227e-01
9.824469089508056641e-01
8.161749243736267090e-01
1.699749380350112915e-01
5.646026730537414551e-01
9.792507290840148926e-01
4.200657904148101807e-01
8.965114830061793327e-04
9.846200346946716309e-01
8.688681721687316895e-01
9.956060647964477539e-01
9.711905717849731445e-01
9.895957708358764648e-01
9.922694563865661621e-01
9.883222579956054688e-01
9.926726222038269043e-01
9.670639634132385254e-01
9.816627502441406250e-01
9.800825715065002441e-01
9.675182104110717773e-01
1.226921938359737396e-02
9.744759202003479004e-01
9.993007183074951172e-01
9.987207055091857910e-01
9.450656175613403320e-02
9.910357594490051270e-01
9.869413971900939941e-01
9.780542850494384766e-01
9.916815161705017090e-01
9.894146323204040527e-01
9.907795786857604980e-01
9.820385575294494629e-01
9.886338710784912109e-01
9.938427805900573730e-01
9.593822956085205078e-01
9.986821413040161133e-01
9.999497532844543457e-01
9.944007396697998047e-01
9.876571893692016602e-01
9.794758558273315430e-01
9.691392183303833008e-01
9.856055974960327148e-01
9.820317625999450684e-01
9.872305393218994141e-01
9.759717583656311035e-01
9.830734133720397949e-01
9.995229840278625488e-01
2.279018312692642212e-01
9.891420602798461914e-01
9.999475479125976562e-01
9.960308670997619629e-01
9.908383488655090332e-01
9.841691851615905762e-01
9.804635047912597656e-01
9.885979294776916504e-01
9.934988617897033691e-01
9.901425838470458984e-01
9.773731231689453125e-01
9.878457188606262207e-01
9.995397925376892090e-01
9.986125826835632324e-01
9.411558508872985840e-01
9.976542592048645020e-01
9.991649985313415527e-01
9.702036380767822266e-01
9.881814718246459961e-01
9.866269826889038086e-01
9.924289584159851074e-01
9.944727420806884766e-01
9.904657602310180664e-01
9.797550439834594727e-01
9.948632717132568359e-01
9.979106783866882324e-01
9.980519413948059082e-01
9.749882221221923828e-01
9.954677224159240723e-01
9.968792200088500977e-01
9.861895442008972168e-01
9.748475551605224609e-01
9.602662920951843262e-01
9.846076369285583496e-01
9.809408783912658691e-01
9.862844347953796387e-01
9.710080027580261230e-01
9.716646075248718262e-01
9.994032979011535645e-01
9.893488287925720215e-01
7.894898653030395508e-01
9.902880787849426270e-01
9.873425960540771484e-01
9.853389263153076172e-01
9.777729511260986328e-01
9.696875214576721191e-01
2.646552920341491699e-01
3.187083601951599121e-01
8.531561493873596191e-01
9.997924566268920898e-01
9.865534305572509766e-01
9.999893903732299805e-01
5.136814340949058533e-02
6.945148110389709473e-02
1.000000119209289551e+00
9.999968409538269043e-01
9.906552433967590332e-01
9.861111044883728027e-01
9.769298434257507324e-01
3.939190506935119629e-01
4.917490109801292419e-02
7.388907670974731445e-02
9.998985528945922852e-01
2.409120323136448860e-03
9.999800324440002441e-01
9.461039304733276367e-01
8.514079451560974121e-01
5.220862105488777161e-02
9.999909400939941406e-01
9.835191369056701660e-01
9.726365804672241211e-01
9.861114621162414551e-01
1.799790263175964355e-01
8.705489039421081543e-01
9.941646456718444824e-01
9.962456822395324707e-01
9.606345891952514648e-01
9.931494593620300293e-01
9.993590116500854492e-01
9.997634887695312500e-01
9.955673217773437500e-01
9.687569737434387207e-01
9.819288253784179688e-01
9.766835570335388184e-01
9.091914296150207520e-01
9.789058566093444824e-01
9.891071915626525879e-01
9.796075820922851562e-01
7.944012880325317383e-01
9.951217174530029297e-01
9.874126315116882324e-01
9.867230057716369629e-01
9.944291710853576660e-01
9.999876022338867188e-01
9.727565646171569824e-01
9.881766438484191895e-01
9.803149700164794922e-01
9.767902493476867676e-01
9.904121160507202148e-01
9.839017987251281738e-01
9.922971725463867188e-01
9.931911826133728027e-01
9.576411247253417969e-01
9.889493584632873535e-01
9.992858171463012695e-01
9.981036931276321411e-02
6.245571002364158630e-02
9.997514486312866211e-01
9.747093319892883301e-01
9.662281274795532227e-01
9.599063992500305176e-01
6.776637434959411621e-01
9.915081858634948730e-01
9.866216182708740234e-01
9.696791172027587891e-01
9.943360686302185059e-01
9.957053065299987793e-01
9.025937318801879883e-01
4.122477173805236816e-01
9.998114109039306641e-01
9.668953418731689453e-01
9.946516752243041992e-01
9.873915910720825195e-01
9.843890070915222168e-01
9.826481938362121582e-01
8.589436411857604980e-01
8.508434295654296875e-01
9.999416470527648926e-01
9.514231085777282715e-01
9.999825358390808105e-01
9.850160479545593262e-01
9.759679436683654785e-01
8.574482053518295288e-02
9.999875426292419434e-01
9.932780265808105469e-01
9.852247834205627441e-01
9.912874102592468262e-01
9.857105612754821777e-01
8.742941617965698242e-01
9.935266375541687012e-01
9.950635433197021484e-01
9.881665706634521484e-01
9.922340512275695801e-01
9.856362342834472656e-01
9.631445407867431641e-01
9.927173256874084473e-01
9.846903085708618164e-01
9.893957376480102539e-01
9.817526936531066895e-01
9.730421304702758789e-01
9.933996200561523438e-01
9.901987314224243164e-01
9.946516156196594238e-01
9.948806762695312500e-01
8.405476063489913940e-02
9.959142208099365234e-01
9.985938668251037598e-01
2.108869608491659164e-03
9.998576045036315918e-01
9.999439120292663574e-01
9.828526377677917480e-01
9.837355017662048340e-01
5.002782344818115234e-01
9.896305799484252930e-01
9.942165613174438477e-01
9.987643957138061523e-01
9.927625060081481934e-01
9.803016781806945801e-01
9.931677579879760742e-01
9.964256286621093750e-01
9.651603102684020996e-01
9.948320984840393066e-01
9.999558925628662109e-01
9.299743771553039551e-01
9.885382056236267090e-01
9.870691895484924316e-01
9.928520321846008301e-01
9.937502145767211914e-01
9.961701035499572754e-01
9.753986597061157227e-01
9.820242524147033691e-01
9.865063428878784180e-01
9.991125464439392090e-01
9.761618971824645996e-01
9.464837312698364258e-01
9.996705651283264160e-01
9.909642934799194336e-01
9.837976098060607910e-01
8.778530359268188477e-01
9.930393695831298828e-01
9.888185262680053711e-01
9.986624717712402344e-01
7.785131335258483887e-01
9.833431243896484375e-01
9.945743680000305176e-01
9.852550625801086426e-01
9.810643196105957031e-01
9.439187049865722656e-01
4.144853651523590088e-01
9.928749799728393555e-01
9.902160167694091797e-01
9.786820411682128906e-01
9.937140345573425293e-01
9.790449142456054688e-01
9.773353338241577148e-01
9.998439550399780273e-01
9.839034080505371094e-01
9.340405464172363281e-01
9.689622521400451660e-01
9.993579983711242676e-01
9.982328414916992188e-01
1.280053853988647461e-01
9.885735511779785156e-01
9.878517985343933105e-01
9.867644906044006348e-01
9.911724328994750977e-01
9.900318384170532227e-01
9.850428104400634766e-01
9.998756051063537598e-01
9.852548241615295410e-01
9.970050454139709473e-01
9.999211430549621582e-01
9.604951739311218262e-01
1.679070293903350830e-01
9.998592734336853027e-01
9.930073022842407227e-01
9.868013262748718262e-01
9.836286306381225586e-01
9.918544292449951172e-01
9.951334595680236816e-01
9.940328598022460938e-01
9.998519420623779297e-01
9.794402122497558594e-01
9.594305157661437988e-01
9.995480775833129883e-01
9.419613480567932129e-01
2.555283135734498501e-04
9.996590614318847656e-01
9.565577507019042969e-01
9.873055815696716309e-01
9.903120398521423340e-01
9.927769303321838379e-01
9.943441152572631836e-01
9.925586581230163574e-01
9.995014667510986328e-01
9.761746525764465332e-01
9.948221445083618164e-01
9.991211891174316406e-01
9.722153544425964355e-01
9.994224309921264648e-01
9.991690516471862793e-01
9.903787970542907715e-01
9.845542907714843750e-01
9.836854338645935059e-01
9.919227957725524902e-01
9.934309124946594238e-01
9.914119243621826172e-01
9.996296167373657227e-01
9.812658429145812988e-01
9.915173649787902832e-01
9.992314577102661133e-01
9.320511817932128906e-01
9.991088509559631348e-01
9.995780587196350098e-01
9.842774868011474609e-01
9.724228978157043457e-01
9.874666333198547363e-01
9.800438880920410156e-01
9.779469370841979980e-01
9.911485910415649414e-01
9.843524098396301270e-01
9.641506671905517578e-01
9.804352521896362305e-01
9.943107366561889648e-01
9.933609962463378906e-01
9.998844861984252930e-01
9.934629201889038086e-01
9.896131753921508789e-01
9.827747344970703125e-01
9.915404915809631348e-01
9.869071841239929199e-01
9.912397265434265137e-01
9.917775988578796387e-01
9.963664412498474121e-01
9.748830795288085938e-01
9.816887974739074707e-01
9.945912957191467285e-01
9.341173171997070312e-01
9.990648031234741211e-01
9.980403184890747070e-01
9.867171645164489746e-01
9.772680401802062988e-01
9.853533506393432617e-01
9.864760041236877441e-01
9.875263571739196777e-01
9.851016402244567871e-01
9.929859638214111328e-01
9.728075265884399414e-01
9.715422987937927246e-01
9.913385510444641113e-01
9.130570292472839355e-01
9.974481463432312012e-01
9.997543692588806152e-01
9.799615740776062012e-01
9.677336812019348145e-01
9.562566280364990234e-01
9.503334164619445801e-01
9.428770542144775391e-01
9.713937640190124512e-01
9.913266897201538086e-01
2.998186089098453522e-02
5.717159807682037354e-02
9.910276532173156738e-01
9.988942742347717285e-01
9.936480522155761719e-01
9.999955892562866211e-01
9.867649674415588379e-01
8.243567347526550293e-01
6.435177922248840332e-01
9.764850735664367676e-01
9.943899512290954590e-01
9.906820058822631836e-01
9.915526509284973145e-01
9.626920819282531738e-01
9.755977392196655273e-01
9.926871657371520996e-01
9.955328106880187988e-01
9.661441445350646973e-01
9.927988648414611816e-01
9.796855449676513672e-01
9.618375301361083984e-01
8.543130159378051758e-01
9.502204060554504395e-01
9.817683100700378418e-01
9.827049374580383301e-01
9.351491332054138184e-01
9.364129900932312012e-01
9.826490879058837891e-01
9.888996481895446777e-01
9.870114922523498535e-01
9.974356889724731445e-01
9.941585659980773926e-01
9.941295981407165527e-01
9.861494898796081543e-01
9.778316020965576172e-01
9.853182435035705566e-01
9.937509894371032715e-01
9.902869462966918945e-01
9.935054183006286621e-01
9.764712452888488770e-01
9.895853400230407715e-01
9.199548363685607910e-01
9.618411660194396973e-01
9.434227943420410156e-01
9.939740300178527832e-01
9.879255890846252441e-01
9.658733010292053223e-01
9.352797865867614746e-01
9.508599042892456055e-01
9.781203269958496094e-01
9.763447642326354980e-01
9.954937696456909180e-01
9.486304521560668945e-01
9.932987689971923828e-01
9.172731637954711914e-01
9.786303043365478516e-01
7.484635114669799805e-01
9.686213731765747070e-01
9.922939538955688477e-01
9.773645997047424316e-01
9.766671061515808105e-01
9.872375130653381348e-01
9.931681156158447266e-01
9.908238649368286133e-01
9.976022839546203613e-01
9.752175807952880859e-01
9.944937825202941895e-01
9.962095618247985840e-01
9.894829392433166504e-01
9.449946880340576172e-01
9.689790010452270508e-01
