2.253853980039891014e-01
2.115565535328082225e-01
2.044076257622621795e-01
2.275435695309379891e-01
2.247460074006364938e-01
9.300023766655403368e-02
1.949174716943301855e-01
2.147593360753559666e-01
2.217196398996748030e-01
1.912749622581311759e-01
2.044933345706130556e-01
2.554286770128573192e-01
1.913647885667160153e-01
2.035910039558075368e-01
2.603508030579877730e-02
2.502346901338359242e-01
2.630150607818415032e-01
9.399540306521185495e-02
3.014494973825864177e-01
2.133479032737131409e-01
2.778177414438687265e-01
1.833698908225274982e-01
1.939075344349615870e-01
2.426222433300259107e-01
2.314797184013654141e-01
7.671083637083378481e-02
2.040090048954320556e-01
2.448532001133291724e-01
2.312375842324959629e-01
1.667337938247678286e-01
2.490391944436571303e-01
2.139530945927477779e-01
2.336439634001670484e-01
2.699477030188203175e-01
2.189511111355386674e-01
3.043736319702405324e-01
2.482423841728842173e-01
8.064877094763617249e-02
8.868605904549789476e-02
8.757919264182699448e-02
5.646773970399338732e-02
7.847044693950849803e-02
5.821840406273482565e-02
9.082348148625057904e-02
7.333607840924881438e-02
9.453773808379012378e-02
7.694978284192845186e-02
1.333097647965097721e-01
2.559865633419786679e-01
2.610429483644950976e-01
1.206889656941012440e-01
2.353426435035474440e-01
3.161854766389856630e-01
2.769837820311434884e-01
2.247629445337224752e-01
3.380089427496736354e-01
3.163588414684524452e-01
2.599053789610759613e-01
3.061832492732299849e-01
1.966685448244858692e-01
3.210739509668201208e-01
2.776034003875862965e-01
3.083667700053550620e-01
1.945390851380160158e-01
2.336571442831952283e-01
2.399760297624967398e-01
2.396603076217266315e-01
1.067214584891189588e-01
2.365792106407192952e-01
2.395894020939102476e-01
2.700590525413505416e-01
2.505449865487977545e-01
2.909953287839576186e-01
2.792335017125319174e-01
2.725474130039891585e-01
1.376244070678904474e-01
1.497302668223990385e-01
1.632467846726425587e-01
1.741892367425372512e-01
1.175825916938125493e-01
9.412616700865328312e-02
2.876402737411598576e-01
2.875203086743847725e-01
1.503050862293793533e-01
3.299084911839320067e-01
2.060106886000050153e-01
2.658923343092632896e-01
2.950627146503673193e-01
2.362607884032723315e-01
2.432007513047070579e-01
3.138247237010756141e-01
2.522341460185438811e-01
2.177477964074709116e-01
3.471797493805822143e-01
2.757483969594781703e-01
2.224685418035593221e-01
1.814973462023772299e-01
2.249934455523124044e-01
2.736337009639380757e-01
2.033785213805878456e-01
3.250276800245046616e-01
