6.004692986607551575e-04
9.999990463256835938e-01
9.967511892318725586e-01
6.237637624144554138e-02
9.122381359338760376e-02
9.941793680191040039e-01
6.765301227569580078e-01
7.965071797370910645e-01
2.671493589878082275e-02
9.950463771820068359e-01
1.701874732971191406e-01
1.493747998028993607e-02
1.273569315671920776e-01
7.905857055447995663e-04
9.999912381172180176e-01
5.219852924346923828e-02
7.602315163239836693e-04
2.961600897833704948e-03
9.962383508682250977e-01
9.329017400741577148e-01
3.605355508625507355e-03
5.473546218127012253e-03
9.985136389732360840e-01
2.826753258705139160e-02
3.746635913848876953e-01
5.607175230979919434e-01
3.756406949833035469e-03
3.022257983684539795e-02
9.999997019767761230e-01
1.222303509712219238e-02
5.327569320797920227e-03
9.999976754188537598e-01
9.850306510925292969e-01
1.256141252815723419e-02
1.068752352148294449e-02
9.984703660011291504e-01
5.949144437909126282e-02
3.512991070747375488e-01
1.170916148112155497e-04
5.656318899127654731e-05
2.402135578449815512e-04
9.999998211860656738e-01
8.424684405326843262e-03
5.715034058084711432e-05
9.965219497680664062e-01
2.291391417384147644e-02
1.077728578820824623e-03
1.695745595498010516e-04
9.982202649116516113e-01
3.291100636124610901e-02
1.178805367089807987e-03
2.242526534246280789e-04
1.608395250514149666e-03
2.843931317329406738e-02
9.999989867210388184e-01
1.296171098947525024e-01
6.397996842861175537e-02
9.982521533966064453e-01
1.213476583361625671e-01
4.696403741836547852e-01
6.016756296157836914e-01
9.979246258735656738e-01
6.116820126771926880e-02
2.554549649357795715e-02
4.534386694431304932e-01
1.370757236145436764e-04
1.823577098548412323e-03
9.999989867210388184e-01
3.131925314664840698e-02
6.561321788467466831e-04
4.954393953084945679e-04
6.026712362654507160e-04
2.185040153563022614e-03
9.518551087239757180e-05
3.839944023638963699e-03
2.136344835162162781e-02
1.247544241778086871e-05
2.409771404927596450e-04
1.039570849388837814e-02
2.997720427811145782e-02
9.999996423721313477e-01
2.167033255100250244e-01
2.471155114471912384e-02
4.983540624380111694e-02
9.990166425704956055e-01
4.664771258831024170e-04
4.354293271899223328e-02
9.989578723907470703e-01
7.464317977428436279e-02
3.331375122070312500e-01
1.075664088129997253e-01
3.863047575578093529e-03
1.209090873599052429e-01
9.999994039535522461e-01
6.018191203474998474e-02
8.640524148941040039e-01
5.163349509239196777e-01
9.990215897560119629e-01
1.167251728475093842e-02
1.283300295472145081e-02
9.983880519866943359e-01
4.444715380668640137e-02
2.944961423054337502e-03
1.036068499088287354e-01
3.168997936882078648e-04
1.285300590097904205e-02
9.999998211860656738e-01
8.929979056119918823e-02
1.814936054870486259e-03
3.248870780225843191e-04
9.991994500160217285e-01
1.304683387279510498e-01
3.575560636818408966e-03
9.981375932693481445e-01
2.271827682852745056e-02
3.414045274257659912e-02
5.514370203018188477e-01
2.936566306743770838e-04
4.215420782566070557e-02
8.706996440887451172e-01
6.729891151189804077e-02
2.129888627678155899e-03
2.619508886709809303e-03
9.975430369377136230e-01
9.926746487617492676e-01
2.009357884526252747e-02
2.164571173489093781e-02
1.371570024639368057e-02
5.651219487190246582e-01
1.065651653334498405e-03
7.962362142279744148e-04
6.801319308578968048e-03
9.999997615814208984e-01
2.043215632438659668e-01
9.865914583206176758e-01
7.665272802114486694e-02
9.987441301345825195e-01
7.538065779954195023e-03
7.449876517057418823e-03
1.406350545585155487e-02
9.982094764709472656e-01
1.790323178283870220e-03
3.492650343105196953e-03
2.635609591379761696e-03
3.967022895812988281e-02
9.999994039535522461e-01
4.326760768890380859e-02
9.939577579498291016e-01
1.292317658662796021e-01
9.976467490196228027e-01
9.560108929872512817e-02
2.452707663178443909e-02
6.897969245910644531e-01
9.982461929321289062e-01
3.940879926085472107e-02
9.997240304946899414e-01
1.973691768944263458e-02
7.859156280755996704e-02
1.585597097873687744e-01
9.837842583656311035e-01
8.185642212629318237e-02
1.207405328750610352e-01
9.995855093002319336e-01
1.031245663762092590e-02
1.257860939949750900e-02
3.145314694847911596e-04
9.981039762496948242e-01
3.134818747639656067e-02
5.078247748315334320e-03
9.095993041992187500e-01
9.973764419555664062e-01
9.745773077011108398e-01
8.922395110130310059e-01
5.531590431928634644e-03
9.968677163124084473e-01
4.373637214303016663e-02
3.408737108111381531e-02
1.226284354925155640e-02
9.976899027824401855e-01
5.829779431223869324e-02
3.564165439456701279e-03
9.125749580562114716e-03
1.174003630876541138e-01
2.503021620213985443e-03
4.794289916753768921e-02
3.515503602102398872e-03
5.792562733404338360e-04
1.689346134662628174e-02
5.099024996161460876e-02
1.926526660099625587e-03
3.179721825290471315e-04
3.050986094876861898e-07
6.084019332774914801e-06
4.527255892753601074e-03
3.160947817377746105e-04
3.016986250877380371e-01
1.690000179223716259e-03
9.978563189506530762e-01
4.628107490134425461e-06
1.276866678381338716e-04
9.974079132080078125e-01
3.156188502907752991e-02
2.795944549143314362e-02
5.235915159573778510e-05
9.975644946098327637e-01
5.009531229734420776e-02
2.449666708707809448e-02
5.714012513635680079e-05
1.143429987132549286e-02
1.740031439112499356e-04
9.959895610809326172e-01
4.598326049745082855e-03
3.544280189089477062e-04
9.947421550750732422e-01
2.502599544823169708e-02
4.427809733897447586e-03
9.163550566881895065e-04
9.975721836090087891e-01
7.513458281755447388e-02
2.851712517440319061e-03
1.286705955862998962e-03
4.004812240600585938e-02
4.767443053424358368e-03
9.992709755897521973e-01
3.484420850872993469e-02
2.068046713247895241e-03
1.398427179083228111e-03
2.962654223665595055e-03
1.622377429157495499e-03
1.690147910267114639e-04
2.187022182624787092e-04
2.692673541605472565e-02
9.217666229233145714e-05
4.072076990269124508e-04
3.538611531257629395e-01
3.362770425155758858e-03
9.975734949111938477e-01
9.996512532234191895e-01
7.413083910942077637e-01
1.077945753931999207e-01
9.933376312255859375e-01
8.861417174339294434e-01
4.251313209533691406e-02
9.982416033744812012e-01
6.735061109066009521e-02
3.078791797161102295e-01
9.165836125612258911e-02
8.335072398185729980e-01
3.282315563410520554e-03
9.987030029296875000e-01
7.481483221054077148e-01
1.727449148893356323e-01
2.936781570315361023e-02
9.929732084274291992e-01
1.924446970224380493e-02
7.790405303239822388e-03
9.979276657104492188e-01
1.605237871408462524e-01
7.107804529368877411e-03
1.185700390487909317e-02
9.993447363376617432e-02
7.768956944346427917e-03
9.969377517700195312e-01
1.496696174144744873e-01
1.121186744421720505e-02
4.918814171105623245e-03
9.995388388633728027e-01
3.184811770915985107e-01
8.791285654297098517e-05
9.978057146072387695e-01
3.142344579100608826e-02
5.296676978468894958e-02
1.274001449346542358e-01
1.611925512552261353e-01
3.855316340923309326e-02
9.872913360595703125e-01
9.721627086400985718e-02
6.335910409688949585e-02
3.207977861166000366e-02
9.988721013069152832e-01
7.517458200454711914e-01
1.543616061098873615e-03
4.669263435062021017e-04
1.636777631938457489e-02
3.262690007686614990e-01
5.993244485580362380e-05
7.724359035491943359e-01
3.656875051092356443e-04
9.976354837417602539e-01
1.969074606895446777e-01
1.598312109708786011e-01
6.836407817900180817e-03
9.943350553512573242e-01
1.879718899726867676e-02
3.724147100001573563e-03
1.744991168379783630e-03
9.973800182342529297e-01
1.626711455173790455e-03
1.485226675868034363e-03
6.748609542846679688e-01
7.449508178979158401e-03
9.974938035011291504e-01
9.899513125419616699e-01
1.216414384543895721e-02
3.137125447392463684e-02
9.965429306030273438e-01
1.821381747722625732e-01
6.823335289955139160e-01
5.539814829826354980e-01
9.979615807533264160e-01
8.955152332782745361e-02
4.369389414787292480e-01
6.505917310714721680e-01
2.053094096481800079e-02
9.978941679000854492e-01
5.862632989883422852e-01
1.095192041248083115e-02
9.329671971499919891e-03
9.996033310890197754e-01
2.844071201980113983e-02
6.835393607616424561e-02
9.807898402214050293e-01
9.977542161941528320e-01
2.451135218143463135e-02
2.461466006934642792e-02
2.150646597146987915e-02
3.670982085168361664e-03
2.662844955921173096e-02
4.759908188134431839e-04
2.614776894915848970e-04
7.367619400611147285e-05
1.880763173103332520e-01
1.394677907228469849e-03
4.908247865387238562e-05
2.493158888228208525e-07
4.521801599821628770e-07
4.435154423117637634e-02
1.727558992570266128e-04
2.302573062479496002e-02
5.350260529667139053e-03
7.247327566146850586e-01
2.001149579882621765e-03
7.463432266376912594e-04
9.967852234840393066e-01
2.256953157484531403e-02
3.057493828237056732e-03
3.986213996540755033e-04
9.974945783615112305e-01
8.096125721931457520e-02
7.349087973125278950e-04
6.723434198647737503e-04
6.534530520439147949e-01
3.881710469722747803e-01
9.984570145606994629e-01
9.437520056962966919e-03
1.390668097883462906e-03
9.932670593261718750e-01
2.013621851801872253e-02
3.728697309270501137e-03
9.205599781125783920e-04
9.974562525749206543e-01
1.007764115929603577e-01
3.830164903774857521e-03
4.329863470047712326e-03
1.048952620476484299e-02
1.374127576127648354e-03
9.998607039451599121e-01
8.577508851885795593e-03
1.480744127184152603e-02
9.994605183601379395e-01
4.429831635206937790e-03
2.333521260879933834e-04
5.554039496928453445e-03
9.974722266197204590e-01
4.174295440316200256e-02
8.976467070169746876e-04
1.693013310432434082e-01
6.774414330720901489e-03
9.031531517393887043e-04
9.958726167678833008e-01
4.950024187564849854e-02
4.779795708600431681e-04
4.201600313535891473e-05
2.344028465449810028e-02
1.564079313538968563e-03
5.468114977702498436e-05
7.551316905107796629e-09
2.628562469908501953e-06
2.268845215439796448e-02
1.881295465864241123e-04
2.179369516670703888e-02
4.454209003597497940e-03
9.988931417465209961e-01
1.799327135086059570e-02
1.655278843827545643e-03
8.558743866160511971e-04
9.977067708969116211e-01
2.085526473820209503e-03
3.388125915080308914e-04
9.981572031974792480e-01
1.658513247966766357e-01
6.125163636170327663e-04
2.820135559886693954e-03
3.541012108325958252e-02
1.910156756639480591e-01
9.936802387237548828e-01
7.100523263216018677e-02
3.589847125113010406e-03
3.801357932388782501e-03
9.980434775352478027e-01
1.137603744864463806e-01
1.311321277171373367e-02
9.977807402610778809e-01
9.304072856903076172e-01
1.190891414880752563e-01
9.850271744653582573e-04
1.241581887006759644e-02
2.003287198022007942e-03
9.986361265182495117e-01
1.748445443809032440e-02
3.562851052265614271e-04
2.505905467842239887e-05
9.992823004722595215e-01
3.151922300457954407e-02
6.961473729461431503e-03
9.980222582817077637e-01
3.808984160423278809e-02
4.766420423984527588e-01
1.857635943451896310e-04
1.468395069241523743e-02
1.719297375530004501e-03
9.975450038909912109e-01
1.841826364398002625e-02
5.332686123438179493e-04
7.277999247889965773e-05
9.977434873580932617e-01
2.879437291994690895e-03
2.185517456382513046e-03
7.833788549760356545e-05
8.191078901290893555e-02
2.460135647197603248e-06
2.673341950867325068e-04
2.528586052358150482e-02
2.738628303632140160e-03
9.991477131843566895e-01
7.139263302087783813e-02
2.494754502549767494e-03
2.517097163945436478e-04
9.991170167922973633e-01
1.305850315839052200e-02
9.217157363891601562e-01
6.573757855221629143e-04
9.980155229568481445e-01
7.707501053810119629e-01
1.233321090694516897e-04
2.784675359725952148e-02
1.815692931413650513e-01
9.996845126152038574e-01
5.521856248378753662e-02
2.552126767113804817e-03
2.658640444278717041e-01
9.996902942657470703e-01
4.393347203731536865e-01
1.256552175618708134e-03
2.557603409513831139e-03
9.983745217323303223e-01
1.672713831067085266e-02
3.815676551312208176e-03
1.041461620479822159e-02
2.208236139267683029e-03
9.997751712799072266e-01
4.930461198091506958e-02
5.707352538593113422e-04
9.800773113965988159e-05
9.997496604919433594e-01
1.437836210243403912e-03
3.967442549765110016e-03
4.023831279482692480e-04
9.985904693603515625e-01
1.565609872341156006e-02
2.550496254116296768e-03
1.688490994274616241e-02
2.537313383072614670e-03
8.603798747062683105e-01
4.036525497213006020e-04
2.144559053704142570e-03
1.137173330789664760e-05
6.469376967288553715e-04
1.619031769223511219e-03
5.687183511327020824e-05
7.686608988199949977e-11
4.368396488985126780e-08
9.658836759626865387e-03
8.477127266814932227e-05
8.057150244712829590e-02
9.760301113128662109e-01
9.979277849197387695e-01
6.081972271203994751e-02
2.275049313902854919e-02
1.045257784426212311e-02
4.175632447004318237e-02
1.050319755449891090e-03
1.027461490593850613e-03
3.863932818148896331e-07
2.854407966879080050e-06
1.440886128693819046e-02
6.199353374540805817e-04
1.495377440005540848e-02
9.971347171813249588e-04
7.563516031950712204e-03
3.973644971847534180e-02
3.780101251322776079e-04
3.825327803497202694e-05
8.010198920965194702e-02
1.740787527523934841e-03
8.512374188285320997e-05
9.856831457000225782e-05
5.775521276518702507e-04
3.950699418783187866e-02
1.797932636691257358e-04
1.455626543611288071e-02
9.264522232115268707e-04
9.932039380073547363e-01
1.193580031394958496e-01
3.278052899986505508e-04
8.765338570810854435e-04
5.895076785236597061e-03
1.579848350957036018e-03
1.655527194088790566e-05
6.820159615017473698e-05
2.883915789425373077e-03
3.201457485556602478e-02
1.000293850665912032e-04
5.037375539541244507e-02
4.541792906820774078e-03
9.948639273643493652e-01
2.071957103908061981e-02
2.153804292902350426e-03
3.131668316200375557e-03
1.093163320281531625e-11
1.735266065225005150e-03
8.234967390308156610e-05
1.103657359635690227e-05
9.708632132969796658e-04
4.048671573400497437e-03
1.162416301667690277e-04
2.140542864799499512e-02
1.023071911185979843e-02
1.392647773027420044e-01
3.497890755534172058e-02
8.701003389433026314e-04
1.589993201196193695e-02
1.465815585106611252e-03
2.333228141069412231e-01
3.757219528779387474e-04
5.024964339099824429e-04
1.886063069105148315e-01
2.172945998609066010e-02
3.380765847396105528e-04
1.514575257897377014e-02
4.782963660545647144e-04
2.465708255767822266e-01
2.325805723667144775e-01
4.025742819067090750e-04
1.559986994834616780e-04
3.668624776764772832e-05
9.650706313550472260e-03
1.426900504156947136e-03
4.554557563096750528e-06
2.028320683166384697e-03
1.343521662056446075e-02
3.505015338305383921e-04
1.453938335180282593e-02
8.162278099916875362e-04
9.838511347770690918e-01
1.334972530603408813e-01
3.115815052296966314e-04
6.918854196555912495e-04
1.295004608437011484e-06
4.912776127457618713e-02
1.489692367613315582e-03
1.976169914996717125e-05
3.279572119936347008e-04
4.106498882174491882e-02
7.732145604677498341e-05
1.587772183120250702e-02
1.147191971540451050e-03
9.881419539451599121e-01
8.054472506046295166e-02
5.446583963930606842e-04
2.833276428282260895e-02
4.974865987605880946e-06
9.603656362742185593e-04
2.250088844448328018e-03
5.477602826431393623e-05
2.160326985176652670e-04
5.050282925367355347e-03
1.538817305117845535e-04
2.608953043818473816e-02
6.670813541859388351e-03
1.786382519640028477e-03
7.049420475959777832e-02
2.664571162313222885e-03
5.621639639139175415e-02
1.466211870138067752e-05
1.159033179283142090e-02
1.110674347728490829e-03
8.540438138879835606e-04
6.594972319362568669e-07
4.516338321991497651e-06
7.305311737582087517e-04
1.766194030642509460e-02
7.116134511306881905e-04
3.490397036075592041e-01
1.641398072242736816e-01
6.937146536074578762e-04
4.509143473114818335e-04
1.290236286877188832e-05
1.281915977597236633e-02
2.810557140037417412e-03
6.099851816543377936e-05
4.479042843286151765e-07
2.186427536798873916e-06
1.696863584220409393e-02
3.876162320375442505e-02
1.004406251013278961e-02
1.120970621705055237e-01
9.963704347610473633e-01
2.145468071103096008e-02
9.983397722244262695e-01
8.810685016214847565e-03
1.814497075974941254e-02
9.978219270706176758e-01
9.976087808609008789e-01
4.081238433718681335e-02
2.531470963731408119e-03
3.278850913047790527e-01
1.470860652625560760e-02
4.671914968639612198e-03
5.672386614605784416e-04
1.529735606163740158e-02
1.869119121693074703e-03
9.986079335212707520e-01
2.846146933734416962e-02
1.182849984616041183e-03
1.093688770197331905e-04
9.969041943550109863e-01
9.797305613756179810e-02
5.341916084289550781e-01
8.954438962973654270e-04
4.997838754206895828e-03
2.103438891936093569e-04
1.452356926165521145e-03
8.581405878067016602e-01
2.863057598005980253e-04
2.762675285339355469e-04
1.482951774960383773e-04
6.385033484548330307e-04
1.656348649703431875e-05
6.460559376364471973e-08
3.694824446398570217e-09
3.235053271055221558e-03
5.124775270815007389e-05
1.972266100347042084e-02
3.088229335844516754e-03
8.204070925712585449e-01
1.239982172846794128e-01
2.629583468660712242e-03
3.216841258108615875e-03
9.984965324401855469e-01
8.414089679718017578e-04
5.168285570107400417e-04
9.971390962600708008e-01
9.987570643424987793e-01
9.201074019074440002e-03
2.891074400395154953e-04
2.917233854532241821e-02
3.945411648601293564e-03
6.861242055892944336e-01
4.589841663837432861e-01
5.058440379798412323e-03
2.533494494855403900e-03
9.972785711288452148e-01
9.164243005216121674e-03
2.882346976548433304e-03
9.973623752593994141e-01
5.669530481100082397e-02
1.643978059291839600e-02
7.226239424198865891e-03
8.675751276314258575e-03
1.432365737855434418e-03
1.427841139957308769e-03
1.501708030700683594e-01
5.595830734819173813e-04
8.578491397202014923e-04
9.979135394096374512e-01
3.577636554837226868e-03
1.283433986827731133e-03
9.908483028411865234e-01
9.987476468086242676e-01
9.693881147541105747e-04
7.381199393421411514e-04
1.201590895652770996e-02
2.662678947672247887e-03
7.318465113639831543e-01
9.586978554725646973e-01
7.022991776466369629e-04
5.654304404743015766e-04
8.102959953248500824e-03
5.892486870288848877e-02
1.154513563960790634e-03
1.299985160585492849e-04
3.503125859424471855e-03
7.265901658684015274e-03
2.478912647347897291e-04
1.254481729120016098e-02
3.585047787055373192e-03
1.769542545080184937e-01
3.288442268967628479e-02
1.009717350825667381e-03
1.019238959997892380e-03
9.990666508674621582e-01
8.057935237884521484e-01
2.362642437219619751e-03
7.841725018806755543e-04
9.943202733993530273e-01
1.682429574429988861e-03
3.689768258482217789e-03
2.261055633425712585e-02
5.699837114661931992e-03
9.695497155189514160e-01
9.929037690162658691e-01
2.765652723610401154e-03
2.334777638316154480e-02
9.979547262191772461e-01
9.827623963356018066e-01
1.024202443659305573e-03
2.449827967211604118e-03
9.984501004219055176e-01
2.581161633133888245e-02
2.917898586019873619e-03
1.536867860704660416e-02
4.343435633927583694e-03
1.784497350454330444e-01
5.322495698928833008e-01
4.701122525148093700e-04
1.243053819052875042e-03
9.992371201515197754e-01
3.035809658467769623e-02
2.557610860094428062e-03
3.372056235093623400e-04
9.965217113494873047e-01
9.727755188941955566e-02
1.993456389755010605e-03
5.905112028121948242e-01
8.495544642210006714e-02
2.026890963315963745e-02
9.986115097999572754e-01
9.010503888130187988e-01
9.986659884452819824e-01
2.461677975952625275e-02
3.078548936173319817e-03
6.553420098498463631e-04
9.977847337722778320e-01
4.198634624481201172e-02
2.097168937325477600e-03
8.823992102406919003e-04
3.898346051573753357e-02
1.756820268929004669e-02
9.713920354843139648e-01
9.975972771644592285e-01
3.971971198916435242e-02
1.615618355572223663e-02
7.213776558637619019e-02
1.524008577689528465e-03
4.217042005620896816e-04
2.740443742368370295e-04
1.006405279040336609e-01
6.738613359630107880e-03
5.162064917385578156e-04
6.240105256438255310e-02
2.987840399146080017e-02
3.427104055881500244e-01
9.963408708572387695e-01
5.842271447181701660e-02
1.229301914572715759e-01
9.978553056716918945e-01
4.914516117423772812e-03
9.415531158447265625e-01
9.979051351547241211e-01
3.722433000802993774e-02
7.540010381489992142e-03
2.945699356496334076e-02
3.473736047744750977e-01
6.557105183601379395e-01
7.717789411544799805e-01
9.970135688781738281e-01
2.084524743258953094e-02
6.816532015800476074e-01
9.945238828659057617e-01
1.128349229693412781e-01
7.404527068138122559e-01
9.975714683532714844e-01
1.982807368040084839e-01
1.637147925794124603e-02
1.942314505577087402e-01
5.170139297842979431e-02
3.710119752213358879e-03
3.974698483943939209e-01
9.987282752990722656e-01
1.701802015304565430e-02
6.161911785602569580e-02
9.991710782051086426e-01
4.072093963623046875e-02
5.124674644321203232e-03
9.972965121269226074e-01
3.627808392047882080e-02
9.323785197921097279e-04
1.739092549541965127e-04
7.407812029123306274e-02
3.924483656883239746e-01
7.123949527740478516e-01
8.723611831665039062e-01
6.509735435247421265e-02
2.777367644011974335e-02
9.936763644218444824e-01
3.523995876312255859e-01
8.300774544477462769e-02
9.948384165763854980e-01
6.437336653470993042e-02
3.626988828182220459e-01
5.351912230253219604e-03
4.913553893566131592e-01
4.946798682212829590e-01
6.547783017158508301e-01
9.979325532913208008e-01
7.018667459487915039e-01
3.441313505172729492e-01
9.902100563049316406e-01
1.352889928966760635e-02
2.490535145625472069e-03
9.865154512226581573e-03
9.971321821212768555e-01
2.493264619261026382e-03
1.435718499124050140e-02
7.409779429435729980e-01
6.299670934677124023e-01
7.599068880081176758e-01
9.990881085395812988e-01
7.448887228965759277e-01
2.001440227031707764e-01
9.948049783706665039e-01
1.729933172464370728e-02
3.308264713268727064e-04
8.219742216169834137e-03
9.978509545326232910e-01
9.369234740734100342e-02
1.008159369230270386e-01
1.817503571510314941e-01
1.411398053169250488e-01
4.944659769535064697e-01
9.990562796592712402e-01
4.889929667115211487e-03
2.014254033565521240e-01
9.996730685234069824e-01
1.306201517581939697e-01
9.565984010696411133e-01
4.910104274749755859e-01
9.977478384971618652e-01
3.827417269349098206e-02
2.455704845488071442e-03
6.571643520146608353e-03
2.338489430258050561e-04
6.212519365362823009e-04
8.773856163024902344e-01
1.886136978864669800e-01
4.340149753261357546e-04
2.054804004728794098e-02
2.256437903270125389e-03
7.018816540949046612e-05
9.999382655223598704e-07
1.379051042249557213e-07
2.777496911585330963e-02
2.162347664125263691e-04
1.210867892950773239e-02
1.753316726535558701e-03
6.640724022872745991e-04
9.973804354667663574e-01
1.905127428472042084e-02
7.870763074606657028e-04
9.964781403541564941e-01
1.709453528746962547e-03
8.307784446515142918e-05
9.975563883781433105e-01
8.837067484855651855e-01
1.230036839842796326e-02
6.746907602064311504e-04
3.606368973851203918e-02
3.794095246121287346e-03
2.394853718578815460e-02
9.840369820594787598e-01
2.201804146170616150e-02
2.631642855703830719e-03
9.979797601699829102e-01
1.263497397303581238e-03
1.053039878606796265e-01
9.977036714553833008e-01
1.474717855453491211e-01
6.810105592012405396e-02
2.871622564271092415e-04
8.347798138856887817e-03
7.595292408950626850e-04
1.045941142365336418e-03
9.991075396537780762e-01
4.004691913723945618e-02
3.361211856827139854e-04
9.990897178649902344e-01
2.380814962089061737e-02
6.466811522841453552e-03
9.978382587432861328e-01
4.237451031804084778e-02
2.617745697498321533e-01
2.750398416537791491e-04
8.973068557679653168e-03
5.784442182630300522e-04
6.127945380285382271e-04
9.957592487335205078e-01
2.419404312968254089e-02
3.358718822710216045e-04
9.903039336204528809e-01
7.652752995491027832e-01
2.314967103302478790e-03
6.704622501274570823e-05
7.562341690063476562e-01
4.122669633943587542e-05
1.924594544107094407e-04
1.966791413724422455e-02
1.434825826436281204e-03
5.369784310460090637e-03
9.986213445663452148e-01
4.068776220083236694e-02
1.013280590996146202e-03
9.988483190536499023e-01
1.963447406888008118e-02
7.158906199038028717e-03
3.684142720885574818e-04
9.977701306343078613e-01
5.233183503150939941e-03
1.508288318291306496e-03
2.038163132965564728e-02
2.490873821079730988e-02
5.153298974037170410e-01
9.996137619018554688e-01
1.044115647673606873e-01
2.180727897211909294e-03
9.996332526206970215e-01
7.546139359474182129e-01
3.764424473047256470e-03
1.274934038519859314e-04
9.986506104469299316e-01
1.166210323572158813e-02
2.445681020617485046e-04
9.035312570631504059e-03
8.788236882537603378e-04
1.937148976139724255e-03
9.975509047508239746e-01
2.185481972992420197e-02
3.068923251703381538e-04
9.993813633918762207e-01
9.161810278892517090e-01
4.625175613909959793e-03
1.324141776422038674e-04
9.985138177871704102e-01
3.324498981237411499e-02
2.933230698108673096e-01
6.137186661362648010e-03
1.893568405648693442e-04
4.285598546266555786e-02
4.179337024688720703e-01
4.707421734929084778e-02
6.469627842307090759e-04
8.624511247035115957e-05
1.979988301172852516e-03
3.969615136156789958e-05
3.818387085630092770e-06
1.004339355858974159e-05
5.649718921631574631e-03
1.111883757403120399e-04
8.459891192615032196e-03
7.026680978015065193e-04
9.360203146934509277e-01
1.857322454452514648e-02
7.631868869066238403e-02
7.325191400013864040e-04
1.656215172260999680e-03
1.158206090331077576e-01
2.962212602142244577e-04
1.907510068122064695e-06
2.822891019604867324e-06
1.688594929873943329e-04
2.061960112769156694e-04
6.727865431457757950e-03
1.396844163537025452e-04
6.770418584346771240e-02
3.756141662597656250e-02
2.477321922779083252e-01
4.832625854760408401e-04
2.272187884955201298e-05
2.488622441887855530e-02
3.531599417328834534e-03
8.540804992662742734e-05
8.536730310879647732e-04
1.094793900847434998e-02
5.218207370489835739e-04
6.891487631946802139e-03
2.748814877122640610e-04
3.867531716823577881e-01
1.742486492730677128e-03
8.450464159250259399e-02
3.589673724491149187e-04
9.729597513796761632e-05
3.055709041655063629e-02
1.777556142769753933e-03
3.356922752573154867e-05
1.555143855512142181e-03
1.697185635566711426e-02
1.220633130287751555e-04
9.430676698684692383e-03
1.038641086779534817e-03
2.045677229762077332e-02
3.155560791492462158e-01
2.039599567651748657e-01
1.167581998743116856e-03
2.058910671621561050e-03
1.973390113562345505e-03
1.488009933382272720e-03
2.307649701833724976e-04
5.587858140643220395e-06
4.046951234340667725e-01
2.603736647870391607e-04
7.353868801146745682e-03
1.606437726877629757e-04
1.715490408241748810e-02
1.123180962167680264e-03
2.030652314424514771e-01
5.677316221408545971e-04
4.455119778867810965e-05
6.607868243008852005e-03
3.675754647701978683e-03
4.452597568160854280e-05
1.242886355612426996e-05
1.535695446364115924e-06
1.038458291441202164e-02
1.350457035005092621e-02
5.557926371693611145e-03
8.104731440544128418e-01
9.942443370819091797e-01
1.810074783861637115e-02
2.339888596907258034e-03
2.334906905889511108e-02
9.925051927566528320e-01
1.946475123986601830e-03
9.965867996215820312e-01
1.250159144401550293e-01
5.245290696620941162e-02
2.188892336562275887e-03
7.588268723338842392e-03
4.493340384215116501e-04
2.901967763900756836e-01
9.585313796997070312e-01
1.493361126631498337e-02
4.749894724227488041e-04
1.720120344543829560e-04
9.853624105453491211e-01
1.560004544444382191e-03
9.940896034240722656e-01
9.921141862869262695e-01
1.312154810875654221e-02
4.870229749940335751e-04
7.027288433164358139e-03
1.408405660185962915e-04
1.094428938813507557e-03
2.113383729010820389e-03
1.266258358955383301e-01
6.884130416437983513e-04
2.035582474491093308e-05
7.616802453994750977e-01
9.879231220111250877e-04
3.841167199425399303e-05
4.828609734275346455e-11
3.207688685506582260e-03
9.498483268544077873e-05
2.438703924417495728e-02
5.975558981299400330e-02
2.302153706550598145e-01
3.801705688238143921e-02
1.530857756733894348e-02
4.390466958284378052e-03
1.336415857076644897e-02
9.928700923919677734e-01
9.827448520809412003e-04
1.462601008825004101e-03
9.970144629478454590e-01
9.045389015227556229e-04
2.340776147320866585e-03
2.701169997453689575e-02
2.577539384365081787e-01
7.261144369840621948e-02
9.948998093605041504e-01
1.436651498079299927e-02
1.057388819754123688e-02
3.756960630416870117e-01
9.966099262237548828e-01
5.847400054335594177e-03
3.726908704265952110e-03
9.983576536178588867e-01
3.227654099464416504e-02
2.444947371259331703e-03
7.933731190860271454e-03
4.234118096064776182e-04
4.201405681669712067e-03
9.974521398544311523e-01
6.387926638126373291e-02
1.042986754328012466e-03
1.673481747275218368e-04
9.944775104522705078e-01
2.379053737968206406e-03
5.385917393141426146e-05
9.961868524551391602e-01
9.883581399917602539e-01
1.671330071985721588e-03
1.325686648488044739e-02
2.723767887800931931e-03
3.068389594554901123e-01
4.490328133106231689e-01
1.725482940673828125e-02
4.743940953630954027e-04
3.829588741064071655e-02
9.963749051094055176e-01
2.751717865467071533e-01
9.954922199249267578e-01
1.610043346881866455e-01
3.593990206718444824e-02
1.358288864139467478e-04
1.180813275277614594e-02
2.358159050345420837e-03
2.365296036005020142e-01
9.048806428909301758e-01
1.980244368314743042e-02
8.724210201762616634e-04
4.635402001440525055e-04
9.889410138130187988e-01
1.394601276842877269e-04
4.529476864263415337e-04
9.020283818244934082e-01
5.886732414364814758e-02
4.812984843738377094e-04
2.905995212495326996e-02
5.545234307646751404e-03
6.395947933197021484e-02
9.932962059974670410e-01
2.232819423079490662e-02
2.630339236930012703e-03
7.666020188480615616e-03
9.981372952461242676e-01
9.836883544921875000e-01
3.093147184699773788e-03
9.961892962455749512e-01
3.144688889733515680e-05
1.918194349855184555e-03
2.919334731996059418e-02
1.374423652887344360e-01
1.311459578573703766e-02
1.419485360383987427e-01
2.092885971069335938e-02
2.717092167586088181e-03
7.819363474845886230e-01
9.992081522941589355e-01
9.921534657478332520e-01
9.805775247514247894e-03
9.979025125503540039e-01
3.335352241992950439e-02
1.331046596169471741e-02
9.652324020862579346e-03
1.710207783617079258e-03
4.613379538059234619e-01
9.993053078651428223e-01
2.599538676440715790e-02
6.614454323425889015e-04
1.126894610933959484e-03
9.991616010665893555e-01
3.993039485067129135e-03
1.488689216785132885e-03
9.975712895393371582e-01
5.520262941718101501e-02
6.500618066638708115e-03
5.991282872855663300e-03
2.044783614110201597e-04
6.327914446592330933e-02
5.407603830099105835e-02
4.343393072485923767e-02
2.224648487754166126e-04
2.247607881145086139e-05
1.116550806909799576e-02
5.410977173596620560e-03
2.276974264532327652e-03
1.589798921486362815e-05
5.842271260917186737e-03
5.756255122832953930e-04
8.378697559237480164e-03
6.291499594226479530e-04
3.481917977333068848e-01
9.960956573486328125e-01
2.072741650044918060e-02
4.135786439292132854e-04
1.633383362786844373e-04
9.961826801300048828e-01
3.197974860668182373e-01
1.437948085367679596e-03
9.958198666572570801e-01
7.799982995493337512e-05
7.844958454370498657e-04
7.915358990430831909e-03
2.787658595480024815e-04
5.541296675801277161e-02
9.909101128578186035e-01
4.499601945281028748e-02
4.384189378470182419e-04
1.462081854697316885e-04
9.983875751495361328e-01
7.770100235939025879e-01
3.745483700186014175e-03
9.971691966056823730e-01
9.441022574901580811e-02
2.437547594308853149e-02
1.141217816621065140e-02
9.469193173572421074e-04
8.516983389854431152e-01
9.943910241127014160e-01
2.860798686742782593e-02
1.379415625706315041e-03
7.168154115788638592e-04
9.878222942352294922e-01
8.926879763603210449e-01
3.050436498597264290e-03
1.773955591488629580e-04
7.706444244831800461e-03
2.257859450764954090e-04
9.269747883081436157e-03
1.536614610813558102e-03
8.032395243644714355e-01
9.970606565475463867e-01
3.690092638134956360e-02
1.701956382021307945e-03
5.174906458705663681e-03
9.969603419303894043e-01
9.930152297019958496e-01
1.694496138952672482e-03
2.663034829311072826e-04
1.408528983592987061e-01
2.137489500455558300e-04
6.676780991256237030e-03
3.065239579882472754e-04
1.568707823753356934e-02
8.041784763336181641e-01
1.256880760192871094e-01
3.965464420616626740e-04
6.176864553708583117e-05
9.884520769119262695e-01
4.069340229034423828e-02
4.317839629948139191e-03
3.495953569654375315e-05
1.210502013564109802e-01
2.540686182328499854e-05
2.630696259438991547e-02
3.141428576782345772e-03
8.847496472299098969e-03
9.987766146659851074e-01
2.264077216386795044e-02
2.466702368110418320e-03
4.302228614687919617e-02
9.981660246849060059e-01
1.814198680222034454e-03
1.946169184520840645e-03
9.530591778457164764e-04
9.975089430809020996e-01
8.983171428553760052e-04
8.255749009549617767e-03
1.158469473011791706e-03
2.644807659089565277e-02
9.990870356559753418e-01
2.775585092604160309e-02
6.613957812078297138e-04
1.513175375293940306e-04
9.991429448127746582e-01
3.145638853311538696e-03
9.014336392283439636e-03
9.327173756901174784e-05
9.970523118972778320e-01
2.943220715678762645e-05
9.501110762357711792e-03
3.399487177375704050e-04
1.545982901006937027e-02
9.998924136161804199e-01
1.346934586763381958e-03
2.189600653946399689e-02
2.526803582441061735e-04
9.994325041770935059e-01
3.212591167539358139e-03
3.551794407030683942e-06
1.623096643015742302e-03
9.979199171066284180e-01
3.570793941617012024e-02
