8.342628434586983888e-01
3.739620509922343405e-01
3.097050414832595577e-01
6.208039949639126975e-01
6.108642111604030145e-01
6.186998407378828668e-01
1.730855765859954654e-01
4.261117204128263003e-01
6.204499011644377671e-01
7.153726947995332486e-01
6.349973037409094578e-01
7.175246293728168023e-01
7.216330553190066777e-01
6.335747954793847780e-01
1.834415467545533474e-01
3.689385203285313053e-01
6.252004337282135449e-01
5.470413456026178567e-01
3.160901215518466811e-01
3.803977908996435398e-01
6.476078438930786829e-01
7.868003570116482992e-01
5.131718162447214127e-01
7.442912175678290110e-01
7.684112827365214837e-01
6.144187414588836438e-01
5.376789141491127300e-01
8.296290940581036999e-01
5.829199075054091184e-01
6.114920214391671438e-01
6.088658851490785784e-01
7.630180101125285663e-01
6.701856097922875843e-01
6.503200153462015409e-01
6.219835145434794432e-01
5.681785262691286809e-01
6.086331688476582791e-01
6.138224731716596105e-01
3.159804457547859546e-01
5.810126647568092384e-01
6.890267252993698133e-01
6.811536493567893480e-01
5.241024590896603552e-01
6.324121306220499283e-01
6.857071614537674220e-01
6.886529056713558417e-01
6.168452740306608062e-01
6.211889257941108911e-01
6.497273358623855133e-01
5.351918182087291864e-01
5.309670519278509859e-01
5.608574559860594055e-01
6.543681810144335032e-01
6.414377342623013289e-01
6.197820826648519077e-01
6.749215872528461224e-01
5.042539016307833188e-01
6.591681665382705946e-01
8.337966911494731903e-01
4.775999536412620095e-01
4.311454237232772990e-01
7.636026430588501723e-01
5.936017943402895902e-01
7.279699077972998644e-01
5.929036881201542597e-01
7.501702956282175760e-01
7.315296036406204738e-01
6.251820598084193437e-01
5.549007090359316940e-01
4.387983141630404371e-01
6.966896416762700106e-01
7.431470162879961761e-01
7.143908566795289516e-01
5.049533792234097707e-01
5.659027173398778476e-01
6.472616196036912184e-01
5.679266604487426262e-01
6.337314330471249813e-01
6.191152389376208820e-01
5.504610085358413452e-01
6.148588533441607940e-01
5.708586716164762986e-01
5.599557233643002174e-01
6.784332709995886113e-01
5.526973811591653352e-01
4.616006810101680458e-01
6.119995560198171480e-01
8.469795974401327365e-01
8.772845405798691543e-01
8.121956107307036765e-01
6.251089588667337882e-01
9.117832734034612141e-01
7.488449084071012729e-01
8.601633545297843186e-01
6.056960053168810587e-01
8.526354592580062119e-01
7.072966349526093044e-01
7.417121483729436360e-01
5.318038352908422972e-01
8.167096241735495310e-01
6.108609809755132236e-01
