5.176555081880346298e-01
5.586156733564308086e-01
5.539414021948144695e-01
5.756867546746703423e-01
4.629606831503852993e-01
1.054896429411113085e-01
4.569092043283935478e-01
4.668349808448702398e-01
4.577783834048584355e-01
3.861219766898757455e-01
4.122506063290766187e-01
5.011489765018674047e-01
4.875713532275435247e-01
5.646643572351701668e-01
5.077615419561599952e-02
5.633090210330351510e-01
5.933735342884679520e-01
3.657193742463610286e-01
4.552757144581610627e-01
4.595663352575891092e-01
4.680369990588590379e-01
4.845859290841627587e-01
4.389255278344530997e-01
4.994694299161586692e-01
5.235042605119395454e-01
1.917372192239361894e-01
4.732682251554083397e-01
5.693478354311921619e-01
4.662385702114744124e-01
5.297668027834823157e-01
4.657298629832579140e-01
4.738728075382404037e-01
5.246992709955139444e-01
5.012210299834035654e-01
4.028362339382650648e-01
4.995595062053220792e-01
4.664224203843889693e-01
1.651475835142260720e-02
5.224658758703525363e-01
4.750086636634724413e-01
5.021328516594992797e-01
3.758937776036211376e-01
4.530662767945485281e-01
3.381665653306784036e-01
2.334114165885418923e-01
4.520245503963486455e-01
2.364520555772574861e-01
4.042478035624661459e-01
5.698189304947880451e-01
4.630343763827489689e-01
3.306110876284731881e-02
4.519551903337299392e-01
4.564398185190988166e-01
4.613847354236240150e-01
1.114716102777023043e-01
3.756648908749566917e-01
5.110398161502757164e-01
4.884513103697522562e-01
6.507813317839711287e-01
5.229208330371437619e-01
4.261143067395231632e-01
4.293643988127675559e-01
5.499408579782223416e-01
4.878382538016851067e-01
2.960800311942927143e-01
5.588560483948742386e-01
5.979447600950054120e-01
4.731895904743917414e-01
6.395837941876122423e-01
3.975312355431261380e-01
5.591636624599101157e-01
4.644014927002463322e-01
4.908767606963854169e-01
3.842722004442512551e-01
4.452510767471109521e-01
3.658530433473050625e-01
4.502859377091995574e-01
4.544177250481520880e-01
5.112733325418692409e-01
3.676720591942845284e-01
4.295848594507792884e-01
2.482339943837708063e-01
2.334421830286017852e-01
4.144008271350806405e-01
5.818971015887057785e-01
5.489653093131385830e-01
5.972275010730595524e-01
4.754465075563061860e-01
3.957654462422585673e-01
2.821524309497002170e-01
3.242911279668290181e-01
4.013042678087352377e-01
3.945083437691765393e-01
3.876626031006976114e-01
4.471712540468354424e-01
4.612859853310498637e-01
4.694154419707737280e-01
4.481968997497937091e-01
4.520808820004298401e-01
3.582105395804903170e-01
4.256749170960809625e-01
