1.453817679162501264e-01
4.621434788976074015e-02
1.390036055678776361e-01
2.329902348619475594e-01
7.401578511101125635e-02
2.140553972516366817e-03
1.393681806548190960e-01
1.976099183576027485e-01
1.030112256512691060e-01
5.796222243435670413e-02
1.439170959796330662e-04
7.987058620891122895e-02
1.536295697128394477e-01
1.565642168236500154e-01
1.075533138864685073e-02
2.556912443778920976e-02
7.047931964868532628e-02
4.146121570033124010e-02
1.885494126800586756e-01
1.879043316270801456e-01
2.027818179041912250e-01
9.348606503471196261e-02
1.131172738787517146e-01
1.722234993627362876e-01
2.499150341032323752e-01
1.442888925331820837e-01
1.550993003937894410e-01
1.625807770933599405e-01
3.021960116471364421e-01
2.482850999553904703e-01
1.684129686699024631e-01
1.630630857012532187e-01
3.017114580394449352e-01
3.101910807654347790e-01
3.079275906569487464e-01
2.350259002974859901e-01
3.616259062998168905e-01
2.237227402192357995e-01
2.395654104003859530e-01
2.158815825434085012e-01
3.576757782446713940e-01
3.295721923535053777e-01
2.944210105759349494e-01
2.299951322368306572e-01
2.162596689767663505e-01
1.825188605305058664e-01
2.133326366094593918e-01
2.261549287012296350e-01
1.120233674092533660e-01
2.685037143263024340e-01
2.514276105552758489e-01
2.122642976375877510e-01
8.946185925830940633e-02
2.047480639658045554e-01
1.767120867068163181e-01
1.318199658208561165e-01
1.333897898830693207e-01
1.523642803035433202e-01
2.269943454601209831e-01
1.743152183948871170e-01
1.212101730191803561e-01
1.565300660404063404e-01
2.161630103915670731e-01
9.382325237915480065e-02
1.227187398100923060e-01
1.469646736582673752e-01
2.754337434342320479e-01
3.472730497440433828e-01
2.273235598875964214e-01
3.043244165096299914e-01
3.778278521166310577e-01
2.920510147473340812e-01
2.322494009096047474e-01
2.596030047399012219e-01
2.425917244283673502e-01
3.102853844622866508e-01
2.493115221546904903e-01
4.556885641734327863e-01
3.154154987621021755e-01
4.258468099513736949e-01
4.251403396732975626e-01
2.919817702548686000e-01
2.362836078246495497e-01
2.986278165666699236e-01
1.605958750196109508e-01
3.479408607753122218e-01
4.347386315776721188e-01
2.700611151374827656e-01
2.440791350755997791e-01
8.924786812322783869e-02
9.776467328553704872e-02
2.373035700120878499e-01
2.604632427734163702e-01
2.998967219798662209e-01
3.073026109934299810e-01
9.748776120107646714e-02
3.244905710408631516e-01
3.138539424473444361e-01
2.181291433037655936e-01
3.118205232878423216e-01
3.445697337584605058e-01
