1.375562489382079479e-01
1.784315692563887695e-02
1.096123160858355206e-01
2.220695833166352884e-01
3.843377581431199619e-02
1.184901905161926238e-03
1.143252313505280782e-01
1.733821258452361014e-01
9.064222152886668160e-02
4.145033176896961019e-02
6.900921092712216612e-05
7.814122168903941956e-02
1.532136825431657245e-01
1.550335611553294579e-01
8.036204774213438068e-03
1.771763946952092592e-02
4.535103238524566815e-02
2.834989557776609534e-02
1.734992401311896693e-01
1.713018183877060563e-01
1.837209823854539792e-01
8.549984460680441767e-02
1.034495006473653833e-01
1.613080448492052454e-01
2.353570751058348121e-01
1.030433943515341733e-01
1.121250881873615685e-01
1.331014146782595053e-01
2.879270256452874932e-01
2.185400121239660931e-01
1.537190595356299483e-01
1.584324140308054907e-01
2.860867926860147237e-01
3.042586435148042501e-01
3.052777047168536151e-01
2.323489601232925361e-01
3.144962443122736317e-01
1.654287757011348448e-01
2.016919944731993264e-01
1.787700891124783253e-01
3.320299155860154117e-01
2.894361496554875846e-01
2.686277679815200492e-01
2.141872878695232074e-01
1.714867199939435760e-01
1.538110092160864251e-01
1.801640152349874291e-01
1.884322628510352871e-01
9.255866954454888829e-02
2.205234077799830827e-01
2.228779767495329689e-01
1.933650640413185073e-01
7.243899653078501866e-02
1.599055554502725185e-01
1.552007332932004435e-01
1.063347737684764704e-01
1.121844145827155526e-01
1.242674817721425851e-01
1.929540611632757641e-01
1.610233679608466806e-01
8.204644599960088380e-02
1.112825956397285460e-01
1.822971320870258871e-01
8.244856905963929283e-02
9.747749615363256181e-02
1.091020976926953545e-01
2.287148933866733069e-01
2.956773840514316798e-01
2.122848558375293460e-01
2.961890623491718055e-01
3.646743487416076457e-01
2.650820569770710455e-01
1.928083715151696631e-01
2.413104934587632922e-01
2.122939681614454677e-01
2.743245721777874402e-01
2.295762726866657222e-01
4.345978022163935472e-01
2.993222522527230200e-01
3.732451488315666754e-01
4.036135602994201377e-01
2.534922662739031995e-01
2.153935735554937947e-01
2.609977946033537055e-01
1.501702981318632779e-01
3.269569713320510385e-01
3.826716483140794045e-01
2.313126921821928028e-01
2.341718433602869576e-01
5.858181220778053977e-02
8.842858329874304923e-02
1.964971489769359869e-01
2.296043227127083641e-01
2.748997935065500275e-01
3.064042326036084951e-01
8.831869210237021373e-02
2.863126489447049838e-01
3.066781734483329247e-01
2.018433662289128572e-01
2.646838524851465868e-01
3.228935836187326047e-01
