2.727607786655426025e-01
9.999999403953552246e-01
5.903349723666906357e-03
2.325523085892200470e-02
3.480666875839233398e-01
9.999043941497802734e-01
2.441809512674808502e-02
4.764795303344726562e-02
9.688007235527038574e-01
9.996773004531860352e-01
2.637203931808471680e-01
9.939914941787719727e-01
9.988134503364562988e-01
1.094785183668136597e-01
9.999974966049194336e-01
1.963768750429153442e-01
8.682697415351867676e-01
6.723449826240539551e-01
9.972422122955322266e-01
8.996002078056335449e-01
9.824314713478088379e-01
9.329593181610107422e-01
9.963915944099426270e-01
9.974175095558166504e-01
9.928718805313110352e-01
9.963111877441406250e-01
1.244057202711701393e-04
7.362507167272269726e-04
9.999992251396179199e-01
7.446480914950370789e-03
4.901156760752201080e-03
9.999949336051940918e-01
4.430855512619018555e-01
9.697881937026977539e-01
1.010654121637344360e-01
9.980688691139221191e-01
9.989399313926696777e-01
9.988376498222351074e-01
9.551746845245361328e-01
6.401856080628931522e-05
4.197228327393531799e-02
1.000000119209289551e+00
1.816867105662822723e-02
3.479034304618835449e-01
9.998950362205505371e-01
1.881042867898941040e-02
2.736643515527248383e-02
5.807327628135681152e-01
9.999150633811950684e-01
7.896962016820907593e-02
4.963257908821105957e-01
9.998022317886352539e-01
4.231738150119781494e-01
1.298671066761016846e-01
9.999991059303283691e-01
7.822450995445251465e-02
3.394531011581420898e-01
9.987805485725402832e-01
7.016095519065856934e-01
9.716177582740783691e-01
9.458377361297607422e-01
9.986320137977600098e-01
9.987708926200866699e-01
9.822610020637512207e-01
9.966302514076232910e-01
5.294138193130493164e-02
8.662350475788116455e-02
9.999742507934570312e-01
9.452764987945556641e-01
9.268400073051452637e-01
1.121351346373558044e-01
7.337598800659179688e-01
9.649195671081542969e-01
1.585603505373001099e-01
1.872771382331848145e-01
7.607465982437133789e-01
9.896268248558044434e-01
9.361875057220458984e-01
2.266741991043090820e-01
5.634275078773498535e-01
9.999941587448120117e-01
4.996064007282257080e-01
9.689974188804626465e-01
9.737132787704467773e-01
9.995122551918029785e-01
8.098343610763549805e-01
8.470089435577392578e-01
9.999191761016845703e-01
9.817857146263122559e-01
7.154303789138793945e-01
3.868952691555023193e-01
8.831907808780670166e-02
8.164031505584716797e-01
9.999997615814208984e-01
6.057268753647804260e-02
6.163496375083923340e-01
9.657573103904724121e-01
9.994952082633972168e-01
2.255439311265945435e-01
6.778246164321899414e-01
9.996750950813293457e-01
8.983528017997741699e-01
9.383165240287780762e-01
1.757403761148452759e-01
4.584423601627349854e-01
4.527313709259033203e-01
9.999902248382568359e-01
5.898000597953796387e-01
9.659677743911743164e-01
8.589498996734619141e-01
9.942397475242614746e-01
9.650775790214538574e-01
9.889171123504638672e-01
9.906600713729858398e-01
5.887717604637145996e-01
9.992796778678894043e-01
9.889020323753356934e-01
5.018363595008850098e-01
7.317817807197570801e-01
9.999915957450866699e-01
2.819923162460327148e-01
9.662401080131530762e-01
9.737029075622558594e-01
9.937152266502380371e-01
9.977205395698547363e-01
9.851837754249572754e-01
9.946402907371520996e-01
6.181445717811584473e-01
9.625424742698669434e-01
8.844612240791320801e-01
4.347930848598480225e-01
8.195761442184448242e-01
9.999990463256835938e-01
8.592737913131713867e-01
5.729191899299621582e-01
9.578678607940673828e-01
9.977439045906066895e-01
8.024045825004577637e-01
9.809758663177490234e-01
9.848272800445556641e-01
9.972339272499084473e-01
1.265294849872589111e-01
9.777313470840454102e-01
8.342683315277099609e-02
7.226309776306152344e-01
9.999997019767761230e-01
4.949670284986495972e-02
3.209101781249046326e-02
8.541576862335205078e-01
9.971677660942077637e-01
3.806116878986358643e-01
8.414291739463806152e-01
9.569524526596069336e-01
9.994987249374389648e-01
9.979963898658752441e-01
8.135723471641540527e-01
5.110700726509094238e-01
5.315504074096679688e-01
9.999905824661254883e-01
3.126258552074432373e-01
9.247163534164428711e-01
9.519596099853515625e-01
9.969060420989990234e-01
9.094237089157104492e-01
9.883285760879516602e-01
7.528992295265197754e-01
9.957535862922668457e-01
9.992513656616210938e-01
9.907590746879577637e-01
7.730079293251037598e-01
9.986305236816406250e-01
6.896666288375854492e-01
5.612680912017822266e-01
9.331084489822387695e-01
9.984878301620483398e-01
6.805817484855651855e-01
9.444843530654907227e-01
9.755125641822814941e-01
9.987175464630126953e-01
9.988020062446594238e-01
9.960473179817199707e-01
9.923119544982910156e-01
9.999982118606567383e-01
1.900332979857921600e-03
8.968618512153625488e-02
2.457883581519126892e-02
1.232352387160062790e-02
1.762198656797409058e-02
4.878187924623489380e-02
7.406032830476760864e-02
2.484767884016036987e-02
1.328155547380447388e-01
3.182776272296905518e-01
8.252261877059936523e-01
6.245154514908790588e-02
4.311511293053627014e-02
3.773442003875970840e-03
9.985057115554809570e-01
9.719381481409072876e-02
5.928766913712024689e-03
9.996010661125183105e-01
1.832149177789688110e-01
9.354904294013977051e-01
1.149739474058151245e-01
9.975395202636718750e-01
9.762241244316101074e-01
9.994245767593383789e-01
9.891232848167419434e-01
1.297582685947418213e-01
9.032437950372695923e-02
9.987074136734008789e-01
6.510193347930908203e-01
1.600003987550735474e-01
9.979358911514282227e-01
9.267461895942687988e-01
8.607172369956970215e-01
9.549993276596069336e-01
9.989674687385559082e-01
9.545947909355163574e-01
9.940091967582702637e-01
9.997212290763854980e-01
9.934132695198059082e-01
2.678650058805942535e-02
9.801226854324340820e-01
1.025738567113876343e-01
1.283687353134155273e-01
4.007344320416450500e-02
1.146528348326683044e-01
5.250704288482666016e-01
8.249589055776596069e-02
5.475852265954017639e-02
4.031859040260314941e-01
9.819169640541076660e-01
3.966916799545288086e-01
9.001321196556091309e-01
5.875103473663330078e-01
9.958326220512390137e-01
9.476966261863708496e-01
6.513125300407409668e-01
6.628233194351196289e-01
9.971772432327270508e-01
1.155647635459899902e-01
9.712879061698913574e-01
9.998109936714172363e-01
9.900903105735778809e-01
3.679514825344085693e-01
1.829130947589874268e-01
7.020385861396789551e-01
7.534881830215454102e-01
9.982323050498962402e-01
8.790295124053955078e-01
9.551399350166320801e-01
9.282109737396240234e-01
9.985862970352172852e-01
9.552802443504333496e-01
9.435200095176696777e-01
9.990400671958923340e-01
9.968429207801818848e-01
9.950538873672485352e-01
7.057886719703674316e-01
9.832649827003479004e-01
6.204042956233024597e-02
9.804404973983764648e-01
7.215485572814941406e-01
9.164651036262512207e-01
2.461882233619689941e-01
9.518132805824279785e-01
4.785825014114379883e-01
9.841816425323486328e-01
9.090661406517028809e-01
3.376375436782836914e-01
9.941818118095397949e-01
8.721808791160583496e-01
9.094516038894653320e-01
7.190153598785400391e-01
9.912137389183044434e-01
9.522335529327392578e-01
7.821865677833557129e-01
7.111416459083557129e-01
9.937875270843505859e-01
9.935650825500488281e-01
9.809305071830749512e-01
9.851992130279541016e-01
2.706920206546783447e-01
8.429375290870666504e-01
9.841802120208740234e-01
8.251295685768127441e-01
8.351609706878662109e-01
9.983659386634826660e-01
7.377108931541442871e-01
7.216973304748535156e-01
9.767109751701354980e-01
9.976791739463806152e-01
7.856435179710388184e-01
7.375513315200805664e-01
9.978644847869873047e-01
9.964011907577514648e-01
6.847067922353744507e-02
9.942062497138977051e-01
3.179473578929901123e-01
6.556094288825988770e-01
9.992961287498474121e-01
3.008281588554382324e-01
4.258085191249847412e-01
9.574857950210571289e-01
9.993053078651428223e-01
5.204243063926696777e-01
7.987207770347595215e-01
9.722897410392761230e-01
9.992610812187194824e-01
9.976241588592529297e-01
9.108073711395263672e-01
8.622561097145080566e-01
4.722536727786064148e-02
9.968233704566955566e-01
9.127842783927917480e-01
9.573329091072082520e-01
5.515605211257934570e-01
9.968494176864624023e-01
5.641195178031921387e-01
9.854111075401306152e-01
9.482271075248718262e-01
9.952042698860168457e-01
9.969130754470825195e-01
9.876555204391479492e-01
9.999938607215881348e-01
9.918299317359924316e-01
6.563096642494201660e-01
9.997931718826293945e-01
5.445279479026794434e-01
7.221255898475646973e-01
8.783467411994934082e-01
9.970836043357849121e-01
6.074822545051574707e-01
8.571974039077758789e-01
9.266067743301391602e-01
9.211468100547790527e-01
9.170274734497070312e-01
9.053846597671508789e-01
9.809333086013793945e-01
9.981778264045715332e-01
9.322960376739501953e-01
9.206331968307495117e-01
9.994903206825256348e-01
8.702940940856933594e-01
4.801942110061645508e-01
8.177628517150878906e-01
9.979135990142822266e-01
6.822236180305480957e-01
9.895139336585998535e-01
2.206138074398040771e-01
1.544598340988159180e-01
8.720888197422027588e-02
9.987307190895080566e-01
7.655836343765258789e-01
6.617425242438912392e-04
9.982288479804992676e-01
9.664775729179382324e-01
9.330418705940246582e-01
9.133882522583007812e-01
9.977828860282897949e-01
9.535689353942871094e-01
9.963238835334777832e-01
9.971129298210144043e-01
3.321171700954437256e-01
2.360284775495529175e-01
9.959439039230346680e-01
9.393121600151062012e-01
8.972171545028686523e-01
9.898387789726257324e-01
9.517022967338562012e-01
9.869595766067504883e-01
9.683923721313476562e-01
9.838914275169372559e-01
8.771584630012512207e-01
9.909657239913940430e-01
9.986287355422973633e-01
9.892234206199645996e-01
9.854167103767395020e-01
9.835880994796752930e-01
3.342007696628570557e-01
9.997571110725402832e-01
5.843131542205810547e-01
9.000535607337951660e-01
9.970483183860778809e-01
9.235255122184753418e-01
6.940885782241821289e-01
9.350003600120544434e-01
9.947877526283264160e-01
9.942544102668762207e-01
8.835254311561584473e-01
9.406785368919372559e-01
9.916874766349792480e-01
9.179551601409912109e-01
9.986829757690429688e-01
4.500593841075897217e-01
9.984181523323059082e-01
8.646761775016784668e-01
9.782143235206604004e-01
9.992029666900634766e-01
9.966937899589538574e-01
8.226335644721984863e-01
9.965385794639587402e-01
5.280561447143554688e-01
8.490299582481384277e-01
9.983341097831726074e-01
9.480844140052795410e-01
9.882888197898864746e-01
4.621772766113281250e-01
9.983056783676147461e-01
2.286177575588226318e-01
9.920461177825927734e-01
9.968392848968505859e-01
9.936684370040893555e-01
9.693369269371032715e-01
9.601047039031982422e-01
8.825385570526123047e-01
9.537394642829895020e-01
9.876106977462768555e-01
8.716304898262023926e-01
9.973720312118530273e-01
7.761541604995727539e-01
9.694482684135437012e-01
8.386635780334472656e-01
9.951403141021728516e-01
9.561237692832946777e-01
9.420853257179260254e-01
9.979820847511291504e-01
9.928293228149414062e-01
9.203562140464782715e-01
9.663158655166625977e-01
9.619657993316650391e-01
9.405996203422546387e-01
9.980360865592956543e-01
8.520864844322204590e-01
9.455133676528930664e-01
8.865118622779846191e-01
9.947080612182617188e-01
9.715030193328857422e-01
9.820036292076110840e-01
9.866339564323425293e-01
9.990462660789489746e-01
7.067043781280517578e-01
9.191219210624694824e-01
9.951875209808349609e-01
9.582175612449645996e-01
9.956517815589904785e-01
9.610170722007751465e-01
9.854973554611206055e-01
9.554804563522338867e-01
9.906047582626342773e-01
9.932019114494323730e-01
9.866077899932861328e-01
7.662670016288757324e-01
9.766860604286193848e-01
2.714031338691711426e-01
6.169159412384033203e-01
9.985947608947753906e-01
9.452333450317382812e-01
9.542974829673767090e-01
1.873131394386291504e-01
9.973574280738830566e-01
9.430881142616271973e-01
9.748762845993041992e-01
8.006277680397033691e-01
9.976575374603271484e-01
9.947110414505004883e-01
9.762967824935913086e-01
8.415694832801818848e-01
9.488220810890197754e-01
9.890587329864501953e-01
9.466845989227294922e-01
9.955741167068481445e-01
4.496086835861206055e-01
9.786010384559631348e-01
6.246166229248046875e-01
9.958862066268920898e-01
3.095193505287170410e-01
9.748266935348510742e-01
9.960466623306274414e-01
9.914091825485229492e-01
9.999983906745910645e-01
9.999986886978149414e-01
9.981976747512817383e-01
6.481723189353942871e-01
9.998772740364074707e-01
5.205644294619560242e-03
2.061241269111633301e-01
4.964682459831237793e-01
9.999919533729553223e-01
5.314849549904465675e-04
1.417617797851562500e-01
9.069593548774719238e-01
9.999705553054809570e-01
9.999772310256958008e-01
9.975131154060363770e-01
9.991971254348754883e-01
1.616252958774566650e-02
9.979191422462463379e-01
3.618837799876928329e-04
5.655870772898197174e-04
2.637316472828388214e-03
1.401492059230804443e-01
6.052689161151647568e-03
3.230394423007965088e-02
1.973312906920909882e-02
1.095484495162963867e-01
9.999927282333374023e-01
9.975410699844360352e-01
9.824714064598083496e-01
7.838625907897949219e-01
9.882427453994750977e-01
7.207829356193542480e-01
8.959007859230041504e-01
9.980399608612060547e-01
9.046602249145507812e-02
8.316910266876220703e-01
8.294022679328918457e-01
9.871440529823303223e-01
9.344183802604675293e-01
9.999918341636657715e-01
9.903309345245361328e-01
9.682696461677551270e-01
9.842882156372070312e-01
9.967131018638610840e-01
5.123764276504516602e-01
8.515454530715942383e-01
9.736845493316650391e-01
7.132371068000793457e-01
5.044108629226684570e-01
4.556803703308105469e-01
4.608519971370697021e-01
5.910190939903259277e-01
9.999992251396179199e-01
9.986824393272399902e-01
9.952064156532287598e-01
5.509098991751670837e-02
3.876588866114616394e-02
9.998748302459716797e-01
8.306558811455033720e-06
8.886590003967285156e-01
9.998127818107604980e-01
3.262337762862443924e-03
6.094503402709960938e-01
6.329400539398193359e-01
9.999442696571350098e-01
9.999935626983642578e-01
9.976844787597656250e-01
9.952316284179687500e-01
3.303799778223037720e-02
9.528411626815795898e-01
9.999977946281433105e-01
1.197935789823532104e-01
9.535037912428379059e-03
9.999634623527526855e-01
7.402896881103515625e-02
2.136372932000085711e-04
1.632257830351591110e-03
9.999766945838928223e-01
9.999949932098388672e-01
9.959086775779724121e-01
9.500966072082519531e-01
9.875807166099548340e-01
9.960349798202514648e-01
8.032825589179992676e-01
2.597148418426513672e-01
9.863967299461364746e-01
9.847428798675537109e-01
9.196872115135192871e-01
9.815842509269714355e-01
9.032539725303649902e-01
4.052354693412780762e-01
9.999939203262329102e-01
9.923200011253356934e-01
9.640054106712341309e-01
9.863536357879638672e-01
9.961856603622436523e-01
8.645578622817993164e-01
5.707573518157005310e-02
9.901064634323120117e-01
9.968261718750000000e-01
9.656412601470947266e-01
2.765916287899017334e-01
9.053040742874145508e-01
9.522480964660644531e-01
9.999982118606567383e-01
9.974578022956848145e-01
9.848664402961730957e-01
3.897176980972290039e-01
9.830696582794189453e-01
9.923304319381713867e-01
3.676401376724243164e-01
5.733304023742675781e-01
9.883224368095397949e-01
9.984545111656188965e-01
6.189108360558748245e-03
2.052462846040725708e-01
9.998243451118469238e-01
9.999966621398925781e-01
9.979050755500793457e-01
9.959915876388549805e-01
6.086989119648933411e-02
8.875868320465087891e-01
9.999157190322875977e-01
2.918826416134834290e-02
1.101591736078262329e-01
9.645419120788574219e-01
9.999192953109741211e-01
1.472878605127334595e-01
1.100205332040786743e-01
9.998756647109985352e-01
9.999856352806091309e-01
9.942384958267211914e-01
9.387778639793395996e-01
9.760922789573669434e-01
9.939381480216979980e-01
8.858541846275329590e-01
2.995142042636871338e-01
9.824771285057067871e-01
9.961973428726196289e-01
5.874730944633483887e-01
8.965052962303161621e-01
7.725646495819091797e-01
8.533230423927307129e-01
3.027866482734680176e-01
9.270093441009521484e-01
9.877523183822631836e-01
9.997841715812683105e-01
8.718170523643493652e-01
9.999532699584960938e-01
1.817945763468742371e-02
4.331915974617004395e-01
9.777722954750061035e-01
9.995176792144775391e-01
1.895867735147476196e-01
9.990994930267333984e-01
9.982426166534423828e-01
9.499881863594055176e-01
9.884032011032104492e-01
9.949196577072143555e-01
9.952467083930969238e-01
8.417392969131469727e-01
9.993051886558532715e-01
9.751163125038146973e-01
5.289320349693298340e-01
5.779957175254821777e-01
9.965522289276123047e-01
9.963064789772033691e-01
9.795664548873901367e-01
2.459288537502288818e-01
9.960628151893615723e-01
9.969258308410644531e-01
9.937691092491149902e-01
4.367910027503967285e-01
9.648013114929199219e-01
9.971786737442016602e-01
2.991989254951477051e-03
9.142319560050964355e-01
9.976621866226196289e-01
5.396276901592500508e-05
8.023899281397461891e-04
7.029070258140563965e-01
9.905627965927124023e-01
9.657767415046691895e-01
9.665316939353942871e-01
9.922180771827697754e-01
9.958508014678955078e-01
8.858391642570495605e-01
9.905029535293579102e-01
9.995194077491760254e-01
8.160579800605773926e-01
9.761661887168884277e-01
9.999326467514038086e-01
9.993665218353271484e-01
5.606567487120628357e-02
8.398330807685852051e-01
9.618666768074035645e-01
9.953932762145996094e-01
9.972031712532043457e-01
9.984065890312194824e-01
3.106261044740676880e-02
9.892450571060180664e-01
9.990808367729187012e-01
3.409572839736938477e-01
9.817399978637695312e-01
9.965443015098571777e-01
9.986054301261901855e-01
7.056255340576171875e-01
9.173042178153991699e-01
9.952659606933593750e-01
9.986811280250549316e-01
9.854670763015747070e-01
9.057891964912414551e-01
9.737532138824462891e-01
9.838070273399353027e-01
9.944721460342407227e-01
9.357596635818481445e-01
9.271794557571411133e-01
9.680233597755432129e-01
9.880593419075012207e-01
1.656505465507507324e-01
7.017187476158142090e-01
9.932597279548645020e-01
9.978057742118835449e-01
9.925643801689147949e-01
9.081166982650756836e-01
9.451643824577331543e-01
9.905841946601867676e-01
9.965792298316955566e-01
6.231068372726440430e-01
9.601189494132995605e-01
9.950040578842163086e-01
9.843202829360961914e-01
2.489145249128341675e-01
9.624797105789184570e-01
6.645296216011047363e-01
9.818962812423706055e-01
9.885177016258239746e-01
9.987771511077880859e-01
9.136238694190979004e-01
9.775524735450744629e-01
9.995342493057250977e-01
9.631894826889038086e-01
1.708473265171051025e-01
9.551282525062561035e-01
9.931585192680358887e-01
2.235561013221740723e-01
9.626197814941406250e-01
9.521995186805725098e-01
9.905800223350524902e-01
9.965586662292480469e-01
9.982410073280334473e-01
5.267555117607116699e-01
9.915212392807006836e-01
9.983758926391601562e-01
9.725892543792724609e-01
4.364990070462226868e-02
9.076845645904541016e-01
9.978041052818298340e-01
9.873763322830200195e-01
9.173610806465148926e-01
9.926575422286987305e-01
9.978000521659851074e-01
9.915162920951843262e-01
9.732040166854858398e-01
9.730664491653442383e-01
9.895998835563659668e-01
9.973903298377990723e-01
9.732428789138793945e-01
9.398516416549682617e-01
9.902657866477966309e-01
9.900971651077270508e-01
9.981811642646789551e-01
5.136723518371582031e-01
9.694592356681823730e-01
9.876987338066101074e-01
9.939897060394287109e-01
9.925107955932617188e-01
2.311282157897949219e-01
9.781350493431091309e-01
4.729164242744445801e-01
5.093297362327575684e-01
9.150679409503936768e-02
9.904291033744812012e-01
1.110957935452461243e-01
3.390400409698486328e-01
7.738267779350280762e-01
9.927308559417724609e-01
9.930083751678466797e-01
9.982658028602600098e-01
9.922824501991271973e-01
8.130961656570434570e-02
9.946171045303344727e-01
1.403414309024810791e-01
4.743874073028564453e-02
2.200991809368133545e-01
2.568061277270317078e-02
2.179969847202301025e-01
1.035894528031349182e-01
1.077782139182090759e-01
9.787027835845947266e-01
9.792087078094482422e-01
9.956056475639343262e-01
9.819075465202331543e-01
8.001432418823242188e-01
9.928771853446960449e-01
9.893438816070556641e-01
8.388083660975098610e-04
1.319508533924818039e-03
9.992877244949340820e-01
9.973017573356628418e-01
9.916698932647705078e-01
3.551697731018066406e-02
9.824634194374084473e-01
9.888800382614135742e-01
9.963533282279968262e-01
9.936225414276123047e-01
4.384938478469848633e-01
9.731393456459045410e-01
9.912486672401428223e-01
6.298678517341613770e-01
2.588028088212013245e-02
9.971297383308410645e-01
5.478581786155700684e-01
6.330152153968811035e-01
5.629269778728485107e-02
9.989754557609558105e-01
9.991230368614196777e-01
9.996415972709655762e-01
1.996963024139404297e-01
1.622951775789260864e-02
5.125415325164794922e-01
3.556185960769653320e-02
9.067007340490818024e-03
3.764124214649200439e-01
2.300090938806533813e-01
1.519786566495895386e-02
1.146219950169324875e-02
6.916109472513198853e-02
9.644170999526977539e-01
9.765589833259582520e-01
9.917789101600646973e-01
9.928928017616271973e-01
5.593671202659606934e-01
9.565261602401733398e-01
9.961259365081787109e-01
9.961619377136230469e-01
9.679117798805236816e-01
2.434348165988922119e-01
1.070942953228950500e-01
1.286527961492538452e-01
4.172782897949218750e-01
5.418577194213867188e-01
9.076815247535705566e-01
9.816872477531433105e-01
9.992139339447021484e-01
9.626939296722412109e-01
5.874697566032409668e-01
9.984972476959228516e-01
6.291335225105285645e-01
8.030299544334411621e-01
9.329600334167480469e-01
9.952256083488464355e-01
4.087225347757339478e-02
2.267214953899383545e-01
4.908953905105590820e-01
8.710494637489318848e-01
9.854205250740051270e-01
9.995632171630859375e-01
1.669888943433761597e-01
7.702595591545104980e-01
9.992764592170715332e-01
1.755283027887344360e-01
2.839315123856067657e-02
8.766387701034545898e-01
9.997454285621643066e-01
9.750329852104187012e-01
4.949350655078887939e-01
9.261026382446289062e-01
9.727121591567993164e-01
9.931889772415161133e-01
9.974284768104553223e-01
9.450657367706298828e-01
9.643906354904174805e-01
9.966044425964355469e-01
7.775006294250488281e-01
7.142901420593261719e-01
8.337058424949645996e-01
9.977458119392395020e-01
9.953131079673767090e-01
9.779658317565917969e-01
9.889330267906188965e-01
9.931095838546752930e-01
9.804714918136596680e-01
9.843635559082031250e-01
3.176681101322174072e-01
9.923569560050964355e-01
7.134285569190979004e-01
9.982036352157592773e-01
5.192744135856628418e-01
6.489266157150268555e-01
9.390301108360290527e-01
9.929645657539367676e-01
9.915739297866821289e-01
6.820825338363647461e-01
9.616092443466186523e-01
9.862826466560363770e-01
9.977708458900451660e-01
8.011633157730102539e-01
9.674617648124694824e-01
9.980161786079406738e-01
4.963866900652647018e-03
1.180926188826560974e-01
9.995464682579040527e-01
9.979330301284790039e-01
5.942515730857849121e-01
9.819625616073608398e-01
7.225047349929809570e-01
9.818842411041259766e-01
9.856011867523193359e-01
9.987038373947143555e-01
9.320302009582519531e-01
9.601272940635681152e-01
9.977039694786071777e-01
7.366619110107421875e-01
4.051970317959785461e-04
9.964059591293334961e-01
9.832500219345092773e-01
9.451296329498291016e-01
6.451061926782131195e-03
7.775551080703735352e-01
9.532486200332641602e-01
9.472754597663879395e-01
9.960216879844665527e-01
7.902188301086425781e-01
9.617537856101989746e-01
9.919289946556091309e-01
9.134575128555297852e-01
9.732434153556823730e-01
9.858146905899047852e-01
9.967089295387268066e-01
9.993903040885925293e-01
9.978036880493164062e-01
9.327343702316284180e-01
9.768187999725341797e-01
9.835984706878662109e-01
9.886440634727478027e-01
9.437966346740722656e-01
6.791272759437561035e-01
9.726401567459106445e-01
9.986685514450073242e-01
9.995368719100952148e-01
8.903688192367553711e-01
8.297930955886840820e-01
9.460479021072387695e-01
9.978234767913818359e-01
5.345112681388854980e-01
9.613137245178222656e-01
9.839947223663330078e-01
9.982563853263854980e-01
7.158015370368957520e-01
9.543794989585876465e-01
9.957382678985595703e-01
9.508317708969116211e-01
9.919750690460205078e-01
6.629887819290161133e-01
9.964674115180969238e-01
2.290250957012176514e-01
7.583363056182861328e-01
4.718479141592979431e-02
5.743022561073303223e-01
9.667625427246093750e-01
9.997157454490661621e-01
4.184214398264884949e-02
2.275217920541763306e-01
9.994043111801147461e-01
1.649297773838043213e-01
8.972978591918945312e-01
9.104339480400085449e-01
9.994651675224304199e-01
9.784368872642517090e-01
8.913934230804443359e-01
6.875160932540893555e-01
9.610513448715209961e-01
9.579758048057556152e-01
9.965583086013793945e-01
7.166153788566589355e-01
9.767794609069824219e-01
9.971453547477722168e-01
9.074609279632568359e-01
9.961367845535278320e-01
1.242618039250373840e-01
9.925401210784912109e-01
9.996076226234436035e-01
9.940070509910583496e-01
9.951248168945312500e-01
9.936976432800292969e-01
9.948033690452575684e-01
9.532616138458251953e-01
4.820092767477035522e-02
3.545537590980529785e-02
9.998981356620788574e-01
2.972901165485382080e-01
9.998579621315002441e-01
8.121270686388015747e-03
6.599565744400024414e-01
5.522494912147521973e-01
9.997628927230834961e-01
9.911990761756896973e-01
9.876657724380493164e-01
9.966530203819274902e-01
9.811520576477050781e-01
8.176493644714355469e-02
7.368714362382888794e-02
9.999933242797851562e-01
3.940580040216445923e-02
9.999526739120483398e-01
7.556580007076263428e-02
5.262022018432617188e-01
1.242870651185512543e-02
9.999188184738159180e-01
9.971830248832702637e-01
9.941035509109497070e-01
9.090234637260437012e-01
8.845326900482177734e-01
8.814991712570190430e-01
9.966762661933898926e-01
4.602286517620086670e-01
9.888368844985961914e-01
9.857618212699890137e-01
9.096430540084838867e-01
9.919248819351196289e-01
9.636437296867370605e-01
4.013882577419281006e-01
9.892479777336120605e-01
9.761248826980590820e-01
7.288451790809631348e-01
9.700911641120910645e-01
9.849022030830383301e-01
9.924749732017517090e-01
2.885892987251281738e-01
9.937132596969604492e-01
9.803456664085388184e-01
9.458044767379760742e-01
1.263525336980819702e-01
9.894284009933471680e-01
9.956017732620239258e-01
9.876305460929870605e-01
9.876155853271484375e-01
9.937737584114074707e-01
9.884675741195678711e-01
3.722385764122009277e-01
4.205901920795440674e-01
9.992585778236389160e-01
1.414506733417510986e-01
9.885210990905761719e-01
9.883546829223632812e-01
9.430544078350067139e-02
4.541917443275451660e-01
9.904287457466125488e-01
9.968631267547607422e-01
9.911311268806457520e-01
8.280062079429626465e-01
9.008175730705261230e-01
9.407442808151245117e-01
9.948951601982116699e-01
5.108677148818969727e-01
9.912992715835571289e-01
9.927369952201843262e-01
7.504349946975708008e-01
8.501209616661071777e-01
9.081082940101623535e-01
9.431111812591552734e-01
9.638171195983886719e-01
9.842066168785095215e-01
9.961100816726684570e-01
9.958294034004211426e-01
9.295877814292907715e-01
7.537084817886352539e-01
9.998943805694580078e-01
9.895556569099426270e-01
9.998317360877990723e-01
9.991806149482727051e-01
9.858418107032775879e-01
4.896035790443420410e-02
9.997199177742004395e-01
9.946870803833007812e-01
9.960484504699707031e-01
9.961562156677246094e-01
8.354004621505737305e-01
9.355705976486206055e-02
6.287005543708801270e-01
9.998683333396911621e-01
8.105472922325134277e-01
9.167334437370300293e-01
9.949244856834411621e-01
9.790374636650085449e-01
9.848946332931518555e-01
8.747707605361938477e-01
9.877679347991943359e-01
9.863721132278442383e-01
9.904589056968688965e-01
7.380554080009460449e-01
9.357067346572875977e-01
9.597306251525878906e-01
9.994713664054870605e-01
9.293515086174011230e-01
1.728637665510177612e-01
9.998295903205871582e-01
3.411669135093688965e-01
4.090454578399658203e-01
9.998446702957153320e-01
3.363431990146636963e-01
9.112365841865539551e-01
9.225350618362426758e-01
9.984507560729980469e-01
3.198843002319335938e-01
9.821674227714538574e-01
9.957465529441833496e-01
9.989608526229858398e-01
3.661924302577972412e-01
9.991149306297302246e-01
9.999377727508544922e-01
1.350922435522079468e-01
9.997535943984985352e-01
9.585856199264526367e-01
9.798842072486877441e-01
9.948148727416992188e-01
9.959658980369567871e-01
9.543898701667785645e-01
7.783938646316528320e-01
9.998091459274291992e-01
9.984911680221557617e-01
2.660581283271312714e-02
9.994573593139648438e-01
9.997175335884094238e-01
9.990153312683105469e-01
9.771594405174255371e-01
9.853550791740417480e-01
9.890961647033691406e-01
9.874731898307800293e-01
9.538642764091491699e-01
6.196472644805908203e-01
9.882662892341613770e-01
9.958553314208984375e-01
9.963052272796630859e-01
9.843232631683349609e-01
9.875585436820983887e-01
9.989134669303894043e-01
9.960814118385314941e-01
9.443176984786987305e-01
9.482162594795227051e-01
9.697322845458984375e-01
9.897710680961608887e-01
9.972273707389831543e-01
9.398058056831359863e-01
9.842150807380676270e-01
9.999642968177795410e-01
9.959710836410522461e-01
4.896933734416961670e-01
9.945119023323059082e-01
9.653890728950500488e-01
7.066531777381896973e-01
1.244097296148538589e-02
9.367928504943847656e-01
9.652183055877685547e-01
9.896796941757202148e-01
9.955236315727233887e-01
9.502506852149963379e-01
9.834193587303161621e-01
9.997552037239074707e-01
9.964070916175842285e-01
9.712656140327453613e-01
9.998165965080261230e-01
5.344470739364624023e-01
1.897597126662731171e-02
9.990988969802856445e-01
5.840432047843933105e-01
9.412987828254699707e-01
9.894837737083435059e-01
9.990605711936950684e-01
9.421107769012451172e-01
9.618180990219116211e-01
9.997951388359069824e-01
9.987872838973999023e-01
9.690419435501098633e-01
8.078298568725585938e-01
9.975256919860839844e-01
4.401111509650945663e-03
1.464795917272567749e-01
3.442396521568298340e-01
7.721697688102722168e-01
9.918462634086608887e-01
9.993860125541687012e-01
4.284079074859619141e-01
9.213055372238159180e-01
9.981747269630432129e-01
9.994203448295593262e-01
6.150239109992980957e-01
9.926376938819885254e-01
9.995008111000061035e-01
9.983757138252258301e-01
3.201977610588073730e-01
9.427320361137390137e-01
9.702962636947631836e-01
9.903132915496826172e-01
9.979839920997619629e-01
9.534924030303955078e-01
9.862313270568847656e-01
9.998623728752136230e-01
9.981701374053955078e-01
2.650443613529205322e-01
9.998911023139953613e-01
9.985930919647216797e-01
9.995089769363403320e-01
9.954000115394592285e-01
9.827085733413696289e-01
9.889453649520874023e-01
9.634565114974975586e-01
9.268742203712463379e-01
9.747042059898376465e-01
9.957342743873596191e-01
5.652367472648620605e-01
8.991585373878479004e-01
9.838794469833374023e-01
9.963918924331665039e-01
9.819843173027038574e-01
9.976907372474670410e-01
9.838874936103820801e-01
9.657793045043945312e-01
9.797310829162597656e-01
9.824334979057312012e-01
9.944481253623962402e-01
9.581015110015869141e-01
9.892880916595458984e-01
9.559034109115600586e-01
9.807762503623962402e-01
9.704337120056152344e-01
9.793060421943664551e-01
9.802083969116210938e-01
9.625995755195617676e-01
3.932602405548095703e-01
9.472353458404541016e-01
9.715743660926818848e-01
9.047617912292480469e-01
9.941174387931823730e-01
9.092870950698852539e-01
9.876856207847595215e-01
2.422907799482345581e-01
9.895117282867431641e-01
9.194337129592895508e-01
9.924398064613342285e-01
9.902653098106384277e-01
9.986302256584167480e-01
9.888306260108947754e-01
9.957373738288879395e-01
9.942309856414794922e-01
9.969734549522399902e-01
1.791881322860717773e-01
6.542962789535522461e-02
8.227745294570922852e-01
9.999326467514038086e-01
3.185955062508583069e-02
3.924801200628280640e-02
4.454562067985534668e-01
9.998458623886108398e-01
1.460338979959487915e-01
9.969887137413024902e-01
9.260675311088562012e-01
9.657992124557495117e-01
9.876995682716369629e-01
9.939619302749633789e-01
8.899816870689392090e-01
9.830411672592163086e-01
9.989570379257202148e-01
9.929094314575195312e-01
9.958237409591674805e-01
9.843595027923583984e-01
9.741177558898925781e-01
2.093293517827987671e-01
9.773119091987609863e-01
9.796194434165954590e-01
9.853079915046691895e-01
9.391463994979858398e-01
9.619867801666259766e-01
9.835757017135620117e-01
9.963339567184448242e-01
6.685668230056762695e-01
9.375126361846923828e-01
9.949423074722290039e-01
9.964618086814880371e-01
9.128603339195251465e-01
9.815363883972167969e-01
9.927211999893188477e-01
9.772471785545349121e-01
9.869292378425598145e-01
9.947330355644226074e-01
9.941092729568481445e-01
9.313231110572814941e-01
5.022028088569641113e-01
9.992841482162475586e-01
9.808827042579650879e-01
3.057804107666015625e-01
3.561055958271026611e-01
9.946454763412475586e-01
9.393272399902343750e-01
8.528113961219787598e-01
9.890900850296020508e-01
9.945654869079589844e-01
9.933769702911376953e-01
9.554980397224426270e-01
4.248842298984527588e-01
9.807559847831726074e-01
9.993611574172973633e-01
4.396362602710723877e-01
9.469197392463684082e-01
9.773639440536499023e-01
9.636797308921813965e-01
7.029677033424377441e-01
6.266350746154785156e-01
9.732828140258789062e-01
9.817678332328796387e-01
9.942177534103393555e-01
9.953132271766662598e-01
9.483658075332641602e-01
9.705330133438110352e-01
9.998087286949157715e-01
9.916251301765441895e-01
9.603142142295837402e-01
9.849504828453063965e-01
9.967986345291137695e-01
9.918005466461181641e-01
6.180514693260192871e-01
