9.942834377288818359e-01
9.571484923362731934e-01
9.258821010589599609e-01
9.651135802268981934e-01
9.863088726997375488e-01
8.854383230209350586e-01
9.626241922378540039e-01
9.849877357482910156e-01
9.920140504837036133e-01
9.809809327125549316e-01
9.702522158622741699e-01
9.825495481491088867e-01
9.979555606842041016e-01
9.557064771652221680e-01
7.834677696228027344e-01
7.347364425659179688e-01
9.565322399139404297e-01
9.999943971633911133e-01
8.902711868286132812e-01
9.461295604705810547e-01
8.903766870498657227e-01
9.997599124908447266e-01
9.617193937301635742e-01
9.900310039520263672e-01
8.506556749343872070e-01
9.841756224632263184e-01
9.815849065780639648e-01
9.409666657447814941e-01
8.561513423919677734e-01
8.631175756454467773e-01
9.791859984397888184e-01
9.815508127212524414e-01
8.613448739051818848e-01
9.429799318313598633e-01
9.925699234008789062e-01
9.792478084564208984e-01
9.734461307525634766e-01
9.312283396720886230e-01
8.557605147361755371e-01
9.802908301353454590e-01
9.998603463172912598e-01
9.999268651008605957e-01
9.941456913948059082e-01
9.815209507942199707e-01
8.444256186485290527e-01
9.674919843673706055e-01
9.861018061637878418e-01
8.429753184318542480e-01
9.004045128822326660e-01
9.877283573150634766e-01
9.913640022277832031e-01
9.373359680175781250e-01
8.343074917793273926e-01
9.897035360336303711e-01
9.992911219596862793e-01
9.979569911956787109e-01
9.860854148864746094e-01
9.999833703041076660e-01
9.940233826637268066e-01
9.680053591728210449e-01
9.561514854431152344e-01
9.754061102867126465e-01
9.941690564155578613e-01
3.634032979607582092e-02
9.313128590583801270e-01
9.807159900665283203e-01
9.828058481216430664e-01
6.558662652969360352e-01
9.581061005592346191e-01
8.332315087318420410e-01
8.669877052307128906e-01
9.988797307014465332e-01
9.981029629707336426e-01
9.790660738945007324e-01
9.936705827713012695e-01
8.355248570442199707e-01
9.980253577232360840e-01
9.968929886817932129e-01
8.020236492156982422e-01
9.644987583160400391e-01
9.759857058525085449e-01
9.989628195762634277e-01
9.719215631484985352e-01
9.069640636444091797e-01
9.750251173973083496e-01
9.975924491882324219e-01
9.921551942825317383e-01
9.901028871536254883e-01
9.932774901390075684e-01
8.089415431022644043e-01
9.948598742485046387e-01
9.950815439224243164e-01
8.141865730285644531e-01
8.368757963180541992e-01
9.955846071243286133e-01
9.992753267288208008e-01
9.999991655349731445e-01
9.999648928642272949e-01
9.974730610847473145e-01
9.776883125305175781e-01
8.689454197883605957e-01
8.582890629768371582e-01
9.898590445518493652e-01
9.184917807579040527e-01
7.918662428855895996e-01
9.915536642074584961e-01
9.593963623046875000e-01
8.802040815353393555e-01
9.226964712142944336e-01
9.957019686698913574e-01
9.999626278877258301e-01
9.995138049125671387e-01
9.991421699523925781e-01
9.977427721023559570e-01
9.921053051948547363e-01
9.789645671844482422e-01
8.417949676513671875e-01
9.314623475074768066e-01
9.536156058311462402e-01
9.893488883972167969e-01
9.374135732650756836e-01
9.685196876525878906e-01
9.746942520141601562e-01
6.663507223129272461e-01
8.704471588134765625e-01
8.248828649520874023e-01
8.471542596817016602e-01
9.980219006538391113e-01
9.944049715995788574e-01
9.806772470474243164e-01
9.746098518371582031e-01
9.150262475013732910e-01
8.700575232505798340e-01
9.962401390075683594e-01
9.987444877624511719e-01
9.114221334457397461e-01
9.949215650558471680e-01
9.993344545364379883e-01
9.951277971267700195e-01
9.608708620071411133e-01
9.304677844047546387e-01
9.960599541664123535e-01
9.924884438514709473e-01
9.823513031005859375e-01
9.845367670059204102e-01
9.862809777259826660e-01
8.824434876441955566e-01
9.952774047851562500e-01
9.979594945907592773e-01
9.962101578712463379e-01
9.990335702896118164e-01
9.995951652526855469e-01
9.999994635581970215e-01
9.999926090240478516e-01
9.982903599739074707e-01
9.947099089622497559e-01
9.504429697990417480e-01
9.902094006538391113e-01
9.690136909484863281e-01
9.933319091796875000e-01
9.879812002182006836e-01
9.742021560668945312e-01
9.857398271560668945e-01
9.948111176490783691e-01
9.776821732521057129e-01
9.859108328819274902e-01
9.997202157974243164e-01
9.992845654487609863e-01
9.997441768646240234e-01
9.972413182258605957e-01
9.891979694366455078e-01
9.675452113151550293e-01
8.443859815597534180e-01
9.564505815505981445e-01
9.394044876098632812e-01
9.892390370368957520e-01
8.673319220542907715e-01
9.412652254104614258e-01
9.351817369461059570e-01
9.613459110260009766e-01
8.768131136894226074e-01
8.647854328155517578e-01
8.723433613777160645e-01
9.971946477890014648e-01
9.915748238563537598e-01
9.731916785240173340e-01
8.520637750625610352e-01
9.618151187896728516e-01
9.317297935485839844e-01
9.917455911636352539e-01
9.575513601303100586e-01
9.677829146385192871e-01
9.494904279708862305e-01
9.651339054107666016e-01
9.011029005050659180e-01
8.817614912986755371e-01
9.891186356544494629e-01
9.966932535171508789e-01
9.705385565757751465e-01
9.539355039596557617e-01
9.185855984687805176e-01
9.817932844161987305e-01
9.753792881965637207e-01
9.927570223808288574e-01
9.648923277854919434e-01
9.939056634902954102e-01
9.785150289535522461e-01
9.896094202995300293e-01
9.029117822647094727e-01
9.643194079399108887e-01
9.917720556259155273e-01
9.944597482681274414e-01
9.048195481300354004e-01
8.970429897308349609e-01
9.739176630973815918e-01
9.893965125083923340e-01
9.811676740646362305e-01
9.931801557540893555e-01
9.743584990501403809e-01
9.901403188705444336e-01
9.878250360488891602e-01
9.745630025863647461e-01
9.059487581253051758e-01
9.497677683830261230e-01
9.957560896873474121e-01
