2.084281295537948608e-03
2.503565251827239990e-01
2.192128598690032959e-01
2.521339245140552521e-02
1.217455416917800903e-02
4.368426799774169922e-01
6.398519035428762436e-03
3.291888236999511719e-01
2.634704411029815674e-01
5.933379530906677246e-01
2.166818678379058838e-01
3.658824563026428223e-01
2.988853454589843750e-01
2.129060914739966393e-03
4.284450709819793701e-01
1.952496916055679321e-02
3.288694843649864197e-02
4.076052457094192505e-02
2.027050107717514038e-01
4.369881153106689453e-01
6.997261196374893188e-02
5.036629363894462585e-02
4.862076938152313232e-01
2.048006951808929443e-01
9.604115039110183716e-02
1.841473132371902466e-01
1.861750381067395210e-03
1.279434305615723133e-03
9.966851472854614258e-01
1.219182275235652924e-02
9.665951132774353027e-03
4.186410307884216309e-01
2.602262496948242188e-01
1.298063807189464569e-02
2.733043394982814789e-02
4.020491838455200195e-01
2.027156352996826172e-01
1.996137052774429321e-01
9.366557747125625610e-02
6.698485463857650757e-03
1.771532557904720306e-02
6.114197373390197754e-01
2.372276410460472107e-02
1.554679870605468750e-02
5.978026986122131348e-01
9.459622204303741455e-02
3.538413345813751221e-02
8.895045518875122070e-02
9.312506765127182007e-03
3.324319720268249512e-01
2.947236597537994385e-01
2.781208753585815430e-01
3.359612775966525078e-03
5.500550614669919014e-04
6.114756464958190918e-01
2.256153821945190430e-01
3.319883346557617188e-02
3.996096849441528320e-01
3.538472056388854980e-01
5.040670186281204224e-02
1.591034382581710815e-01
2.029518634080886841e-01
4.067863225936889648e-01
2.405606210231781006e-01
3.335829377174377441e-01
2.598432358354330063e-03
9.045751765370368958e-03
7.017757892608642578e-01
2.507542967796325684e-01
6.999098509550094604e-02
1.756753027439117432e-02
2.422665804624557495e-02
2.228456083685159683e-03
4.326371103525161743e-02
4.613865632563829422e-03
2.304778061807155609e-02
2.203274369239807129e-01
3.194591701030731201e-01
1.962200971320271492e-03
3.692617872729897499e-03
9.985387325286865234e-01
3.956032395362854004e-01
3.663603216409683228e-02
2.469520270824432373e-02
5.207778811454772949e-01
1.444641500711441040e-01
2.100643813610076904e-01
2.007416784763336182e-01
2.448387211188673973e-03
9.408163279294967651e-02
1.035195142030715942e-01
1.273947069421410561e-03
2.140795346349477768e-03
4.188079833984375000e-01
2.188042551279067993e-01
1.770184189081192017e-02
1.746745966374874115e-02
4.036508798599243164e-01
2.332876920700073242e-01
6.137770414352416992e-02
1.594252884387969971e-03
1.592841148376464844e-01
8.213076740503311157e-02
1.218045055866241455e-01
3.411859739571809769e-03
1.825875951908528805e-03
4.246433675289154053e-01
2.387111634016036987e-01
1.597646772861480713e-01
6.095730932429432869e-04
9.218231774866580963e-03
2.313699871301651001e-01
5.737467408180236816e-01
3.751690033823251724e-03
2.066213041543960571e-01
7.551921159029006958e-02
3.685406595468521118e-02
1.028581638820469379e-03
1.699309330433607101e-03
7.386497855186462402e-01
4.658313468098640442e-02
7.062260061502456665e-02
2.065714597702026367e-01
7.931045293807983398e-01
4.124776721000671387e-01
2.208344787359237671e-01
2.292968034744262695e-01
2.202028036117553711e-01
2.251373976469039917e-01
3.116509020328521729e-01
1.776900724507868290e-03
1.984343864023685455e-03
6.184791326522827148e-01
5.854668468236923218e-02
6.429000943899154663e-02
6.473964545875787735e-03
4.027081429958343506e-01
3.206931427121162415e-02
1.842336207628250122e-01
1.037511005997657776e-01
5.648365709930658340e-03
1.186552271246910095e-01
2.194542586803436279e-01
1.289188046939671040e-03
2.791679929941892624e-03
6.104157567024230957e-01
1.918032467365264893e-01
2.691146135330200195e-01
2.543974667787551880e-02
8.324258029460906982e-03
3.257243931293487549e-01
9.955646470189094543e-03
5.166571959853172302e-02
2.995714247226715088e-01
7.839465737342834473e-01
6.283242255449295044e-02
4.599345382302999496e-03
2.520172391086816788e-03
6.154286861419677734e-01
2.702091448009014130e-02
1.773069798946380615e-02
1.270833984017372131e-02
2.007333934307098389e-01
5.858756601810455322e-02
3.672668933868408203e-01
2.376070618629455566e-01
2.053578943014144897e-01
1.943252682685852051e-01
1.336971968412399292e-01
5.955381989479064941e-01
5.836234688758850098e-01
4.291858971118927002e-01
4.401524662971496582e-01
4.222989082336425781e-02
1.962609887123107910e-01
2.422762364149093628e-01
2.883700430393218994e-01
3.802396655082702637e-01
4.962479695677757263e-02
2.359126955270767212e-01
4.702095091342926025e-01
3.156548142433166504e-01
6.053855419158935547e-01
1.258593983948230743e-03
4.653361439704895020e-02
2.358692288398742676e-01
2.511784248054027557e-02
2.438215538859367371e-02
2.531493455171585083e-02
1.466716919094324112e-02
2.243961021304130554e-02
3.385649994015693665e-03
2.716856263577938080e-02
3.026680275797843933e-02
4.461780562996864319e-02
4.084471762180328369e-01
1.746529713273048401e-02
7.138637900352478027e-01
1.536888349801301956e-02
1.965006114915013313e-03
4.014570116996765137e-01
3.863945975899696350e-02
2.011945098638534546e-02
1.253239661455154419e-01
1.973127275705337524e-01
1.981102228164672852e-01
1.406107693910598755e-01
2.523103654384613037e-01
4.874094724655151367e-01
7.198375649750232697e-03
4.038559198379516602e-01
2.485911697149276733e-01
1.597157120704650879e-02
2.003633826971054077e-01
2.273011505603790283e-01
3.110823035240173340e-02
7.864144630730152130e-03
9.160315990447998047e-02
3.246499598026275635e-01
2.106612920761108398e-01
2.276625782251358032e-01
4.409657120704650879e-01
2.738710260018706322e-03
7.067808508872985840e-01
1.468665152788162231e-01
2.024150937795639038e-01
2.324265241622924805e-02
4.024893045425415039e-01
1.414437592029571533e-01
4.839666932821273804e-02
1.085526216775178909e-02
1.646608300507068634e-02
2.065672576427459717e-01
2.771705575287342072e-02
2.096080332994461060e-01
2.001996152102947235e-03
7.938961386680603027e-01
2.343663275241851807e-01
8.333735167980194092e-02
1.762575283646583557e-02
5.507906675338745117e-01
2.916936874389648438e-01
2.147721648216247559e-01
4.164450466632843018e-01
1.937588602304458618e-01
2.659149467945098877e-01
1.414591968059539795e-01
4.129785895347595215e-01
2.672400325536727905e-03
2.124070227146148682e-01
2.169363498687744141e-01
1.634209752082824707e-01
9.630081802606582642e-02
1.991966962814331055e-01
9.110905975103378296e-02
1.619708836078643799e-01
3.500706553459167480e-01
1.746429651975631714e-01
3.152816593647003174e-01
1.894113719463348389e-01
5.774478912353515625e-01
9.151936392299830914e-04
5.672246217727661133e-01
2.766714692115783691e-01
5.873970314860343933e-02
2.733802422881126404e-02
2.090240865945816040e-01
7.573062181472778320e-01
1.023439466953277588e-01
1.954228430986404419e-01
5.589098930358886719e-01
1.155675277113914490e-01
7.971645146608352661e-02
5.940919518470764160e-01
2.601878484711050987e-03
6.039741635322570801e-01
4.256226420402526855e-01
2.356025576591491699e-02
3.912856280803680420e-01
4.278184771537780762e-01
3.576254546642303467e-01
2.103818058967590332e-01
1.276796013116836548e-01
2.129494547843933105e-01
4.115906059741973877e-01
4.079246222972869873e-01
5.913768410682678223e-01
1.164832734502851963e-03
6.031330823898315430e-01
4.224441945552825928e-01
1.151386462152004242e-02
3.876161575317382812e-02
6.652900576591491699e-01
1.436371542513370514e-02
1.040359437465667725e-01
1.912153512239456177e-01
5.298671722412109375e-01
2.063905745744705200e-01
2.021736055612564087e-01
6.044313311576843262e-01
1.131274038925766945e-03
4.193654954433441162e-01
4.013723134994506836e-01
6.021997705101966858e-02
1.972709596157073975e-02
2.074352651834487915e-01
4.114792644977569580e-01
3.461933135986328125e-01
5.480063334107398987e-02
1.708844304084777832e-01
6.319041252136230469e-01
1.952517591416835785e-02
2.049363851547241211e-01
2.122284146025776863e-03
4.021046459674835205e-01
2.173376679420471191e-01
2.305177897214889526e-01
1.952966861426830292e-02
8.151201531291007996e-03
2.155734896659851074e-01
1.225068271160125732e-01
6.553809344768524170e-02
4.960116744041442871e-01
3.983394503593444824e-01
2.937314510345458984e-01
7.108737230300903320e-01
3.240959644317626953e-01
4.015038013458251953e-01
1.300076954066753387e-02
2.067637071013450623e-02
1.415270729921758175e-03
4.016962647438049316e-01
5.381071567535400391e-01
2.415229231119155884e-01
1.646066755056381226e-01
4.437129944562911987e-02
2.875067591667175293e-01
3.862784504890441895e-01
4.138819575309753418e-01
9.815343022346496582e-01
7.927384972572326660e-01
2.085825949907302856e-01
1.518991738557815552e-01
3.997600078582763672e-01
1.695330440998077393e-01
3.928285539150238037e-01
1.098012924194335938e-01
3.771129846572875977e-01
2.399246990680694580e-01
3.239874839782714844e-01
3.386424481868743896e-01
7.425453662872314453e-01
3.913283944129943848e-01
7.916899323463439941e-01
9.347381442785263062e-02
7.327449973672628403e-03
3.903312087059020996e-01
1.135547384619712830e-01
2.014854103326797485e-01
9.460840374231338501e-02
1.969031840562820435e-01
1.114513128995895386e-01
3.300270140171051025e-01
5.364554747939109802e-02
5.919328927993774414e-01
5.636942386627197266e-01
4.088670015335083008e-01
9.938335418701171875e-02
7.962769865989685059e-01
5.917440652847290039e-01
2.879766821861267090e-01
8.654645830392837524e-02
4.603945314884185791e-01
3.475531339645385742e-01
3.133471906185150146e-01
5.776903629302978516e-01
4.853634238243103027e-01
4.044132828712463379e-01
3.910301327705383301e-01
6.693035364151000977e-01
5.139380693435668945e-01
5.249063968658447266e-01
5.218951106071472168e-01
2.827233262360095978e-02
7.696522474288940430e-01
4.992526471614837646e-01
2.297624945640563965e-01
2.881261892616748810e-02
3.254638910293579102e-01
7.015530765056610107e-02
4.060589075088500977e-01
3.451513051986694336e-01
5.956069827079772949e-01
3.221099451184272766e-02
3.763596415519714355e-01
3.002122417092323303e-02
3.938594460487365723e-01
3.440564125776290894e-02
4.784596562385559082e-01
5.927337408065795898e-01
3.376454710960388184e-01
5.330839157104492188e-01
3.224854767322540283e-01
5.849957466125488281e-01
5.376718640327453613e-01
4.181555509567260742e-01
6.977423280477523804e-02
3.241586387157440186e-01
8.107170462608337402e-03
3.838712871074676514e-01
4.309781193733215332e-01
3.002171404659748077e-02
3.677219450473785400e-01
1.500819176435470581e-01
2.318351417779922485e-01
3.051698505878448486e-01
4.343723058700561523e-01
7.773082256317138672e-01
7.887125015258789062e-01
2.624477818608283997e-02
6.976451873779296875e-01
9.946141391992568970e-02
9.787183403968811035e-01
1.210270896553993225e-01
5.631980895996093750e-01
7.022045552730560303e-02
1.679129153490066528e-01
4.081515073776245117e-01
2.029228955507278442e-01
5.996050834655761719e-01
5.783953666687011719e-01
6.160055398941040039e-01
7.921528816223144531e-02
5.995616912841796875e-01
2.210937589406967163e-01
6.024147272109985352e-01
5.839881300926208496e-01
9.788480997085571289e-01
5.146450996398925781e-01
2.181503474712371826e-01
1.513954401016235352e-01
4.638463258743286133e-01
9.345296621322631836e-01
4.913962781429290771e-01
4.052830934524536133e-01
2.823200821876525879e-02
6.040299534797668457e-01
1.227138191461563110e-01
5.056762602180242538e-03
3.017582371830940247e-02
5.141651630401611328e-01
3.956818878650665283e-01
2.163199782371520996e-01
3.424813747406005859e-01
6.388328075408935547e-01
2.085212469100952148e-01
3.833737671375274658e-01
4.777182638645172119e-01
2.495711669325828552e-02
2.001099735498428345e-01
2.093604654073715210e-01
4.290552735328674316e-01
5.249710083007812500e-01
1.560379564762115479e-01
4.359943270683288574e-01
4.605347514152526855e-01
4.105611741542816162e-01
5.173833370208740234e-01
4.941975772380828857e-01
2.106878161430358887e-01
7.866824865341186523e-01
2.167015671730041504e-01
5.694845914840698242e-01
2.038562595844268799e-01
4.174901545047760010e-01
3.552164733409881592e-01
1.244823858141899109e-01
3.954584002494812012e-01
3.386135995388031006e-01
6.670193076133728027e-01
2.666026055812835693e-01
6.140378117561340332e-01
5.741309523582458496e-01
3.477731943130493164e-01
2.257931083440780640e-01
3.732690215110778809e-01
1.032346487045288086e-01
1.151754707098007202e-02
2.059498578310012817e-01
4.012739956378936768e-01
2.669293284416198730e-01
2.498723380267620087e-02
8.928163349628448486e-02
5.941425561904907227e-01
2.509811520576477051e-01
1.133126299828290939e-02
3.810302354395389557e-03
2.295037657022476196e-01
2.080326825380325317e-01
1.791821327060461044e-03
1.566820777952671051e-02
3.470906289294362068e-03
1.996947377920150757e-01
3.144878894090652466e-02
7.249264977872371674e-03
8.909369260072708130e-02
2.252755165100097656e-01
4.189843535423278809e-01
2.064509242773056030e-01
9.485268965363502502e-03
1.660719364881515503e-01
3.118309974670410156e-01
3.735101781785488129e-03
1.007351838052272797e-02
5.537902116775512695e-01
2.128903269767761230e-01
5.113733466714620590e-03
3.641619980335235596e-01
4.364236071705818176e-02
2.337925732135772705e-01
6.092110872268676758e-01
4.080102741718292236e-01
1.329928170889616013e-02
1.545142382383346558e-01
3.916863501071929932e-01
2.091357409954071045e-01
2.105115354061126709e-02
1.820037513971328735e-02
5.173771381378173828e-01
5.510724708437919617e-02
2.550912797451019287e-01
4.268389940261840820e-02
4.223062098026275635e-01
4.099304676055908203e-01
5.100752115249633789e-01
2.475865650922060013e-03
2.012178301811218262e-01
5.463026762008666992e-01
4.660087823867797852e-01
7.763432338833808899e-03
2.136656641960144043e-01
2.837849259376525879e-01
2.818242311477661133e-01
1.583227813243865967e-01
3.110828101634979248e-01
4.707925915718078613e-01
4.435057938098907471e-01
2.230891287326812744e-01
2.033819556236267090e-01
1.581803411245346069e-01
1.558942049741744995e-01
2.208207249641418457e-01
1.362672890536487103e-03
4.160731658339500427e-02
2.122438549995422363e-01
5.411998927593231201e-02
8.057790249586105347e-02
1.161750778555870056e-01
5.797706842422485352e-01
4.085835218429565430e-01
7.048071622848510742e-01
4.408908076584339142e-03
2.312787622213363647e-01
7.802656292915344238e-02
4.156393408775329590e-01
9.179583750665187836e-03
4.891673102974891663e-02
3.813642859458923340e-01
4.853426292538642883e-02
5.123610422015190125e-02
2.191682457923889160e-01
2.566222101449966431e-03
5.912079215049743652e-01
3.820769786834716797e-01
2.024422883987426758e-01
1.578316688537597656e-01
8.159950375556945801e-02
2.694189921021461487e-02
1.320683397352695465e-02
1.210856996476650238e-02
4.436781704425811768e-01
4.144567251205444336e-01
3.734896481037139893e-01
2.098791003227233887e-01
2.347639650106430054e-01
6.127794981002807617e-01
4.863755702972412109e-01
5.699582863599061966e-03
1.978452131152153015e-02
4.430424273014068604e-01
3.322969079017639160e-01
3.654538886621594429e-03
9.376443922519683838e-03
4.358343183994293213e-01
2.349175885319709778e-02
8.517483249306678772e-03
5.478164553642272949e-01
2.084581851959228516e-01
6.137843132019042969e-01
4.043081402778625488e-01
5.285448394715785980e-03
9.329368174076080322e-02
2.077439874410629272e-01
2.069641947746276855e-01
4.884697496891021729e-03
3.532170504331588745e-02
3.354403674602508545e-01
7.904995679855346680e-01
7.577561307698488235e-03
3.199574053287506104e-01
1.231756955385208130e-01
4.222775697708129883e-01
4.006816148757934570e-01
4.090632311999797821e-03
2.357628941535949707e-01
3.809409737586975098e-01
5.243988707661628723e-02
3.105407208204269409e-02
2.199290506541728973e-02
5.706773996353149414e-01
4.064525961875915527e-01
4.203500747680664062e-01
1.921246051788330078e-01
4.448994696140289307e-01
3.956914544105529785e-01
5.909186601638793945e-01
2.029258012771606445e-01
4.014267325401306152e-01
2.829064428806304932e-02
5.941873192787170410e-01
3.709163665771484375e-01
1.128091886639595032e-01
3.459382355213165283e-01
1.789851784706115723e-01
3.800738155841827393e-01
2.654820382595062256e-01
3.443017303943634033e-01
1.489743031561374664e-02
5.334756970405578613e-01
1.859670132398605347e-01
5.172069072723388672e-01
3.979901373386383057e-01
2.113801389932632446e-01
9.582310169935226440e-02
5.881129205226898193e-02
5.010610073804855347e-02
8.104992099106311798e-03
7.096786499023437500e-01
2.011937052011489868e-01
3.559011220932006836e-01
2.819764912128448486e-01
2.104328423738479614e-01
3.054069355130195618e-03
2.257023304700851440e-01
5.899949669837951660e-01
3.943120837211608887e-01
5.202380940318107605e-02
1.480299420654773712e-02
5.063604712486267090e-01
4.447285830974578857e-02
1.943176984786987305e-01
1.814629584550857544e-01
1.355587388388812542e-03
7.686556577682495117e-01
3.880187869071960449e-01
1.265630591660737991e-03
5.965123176574707031e-01
7.962916493415832520e-01
2.051234841346740723e-01
3.960780799388885498e-01
3.166758716106414795e-01
4.008958935737609863e-01
1.163293886929750443e-02
2.950139343738555908e-01
2.498926669359207153e-01
4.753796160221099854e-01
5.983062982559204102e-01
6.066493988037109375e-01
2.068541496992111206e-01
5.925998687744140625e-01
3.775095939636230469e-01
2.706761956214904785e-01
6.005499362945556641e-01
4.182521700859069824e-01
2.437632083892822266e-01
1.906207799911499023e-01
4.057299494743347168e-01
1.391163021326065063e-01
1.262774765491485596e-01
6.072275042533874512e-01
7.877978086471557617e-01
3.038585782051086426e-01
4.003126025199890137e-01
3.950148224830627441e-01
7.218345068395137787e-03
1.950156539678573608e-01
4.607686027884483337e-02
1.362792700529098511e-01
1.817410695366561413e-03
1.998983174562454224e-01
4.518756270408630371e-01
2.890974581241607666e-01
3.981128931045532227e-01
5.881221890449523926e-01
2.094355784356594086e-02
3.970291614532470703e-01
1.051169261336326599e-02
2.345311939716339111e-01
1.980412900447845459e-01
2.289717197418212891e-01
4.386537522077560425e-02
3.290048241615295410e-01
2.030472755432128906e-01
1.305738389492034912e-01
3.984175622463226318e-01
5.994707942008972168e-01
3.991230130195617676e-01
6.346644833683967590e-03
1.478849351406097412e-01
3.310381770133972168e-01
3.839247822761535645e-01
4.030973315238952637e-01
3.796035945415496826e-01
2.378656417131423950e-01
4.024613201618194580e-01
3.653153777122497559e-01
3.743609189987182617e-01
3.563604950904846191e-01
4.121236801147460938e-01
7.381213903427124023e-01
1.063309311866760254e-01
5.961577892303466797e-01
3.501775562763214111e-01
7.992703467607498169e-03
7.950311303138732910e-01
7.229124754667282104e-02
1.911106407642364502e-01
7.907042503356933594e-01
1.304549281485378742e-03
5.670740604400634766e-01
4.817917943000793457e-01
7.906810045242309570e-01
4.024411439895629883e-01
1.903732270002365112e-01
4.069329202175140381e-01
3.323617577552795410e-01
5.800019502639770508e-01
7.719187140464782715e-01
1.876646280288696289e-01
1.118779629468917847e-01
6.154533028602600098e-01
5.310461856424808502e-03
3.932680785655975342e-01
6.906476616859436035e-01
2.377422899007797241e-01
4.299262166023254395e-01
7.274998817592859268e-03
5.667810440063476562e-01
3.596672117710113525e-01
2.050691097974777222e-01
3.511048853397369385e-01
1.197617202997207642e-01
6.007005274295806885e-02
1.719672679901123047e-01
7.435747981071472168e-01
3.659938871860504150e-01
3.031374141573905945e-02
9.738346338272094727e-01
5.881180763244628906e-01
1.961782872676849365e-01
7.927817702293395996e-01
7.018940448760986328e-01
2.300503402948379517e-01
2.684468030929565430e-02
3.050031140446662903e-03
4.713127762079238892e-02
1.836613938212394714e-02
5.581317935138940811e-03
3.040868341922760010e-01
2.101159691810607910e-01
2.113605290651321411e-01
9.012571722269058228e-02
2.001429200172424316e-01
7.587472200393676758e-01
2.229440659284591675e-01
1.951352208852767944e-01
1.938379406929016113e-01
1.705539040267467499e-02
3.350091874599456787e-01
4.002201259136199951e-01
2.825034856796264648e-01
3.145233392715454102e-01
2.512519359588623047e-01
2.033573836088180542e-01
3.895368874073028564e-01
1.661586016416549683e-02
5.977636575698852539e-01
4.794942736625671387e-01
1.904433965682983398e-01
2.480252385139465332e-01
4.211193919181823730e-01
3.104495443403720856e-02
1.612903475761413574e-01
3.927394747734069824e-01
4.988125562667846680e-01
3.468158245086669922e-01
5.933887958526611328e-01
3.716280460357666016e-01
1.864024847745895386e-01
3.955411911010742188e-01
4.222413897514343262e-01
2.207265198230743408e-01
2.198136746883392334e-01
2.029757350683212280e-01
1.987961232662200928e-01
3.266696035861968994e-01
3.655941486358642578e-01
1.825974285602569580e-01
2.495602220296859741e-01
1.080393884330987930e-02
3.916682302951812744e-01
3.485591150820255280e-03
4.090390801429748535e-01
4.608692601323127747e-02
3.283362388610839844e-01
2.806631326675415039e-01
2.164762318134307861e-01
3.888098895549774170e-01
2.476294040679931641e-01
2.166054993867874146e-01
8.061847090721130371e-02
3.522143959999084473e-01
3.959674835205078125e-01
5.667251348495483398e-01
1.973759084939956665e-01
7.944238185882568359e-01
2.162104099988937378e-02
1.993611454963684082e-02
3.904254436492919922e-01
5.959014892578125000e-01
2.817704081535339355e-01
1.210887879133224487e-01
7.108362764120101929e-02
2.341651469469070435e-01
3.769533634185791016e-01
6.014405488967895508e-01
1.991140395402908325e-01
5.178906023502349854e-03
2.097700238227844238e-01
7.153122872114181519e-02
2.009593695402145386e-01
5.982557535171508789e-01
2.012464255094528198e-01
3.875443935394287109e-01
8.425082266330718994e-02
9.975193534046411514e-04
4.094322621822357178e-01
1.484923362731933594e-01
4.021237790584564209e-01
1.964089125394821167e-01
1.970086693763732910e-01
1.588344871997833252e-01
4.030017554759979248e-01
2.062483280897140503e-01
3.924443721771240234e-01
1.885279268026351929e-01
3.117156028747558594e-01
5.755770206451416016e-01
2.225671112537384033e-01
6.242763996124267578e-01
4.295659065246582031e-01
5.928127765655517578e-01
3.902817666530609131e-01
1.294426918029785156e-01
2.854060828685760498e-01
4.322018027305603027e-01
1.815602034330368042e-01
1.298795044422149658e-01
4.055984020233154297e-01
6.091159302741289139e-03
5.599381774663925171e-02
2.347060665488243103e-02
2.510323226451873779e-01
3.146955668926239014e-01
3.993309438228607178e-01
5.800377130508422852e-01
1.915572732686996460e-01
4.576919078826904297e-01
6.373739838600158691e-01
6.017673015594482422e-01
3.948912024497985840e-01
5.739549398422241211e-01
2.059484273195266724e-01
1.994516849517822266e-01
1.824996806681156158e-02
2.752203643321990967e-01
6.497957110404968262e-01
5.952171087265014648e-01
5.702229738235473633e-01
1.937296241521835327e-01
2.144596278667449951e-01
4.130089282989501953e-01
5.850803852081298828e-01
5.911602377891540527e-01
1.992395669221878052e-01
6.783326715230941772e-02
5.399031639099121094e-01
6.061908006668090820e-01
2.396377623081207275e-01
2.831634879112243652e-01
7.851097583770751953e-01
5.838456153869628906e-01
4.399901372380554676e-04
4.146551191806793213e-01
2.527519501745700836e-02
6.783645153045654297e-01
6.578993797302246094e-01
3.950017392635345459e-01
5.429284572601318359e-01
3.897298276424407959e-01
6.817946434020996094e-01
3.114705383777618408e-01
2.220955118536949158e-02
5.437839031219482422e-01
5.797761678695678711e-01
4.006808623671531677e-02
1.631338521838188171e-02
2.687850594520568848e-01
2.217141687870025635e-01
6.039159297943115234e-01
1.500377431511878967e-02
2.625026702880859375e-01
3.530587553977966309e-01
3.260706067085266113e-01
2.322609424591064453e-01
4.561345279216766357e-01
5.686343908309936523e-01
5.842289328575134277e-01
3.216777695342898369e-03
5.938870310783386230e-01
1.084720715880393982e-01
5.824840068817138672e-01
3.967516124248504639e-01
6.072468757629394531e-01
2.201707512140274048e-01
1.873604953289031982e-01
1.925839036703109741e-01
1.427018046379089355e-01
7.104126270860433578e-03
3.959305286407470703e-01
8.629314601421356201e-02
1.924409270286560059e-01
2.116127312183380127e-01
3.162783384323120117e-01
5.697390437126159668e-01
9.701600670814514160e-02
3.587290048599243164e-01
3.189049363136291504e-01
2.072007507085800171e-01
1.067131981253623962e-01
2.061196118593215942e-01
1.359999179840087891e-01
5.019579529762268066e-01
2.359609119594097137e-02
1.945785433053970337e-01
4.132576882839202881e-01
4.096952080726623535e-01
5.496715903282165527e-01
1.934561133384704590e-01
3.511085510253906250e-01
3.173619210720062256e-01
2.201681211590766907e-02
5.858417749404907227e-01
6.423276066780090332e-01
5.097669959068298340e-01
7.309166193008422852e-01
6.080935597419738770e-01
2.148925662040710449e-01
2.664722688496112823e-02
3.114283084869384766e-02
9.478139877319335938e-02
3.658069670200347900e-01
2.255287170410156250e-01
5.312073230743408203e-01
1.171340048313140869e-02
3.193768262863159180e-01
3.997749090194702148e-01
2.189678698778152466e-01
9.580349922180175781e-01
3.851543366909027100e-01
1.884612143039703369e-01
4.030699133872985840e-01
2.937813103199005127e-01
5.660641789436340332e-01
2.128320783376693726e-01
1.963336206972599030e-02
3.988874554634094238e-01
1.129767484962940216e-02
1.260105520486831665e-02
2.523609101772308350e-01
3.164485692977905273e-01
7.780705690383911133e-01
1.980445832014083862e-01
4.928786680102348328e-02
3.285962343215942383e-01
6.561848521232604980e-02
4.066089391708374023e-01
2.018617689609527588e-01
2.322505600750446320e-02
2.223112434148788452e-01
1.706303842365741730e-02
5.515515208244323730e-01
5.967671424150466919e-02
1.459943056106567383e-01
7.852070927619934082e-01
7.803106904029846191e-01
1.833077371120452881e-01
4.062960743904113770e-01
2.370207458734512329e-01
4.734578728675842285e-01
4.203404188156127930e-01
3.918333053588867188e-01
4.191979467868804932e-01
2.784100472927093506e-01
3.662846982479095459e-01
5.389804840087890625e-01
5.814573168754577637e-01
4.009706377983093262e-01
3.906939923763275146e-01
2.533556222915649414e-01
4.027849435806274414e-01
2.171464264392852783e-01
2.349744886159896851e-01
3.177233338356018066e-01
2.144064456224441528e-01
5.405231118202209473e-01
4.086648225784301758e-01
4.180699121206998825e-03
2.164224535226821899e-01
7.969858050346374512e-01
6.186274886131286621e-01
5.686775781214237213e-03
1.380226314067840576e-01
7.473887205123901367e-01
3.005045950412750244e-01
6.396528482437133789e-01
1.754624247550964355e-01
1.913221031427383423e-01
5.132006406784057617e-01
1.949656307697296143e-01
8.869676850736141205e-03
5.899162292480468750e-01
3.101603388786315918e-01
5.601423978805541992e-01
4.024184346199035645e-01
3.238273551687598228e-03
3.998045623302459717e-01
2.175168544054031372e-01
2.631965875625610352e-01
1.774811297655105591e-01
4.360861182212829590e-01
4.386540353298187256e-01
4.301890134811401367e-01
4.145726859569549561e-01
2.741932570934295654e-01
2.367793321609497070e-01
5.956442356109619141e-01
2.937528304755687714e-03
2.032923996448516846e-01
9.274650812149047852e-01
1.738048195838928223e-01
5.975224375724792480e-01
2.032899558544158936e-01
3.904623687267303467e-01
2.009791135787963867e-02
3.958775997161865234e-01
5.816422104835510254e-01
4.041961580514907837e-02
1.184756830334663391e-01
5.910347104072570801e-01
7.802193164825439453e-01
2.972385147586464882e-03
5.953274369239807129e-01
4.333957657217979431e-02
4.111797213554382324e-01
1.046127006411552429e-01
1.268202089704573154e-03
4.110106229782104492e-01
5.856589674949645996e-01
6.386192888021469116e-02
3.333948850631713867e-01
4.148096442222595215e-01
2.078314125537872314e-01
3.911503851413726807e-01
2.025199532508850098e-01
4.044604003429412842e-01
2.865666337311267853e-02
5.241975784301757812e-01
5.996529459953308105e-01
4.159952700138092041e-01
6.258221864700317383e-01
5.951027870178222656e-01
1.952596604824066162e-01
3.555227816104888916e-01
2.600404024124145508e-01
5.062239170074462891e-01
3.565984368324279785e-01
1.975162774324417114e-01
3.914146423339843750e-01
5.737037062644958496e-01
4.172875583171844482e-01
3.843865692615509033e-01
3.995813131332397461e-01
2.893981337547302246e-01
4.148786067962646484e-01
1.965597271919250488e-01
2.047006487846374512e-01
2.732596993446350098e-01
7.873814702033996582e-01
3.478657603263854980e-01
3.020239993929862976e-03
5.493524670600891113e-01
1.432946175336837769e-01
5.941216349601745605e-01
2.632454335689544678e-01
1.946255564689636230e-01
2.524519562721252441e-01
4.106597304344177246e-01
5.850095152854919434e-01
3.097798824310302734e-01
3.373224288225173950e-02
5.937910079956054688e-01
3.949300944805145264e-01
1.926555484533309937e-01
2.189718782901763916e-01
2.779720909893512726e-02
2.016025036573410034e-01
4.562342464923858643e-01
2.007688432931900024e-01
1.493095755577087402e-01
1.797956377267837524e-01
3.085641376674175262e-02
1.408122916473075747e-04
7.766247726976871490e-03
4.005260467529296875e-01
3.888880610466003418e-01
5.462685134261846542e-03
5.008375048637390137e-01
3.872730135917663574e-01
2.477483749389648438e-01
1.398257352411746979e-02
3.894681334495544434e-01
5.512064695358276367e-01
6.120778322219848633e-01
2.615174055099487305e-01
5.651573538780212402e-01
5.408272743225097656e-01
5.953816175460815430e-01
5.833201408386230469e-01
2.151436638087034225e-03
5.979779958724975586e-01
4.208199977874755859e-01
4.972257912158966064e-01
2.039308398962020874e-01
1.982745975255966187e-01
3.915179073810577393e-01
5.992952585220336914e-01
3.497427701950073242e-01
2.133657336235046387e-01
4.235386252403259277e-01
7.855034470558166504e-01
2.010478228330612183e-01
1.898465901613235474e-01
8.016068935394287109e-01
2.880448848009109497e-02
3.964039683341979980e-01
3.947154283523559570e-01
4.789413213729858398e-01
6.169548630714416504e-02
5.649070143699645996e-01
2.729539871215820312e-01
9.958890676498413086e-01
2.785421013832092285e-01
7.776693105697631836e-01
3.875130414962768555e-01
5.043610930442810059e-03
3.987277150154113770e-01
7.207493782043457031e-01
3.634718358516693115e-01
4.035176634788513184e-01
9.278828278183937073e-03
3.915443420410156250e-01
3.081274032592773438e-02
3.478232771158218384e-03
2.003954499959945679e-01
4.237452149391174316e-01
3.993747532367706299e-01
1.922684311866760254e-01
1.884771287441253662e-01
4.082688689231872559e-01
3.569009900093078613e-01
3.187315165996551514e-01
3.983119726181030273e-01
1.530375778675079346e-01
2.241112589836120605e-01
5.182037353515625000e-01
2.113755643367767334e-01
8.460797071456909180e-01
8.696406334638595581e-02
9.827271699905395508e-01
5.808241963386535645e-01
1.804232597351074219e-02
6.536456346511840820e-01
8.245234936475753784e-02
2.208492904901504517e-01
4.317032545804977417e-02
7.814550399780273438e-01
2.200751155614852905e-01
5.983464717864990234e-01
4.005403444170951843e-02
1.565499603748321533e-01
2.237246632575988770e-01
7.932466268539428711e-01
1.933920979499816895e-01
1.549263298511505127e-01
3.971726894378662109e-01
1.118701621890068054e-01
2.208254486322402954e-01
6.584200859069824219e-01
4.203182160854339600e-01
2.486811280250549316e-01
4.076639115810394287e-01
2.028276920318603516e-01
3.966655433177947998e-01
2.007223367691040039e-01
5.913193225860595703e-01
3.257743418216705322e-01
7.757978746667504311e-04
2.228170931339263916e-01
2.371671497821807861e-01
5.180286169052124023e-01
1.689692772924900055e-02
2.246063668280839920e-03
3.246592283248901367e-01
9.797193855047225952e-02
7.923728227615356445e-01
2.672451138496398926e-01
5.980558991432189941e-01
7.876212596893310547e-01
7.819005250930786133e-01
1.987359076738357544e-01
5.689241886138916016e-01
4.053827375173568726e-02
9.590000659227371216e-02
1.732004731893539429e-01
3.999735713005065918e-01
1.701100468635559082e-01
5.868396759033203125e-01
4.365191757678985596e-01
2.031307369470596313e-01
7.138688862323760986e-02
1.151898410171270370e-02
5.855555534362792969e-01
2.019815295934677124e-01
3.017358183860778809e-01
6.787171959877014160e-02
2.213645428419113159e-01
6.736807525157928467e-02
5.036348700523376465e-01
2.482334375381469727e-01
4.269412755966186523e-01
5.977138280868530273e-01
3.525055050849914551e-01
2.274596393108367920e-01
9.824911952018737793e-01
2.016928791999816895e-01
3.363294061273336411e-03
2.116739749908447266e-01
7.408130168914794922e-02
2.732610702514648438e-02
1.743190884590148926e-01
5.893374681472778320e-01
2.075837403535842896e-01
2.483564466238021851e-01
2.509688138961791992e-01
2.702691592276096344e-03
2.551170289516448975e-01
4.936617016792297363e-01
1.966737061738967896e-01
1.065901145339012146e-01
5.550534725189208984e-01
3.082284927368164062e-01
4.072812199592590332e-01
2.184616178274154663e-01
2.487936764955520630e-01
1.636230349540710449e-01
3.085125088691711426e-01
2.064753919839859009e-01
1.405121684074401855e-01
3.847195208072662354e-01
3.965354561805725098e-01
4.993893802165985107e-01
1.841043233871459961e-01
5.099993348121643066e-01
5.924385786056518555e-01
7.807804644107818604e-02
7.912021875381469727e-02
5.304918289184570312e-01
2.035806626081466675e-01
4.891754984855651855e-01
2.959371507167816162e-01
2.960951328277587891e-01
5.728670358657836914e-01
