6.325827416731044650e-05
4.216735363006591797e-01
6.726238131523132324e-01
1.089064986445009708e-03
1.272679865360260010e-01
3.040503524243831635e-02
2.129553407430648804e-01
7.124379408196546137e-06
4.696047199104214087e-06
1.122721955180168152e-01
1.377215087413787842e-01
3.870874177664518356e-03
3.922157303798412542e-12
8.965945453383028507e-04
9.068744778633117676e-01
1.266699633561074734e-03
2.584182366263121367e-04
2.760227397084236145e-02
1.636690832674503326e-02
1.619485579431056976e-02
3.905760589987039566e-03
3.076529309087305819e-10
4.504971116148226429e-07
9.997589950216934085e-05
2.652207913342863321e-04
8.734550897230436428e-14
2.024263689545560511e-16
1.892778129786165664e-07
6.643097731284797192e-05
2.247308343648910522e-01
1.104806215153075755e-04
1.041187206283211708e-03
1.374835264869034290e-03
1.497281249612569809e-03
2.743418561294674873e-03
3.635452355821300330e-11
1.001796050559278228e-07
8.605062248534522951e-06
5.845215582667151466e-07
6.318764142563410013e-16
2.843626717391023028e-16
2.864609882635704707e-09
4.487285877985414118e-06
3.221394494175910950e-02
9.876843250822275877e-06
3.405082970857620239e-04
1.635689660906791687e-02
1.918302103877067566e-02
5.090633872896432877e-03
2.660716802438400919e-08
2.274592780793227575e-08
1.017301838146522641e-04
1.018129987642168999e-03
1.704857766071654623e-07
5.789993237328072348e-16
2.585237446339760936e-08
7.085824618116021156e-04
9.799308180809020996e-01
9.891300797462463379e-01
8.964444398880004883e-01
2.706061350181698799e-04
3.203066810965538025e-02
9.658311605453491211e-01
3.749702125787734985e-02
3.585961394492187537e-07
7.994403839111328125e-01
3.938631340861320496e-02
8.556849206797778606e-04
4.871372194514833609e-10
7.132332324981689453e-01
5.807841080240905285e-04
9.886954426765441895e-01
9.965667128562927246e-01
9.907199144363403320e-01
3.487444519996643066e-01
2.082567289471626282e-02
1.051962673664093018e-01
1.873629953479394317e-04
5.493788048624992371e-03
1.840869337320327759e-02
1.605170369148254395e-01
3.961141407489776611e-02
3.058656883325738818e-09
7.039551436901092529e-02
6.172490306198596954e-03
6.339886784553527832e-02
6.690560579299926758e-01
8.114835023880004883e-01
2.170509891584515572e-03
6.357928737998008728e-03
8.798776865005493164e-01
1.557910800364936676e-09
1.337866979156387970e-05
5.978057743050158024e-06
3.899552300572395325e-02
3.949196248883082849e-14
4.118852882459972387e-14
3.388418434724371764e-08
8.515065985648107016e-08
1.837222874164581299e-01
5.215814553594100289e-07
1.380819827318191528e-03
6.485410267487168312e-04
1.567233726382255554e-02
1.267259567975997925e-02
1.154495024024981831e-07
4.550845389417190745e-08
2.543362279538996518e-05
7.350168743869289756e-05
1.658194378251209855e-06
3.044755813035211756e-14
7.723537009951542132e-08
5.614605811388173606e-07
3.468938666628673673e-05
9.725275635719299316e-01
5.103009343147277832e-01
7.826900109648704529e-03
2.407226711511611938e-02
3.248762786388397217e-01
9.821280241012573242e-01
9.861408045708230929e-08
3.997898660600185394e-03
9.426128864288330078e-01
3.962621121900156140e-06
3.385584781273598409e-12
1.233745424542576075e-04
8.208720088005065918e-01
7.862063497304916382e-02
9.707249999046325684e-01
7.979202270507812500e-01
2.274793982505798340e-01
2.358501078560948372e-03
2.181683331727981567e-01
9.926460385322570801e-01
2.688205800950527191e-03
9.552457183599472046e-02
9.687225818634033203e-01
1.330567989498376846e-03
2.774106860160827637e-01
2.286697924137115479e-01
9.706536531448364258e-01
1.542338577564805746e-04
9.828209280967712402e-01
9.483503103256225586e-01
9.293229132890701294e-02
1.704921573400497437e-02
9.117462635040283203e-01
8.575547337532043457e-01
3.889789513777941465e-04
6.004898343235254288e-03
9.195076227188110352e-01
3.060789313167333603e-04
9.579301831763586961e-07
8.975946158170700073e-02
9.932007193565368652e-01
2.647930523380637169e-04
2.255225777626037598e-01
7.177349925041198730e-01
5.290896631777286530e-03
1.032197251915931702e-01
5.689488258212804794e-03
2.521945722401142120e-02
1.680758396105375141e-05
5.458786836243234575e-05
1.560665071010589600e-01
4.373249132186174393e-03
6.863429963255285315e-11
1.695730239152908325e-01
2.443581521511077881e-01
1.792079419828951359e-04
2.765707373619079590e-01
1.331309229135513306e-02
1.962458554771728814e-05
4.498994350433349609e-02
2.405864745378494263e-02
2.028415352106094360e-01
5.920431431150063872e-05
1.017405326653175734e-10
5.690593272447586060e-02
1.680657714605331421e-01
1.431045223727195337e-16
5.774147098236426245e-07
7.943661212921142578e-01
6.932268297532573342e-05
2.875812053680419922e-01
4.578872621059417725e-01
3.630192368291318417e-04
1.541860103607177734e-01
2.849601767957210541e-02
1.310898214578628540e-01
2.633151412010192871e-02
1.468276764171605464e-06
2.477208077907562256e-01
1.179582178592681885e-01
2.021358814090490341e-04
4.469198344736469153e-09
2.839733064174652100e-01
1.446558308089151978e-04
9.578710198402404785e-01
9.427783489227294922e-01
7.840105891227722168e-02
5.011583119630813599e-02
1.545938700437545776e-01
9.496274590492248535e-01
2.316850877832621336e-04
1.045730969053693116e-04
9.254474937915802002e-02
4.629041850566864014e-01
7.866615653038024902e-01
1.024365445800867747e-07
8.227584362030029297e-01
3.026463091373443604e-04
5.566479563713073730e-01
3.367818519473075867e-02
3.529621986672282219e-03
1.635030210018157959e-01
5.170776974409818649e-03
7.545890212059020996e-01
9.117255806922912598e-01
1.120234082918614149e-05
2.593514882028102875e-02
3.010980598628520966e-02
1.367244869470596313e-01
4.208110840409062803e-05
2.431704706395976245e-05
