1.961452960968017578e-01
8.148216642439365387e-03
3.513152301311492920e-01
8.112388849258422852e-01
2.332070469856262207e-01
2.849068492650985718e-02
1.066757887601852417e-01
7.411652803421020508e-01
6.878752112388610840e-01
2.677116990089416504e-01
6.008981466293334961e-01
2.163465321063995361e-01
3.087880909442901611e-01
2.783940136432647705e-01
3.844078183174133301e-01
4.770985804498195648e-03
5.171660333871841431e-03
9.586571455001831055e-01
6.736195087432861328e-02
1.682107299566268921e-01
1.324181854724884033e-01
7.218375205993652344e-01
5.461786389350891113e-01
3.906725347042083740e-01
3.730829432606697083e-02
4.756926000118255615e-01
9.827084094285964966e-02
2.798511460423469543e-02
2.557533085346221924e-01
2.524848096072673798e-02
4.973012488335371017e-03
8.663219213485717773e-01
2.207880467176437378e-01
1.640488952398300171e-01
2.529401145875453949e-02
6.001035571098327637e-01
3.463775217533111572e-01
4.826201200485229492e-01
2.224011123180389404e-01
5.308946371078491211e-01
2.119311839342117310e-01
4.530951380729675293e-01
2.247196584939956665e-01
1.086129546165466309e-01
1.223088894039392471e-02
9.044474959373474121e-01
2.648929059505462646e-01
1.659648120403289795e-01
1.484029889106750488e-01
7.840244770050048828e-01
4.864227175712585449e-01
1.196977943181991577e-01
3.121974766254425049e-01
4.035603404045104980e-01
1.169653236865997314e-01
1.469873785972595215e-01
6.104197502136230469e-01
1.190819963812828064e-01
2.376400828361511230e-01
2.628115750849246979e-02
7.868281006813049316e-02
3.625755384564399719e-02
1.877664774656295776e-01
6.476884242147207260e-03
1.060571223497390747e-01
8.068075031042098999e-02
2.235989123582839966e-01
3.014291578438133001e-04
6.427879631519317627e-02
2.653571218252182007e-02
1.633688807487487793e-02
1.099223196506500244e-01
1.288296747952699661e-02
1.487539708614349365e-02
9.385085105895996094e-01
1.400068849325180054e-01
7.025353610515594482e-02
8.973401784896850586e-01
2.180271595716476440e-01
2.138777226209640503e-01
2.265072762966156006e-01
2.024113386869430542e-01
1.293399930000305176e-01
2.070606946945190430e-01
4.920534789562225342e-01
5.890759453177452087e-02
2.583831548690795898e-02
7.113852072507143021e-03
6.150740981101989746e-01
1.076396778225898743e-01
1.517998129129409790e-01
8.013584017753601074e-01
2.129996865987777710e-01
2.579534947872161865e-01
4.020469486713409424e-01
2.687443494796752930e-01
1.718368679285049438e-01
8.587507158517837524e-02
1.550146341323852539e-01
6.390994042158126831e-02
1.303990185260772705e-02
1.366404294967651367e-01
8.336660861968994141e-01
3.544026017189025879e-01
1.114014014601707458e-01
7.133121490478515625e-01
5.605276823043823242e-01
4.166584014892578125e-01
4.130585193634033203e-01
5.567456483840942383e-01
3.337809443473815918e-01
1.380257308483123779e-01
3.949471116065979004e-01
2.452474981546401978e-01
2.387051656842231750e-02
1.981143057346343994e-01
8.777124881744384766e-01
2.078205049037933350e-01
2.032692134380340576e-01
3.422474861145019531e-01
7.333689928054809570e-02
1.794209033250808716e-01
2.794520258903503418e-01
7.284625433385372162e-03
8.966501057147979736e-02
3.272878006100654602e-02
4.886866733431816101e-02
1.326646953821182251e-01
2.042344585061073303e-02
1.954202502965927124e-01
7.217257022857666016e-01
1.219114437699317932e-01
3.199902772903442383e-01
1.988243758678436279e-01
7.853605747222900391e-01
2.197946794331073761e-02
5.357260629534721375e-02
3.972679078578948975e-01
3.028052449226379395e-01
7.871447503566741943e-02
3.764714598655700684e-01
5.181228742003440857e-02
2.062126994132995605e-02
2.048455178737640381e-02
9.687851071357727051e-01
1.496393680572509766e-01
1.820906698703765869e-01
2.350683510303497314e-02
5.461142659187316895e-01
2.670921981334686279e-01
3.569479659199714661e-02
3.774338364601135254e-01
3.459347188472747803e-01
2.065642029047012329e-01
3.952696919441223145e-02
1.345242857933044434e-01
4.844693094491958618e-02
1.839633136987686157e-01
8.588408231735229492e-01
1.102297902107238770e-01
6.109099090099334717e-02
1.950209029018878937e-02
6.278183460235595703e-01
2.918184995651245117e-01
2.007048875093460083e-01
2.183177471160888672e-01
3.103276789188385010e-01
1.313963234424591064e-01
2.138840854167938232e-01
8.611757308244705200e-02
2.131062746047973633e-01
1.956206560134887695e-01
7.360939979553222656e-01
2.510042786598205566e-01
6.278657913208007812e-02
1.336437314748764038e-01
7.970991134643554688e-01
2.878448665142059326e-01
4.731407761573791504e-01
3.850125074386596680e-01
9.539661556482315063e-02
1.503666490316390991e-01
1.642924249172210693e-01
2.074345946311950684e-01
2.922138385474681854e-02
7.800948806107044220e-03
8.677673339843750000e-01
2.933175861835479736e-01
7.862485013902187347e-03
2.067357003688812256e-01
6.249035596847534180e-01
3.007407784461975098e-01
6.075145602226257324e-01
4.158601760864257812e-01
2.318854629993438721e-01
7.644935697317123413e-02
4.060422256588935852e-02
1.479759812355041504e-01
8.307857811450958252e-02
1.749064400792121887e-02
6.782147884368896484e-01
1.356014013290405273e-01
2.673509344458580017e-02
8.452037721872329712e-02
4.064683318138122559e-01
4.952163696289062500e-01
4.691506922245025635e-02
4.490172863006591797e-01
2.098236680030822754e-01
1.796229630708694458e-01
2.167885154485702515e-01
2.302395552396774292e-01
7.810434326529502869e-03
1.052193902432918549e-02
9.279402494430541992e-01
9.568773210048675537e-02
1.552418023347854614e-01
3.690836727619171143e-01
5.674969553947448730e-01
9.606912732124328613e-02
7.572247982025146484e-01
4.274568557739257812e-01
3.997619748115539551e-01
1.357005834579467773e-01
6.477970629930496216e-02
