2.392581747128413316e-01
2.525888614069957128e-01
2.381635429158520112e-01
2.951009391214868827e-01
3.203710634829454174e-01
1.710853710627326663e-01
2.612702654531368629e-01
2.374829125171974975e-01
2.925867846665474170e-01
2.689037668303801420e-01
2.883686444256454706e-01
2.023914008929680874e-01
3.306936126542635579e-01
3.180755729285570377e-01
1.295351847343576557e-01
3.545484159817883230e-01
3.002744160879116664e-01
1.509342998998852992e-01
2.250875740741881126e-01
3.287977327753861534e-01
3.353412946542868034e-01
3.834059954835818407e-01
2.870309362814833509e-01
2.603836722958546290e-01
4.358346174614360913e-01
1.407713379281071431e-01
3.173122514182558640e-01
3.021674154118115241e-01
4.001273386753522177e-01
3.264994951538168211e-01
3.077235675345246779e-01
4.261595045144741523e-01
3.328944609428827750e-01
3.218019694770471451e-01
3.323893669921045291e-01
3.597031937768825904e-01
3.821477869104665803e-01
2.381240194069435545e-01
1.488486027721172278e-01
2.322318536014510992e-01
1.234350070500603025e-01
2.510118270785404726e-01
2.217702973150433299e-01
1.221957063087477091e-01
2.763674864187263269e-01
1.835815785052545834e-01
2.103626030371882616e-01
1.654526672970790258e-01
3.469399054391452686e-01
3.433024937716814273e-01
1.975619265417313253e-01
3.204667577072261575e-01
3.063684609324599517e-01
3.170780577123738508e-01
3.562244137104313979e-01
3.092091889478839617e-01
2.947568680123927587e-01
3.344327635489977579e-01
3.238742493379574428e-01
2.195381930527778858e-01
2.527449176055737157e-01
3.438182130742531428e-01
3.320236866997779979e-01
3.459016602987853295e-01
3.700758926503252555e-01
3.583083010565202842e-01
3.360853424439063653e-01
2.172647563812251381e-01
2.595408127571527945e-01
2.824650743747882387e-01
3.341395079444807181e-01
3.213997300750074393e-01
4.039085230861718667e-01
3.589132988395599133e-01
3.089960459082459199e-01
2.103154306174614130e-01
2.590339938895060423e-01
2.356506114682326014e-01
2.627122363124866355e-01
2.333606542446292342e-01
2.050448666111781004e-01
3.606315812525840991e-01
3.177635973104490641e-01
2.782402263882641780e-01
2.330402909742238515e-01
3.162617156407437902e-01
3.071725173638417128e-01
3.004050627350807190e-01
3.713972416276541955e-01
3.563774592923716900e-01
2.775539420545101166e-01
2.760924929752945900e-01
3.223867754881771797e-01
3.184108471032232046e-01
3.542311557640249742e-01
3.132305825845553282e-01
4.272964510780114522e-01
3.064689669005859485e-01
3.029430967289954424e-01
3.120935319278102527e-01
3.077467538129824987e-01
