4.642675220966339111e-01
9.526659250259399414e-01
3.712488412857055664e-01
4.971932768821716309e-01
3.077317178249359131e-01
8.678183555603027344e-01
7.968595623970031738e-01
3.908579349517822266e-01
1.833392679691314697e-01
3.256898373365402222e-02
8.758406341075897217e-02
1.495988070964813232e-01
1.017556935548782349e-01
3.904564380645751953e-01
9.830948114395141602e-01
3.427718877792358398e-01
3.663888275623321533e-01
2.832176089286804199e-01
9.247942566871643066e-01
8.925077915191650391e-01
6.259469985961914062e-01
3.284510076045989990e-01
8.428160101175308228e-02
1.550616770982742310e-01
2.663569748401641846e-01
1.978704035282135010e-01
3.325756173580884933e-03
2.922405255958437920e-03
9.940208196640014648e-01
9.186025708913803101e-03
8.596015162765979767e-03
7.019235938787460327e-02
3.158465400338172913e-02
2.396591566503047943e-02
2.220902591943740845e-02
4.734192043542861938e-03
5.377134308218955994e-03
8.794762194156646729e-03
1.146494410932064056e-02
3.529544919729232788e-04
1.217188313603401184e-02
9.495516419410705566e-01
4.475478231906890869e-01
1.883373968303203583e-02
9.034566879272460938e-01
9.137223958969116211e-01
7.841559648513793945e-01
6.071938276290893555e-01
5.184032768011093140e-02
1.228629052639007568e-01
3.293469250202178955e-01
3.574122190475463867e-01
9.700154662132263184e-01
3.334430977702140808e-02
9.838001728057861328e-01
6.534039974212646484e-01
9.547860622406005859e-01
9.025635123252868652e-01
7.967975139617919922e-01
5.904307365417480469e-01
2.763846218585968018e-01
6.065282225608825684e-02
1.357110440731048584e-01
2.516673505306243896e-01
2.652880251407623291e-01
6.284829378128051758e-01
9.923689961433410645e-01
9.978310465812683105e-01
9.995766878128051758e-01
9.980059862136840820e-01
9.956331849098205566e-01
7.347537577152252197e-02
2.079388871788978577e-02
2.103879116475582123e-02
7.787971757352352142e-03
2.002503722906112671e-02
8.049080148339271545e-03
1.287886127829551697e-02
8.902617096900939941e-01
9.855657815933227539e-01
9.932630062103271484e-01
4.688529074192047119e-01
9.788737893104553223e-01
9.573221802711486816e-01
8.888757824897766113e-01
1.537357270717620850e-01
1.333177685737609863e-01
1.411656737327575684e-01
8.394615724682807922e-03
2.253845706582069397e-02
6.665680557489395142e-02
7.425599098205566406e-01
9.221739172935485840e-01
9.756438732147216797e-01
5.421661138534545898e-01
7.338615655899047852e-01
5.442180037498474121e-01
9.284595251083374023e-01
8.934478163719177246e-01
8.497358858585357666e-02
4.378537833690643311e-02
8.998105674982070923e-02
5.205981805920600891e-02
3.066274337470531464e-02
9.331969618797302246e-01
9.764381051063537598e-01
9.829554557800292969e-01
9.264589548110961914e-01
9.876746535301208496e-01
1.737284660339355469e-01
6.185417175292968750e-01
3.483282625675201416e-01
4.635466635227203369e-02
1.730567216873168945e-02
3.108906745910644531e-02
8.484996110200881958e-02
3.791983425617218018e-02
9.220814108848571777e-01
9.908692836761474609e-01
9.909368157386779785e-01
9.085119962692260742e-01
9.739293456077575684e-01
9.106845855712890625e-01
9.034714102745056152e-01
5.911763310432434082e-01
2.255709171295166016e-01
5.875543132424354553e-02
7.123588770627975464e-02
1.571336984634399414e-01
3.636060655117034912e-02
8.500407338142395020e-01
9.756564497947692871e-01
9.809985160827636719e-01
9.574450254440307617e-01
8.725352883338928223e-01
3.907179534435272217e-01
9.131953120231628418e-01
8.507007956504821777e-01
4.717269539833068848e-01
7.737838476896286011e-02
2.342140674591064453e-02
1.545985937118530273e-01
5.118492990732192993e-02
2.347497642040252686e-01
9.896828532218933105e-01
9.927847385406494141e-01
9.950979351997375488e-01
9.961308836936950684e-01
9.688515663146972656e-01
2.035647258162498474e-02
7.710438966751098633e-02
1.096884533762931824e-02
1.016976870596408844e-02
3.142369212582707405e-03
6.960995960980653763e-03
5.060752388089895248e-03
9.369618892669677734e-01
9.885828495025634766e-01
9.916592836380004883e-01
9.422497153282165527e-01
9.720752835273742676e-01
5.677636861801147461e-01
6.631649732589721680e-01
4.421475231647491455e-01
1.938836425542831421e-01
2.589678391814231873e-02
3.045985661447048187e-02
6.642570346593856812e-02
7.949442416429519653e-02
9.729525446891784668e-01
9.862763285636901855e-01
9.544972777366638184e-01
9.733884334564208984e-01
8.685019612312316895e-01
1.229758113622665405e-01
1.766205728054046631e-01
7.627263665199279785e-01
5.149769186973571777e-01
6.798119843006134033e-02
9.878291189670562744e-02
2.441689223051071167e-01
3.361449241638183594e-01
9.994732737541198730e-01
9.000166654586791992e-01
9.954609721899032593e-02
9.143400192260742188e-01
9.970981478691101074e-01
5.527524990611709654e-05
1.496125332778319716e-04
4.748325329273939133e-03
1.571928337216377258e-02
4.419282413437031209e-05
5.390281512518413365e-05
4.247429023962467909e-04
8.560024201869964600e-03
2.368781715631484985e-02
9.296657517552375793e-04
9.896087646484375000e-01
1.606981968507170677e-03
8.942587301135063171e-04
1.068109273910522461e-01
4.583182558417320251e-02
1.584128593094646931e-03
7.276684045791625977e-04
3.077534958720207214e-02
2.213737368583679199e-02
1.159146521240472794e-02
5.547492182813584805e-04
9.462465643882751465e-01
1.050868537276983261e-02
9.828556180000305176e-01
9.561402201652526855e-01
1.777944900095462799e-02
1.018047779798507690e-01
2.034660279750823975e-01
4.598976671695709229e-02
3.630545362830162048e-02
5.224865302443504333e-02
3.164990991353988647e-02
2.751169353723526001e-02
1.873651891946792603e-02
9.646577835083007812e-01
9.512009620666503906e-01
9.906907081604003906e-01
9.953819513320922852e-01
9.932762384414672852e-01
9.925944209098815918e-01
5.632164329290390015e-02
2.635249197483062744e-01
1.632606387138366699e-01
2.123779989778995514e-02
3.949556127190589905e-02
1.298664510250091553e-01
6.571067124605178833e-02
9.630784392356872559e-01
9.412824511528015137e-01
9.877606034278869629e-01
9.598824977874755859e-01
9.966988563537597656e-01
9.857534766197204590e-01
6.456145644187927246e-02
7.865461111068725586e-01
5.456424355506896973e-01
2.465447410941123962e-02
1.599410921335220337e-02
2.262529879808425903e-01
3.640103936195373535e-01
6.113623976707458496e-01
9.031738638877868652e-01
9.792388081550598145e-01
9.576141238212585449e-01
9.517989754676818848e-01
9.045383930206298828e-01
3.790059685707092285e-01
5.514063835144042969e-01
3.819861710071563721e-01
8.591500669717788696e-02
2.094097882509231567e-01
8.825543522834777832e-02
1.202844977378845215e-01
1.980098336935043335e-02
9.948151111602783203e-01
9.732946753501892090e-01
9.560788869857788086e-01
9.717836976051330566e-01
9.750285148620605469e-01
5.579436421394348145e-01
6.241885423660278320e-01
1.584831178188323975e-01
8.746714890003204346e-02
1.400737464427947998e-01
1.671328246593475342e-01
7.309566438198089600e-02
9.766316413879394531e-01
9.717855453491210938e-01
9.868401288986206055e-01
9.646618962287902832e-01
9.853059053421020508e-01
9.773969054222106934e-01
1.206818073987960815e-01
3.096579909324645996e-01
7.056552171707153320e-01
4.544551670551300049e-01
7.364165037870407104e-02
2.174994349479675293e-01
2.512450218200683594e-01
6.395917534828186035e-01
9.596445560455322266e-01
9.816665649414062500e-01
9.530275464057922363e-01
9.452511072158813477e-01
9.324604272842407227e-01
3.108421564102172852e-01
8.022711277008056641e-01
6.330959796905517578e-01
5.267943143844604492e-01
9.278482943773269653e-02
1.617027670145034790e-01
2.963609099388122559e-01
5.890238881111145020e-01
9.919600486755371094e-01
9.852688908576965332e-01
9.757518172264099121e-01
9.818817973136901855e-01
9.925268888473510742e-01
1.130092889070510864e-01
6.001950427889823914e-02
1.524790078401565552e-01
6.513344496488571167e-02
1.935327798128128052e-02
5.785523355007171631e-02
1.953866891562938690e-02
9.686861634254455566e-01
4.251032173633575439e-01
9.837117195129394531e-01
9.621194601058959961e-01
9.511148333549499512e-01
9.784786105155944824e-01
1.294050961732864380e-01
7.841548919677734375e-01
3.688399195671081543e-01
2.517069578170776367e-01
6.660176813602447510e-02
1.550917029380798340e-01
1.631203591823577881e-01
9.995532631874084473e-01
9.919984936714172363e-01
8.268399238586425781e-01
9.979808926582336426e-01
9.788825511932373047e-01
3.701227530837059021e-02
5.711664631962776184e-02
1.669450998306274414e-01
8.772903680801391602e-01
4.538898821920156479e-03
5.445899441838264465e-02
8.717059344053268433e-02
3.498153090476989746e-01
9.712392687797546387e-01
9.940110445022583008e-01
9.883079528808593750e-01
9.941545724868774414e-01
9.779021739959716797e-01
1.081761866807937622e-01
5.997637286782264709e-03
9.332086145877838135e-02
9.745960831642150879e-01
3.496943786740303040e-02
1.293248590081930161e-02
4.336068779230117798e-02
4.052897691726684570e-01
9.793001413345336914e-01
9.750770926475524902e-01
8.225727081298828125e-01
9.614244699478149414e-01
2.206313656643033028e-03
8.168266713619232178e-02
1.274454295635223389e-01
7.880373299121856689e-02
1.724208006635308266e-03
3.013868257403373718e-02
3.190966695547103882e-02
3.712456300854682922e-02
4.044062644243240356e-02
6.492071151733398438e-01
9.258492588996887207e-01
9.802740812301635742e-01
9.278681278228759766e-01
9.317841529846191406e-01
1.171578615903854370e-01
3.285596966743469238e-01
7.287107706069946289e-01
3.143930137157440186e-01
4.188230261206626892e-02
1.581895202398300171e-01
2.050091326236724854e-01
3.657928109169006348e-01
9.788612127304077148e-01
9.810286164283752441e-01
8.937195539474487305e-01
9.802088141441345215e-01
9.917483329772949219e-01
9.750829339027404785e-01
1.219841092824935913e-01
2.186632156372070312e-01
9.487056732177734375e-01
2.091530710458755493e-02
7.518880069255828857e-02
1.273119300603866577e-01
4.328409135341644287e-01
9.629903435707092285e-01
9.780760407447814941e-01
9.793797135353088379e-01
9.728422760963439941e-01
9.747616052627563477e-01
9.766328930854797363e-01
4.947496950626373291e-02
2.844426631927490234e-01
9.533849358558654785e-01
1.914325915277004242e-02
3.892974555492401123e-02
1.852309852838516235e-01
4.348527193069458008e-01
9.872466325759887695e-01
9.876642227172851562e-01
8.589594364166259766e-01
9.780060052871704102e-01
9.934827089309692383e-01
9.906328320503234863e-01
5.991493538022041321e-02
3.199436515569686890e-02
9.572172760963439941e-01
2.802465483546257019e-02
1.269302144646644592e-02
4.678913578391075134e-02
4.643388390541076660e-01
9.468849301338195801e-01
9.685687422752380371e-01
9.850145578384399414e-01
9.558256864547729492e-01
9.758237004280090332e-01
9.222153425216674805e-01
1.237787082791328430e-01
1.753555685281753540e-01
6.367338299751281738e-01
5.210817232728004456e-02
9.696850180625915527e-02
2.672553658485412598e-01
1.358391493558883667e-01
9.716789126396179199e-01
9.776747822761535645e-01
9.086918234825134277e-01
9.718611240386962891e-01
9.787062406539916992e-01
9.580729007720947266e-01
8.478169143199920654e-02
1.225831285119056702e-01
3.594341874122619629e-01
8.787307739257812500e-01
7.647848874330520630e-02
1.957911849021911621e-01
4.185129404067993164e-01
9.724431037902832031e-01
9.780300259590148926e-01
9.774000644683837891e-01
9.731339216232299805e-01
9.599830508232116699e-01
9.570167660713195801e-01
1.096374914050102234e-01
9.847661852836608887e-02
5.621619224548339844e-01
9.269139170646667480e-01
2.741170115768909454e-02
2.251433432102203369e-01
3.782318234443664551e-01
9.702108502388000488e-01
9.776551127433776855e-01
9.847438931465148926e-01
9.775504469871520996e-01
9.619753360748291016e-01
9.795143008232116699e-01
9.298603236675262451e-02
1.336917430162429810e-01
4.657184183597564697e-01
6.526960730552673340e-01
7.008907198905944824e-02
5.136992037296295166e-02
2.426543682813644409e-01
9.680090546607971191e-01
9.756779074668884277e-01
9.757025241851806641e-01
9.655250310897827148e-01
9.347248077392578125e-01
9.596558809280395508e-01
8.376535028219223022e-02
1.106752753257751465e-01
5.899390578269958496e-01
6.396668553352355957e-01
6.037890911102294922e-02
6.792955845594406128e-02
2.058960199356079102e-01
9.997203946113586426e-01
9.998028874397277832e-01
9.924414157867431641e-01
9.837079048156738281e-01
9.996936917304992676e-01
7.986414857441559434e-05
7.306930492632091045e-04
7.374870777130126953e-02
2.419608533382415771e-01
8.959908882388845086e-05
4.119252262171357870e-04
2.607146464288234711e-02
1.031404510140419006e-01
9.995307922363281250e-01
9.940680265426635742e-01
9.963899254798889160e-01
2.775352895259857178e-01
9.916738867759704590e-01
3.075191564857959747e-02
1.291209273040294647e-02
1.189862377941608429e-02
8.539037108421325684e-01
1.354972459375858307e-02
2.618543617427349091e-02
7.443102076649665833e-03
4.264054298400878906e-01
9.997233152389526367e-01
9.945312738418579102e-01
9.888888597488403320e-01
4.970626831054687500e-01
7.572087049484252930e-01
3.785883262753486633e-02
4.221539944410324097e-02
1.190905049443244934e-01
5.508492141962051392e-02
9.555116295814514160e-03
2.201654389500617981e-02
3.668172657489776611e-02
3.132023289799690247e-02
9.990116357803344727e-01
9.921963810920715332e-01
9.900180697441101074e-01
3.938805311918258667e-02
2.169577181339263916e-01
9.980025291442871094e-01
7.295719813555479050e-03
1.277106404304504395e-01
5.076797604560852051e-01
4.132851958274841309e-03
1.279426459223031998e-02
1.146380007266998291e-01
2.197130471467971802e-01
9.994818568229675293e-01
9.946870803833007812e-01
9.917595386505126953e-01
1.226202324032783508e-01
1.762272119522094727e-01
9.992512464523315430e-01
1.636955421417951584e-03
1.788435727357864380e-01
5.615505576133728027e-01
1.628689095377922058e-02
1.513305678963661194e-02
9.594714641571044922e-02
2.497904002666473389e-01
9.995716810226440430e-01
9.938576817512512207e-01
9.908679723739624023e-01
9.778540134429931641e-01
9.864131212234497070e-01
9.986276626586914062e-01
1.479840371757745743e-03
9.870514273643493652e-03
3.588504791259765625e-01
4.997845971956849098e-04
3.976020030677318573e-03
2.338573336601257324e-02
2.092449963092803955e-01
9.995797872543334961e-01
9.919789433479309082e-01
9.824943542480468750e-01
9.887193441390991211e-01
9.855430722236633301e-01
9.971539974212646484e-01
1.585589634487405419e-04
5.485834553837776184e-03
5.937390495091676712e-03
8.950233313953503966e-05
1.672831131145358086e-03
3.592251800000667572e-03
2.128066727891564369e-03
9.995794892311096191e-01
9.936417341232299805e-01
9.899034500122070312e-01
6.158923506736755371e-01
9.775964617729187012e-01
9.966465234756469727e-01
3.165609901770949364e-03
2.623621374368667603e-02
1.200040131807327271e-01
5.538477301597595215e-01
9.933690540492534637e-03
8.938885480165481567e-02
2.359873503446578979e-01
9.995521306991577148e-01
9.935204386711120605e-01
9.896451234817504883e-01
9.807777404785156250e-01
9.883061647415161133e-01
9.989281296730041504e-01
1.227871864102780819e-03
1.774845644831657410e-02
4.368837550282478333e-02
5.066417455673217773e-01
5.730186821892857552e-04
7.143419981002807617e-02
1.972911208868026733e-01
9.997341632843017578e-01
9.934260845184326172e-01
9.895442128181457520e-01
9.864283204078674316e-01
9.876693487167358398e-01
9.943257570266723633e-01
1.061438582837581635e-03
6.546915043145418167e-03
5.765890330076217651e-02
3.089087009429931641e-01
3.523679697536863387e-05
6.860326393507421017e-04
8.688665926456451416e-02
9.996082782745361328e-01
9.919136166572570801e-01
9.859894514083862305e-01
9.868301749229431152e-01
9.815377593040466309e-01
9.952548742294311523e-01
2.632142975926399231e-03
1.143075898289680481e-02
2.712307125329971313e-02
2.907077968120574951e-01
1.970139419427141547e-04
4.519355483353137970e-03
8.137537166476249695e-03
5.329647064208984375e-01
9.943764209747314453e-01
9.951021075248718262e-01
9.814664125442504883e-01
9.953603744506835938e-01
1.141254305839538574e-01
6.200524047017097473e-02
1.305972691625356674e-03
7.710152864456176758e-02
2.870149165391921997e-02
2.502735517919063568e-02
1.464137341827154160e-03
2.240046486258506775e-02
9.866424798965454102e-01
9.949657320976257324e-01
9.775460362434387207e-01
9.881659746170043945e-01
9.438625574111938477e-01
9.550566971302032471e-02
2.016798034310340881e-02
1.619348078966140747e-01
8.274412900209426880e-02
2.838999591767787933e-02
1.966474018990993500e-02
3.738856315612792969e-02
3.980963304638862610e-02
9.861754775047302246e-01
9.942985177040100098e-01
9.848998785018920898e-01
9.897233247756958008e-01
9.750518202781677246e-01
9.952978491783142090e-01
3.944670408964157104e-02
1.825485378503799438e-01
4.390863776206970215e-01
6.785607431083917618e-03
6.222013384103775024e-02
1.535205990076065063e-01
1.632064133882522583e-01
9.859644770622253418e-01
9.936459660530090332e-01
9.874035716056823730e-01
9.892055988311767578e-01
8.582516908645629883e-01
9.941682815551757812e-01
1.212740913033485413e-01
1.953196823596954346e-01
4.466208219528198242e-01
4.750058054924011230e-02
1.063944422639906406e-03
1.143388971686363220e-01
2.491581290960311890e-01
9.685780405998229980e-01
9.943959116935729980e-01
9.825966954231262207e-01
9.879238009452819824e-01
9.608198404312133789e-01
9.961294531822204590e-01
1.170207113027572632e-01
7.643526047468185425e-02
2.817763388156890869e-01
2.728749997913837433e-02
1.930841058492660522e-02
2.268103184178471565e-03
2.679367959499359131e-01
9.539260864257812500e-01
9.917764067649841309e-01
7.798961400985717773e-01
9.903676509857177734e-01
8.609893321990966797e-01
9.913917183876037598e-01
1.170048564672470093e-01
4.693813994526863098e-02
1.401633489876985550e-03
2.547698281705379486e-02
1.626129820942878723e-02
7.602979312650859356e-04
3.824229061137884855e-04
9.830900430679321289e-01
9.939711689949035645e-01
9.828595519065856934e-01
9.889796972274780273e-01
9.778043627738952637e-01
9.947013854980468750e-01
1.093676835298538208e-01
4.027074202895164490e-03
1.815920770168304443e-01
6.992419958114624023e-01
1.107628224417567253e-03
8.675644546747207642e-02
4.278589189052581787e-01
9.779419898986816406e-01
9.940903186798095703e-01
9.780291318893432617e-01
9.881934523582458496e-01
9.795650839805603027e-01
9.943441152572631836e-01
1.239765956997871399e-01
2.814178913831710815e-02
3.729946538805961609e-02
8.281032443046569824e-01
3.106835111975669861e-02
1.175753325223922729e-01
3.432818651199340820e-01
9.866908788681030273e-01
9.949900507926940918e-01
9.850656390190124512e-01
9.911472797393798828e-01
9.815845489501953125e-01
9.956762194633483887e-01
8.371654152870178223e-02
3.205230925232172012e-03
5.639944970607757568e-02
3.226727545261383057e-01
1.962621137499809265e-02
1.139886677265167236e-02
7.523765414953231812e-02
9.777957797050476074e-01
9.937888383865356445e-01
9.666013121604919434e-01
9.893334507942199707e-01
9.746543765068054199e-01
9.912207722663879395e-01
1.083236634731292725e-01
2.901553176343441010e-02
4.979114513844251633e-03
4.392015337944030762e-01
3.332730010151863098e-02
2.488671056926250458e-02
1.274068024940788746e-03
9.785035252571105957e-01
9.764794111251831055e-01
9.234011173248291016e-01
9.738252758979797363e-01
4.881842136383056641e-01
8.201073110103607178e-02
1.723685562610626221e-01
5.878413841128349304e-02
5.260494351387023926e-02
5.237621441483497620e-02
4.839210584759712219e-02
5.172082036733627319e-02
4.406299814581871033e-02
9.901834130287170410e-01
9.853200912475585938e-01
9.898508191108703613e-01
8.876455426216125488e-01
9.675470590591430664e-01
9.894432425498962402e-01
8.218859136104583740e-02
1.253299135714769363e-02
9.160736799240112305e-01
8.142166770994663239e-03
2.185448259115219116e-02
2.548043616116046906e-02
9.318540990352630615e-02
9.873372316360473633e-01
9.853210449218750000e-01
9.891670346260070801e-01
9.782995581626892090e-01
9.720143079757690430e-01
9.887205362319946289e-01
5.335281044244766235e-02
2.810434997081756592e-02
8.010129928588867188e-01
1.953551545739173889e-02
8.113391697406768799e-03
1.035550725646317005e-03
7.828113436698913574e-02
9.850291013717651367e-01
9.857322573661804199e-01
9.910566210746765137e-01
9.808117151260375977e-01
9.518004655838012695e-01
9.901760220527648926e-01
9.745971858501434326e-02
4.644206762313842773e-01
8.345212340354919434e-01
5.511408671736717224e-02
4.143956303596496582e-02
7.390752434730529785e-03
3.198752924799919128e-02
9.773290157318115234e-01
9.752993583679199219e-01
6.290814876556396484e-01
9.822443723678588867e-01
9.540184140205383301e-01
3.706583082675933838e-01
1.063731834292411804e-01
6.063392758369445801e-01
5.445421487092971802e-02
3.617006912827491760e-02
1.278374940156936646e-01
4.858958721160888672e-02
4.317429661750793457e-02
9.879572391510009766e-01
9.825046062469482422e-01
9.870858788490295410e-01
9.353747963905334473e-01
9.586961269378662109e-01
9.860612154006958008e-01
6.825740635395050049e-02
1.139887869358062744e-01
2.075919136404991150e-02
8.918764591217041016e-01
3.283223137259483337e-02
3.718136996030807495e-02
4.203282892704010010e-01
9.880876541137695312e-01
9.857259988784790039e-01
9.896151423454284668e-01
9.721154570579528809e-01
7.698321342468261719e-01
9.900307655334472656e-01
6.320070475339889526e-02
1.026145070791244507e-01
4.596480727195739746e-02
1.132604479789733887e-01
2.245487272739410400e-02
1.558702625334262848e-02
4.034768417477607727e-02
9.855479001998901367e-01
9.854671955108642578e-01
9.901880621910095215e-01
9.827714562416076660e-01
9.757984280586242676e-01
9.911764860153198242e-01
6.803671270608901978e-02
9.286004304885864258e-02
4.569455981254577637e-02
7.226053625345230103e-02
6.549631059169769287e-02
5.447852984070777893e-02
2.508808672428131104e-02
9.801854491233825684e-01
9.837069511413574219e-01
9.888552427291870117e-01
9.739492535591125488e-01
9.701940417289733887e-01
9.889867901802062988e-01
6.736338883638381958e-02
7.603020220994949341e-02
4.362336546182632446e-02
6.406444311141967773e-02
5.392860621213912964e-02
6.166995689272880554e-02
1.696326211094856262e-02
9.897791147232055664e-01
9.865862727165222168e-01
9.810798764228820801e-01
8.918641805648803711e-01
9.632796645164489746e-01
9.565812945365905762e-01
1.114806160330772400e-01
1.446349173784255981e-01
6.355246901512145996e-02
2.277300693094730377e-02
7.260903716087341309e-02
5.014342069625854492e-02
6.007471680641174316e-02
9.899943470954895020e-01
9.866386651992797852e-01
9.815852046012878418e-01
9.518268704414367676e-01
9.624713659286499023e-01
2.821762263774871826e-01
4.926630109548568726e-02
7.903791964054107666e-02
2.193501591682434082e-02
1.769934035837650299e-02
3.701868653297424316e-02
1.550308465957641602e-01
1.965078711509704590e-01
9.881942868232727051e-01
9.900840520858764648e-01
9.557031393051147461e-01
9.667872786521911621e-01
9.809724688529968262e-01
9.719173312187194824e-01
5.560855194926261902e-02
1.672048866748809814e-02
9.438940905965864658e-04
3.617638722062110901e-02
9.428140707314014435e-03
3.791878698393702507e-03
1.315535046160221100e-03
9.599104523658752441e-01
9.487882256507873535e-01
7.986013889312744141e-01
9.842705130577087402e-01
9.632441401481628418e-01
9.675006270408630371e-01
1.184569969773292542e-01
4.009894430637359619e-01
7.918817400932312012e-01
4.621315002441406250e-02
1.825286597013473511e-01
2.377448678016662598e-01
1.290738284587860107e-01
9.859226942062377930e-01
9.832608699798583984e-01
9.771872162818908691e-01
9.006940126419067383e-01
9.723107814788818359e-01
8.343144506216049194e-02
6.120801717042922974e-02
1.392553001642227173e-01
4.168785512447357178e-01
4.128937423229217529e-02
8.314527571201324463e-02
1.668326854705810547e-01
1.596650779247283936e-01
9.841575622558593750e-01
9.839327931404113770e-01
9.730726480484008789e-01
9.764785766601562500e-01
9.767109155654907227e-01
9.730657935142517090e-01
1.037003770470619202e-01
1.040640845894813538e-01
5.808964967727661133e-01
2.031535506248474121e-01
2.811896800994873047e-02
2.212458550930023193e-01
2.980062067508697510e-01
9.878895282745361328e-01
9.859508275985717773e-01
9.803667068481445312e-01
9.820579886436462402e-01
9.826433658599853516e-01
9.798892140388488770e-01
6.001079082489013672e-02
1.349716484546661377e-01
3.450159430503845215e-01
6.197376921772956848e-02
6.399328261613845825e-02
3.451059758663177490e-02
3.565639629960060120e-02
9.834349155426025391e-01
9.819750785827636719e-01
9.757014513015747070e-01
9.682127833366394043e-01
9.761379957199096680e-01
9.714887738227844238e-01
9.871295839548110962e-02
1.171592473983764648e-01
5.741930603981018066e-01
1.835242509841918945e-01
5.591782927513122559e-02
7.142157107591629028e-02
2.561631202697753906e-01
9.891976118087768555e-01
9.854674339294433594e-01
9.828270673751831055e-01
3.197459280490875244e-01
8.727636337280273438e-01
3.242631256580352783e-01
9.874986410140991211e-01
2.348087280988693237e-01
8.416051268577575684e-01
5.123336240649223328e-02
4.245750233530998230e-02
1.368958353996276855e-01
5.144823193550109863e-01
9.867619276046752930e-01
9.864968657493591309e-01
9.845107197761535645e-01
9.516707062721252441e-01
9.843124747276306152e-01
9.645668268203735352e-01
9.972100853919982910e-01
1.903155446052551270e-02
6.935533285140991211e-01
7.964842021465301514e-03
6.167819257825613022e-03
6.322798877954483032e-02
5.320186614990234375e-01
9.827939271926879883e-01
9.814569354057312012e-01
9.679592251777648926e-01
9.881230592727661133e-01
9.884620904922485352e-01
9.884923100471496582e-01
9.929462671279907227e-01
7.567369192838668823e-02
2.131415717303752899e-02
1.265821233391761780e-02
5.410523340106010437e-02
1.811147108674049377e-02
1.788022927939891815e-02
9.901661276817321777e-01
9.835785627365112305e-01
9.811471104621887207e-01
3.210244476795196533e-01
7.181329131126403809e-01
9.755896925926208496e-01
9.846724271774291992e-01
4.224279522895812988e-02
2.630770504474639893e-01
8.190331459045410156e-01
3.171780332922935486e-02
1.881546527147293091e-01
4.874728024005889893e-01
9.872522950172424316e-01
9.844464063644409180e-01
9.806672334671020508e-01
9.789313077926635742e-01
9.883047938346862793e-01
8.095223307609558105e-01
9.951040148735046387e-01
1.831565983593463898e-02
4.177478328347206116e-02
5.055992603302001953e-01
5.204034969210624695e-03
1.818807609379291534e-02
1.323940157890319824e-01
9.851468205451965332e-01
9.810145497322082520e-01
9.719228744506835938e-01
9.824698567390441895e-01
9.866257905960083008e-01
9.814012646675109863e-01
9.926218986511230469e-01
1.010393425822257996e-01
1.385630071163177490e-01
6.045706868171691895e-01
4.730803892016410828e-02
6.833431869745254517e-02
7.610386610031127930e-02
9.781190752983093262e-01
9.772925376892089844e-01
9.676078557968139648e-01
9.839463829994201660e-01
9.664159417152404785e-01
9.892742633819580078e-01
9.975169301033020020e-01
6.622240692377090454e-02
9.381529092788696289e-01
2.333165332674980164e-02
1.085453573614358902e-02
2.837902866303920746e-02
3.231890797615051270e-01
9.741682410240173340e-01
9.783616065979003906e-01
8.906552791595458984e-01
9.860342741012573242e-01
9.682110548019409180e-01
9.897816181182861328e-01
9.928433299064636230e-01
1.575528532266616821e-01
9.432899951934814453e-02
3.451759368181228638e-02
2.572034113109111786e-02
3.205351531505584717e-01
1.527748852968215942e-01
9.863384962081909180e-01
9.834838509559631348e-01
9.794626235961914062e-01
9.685037136077880859e-01
9.768844246864318848e-01
9.781179428100585938e-01
9.851224422454833984e-01
6.301111727952957153e-02
2.508926689624786377e-01
9.064546227455139160e-01
5.580685660243034363e-02
1.576953381299972534e-01
5.419145226478576660e-01
9.854657649993896484e-01
9.852650165557861328e-01
9.816710948944091797e-01
9.537366628646850586e-01
9.730960130691528320e-01
9.786328673362731934e-01
9.827896952629089355e-01
6.705695390701293945e-02
2.547620534896850586e-01
8.755473494529724121e-01
2.715148404240608215e-02
1.866883933544158936e-01
5.532057881355285645e-01
9.817466735839843750e-01
9.815822243690490723e-01
9.724798798561096191e-01
9.868846535682678223e-01
9.823967814445495605e-01
9.790734648704528809e-01
9.935999512672424316e-01
6.967443972826004028e-02
1.971511840820312500e-01
7.996301054954528809e-01
3.581492975354194641e-02
3.643604367971420288e-02
3.008753061294555664e-01
9.814181923866271973e-01
9.792646765708923340e-01
9.543601274490356445e-01
9.836562871932983398e-01
9.719218015670776367e-01
9.876026511192321777e-01
9.902601242065429688e-01
8.965539932250976562e-02
3.060863316059112549e-01
7.348193526268005371e-01
2.338872849941253662e-02
2.997192367911338806e-02
2.021144926548004150e-01
9.540137648582458496e-01
6.956421732902526855e-01
4.717682600021362305e-01
9.828193187713623047e-01
9.562807083129882812e-01
9.798138141632080078e-01
9.880243539810180664e-01
1.212717518210411072e-01
4.270865023136138916e-01
5.288945138454437256e-02
1.688544750213623047e-01
6.068212538957595825e-02
1.261423900723457336e-02
9.849739670753479004e-01
9.842370748519897461e-01
9.801131486892700195e-01
9.653113484382629395e-01
9.755595326423645020e-01
9.589313864707946777e-01
9.908509850502014160e-01
9.426432102918624878e-02
3.577778488397598267e-02
8.418882489204406738e-01
9.378300979733467102e-03
9.298866242170333862e-02
5.473561882972717285e-01
9.785873293876647949e-01
9.834389686584472656e-01
9.786168336868286133e-01
9.762772917747497559e-01
9.664620757102966309e-01
9.685049653053283691e-01
9.934785962104797363e-01
1.273145377635955811e-01
2.983074784278869629e-01
7.084007859230041504e-01
4.856405034661293030e-02
2.098904997110366821e-01
5.653567314147949219e-01
9.764273762702941895e-01
9.734026193618774414e-01
9.646332263946533203e-01
9.866586923599243164e-01
9.660172462463378906e-01
9.834671020507812500e-01
9.966218471527099609e-01
1.274200975894927979e-01
5.598556995391845703e-01
4.936693608760833740e-01
6.621004641056060791e-02
2.653437852859497070e-01
1.169041693210601807e-01
9.757094383239746094e-01
9.674702286720275879e-01
8.667115569114685059e-01
9.827724099159240723e-01
9.597721099853515625e-01
9.827961921691894531e-01
9.873471856117248535e-01
1.176694482564926147e-01
3.893744349479675293e-01
7.271520495414733887e-01
5.968264490365982056e-02
2.190147340297698975e-01
9.253978729248046875e-02
9.794166684150695801e-01
9.773690700531005859e-01
9.563553929328918457e-01
9.833152890205383301e-01
9.646533727645874023e-01
9.808225631713867188e-01
9.785439968109130859e-01
1.204107254743576050e-01
1.279806941747665405e-01
2.219610959291458130e-01
9.065727144479751587e-02
2.087056040763854980e-01
8.304047584533691406e-02
9.304308295249938965e-01
9.531508088111877441e-01
6.441254615783691406e-01
9.839306473731994629e-01
9.517099857330322266e-01
9.833081364631652832e-01
9.730962514877319336e-01
2.082965075969696045e-01
4.683749079704284668e-01
4.565360397100448608e-02
8.768226951360702515e-02
2.575743794441223145e-01
1.434443742036819458e-01
9.756073951721191406e-01
9.677001833915710449e-01
9.315789341926574707e-01
9.855425357818603516e-01
9.646593332290649414e-01
9.860528111457824707e-01
9.862675070762634277e-01
1.356085240840911865e-01
2.695034444332122803e-01
8.568130433559417725e-02
4.242748767137527466e-02
1.450873464345932007e-01
9.971725940704345703e-02
9.765870571136474609e-01
9.771120548248291016e-01
9.601325392723083496e-01
9.797677397727966309e-01
9.595125913619995117e-01
9.685336351394653320e-01
9.806459546089172363e-01
1.219164356589317322e-01
1.196782737970352173e-01
4.141399860382080078e-01
6.342598199844360352e-01
2.522222399711608887e-01
2.823759615421295166e-01
9.841219782829284668e-01
9.810621142387390137e-01
9.742004275321960449e-01
9.739853143692016602e-01
9.810648560523986816e-01
9.764652252197265625e-01
9.905469417572021484e-01
9.290535002946853638e-02
1.265409439802169800e-01
1.361735910177230835e-01
4.610307514667510986e-01
3.930487483739852905e-02
9.171045571565628052e-02
9.778297543525695801e-01
9.766827821731567383e-01
9.673422574996948242e-01
9.771117568016052246e-01
9.709834456443786621e-01
9.545760154724121094e-01
9.814198017120361328e-01
1.269521415233612061e-01
1.183643415570259094e-01
3.017466664314270020e-01
5.619306564331054688e-01
6.562923640012741089e-02
2.119808346033096313e-01
9.721840023994445801e-01
9.770113229751586914e-01
9.675462245941162109e-01
9.865217804908752441e-01
9.641178846359252930e-01
9.816346764564514160e-01
9.915595054626464844e-01
1.300791054964065552e-01
9.821349382400512695e-02
1.396774202585220337e-01
2.050523459911346436e-01
3.238414973020553589e-02
4.241288080811500549e-02
9.783432483673095703e-01
9.853554368019104004e-01
9.630285501480102539e-01
9.816630482673645020e-01
9.605324268341064453e-01
9.775630235671997070e-01
9.854105710983276367e-01
1.245034113526344299e-01
1.780783981084823608e-01
3.793249726295471191e-01
5.502291321754455566e-01
3.501331806182861328e-02
1.800478845834732056e-01
9.811376929283142090e-01
9.791301488876342773e-01
9.713554382324218750e-01
9.844352602958679199e-01
9.689548015594482422e-01
9.751075506210327148e-01
9.948885440826416016e-01
1.144443303346633911e-01
6.904339045286178589e-02
5.508149415254592896e-02
7.549186795949935913e-02
4.236584156751632690e-02
2.587569318711757660e-02
