3.396385312080383301e-01
2.602314651012420654e-01
4.258593320846557617e-01
2.208241969347000122e-01
1.365398764610290527e-01
1.606346480548381805e-02
1.845520436763763428e-01
3.324427604675292969e-01
1.082206144928932190e-01
2.829528972506523132e-02
3.274917230010032654e-02
9.656932950019836426e-02
7.590062916278839111e-02
4.062371701002120972e-02
5.694504380226135254e-01
3.910622298717498779e-01
4.464267194271087646e-01
8.661821484565734863e-02
4.557453840970993042e-02
6.917826086282730103e-02
2.182207256555557251e-01
1.825340390205383301e-01
2.431310340762138367e-02
3.042221069335937500e-02
2.957978844642639160e-02
1.811943948268890381e-02
1.434471830725669861e-02
1.063300296664237976e-01
9.901846647262573242e-01
6.768258661031723022e-02
1.254169791936874390e-01
5.535882711410522461e-02
1.127101778984069824e-01
2.540382556617259979e-02
1.822420954704284668e-02
1.584280468523502350e-02
9.681658819317817688e-03
1.349162217229604721e-02
1.416576560586690903e-02
1.948058418929576874e-02
6.404856219887733459e-03
4.131764173507690430e-01
4.634002447128295898e-01
9.540367871522903442e-02
6.203581020236015320e-02
3.584693074226379395e-01
1.896064281463623047e-01
1.051670499145984650e-02
1.741560176014900208e-02
6.391751766204833984e-02
2.330676093697547913e-02
1.204387620091438293e-01
1.330075562000274658e-01
7.078635692596435547e-02
2.268660813570022583e-01
3.318955302238464355e-01
4.065602421760559082e-01
5.010516941547393799e-02
2.840900719165802002e-01
2.645301520824432373e-01
6.264089792966842651e-02
6.343821994960308075e-03
4.592735692858695984e-02
5.060015618801116943e-02
8.984682708978652954e-02
1.350916922092437744e-01
4.062128067016601562e-01
3.011797666549682617e-01
1.090391427278518677e-01
1.057745963335037231e-01
1.621876806020736694e-01
2.409806707873940468e-03
2.436568140983581543e-01
2.006497234106063843e-01
3.750965232029557228e-03
2.079093363136053085e-03
6.696519255638122559e-02
6.493922322988510132e-02
3.132948577404022217e-01
2.018857449293136597e-01
7.696926593780517578e-01
4.015553593635559082e-01
3.084927797317504883e-01
2.344380319118499756e-01
3.667588531970977783e-02
4.135297238826751709e-02
8.883683383464813232e-02
5.193594377487897873e-03
1.816026307642459869e-02
6.247348338365554810e-02
4.082221537828445435e-02
1.622909009456634521e-01
3.047957271337509155e-02
6.072871088981628418e-01
3.674629926681518555e-01
8.364443480968475342e-02
1.108896434307098389e-01
1.974358037114143372e-02
2.392143309116363525e-01
6.982275098562240601e-02
2.002639696002006531e-02
1.162482500076293945e-01
2.440811367705464363e-03
1.917136460542678833e-02
2.352175712585449219e-01
6.264521926641464233e-02
6.005215644836425781e-01
1.510048061609268188e-01
2.114352583885192871e-02
1.318978667259216309e-01
2.733014151453971863e-02
3.569130972027778625e-02
2.476942837238311768e-01
3.717409446835517883e-02
3.899522870779037476e-02
1.998636424541473389e-01
6.437476724386215210e-02
1.222081854939460754e-01
2.619852423667907715e-01
2.242947369813919067e-01
5.916822552680969238e-01
1.007489114999771118e-01
1.494466066360473633e-01
4.598947986960411072e-02
1.909130662679672241e-01
1.148733496665954590e-01
2.188590317964553833e-01
2.397194691002368927e-02
1.392620503902435303e-01
7.421456277370452881e-02
2.303574979305267334e-01
5.028901994228363037e-02
2.446452379226684570e-01
5.773600935935974121e-01
1.364043503999710083e-01
2.642834484577178955e-01
4.408817365765571594e-02
5.860704183578491211e-01
2.091418355703353882e-01
3.863784968852996826e-01
1.173781324177980423e-02
3.853359445929527283e-02
1.182862669229507446e-01
2.830334939062595367e-03
8.356282860040664673e-02
6.941630840301513672e-01
5.738008618354797363e-01
4.201409518718719482e-01
1.115221381187438965e-01
7.464289199560880661e-03
1.994664371013641357e-01
4.069802463054656982e-01
3.573909699916839600e-01
1.606013253331184387e-02
1.945213042199611664e-02
4.868626222014427185e-02
2.693079411983489990e-01
3.137627840042114258e-01
6.318806409835815430e-01
4.908952713012695312e-01
4.773401916027069092e-01
1.246230304241180420e-01
9.433577954769134521e-02
1.364776492118835449e-01
1.129900738596916199e-01
1.218536049127578735e-01
2.371442317962646484e-02
5.654337257146835327e-02
6.242976337671279907e-02
7.900010347366333008e-01
6.076987385749816895e-01
7.908564209938049316e-01
8.055897355079650879e-01
2.609580457210540771e-01
6.283920258283615112e-02
1.844418346881866455e-01
5.055838823318481445e-01
3.481082320213317871e-01
1.075441576540470123e-02
4.875735938549041748e-02
1.247205138206481934e-01
3.028760552406311035e-01
6.135581731796264648e-01
1.831459850072860718e-01
2.433993965387344360e-01
2.627873718738555908e-01
1.501242350786924362e-02
3.461737651377916336e-03
8.291933685541152954e-03
2.500976435840129852e-02
1.145275384187698364e-01
4.288231488317251205e-03
7.547312416136264801e-03
8.800569921731948853e-03
7.921043783426284790e-02
5.921273231506347656e-01
6.604377645999193192e-03
2.942982316017150879e-01
5.024182610213756561e-03
1.542128343135118484e-02
4.761807620525360107e-03
3.420161455869674683e-02
1.837701648473739624e-01
1.220301352441310883e-02
1.749840192496776581e-02
9.364368394017219543e-03
3.527987003326416016e-02
1.471005752682685852e-02
4.221941530704498291e-01
1.448716074228286743e-01
4.756558537483215332e-01
7.961297631263732910e-01
6.968785822391510010e-02
8.836600929498672485e-02
5.258405581116676331e-02
1.184873841702938080e-02
2.311094999313354492e-01
9.388695470988750458e-03
3.606312721967697144e-02
1.429089903831481934e-02
1.212322115898132324e-01
3.661874234676361084e-01
1.248659864068031311e-01
7.813898324966430664e-01
6.774619221687316895e-01
2.960125803947448730e-01
4.522581696510314941e-01
2.990424036979675293e-01
1.589313596487045288e-01
2.728811502456665039e-01
1.155604142695665359e-02
7.476950436830520630e-02
8.668357133865356445e-02
1.344973891973495483e-01
3.451339602470397949e-01
2.913453578948974609e-01
2.082027494907379150e-01
3.994340896606445312e-01
7.298660874366760254e-01
5.788917541503906250e-01
1.782317087054252625e-02
1.836603432893753052e-01
1.211325898766517639e-01
8.288658224046230316e-03
2.955484762787818909e-02
6.879509240388870239e-02
1.426497548818588257e-01
4.116933047771453857e-01
1.442905217409133911e-01
1.986327320337295532e-01
3.115318119525909424e-01
3.632320761680603027e-01
5.581970810890197754e-01
2.423587627708911896e-02
3.654031455516815186e-01
2.466235458850860596e-01
9.202358312904834747e-03
2.574074640870094299e-02
2.686212398111820221e-02
1.009070724248886108e-01
3.265117406845092773e-01
5.479090213775634766e-01
5.901153683662414551e-01
7.651396393775939941e-01
8.322415351867675781e-01
2.738090753555297852e-01
4.704006016254425049e-03
2.452883422374725342e-01
4.331478476524353027e-01
1.065667625516653061e-02
4.408570751547813416e-02
6.199827417731285095e-02
9.796445071697235107e-02
5.761075019836425781e-01
2.164937406778335571e-01
4.011340439319610596e-01
7.819256782531738281e-01
9.577369689941406250e-01
3.998338282108306885e-01
3.694812059402465820e-01
7.243580371141433716e-02
2.909067869186401367e-01
2.078026682138442993e-01
4.067607596516609192e-02
1.743877679109573364e-01
1.323391497135162354e-01
7.922978401184082031e-01
1.777281314134597778e-01
5.952561497688293457e-01
8.073113560676574707e-01
6.297528743743896484e-01
3.622464537620544434e-01
4.628441110253334045e-02
2.587207555770874023e-01
2.766940891742706299e-01
1.270662844181060791e-01
6.832783110439777374e-03
7.983221113681793213e-02
8.301685750484466553e-02
7.766276001930236816e-01
5.465186834335327148e-01
4.013068079948425293e-01
4.864616096019744873e-01
6.066882014274597168e-01
7.220162749290466309e-01
2.761820703744888306e-02
6.084362789988517761e-02
2.856343388557434082e-01
2.335686385631561279e-01
4.467877559363842010e-03
3.968743607401847839e-02
2.438492886722087860e-02
2.508536577224731445e-01
2.515667080879211426e-01
3.569903969764709473e-01
6.319322586059570312e-01
5.722975134849548340e-01
5.828853845596313477e-01
3.023600578308105469e-02
1.499176323413848877e-01
2.308283299207687378e-01
2.582983970642089844e-01
2.675880445167422295e-03
2.466962113976478577e-02
1.535140573978424072e-01
7.203000187873840332e-01
4.037140309810638428e-01
4.148303866386413574e-01
3.689957857131958008e-01
2.145854681730270386e-01
1.452915836125612259e-02
3.932757303118705750e-02
5.120818316936492920e-02
4.561894536018371582e-01
1.188730448484420776e-02
3.041723743081092834e-02
8.753581345081329346e-02
1.149031594395637512e-01
7.964336872100830078e-01
1.741303205490112305e-01
5.961419343948364258e-01
4.566006660461425781e-01
2.067953348159790039e-01
5.032712221145629883e-02
8.116848021745681763e-02
1.339537501335144043e-01
3.731378614902496338e-01
1.493156887590885162e-03
3.629704564809799194e-02
2.204274572432041168e-02
9.683379530906677246e-02
7.949064970016479492e-01
2.037061005830764771e-01
3.819057941436767578e-01
9.694581031799316406e-01
9.098898619413375854e-02
2.933419123291969299e-02
1.725486069917678833e-01
2.559082023799419403e-02
1.084178909659385681e-01
3.801699262112379074e-03
5.873896181583404541e-02
1.086037158966064453e-01
1.185681521892547607e-01
9.804648756980895996e-01
2.510930895805358887e-01
4.013339281082153320e-01
5.889909267425537109e-01
8.611097931861877441e-01
4.236480966210365295e-02
1.569085717201232910e-01
4.044244885444641113e-01
1.391525715589523315e-01
2.157759852707386017e-02
4.891066253185272217e-02
1.132698655128479004e-01
7.496091723442077637e-02
4.019533395767211914e-01
3.570961952209472656e-01
2.268387526273727417e-01
5.890247821807861328e-01
6.160337924957275391e-01
2.688419818878173828e-01
1.620151996612548828e-01
3.565549850463867188e-01
2.834218740463256836e-01
3.152224421501159668e-02
4.663976654410362244e-02
5.576811730861663818e-02
3.305400013923645020e-01
4.108989238739013672e-01
7.022152543067932129e-01
4.088944196701049805e-01
9.239166378974914551e-01
7.810742855072021484e-01
6.189709901809692383e-01
1.624445058405399323e-02
3.440938293933868408e-01
4.577139317989349365e-01
1.290580164641141891e-02
1.252274680882692337e-02
1.381101459264755249e-01
2.592546343803405762e-01
5.949448347091674805e-01
2.515292465686798096e-01
3.849418163299560547e-01
2.132148742675781250e-01
9.807468652725219727e-01
5.225070118904113770e-01
7.659137248992919922e-03
1.689645498991012573e-01
4.101943969726562500e-01
1.630599796772003174e-02
5.278666689991950989e-02
4.479661956429481506e-02
1.335173845291137695e-01
7.813819050788879395e-01
5.870243906974792480e-01
1.371535472571849823e-02
5.994949936866760254e-01
5.813912153244018555e-01
3.313332200050354004e-01
7.026051729917526245e-02
2.219369560480117798e-01
3.931354284286499023e-01
7.383577525615692139e-03
7.238260656595230103e-02
8.172633498907089233e-02
6.763587892055511475e-02
4.023296236991882324e-01
2.872857749462127686e-01
4.320510029792785645e-01
6.217969655990600586e-01
7.585377097129821777e-01
4.651750624179840088e-01
3.424675390124320984e-02
3.270711377263069153e-02
2.034955024719238281e-01
4.143946766853332520e-01
3.910922259092330933e-02
1.287663280963897705e-01
1.245971471071243286e-01
5.747755765914916992e-01
7.717353105545043945e-01
7.960791587829589844e-01
6.809854507446289062e-01
8.310095071792602539e-01
5.051113367080688477e-01
1.859996467828750610e-01
4.133735224604606628e-02
3.010021746158599854e-01
4.628760516643524170e-01
4.019339103251695633e-03
8.865612000226974487e-02
2.654448151588439941e-01
4.060210585594177246e-01
6.124801635742187500e-01
5.549179315567016602e-01
8.617666959762573242e-01
9.624133110046386719e-01
3.346001505851745605e-01
1.143602952361106873e-01
2.560497224330902100e-01
4.743264317512512207e-01
6.982607245445251465e-01
1.253039576113224030e-02
5.567575991153717041e-02
2.297668606042861938e-01
7.946701049804687500e-01
6.766808629035949707e-01
6.268817782402038574e-01
6.193367838859558105e-01
4.296133816242218018e-01
3.716065883636474609e-01
4.204272851347923279e-02
3.482628613710403442e-02
1.205555051565170288e-01
6.755274534225463867e-01
1.545897312462329865e-02
5.052512884140014648e-02
9.038373827934265137e-02
6.097667217254638672e-01
3.710956871509552002e-01
7.058303803205490112e-02
4.812213778495788574e-01
5.984603166580200195e-01
3.503640473354607821e-04
2.943879924714565277e-03
3.463213145732879639e-02
2.203814685344696045e-01
1.936502754688262939e-02
1.274074520915746689e-02
7.212451100349426270e-02
2.356040626764297485e-01
6.238985061645507812e-01
4.170656204223632812e-01
2.102397615090012550e-03
1.898787021636962891e-01
1.635277830064296722e-02
1.316342037171125412e-02
1.517359074205160141e-02
2.002977393567562103e-02
2.025231532752513885e-02
1.193467061966657639e-02
3.983982373028993607e-03
3.806218877434730530e-02
9.958165884017944336e-02
4.637514352798461914e-01
4.246974289417266846e-01
4.218493029475212097e-02
1.638018786907196045e-01
5.871777534484863281e-01
2.316713333129882812e-03
6.222217157483100891e-02
2.656315863132476807e-01
3.307809308171272278e-02
1.101734675467014313e-02
5.499025341123342514e-03
3.480287268757820129e-02
1.086833104491233826e-01
6.463187932968139648e-01
1.304869633167982101e-02
1.185414046049118042e-01
3.079220652580261230e-01
5.135120749473571777e-01
7.534979581832885742e-01
2.143648080527782440e-02
2.177937775850296021e-01
2.396168857812881470e-01
3.182314569130539894e-03
1.294787134975194931e-02
1.083788722753524780e-01
1.585246026515960693e-01
6.064472198486328125e-01
4.378322362899780273e-01
3.187720775604248047e-01
3.123941458761692047e-02
7.976157069206237793e-01
7.145024538040161133e-01
1.282289996743202209e-02
2.004694193601608276e-01
5.190532207489013672e-01
8.892893791198730469e-03
4.237839579582214355e-02
5.915433913469314575e-02
1.881430596113204956e-01
6.116383075714111328e-01
6.201260089874267578e-01
3.005498647689819336e-01
6.009485721588134766e-01
5.146284103393554688e-01
9.874948859214782715e-01
5.065930075943470001e-03
1.500167045742273331e-02
3.202549517154693604e-01
4.926565568894147873e-03
7.156277541071176529e-03
4.544796422123908997e-02
3.960370421409606934e-01
6.000413298606872559e-01
2.188630998134613037e-01
1.504876017570495605e-01
3.374946713447570801e-01
4.916732907295227051e-01
8.574528694152832031e-01
4.810645710676908493e-03
1.714986003935337067e-02
2.703643739223480225e-01
2.160347066819667816e-03
3.134975582361221313e-02
6.173298880457878113e-02
2.753416076302528381e-02
9.988510608673095703e-01
6.005714535713195801e-01
1.190277859568595886e-01
2.120534479618072510e-01
5.925734043121337891e-01
6.370834112167358398e-01
1.489777490496635437e-02
3.364513814449310303e-02
3.008076548576354980e-01
4.981778860092163086e-01
1.225102506577968597e-02
4.432687535881996155e-02
7.407261431217193604e-02
4.095674455165863037e-01
2.105262428522109985e-01
2.343493402004241943e-01
3.919028490781784058e-02
4.807816445827484131e-01
7.536258697509765625e-01
6.525236181914806366e-03
2.136510610580444336e-02
2.082881927490234375e-01
3.138703703880310059e-01
6.395483389496803284e-03
9.635873883962631226e-02
1.139050275087356567e-01
6.120429039001464844e-01
6.140202283859252930e-01
2.552596852183341980e-02
2.422383725643157959e-01
4.026108980178833008e-01
5.091395974159240723e-01
5.056482274085283279e-03
1.903388835489749908e-02
1.743078380823135376e-01
2.188300788402557373e-01
1.667446107603609562e-03
1.062449347227811813e-02
1.597460061311721802e-01
7.973195314407348633e-01
3.795557618141174316e-01
3.875438570976257324e-01
3.636316210031509399e-02
2.551893591880798340e-01
5.675594806671142578e-01
6.050151307135820389e-03
1.682187616825103760e-02
6.958065927028656006e-02
2.764499187469482422e-01
5.624216049909591675e-03
4.457943141460418701e-03
9.043561667203903198e-02
3.842615187168121338e-01
3.628273308277130127e-01
4.042526483535766602e-01
4.036083519458770752e-01
3.018026351928710938e-01
3.137250989675521851e-02
4.062043130397796631e-02
1.951991170644760132e-01
3.155320286750793457e-01
8.874775841832160950e-03
3.139750566333532333e-03
4.605487734079360962e-02
3.177157789468765259e-02
6.144565343856811523e-01
6.677779555320739746e-01
2.051051706075668335e-03
3.075812458992004395e-01
5.125707760453224182e-02
2.122372835874557495e-01
1.937691271305084229e-01
2.446519285440444946e-01
3.705238178372383118e-02
1.932026352733373642e-03
2.330169081687927246e-02
4.819165170192718506e-02
2.665641345083713531e-02
9.882724881172180176e-01
4.078182578086853027e-01
1.415812373161315918e-01
4.829987883567810059e-01
3.426261544227600098e-01
2.106641046702861786e-02
1.637994311749935150e-02
9.469832479953765869e-02
8.005428314208984375e-02
2.863948419690132141e-02
2.124355733394622803e-02
4.618756473064422607e-02
5.388135556131601334e-03
6.136595606803894043e-01
3.384350240230560303e-02
3.743824958801269531e-01
3.009872734546661377e-01
2.024574577808380127e-01
7.924026250839233398e-01
1.270617693662643433e-01
1.240054517984390259e-02
1.337009966373443604e-01
3.624147921800613403e-02
8.524807170033454895e-03
5.338945612311363220e-02
1.142378747463226318e-01
2.056709527969360352e-01
5.673602819442749023e-01
3.739910125732421875e-01
2.042692750692367554e-01
2.250609099864959717e-01
1.066324394196271896e-02
6.264667026698589325e-03
1.580386422574520111e-02
2.120184004306793213e-01
1.559645868837833405e-03
2.039213106036186218e-02
4.656491056084632874e-02
2.013817429542541504e-01
2.136358320713043213e-01
4.041330516338348389e-01
9.723563492298126221e-02
5.954562425613403320e-01
3.567628860473632812e-01
8.832640014588832855e-03
8.178366720676422119e-02
1.728207059204578400e-02
2.838328108191490173e-02
3.202132880687713623e-02
3.207577019929885864e-02
2.134405635297298431e-02
2.814555726945400238e-02
4.001388847827911377e-01
3.472301959991455078e-01
2.995125651359558105e-01
5.539072751998901367e-01
2.691535353660583496e-01
3.497214913368225098e-01
4.904711991548538208e-02
7.554064039140939713e-03
8.503475040197372437e-02
2.626554965972900391e-01
1.361441425979137421e-02
6.243720650672912598e-02
1.015014573931694031e-01
2.103851288557052612e-01
2.149264514446258545e-01
2.795643173158168793e-03
5.962353944778442383e-01
4.260906875133514404e-01
6.428115069866180420e-02
9.010589122772216797e-02
1.514965482056140900e-02
8.013603836297988892e-02
2.235216349363327026e-01
1.403923332691192627e-02
3.945239633321762085e-02
1.985437124967575073e-01
9.831579923629760742e-01
5.014479756355285645e-01
2.386956065893173218e-01
5.609873309731483459e-02
1.661178320646286011e-01
2.452801764011383057e-01
5.285464972257614136e-02
1.467660162597894669e-02
1.554468870162963867e-01
3.219692707061767578e-01
2.245704643428325653e-02
2.783616073429584503e-02
7.613040506839752197e-02
7.945050597190856934e-01
7.721382193267345428e-03
2.378641366958618164e-01
4.660649001598358154e-01
2.336925864219665527e-01
2.147711217403411865e-01
4.179017245769500732e-02
2.776410058140754700e-02
1.455366313457489014e-01
3.940572142601013184e-01
1.890444383025169373e-02
1.777046732604503632e-02
4.914533719420433044e-02
5.987672209739685059e-01
3.020966649055480957e-01
1.451424062252044678e-01
7.910257577896118164e-01
7.467083334922790527e-01
2.065896987915039062e-02
1.119601428508758545e-01
2.340586930513381958e-01
1.077010333538055420e-01
1.785024441778659821e-02
7.232660800218582153e-02
8.531141281127929688e-02
7.007642090320587158e-02
4.650034010410308838e-01
4.004400074481964111e-01
2.082798331975936890e-01
3.358433395624160767e-02
4.133006930351257324e-01
3.154238685965538025e-02
1.906709522008895874e-01
3.296108916401863098e-02
1.565415263175964355e-01
1.344145089387893677e-02
6.279511749744415283e-02
1.092074885964393616e-01
1.114725545048713684e-01
7.802267074584960938e-01
2.021053135395050049e-01
2.942855842411518097e-02
3.987016379833221436e-01
8.364233970642089844e-01
4.419177398085594177e-02
5.368184670805931091e-02
2.859260654076933861e-03
2.991421706974506378e-02
6.421566475182771683e-03
6.363197229802608490e-03
6.789070554077625275e-03
1.705697504803538322e-03
5.202454924583435059e-01
3.887218534946441650e-01
4.041208028793334961e-01
4.865146279335021973e-01
7.796306610107421875e-01
5.158412083983421326e-02
4.084798321127891541e-02
3.399894833564758301e-01
1.489484161138534546e-01
1.537355594336986542e-02
6.434590369462966919e-02
3.214487805962562561e-02
1.261495053768157959e-01
6.140639781951904297e-01
4.240993559360504150e-01
7.068908214569091797e-02
6.312139034271240234e-01
6.942273378372192383e-01
5.987401679158210754e-02
6.281485408544540405e-02
6.603409349918365479e-02
2.033337950706481934e-01
1.014028210192918777e-02
6.345751136541366577e-02
9.043747186660766602e-02
2.033845335245132446e-02
5.982919931411743164e-01
4.006514549255371094e-01
2.305448651313781738e-01
4.084840118885040283e-01
5.273185968399047852e-01
3.463303297758102417e-02
1.748464629054069519e-02
3.368927240371704102e-01
2.905345559120178223e-01
1.945019066333770752e-01
5.547180771827697754e-02
1.290088891983032227e-01
1.238286197185516357e-01
4.350447356700897217e-01
3.907324671745300293e-01
2.102959603071212769e-01
2.400576174259185791e-01
7.740534543991088867e-01
7.401192933320999146e-02
1.691197156906127930e-01
1.020055338740348816e-01
2.836667895317077637e-01
4.677267074584960938e-01
3.454883815720677376e-03
3.344735130667686462e-02
1.028202474117279053e-01
7.956165671348571777e-01
2.001729607582092285e-01
3.787368834018707275e-01
5.526884794235229492e-01
6.126421689987182617e-01
4.735426232218742371e-02
5.368258059024810791e-02
3.137268424034118652e-01
2.422160208225250244e-01
1.295165717601776123e-01
1.369087398052215576e-02
3.946422133594751358e-03
8.583444356918334961e-02
5.980861186981201172e-01
5.986763238906860352e-01
2.185936123132705688e-01
2.717824578285217285e-01
5.600526928901672363e-01
3.095872886478900909e-02
6.034865230321884155e-02
9.552770107984542847e-02
2.605686783790588379e-01
1.674041748046875000e-01
2.090614661574363708e-02
5.025004222989082336e-02
1.079457849264144897e-01
2.310343980789184570e-01
2.763238847255706787e-01
1.784956268966197968e-02
2.107878923416137695e-01
6.316120624542236328e-01
7.475723028182983398e-01
5.092842131853103638e-02
1.527679264545440674e-01
1.167837977409362793e-01
1.152119971811771393e-02
5.041619762778282166e-03
1.598111689090728760e-01
2.174583375453948975e-01
5.902062654495239258e-01
7.143340110778808594e-01
2.188594639301300049e-01
5.980787277221679688e-01
9.823395013809204102e-01
8.162863254547119141e-01
1.694284081459045410e-01
5.844821408390998840e-02
2.285875231027603149e-01
1.035333517938852310e-02
2.778266742825508118e-02
1.101662069559097290e-01
8.487506955862045288e-02
7.855170965194702148e-01
5.067225098609924316e-01
1.940054595470428467e-01
4.011985063552856445e-01
7.762459516525268555e-01
9.676425457000732422e-01
2.021173685789108276e-01
1.223179101943969727e-01
1.642883569002151489e-02
4.711161833256483078e-03
7.922979071736335754e-03
2.084366604685783386e-02
2.984963729977607727e-02
7.013726234436035156e-01
3.168715536594390869e-01
2.230031043291091919e-01
4.124025106430053711e-01
5.939297080039978027e-01
9.463888406753540039e-01
5.517720431089401245e-02
2.244122624397277832e-01
3.427608013153076172e-01
5.834828596562147141e-03
2.473922260105609894e-02
1.361542791128158569e-01
9.592492878437042236e-02
9.230453372001647949e-01
4.794247448444366455e-01
2.055451124906539917e-01
5.929259657859802246e-01
5.933194756507873535e-01
5.453360676765441895e-01
1.922967471182346344e-02
1.542295813560485840e-01
3.167287111282348633e-01
2.535134553909301758e-01
4.717500880360603333e-02
1.140528619289398193e-01
4.030570015311241150e-02
4.045038819313049316e-01
4.568018317222595215e-01
1.784636080265045166e-01
2.643909752368927002e-01
2.152789384126663208e-01
8.727425336837768555e-01
3.071816451847553253e-02
3.972342014312744141e-01
5.973912477493286133e-01
2.270733118057250977e-01
7.293798029422760010e-03
8.948750048875808716e-02
1.499024033546447754e-01
7.938555479049682617e-01
5.678912997245788574e-01
2.322619110345840454e-01
2.563588619232177734e-01
3.540399074554443359e-01
6.438510417938232422e-01
1.330350637435913086e-01
2.077092528343200684e-01
3.867774903774261475e-01
1.517232060432434082e-01
9.534168988466262817e-03
4.048630222678184509e-02
1.204499304294586182e-01
9.586930274963378906e-01
4.293139576911926270e-01
3.659027814865112305e-02
5.980623364448547363e-01
5.632160305976867676e-01
7.711155414581298828e-01
2.896562963724136353e-02
5.122712627053260803e-02
2.168439030647277832e-01
3.044962584972381592e-01
2.842075191438198090e-02
2.088433317840099335e-02
4.098105803132057190e-02
2.103903591632843018e-01
3.807524442672729492e-01
1.955658048391342163e-01
5.983515977859497070e-01
7.679712772369384766e-01
9.353348016738891602e-01
5.693398118019104004e-01
1.352962255477905273e-01
6.033490896224975586e-01
2.941394783556461334e-02
5.242524668574333191e-02
9.572518616914749146e-02
6.949854642152786255e-02
8.984213471412658691e-01
2.728087007999420166e-01
3.494340777397155762e-01
2.978668548166751862e-02
7.918190360069274902e-01
8.135093450546264648e-01
5.156139135360717773e-01
7.461884524673223495e-03
3.628028929233551025e-01
4.851920064538717270e-03
8.469294011592864990e-02
1.794647611677646637e-02
1.625447571277618408e-01
7.699466943740844727e-01
7.818897068500518799e-02
3.487556576728820801e-01
5.922674536705017090e-01
9.577001333236694336e-01
8.053336143493652344e-01
7.110922336578369141e-01
2.294005453586578369e-02
3.352335095405578613e-01
2.153776586055755615e-02
2.749582380056381226e-02
6.271529197692871094e-02
5.576614290475845337e-02
7.916021347045898438e-01
1.418226957321166992e-01
1.386962980031967163e-01
4.056515097618103027e-01
5.947839021682739258e-01
4.939931929111480713e-01
7.562269568443298340e-01
4.283616542816162109e-01
1.054480895400047302e-01
2.586783766746520996e-01
2.324753627181053162e-02
1.674021929502487183e-01
2.289387434720993042e-01
3.897802531719207764e-01
4.809808433055877686e-01
2.755135893821716309e-01
3.981054127216339111e-01
5.041096806526184082e-01
7.866090536117553711e-01
8.700858354568481445e-01
1.517364531755447388e-01
2.395090609788894653e-01
5.326403379440307617e-01
5.309317726641893387e-03
9.767587296664714813e-03
3.032420575618743896e-01
4.130648672580718994e-01
5.082391500473022461e-01
4.956347644329071045e-01
4.132462143898010254e-01
6.644504070281982422e-01
8.299570083618164062e-01
5.431580543518066406e-01
7.660637050867080688e-02
1.714757978916168213e-01
4.654141366481781006e-01
1.909182406961917877e-02
4.570470005273818970e-02
1.125703006982803345e-01
6.392668485641479492e-01
6.602985858917236328e-01
3.226547837257385254e-01
6.360362768173217773e-01
6.060465574264526367e-01
7.017558813095092773e-01
7.773634791374206543e-01
6.933372467756271362e-02
4.467259049415588379e-01
2.639731578528881073e-02
4.799616057425737381e-03
7.022891193628311157e-02
1.009588316082954407e-01
5.498861670494079590e-01
2.984080910682678223e-01
4.391907453536987305e-01
2.632439136505126953e-01
7.543751597404479980e-01
5.581222772598266602e-01
7.250650525093078613e-01
7.035523187369108200e-03
8.225373178720474243e-02
3.733936697244644165e-02
1.237068884074687958e-02
7.773371040821075439e-02
4.353917762637138367e-02
4.921974241733551025e-01
4.992072582244873047e-01
2.608928382396697998e-01
7.038527727127075195e-01
4.628554880619049072e-01
9.405338764190673828e-01
7.487176060676574707e-01
9.739902801811695099e-03
1.458652317523956299e-01
5.700764060020446777e-01
6.276354193687438965e-02
6.030578911304473877e-02
1.763590276241302490e-01
2.036555260419845581e-01
3.250007331371307373e-01
3.460443615913391113e-01
3.950379192829132080e-01
7.760666608810424805e-01
9.045311212539672852e-01
4.338994324207305908e-01
2.275198325514793396e-02
3.456971645355224609e-01
4.044663608074188232e-01
1.599069125950336456e-02
1.552665680646896362e-01
1.590103805065155029e-01
4.056240022182464600e-01
5.022883415222167969e-01
3.603269159793853760e-01
6.148157119750976562e-01
2.846239805221557617e-01
9.301218986511230469e-01
5.331340432167053223e-01
2.547374553978443146e-02
1.109820604324340820e-01
3.543846011161804199e-01
4.416801035404205322e-03
1.892730034887790680e-02
1.574798375368118286e-01
9.675036668777465820e-01
3.001698851585388184e-01
3.739227652549743652e-01
4.165012836456298828e-01
6.025575399398803711e-01
9.732382893562316895e-01
4.584053456783294678e-01
2.005469612777233124e-02
3.408526182174682617e-01
4.216403365135192871e-01
4.171958565711975098e-02
2.283140271902084351e-02
1.132655143737792969e-01
5.962041616439819336e-01
2.755700051784515381e-01
3.598387837409973145e-01
1.997131407260894775e-01
7.248725295066833496e-01
8.790458440780639648e-01
7.324928045272827148e-01
1.375788915902376175e-02
2.329389154911041260e-01
4.579543136060237885e-03
3.449137322604656219e-03
2.358790021389722824e-03
6.797546520829200745e-03
4.181804955005645752e-01
1.609346568584442139e-01
3.012194633483886719e-01
1.684553921222686768e-01
9.512754678726196289e-01
6.086752414703369141e-01
6.829230785369873047e-01
5.211541801691055298e-02
1.519860420376062393e-02
3.678532838821411133e-01
1.977898925542831421e-02
6.390701234340667725e-02
1.958556771278381348e-01
5.547842383384704590e-01
6.595728397369384766e-01
4.717262685298919678e-01
2.099655866622924805e-01
7.389845252037048340e-01
6.908955574035644531e-01
6.945413947105407715e-01
1.886061578989028931e-01
4.318549633026123047e-01
3.810297846794128418e-01
1.100288517773151398e-02
7.305277884006500244e-02
2.642447054386138916e-01
5.953083634376525879e-01
4.400225877761840820e-01
4.355591237545013428e-01
3.905274271965026855e-01
8.935120701789855957e-01
7.520263791084289551e-01
7.680348753929138184e-01
2.586131356656551361e-02
3.250525891780853271e-01
3.539880216121673584e-01
2.445060387253761292e-02
4.627632349729537964e-02
2.244586944580078125e-01
7.834988832473754883e-01
3.673441410064697266e-01
3.377552628517150879e-01
3.218836784362792969e-01
4.808474183082580566e-01
6.062759160995483398e-01
6.464890837669372559e-01
1.991048641502857208e-02
1.520901359617710114e-02
3.476738631725311279e-01
1.315214857459068298e-02
4.561061784625053406e-02
1.778416335582733154e-02
5.939944386482238770e-01
1.541865915060043335e-01
1.586939990520477295e-01
9.285137057304382324e-01
1.862582713365554810e-01
8.030395507812500000e-01
7.968605756759643555e-01
1.450435444712638855e-02
1.631078124046325684e-01
2.202100306749343872e-01
2.663326077163219452e-02
1.023346632719039917e-01
6.544734537601470947e-02
7.419657707214355469e-01
6.135853528976440430e-01
2.372550070285797119e-01
1.310121268033981323e-01
6.603983640670776367e-01
5.057815909385681152e-01
3.371866941452026367e-01
1.053971983492374420e-02
3.292987048625946045e-01
4.474851489067077637e-01
1.648498233407735825e-03
1.383431255817413330e-01
4.289867356419563293e-02
5.985176563262939453e-01
8.577431440353393555e-01
4.244578182697296143e-01
5.439755916595458984e-01
4.148208498954772949e-01
9.641560912132263184e-01
3.265949487686157227e-01
5.498591065406799316e-02
8.554995805025100708e-02
3.202930688858032227e-01
4.070989787578582764e-03
2.039259858429431915e-02
1.154527664184570312e-01
2.095607668161392212e-01
6.380647420883178711e-01
3.069452345371246338e-01
2.106095105409622192e-01
2.102810442447662354e-01
8.086270689964294434e-01
5.775973200798034668e-01
1.084023900330066681e-02
2.975805290043354034e-02
4.736084342002868652e-01
3.901174664497375488e-01
1.449577063322067261e-01
2.968885898590087891e-01
6.806825399398803711e-01
1.460494697093963623e-01
1.424731165170669556e-01
2.790466547012329102e-01
7.770763635635375977e-01
5.592543482780456543e-01
6.564475297927856445e-01
2.026098407804965973e-02
7.709697633981704712e-02
3.494262397289276123e-01
3.510705232620239258e-01
4.793700575828552246e-02
1.651374548673629761e-01
9.865841865539550781e-01
4.493792355060577393e-01
1.413872838020324707e-01
9.067336320877075195e-01
5.926867723464965820e-01
7.756398916244506836e-01
5.508775115013122559e-01
5.579393729567527771e-02
3.233075141906738281e-01
2.050678133964538574e-01
5.987074971199035645e-01
2.940505929291248322e-02
4.212298989295959473e-02
4.004085063934326172e-01
3.266086280345916748e-01
3.615514039993286133e-01
3.788458704948425293e-01
7.877094745635986328e-01
8.261370062828063965e-01
7.437723875045776367e-01
1.828667968511581421e-01
8.362244069576263428e-02
2.622218728065490723e-01
3.873308300971984863e-01
5.218230187892913818e-03
1.180213019251823425e-01
2.270416021347045898e-01
2.514413297176361084e-01
2.000024914741516113e-01
2.019897550344467163e-01
2.073067724704742432e-01
9.737288951873779297e-01
5.001518726348876953e-01
3.203563019633293152e-02
1.331520080566406250e-02
3.660831749439239502e-01
4.823014736175537109e-01
9.254856035113334656e-03
6.891065835952758789e-02
5.677734017372131348e-01
4.945000112056732178e-01
2.368168085813522339e-01
4.137558341026306152e-01
5.649083852767944336e-01
8.827809095382690430e-01
7.508044242858886719e-01
5.975883454084396362e-02
1.695343554019927979e-01
3.054197132587432861e-01
6.483545303344726562e-01
2.651466801762580872e-02
1.031987741589546204e-02
