2.596066940056446781e-01
1.860061334446072578e-01
2.462647871663165566e-01
2.580561217235718963e-01
1.923353730056148181e-01
1.271227539529385941e-01
1.886264801451209006e-01
2.758475661874119633e-01
2.504922689583439221e-01
2.192920074157882482e-01
2.160393553226290786e-01
2.340356259418722995e-01
2.005004090651009985e-01
2.363877551811478517e-01
3.995623379533368852e-02
2.254241947711866922e-01
2.114706972502456428e-01
1.536582592860633312e-01
2.401947602987862529e-01
3.325723699254635735e-01
4.109977230117902725e-01
2.922953605862298465e-01
3.533038811365258880e-01
3.483264756191951639e-01
2.603715373955380330e-01
1.679712644195555660e-01
3.002998635669288374e-01
3.404918861801539132e-01
2.112237808008873008e-01
1.824896516550674752e-01
2.589328483042593887e-01
3.224835928547410968e-01
2.748015279338197892e-01
2.838801093443740209e-01
2.984055603043928584e-01
3.216949018106578517e-01
3.496442081559507642e-01
7.731589246861421405e-02
7.443582187091980773e-02
1.215086876708692948e-01
1.208341787076698537e-01
2.979145861049248972e-02
7.446714331381788787e-02
1.555805328838547330e-01
9.697515740201477497e-02
8.963849571381825310e-02
9.839342035915112084e-02
1.702511309175371579e-01
2.919945541097736519e-01
3.073759583799423600e-01
6.615071413195667931e-03
1.976550328222493325e-01
2.452369230535113021e-01
2.577704467284739898e-01
1.808903837549171167e-01
2.803701057974352095e-01
2.736462716518621718e-01
2.841024039067773233e-01
2.586729863004830765e-01
1.239679822688974364e-01
1.975129907650188532e-01
2.378730699820677530e-01
2.381300151716301827e-01
2.082214918314063690e-01
3.071782282690389554e-01
3.232363370161354110e-01
1.929476276466700058e-01
3.173069379319293781e-01
2.375942889384587142e-01
3.321950884015817396e-01
3.797098222690132863e-01
1.872090422011052080e-01
1.994621522563438110e-01
2.544399038194499751e-01
2.596267771777303057e-01
8.938780358766962308e-02
2.603687731673508532e-01
2.698016409748771327e-01
1.376842017245787919e-01
1.312049371550668975e-01
2.288067009139922448e-01
3.324200332637085031e-01
1.720260363147714799e-01
1.703667388356437384e-01
1.747852582674624955e-01
2.601754299978175644e-01
2.092801642194479783e-01
2.478049013298004866e-01
1.854536310265057775e-01
3.094285801547322357e-01
2.018541807917065833e-01
4.525868398685676253e-01
2.882818010643509732e-01
2.152055791935149065e-01
3.524619046614904105e-01
1.156628415309429447e-01
2.053741599685543762e-01
2.254358396754609084e-01
1.260633777067666217e-01
1.845125376872042144e-01
2.317453667833783149e-01
