7.350513935089111328e-01
6.659640073776245117e-01
5.307598710060119629e-01
2.307441979646682739e-01
2.727581560611724854e-01
5.905480384826660156e-01
1.909240782260894775e-01
6.615830119699239731e-03
1.101860105991363525e-01
2.966821193695068359e-01
5.874682590365409851e-02
3.241832018829882145e-04
5.330174695700407028e-03
1.419255975633859634e-02
1.681226864457130432e-02
1.345955580472946167e-02
6.186673045158386230e-02
5.942879915237426758e-01
1.575551033020019531e-01
8.784646540880203247e-02
2.090118378400802612e-01
3.049515560269355774e-02
3.693808317184448242e-01
3.838751092553138733e-02
5.306603386998176575e-02
6.349713657982647419e-04
8.710983209311962128e-03
1.870523765683174133e-02
1.463315170258283615e-02
6.070919036865234375e-01
1.347377430647611618e-02
4.902856349945068359e-01
2.533644735813140869e-01
9.387843310832977295e-03
1.744211763143539429e-01
1.895776600576937199e-03
4.910722002387046814e-02
7.651990652084350586e-02
1.249963417649269104e-02
4.940994083881378174e-03
3.060459857806563377e-03
3.104657493531703949e-02
1.793765090405941010e-02
5.684152245521545410e-01
6.471229791641235352e-01
1.955816708505153656e-02
4.658991098403930664e-01
4.116779267787933350e-01
2.111577689647674561e-01
2.248232811689376831e-02
2.517823688685894012e-02
1.869159191846847534e-02
8.110821247100830078e-02
9.013812988996505737e-03
1.365524833090603352e-03
7.672557607293128967e-03
1.227325666695833206e-02
3.515135645866394043e-01
4.033876657485961914e-01
6.139101386070251465e-01
2.306818217039108276e-02
1.096609756350517273e-01
2.065366804599761963e-01
5.683357594534754753e-04
3.518249373883008957e-03
3.528917906805872917e-03
1.425732113420963287e-02
1.061126204149331897e-05
1.149584422819316387e-03
8.495864458382129669e-03
1.963495090603828430e-02
3.051691353321075439e-01
4.051358401775360107e-01
8.072916865348815918e-01
3.858957886695861816e-01
3.973153233528137207e-01
6.103891134262084961e-01
1.458500623703002930e-01
2.405690401792526245e-01
8.311212994158267975e-03
1.078970581293106079e-01
1.266831066459417343e-03
7.388028781861066818e-03
1.429253537207841873e-02
5.486322194337844849e-02
6.448526382446289062e-01
5.947837829589843750e-01
5.429651737213134766e-01
2.422294765710830688e-01
2.203546017408370972e-01
3.979802876710891724e-02
5.018488038331270218e-03
8.980477601289749146e-02
1.401261240243911743e-01
4.926028847694396973e-02
4.390279296785593033e-03
1.047514099627733231e-02
1.071912609040737152e-02
1.419385615736246109e-02
6.300249695777893066e-01
5.049659013748168945e-01
6.365480422973632812e-01
1.461877673864364624e-01
3.439920768141746521e-02
3.320831656455993652e-01
3.704694798216223717e-03
1.405828725546598434e-02
3.518204030115157366e-04
2.172556333243846893e-02
4.086974367965012789e-04
6.739146076142787933e-03
1.793743111193180084e-02
3.699563909322023392e-03
5.845614671707153320e-01
6.277731657028198242e-01
7.641936540603637695e-01
4.271433651447296143e-01
2.116553932428359985e-01
2.278415560722351074e-01
2.508597075939178467e-01
3.286962397396564484e-03
1.202167291194200516e-02
5.749545991420745850e-02
3.190755087416619062e-04
2.396224066615104675e-03
4.868691787123680115e-03
2.531976066529750824e-02
6.554208993911743164e-01
6.945333480834960938e-01
5.872969627380371094e-01
2.077912092208862305e-01
1.740868017077445984e-02
4.350560903549194336e-02
6.243405342102050781e-01
2.657759375870227814e-02
1.141796633601188660e-02
3.025802411139011383e-02
6.783600547350943089e-04
1.559271186124533415e-04
2.392241964116692543e-03
3.630375489592552185e-02
7.836486101150512695e-01
5.401477813720703125e-01
4.250144958496093750e-01
2.148693203926086426e-01
3.788318037986755371e-01
3.595839142799377441e-01
4.117025136947631836e-01
2.243813592940568924e-03
8.001887053251266479e-02
7.493751496076583862e-02
5.879655363969504833e-04
8.558018133044242859e-03
4.034269135445356369e-03
4.019527696073055267e-03
8.084967136383056641e-01
5.858618021011352539e-01
3.978371322154998779e-01
6.802108883857727051e-02
5.999341607093811035e-01
6.121871471405029297e-01
4.068795442581176758e-01
1.330707222223281860e-01
1.269807806238532066e-03
1.096158102154731750e-01
9.216607431881129742e-04
1.219379017129540443e-03
4.599036648869514465e-03
1.288567204028367996e-03
7.696613073348999023e-01
5.045723915100097656e-01
5.518864393234252930e-01
2.703123688697814941e-01
6.326975822448730469e-01
1.073480099439620972e-01
5.044659376144409180e-01
6.376060843467712402e-02
1.556444261223077774e-02
1.179012581706047058e-01
3.350883722305297852e-02
9.201217326335608959e-04
1.292814780026674271e-02
5.013685673475265503e-02
6.278082132339477539e-01
3.787350654602050781e-01
5.722624063491821289e-01
2.701956406235694885e-02
2.599368393421173096e-01
4.970712661743164062e-01
9.934197664260864258e-01
2.804994769394397736e-02
1.198443621397018433e-01
1.096862405538558960e-01
2.621916681528091431e-02
5.118963308632373810e-04
4.882287234067916870e-03
3.406033292412757874e-02
7.247692346572875977e-01
7.015223503112792969e-01
5.446912050247192383e-01
5.049434304237365723e-02
4.035564884543418884e-02
2.435697615146636963e-01
3.172000944614410400e-01
5.924862809479236603e-03
2.642922662198543549e-02
1.506765931844711304e-01
1.139275133609771729e-01
7.340277661569416523e-04
1.643807860091328621e-03
2.765990211628377438e-04
7.354170083999633789e-01
6.818201541900634766e-01
5.667855143547058105e-01
2.115003913640975952e-01
2.426562011241912842e-01
4.235970079898834229e-01
2.518880665302276611e-01
5.119534209370613098e-03
2.508476190268993378e-02
4.732386767864227295e-02
6.339465081691741943e-02
9.264074033126235008e-04
1.507584122009575367e-03
1.644096709787845612e-02
