2.664995007216930389e-02
1.155582815408706665e-01
2.090969532728195190e-01
7.856784015893936157e-02
4.133405536413192749e-02
1.202083453536033630e-01
3.176968395709991455e-01
9.129111655056476593e-03
5.055774468928575516e-03
1.897078007459640503e-03
2.000661045312881470e-01
7.571459747850894928e-03
6.020884029567241669e-04
4.490630701184272766e-02
6.849635839462280273e-01
1.273453533649444580e-01
5.257376655936241150e-02
1.983608677983283997e-02
1.741538941860198975e-01
3.762538731098175049e-02
5.181822553277015686e-02
1.236349157989025116e-02
1.557899117469787598e-01
3.839974105358123779e-02
2.450503408908843994e-02
4.396650195121765137e-02
3.750496357679367065e-02
8.943791501224040985e-03
1.086830198764801025e-01
5.569572746753692627e-02
2.743566408753395081e-02
1.109572723507881165e-01
9.031755849719047546e-03
8.345672860741615295e-03
1.635463908314704895e-02
1.013049185276031494e-01
1.528754364699125290e-02
1.519560255110263824e-02
3.346172720193862915e-02
3.920964431017637253e-03
1.038604183122515678e-03
1.888327300548553467e-02
8.855998516082763672e-01
5.577055364847183228e-02
3.101791255176067352e-02
4.643567800521850586e-01
3.922811895608901978e-02
8.278274908661842346e-03
1.266348874196410179e-03
8.355170488357543945e-02
1.137373074889183044e-01
3.763638809323310852e-02
5.845881998538970947e-02
4.475633427500724792e-02
9.992864131927490234e-01
1.773675084114074707e-01
7.895698398351669312e-02
2.377905547618865967e-01
2.357554584741592407e-01
1.237255893647670746e-02
6.280482280999422073e-03
3.368835896253585815e-02
2.298424839973449707e-01
8.990205824375152588e-03
2.738560736179351807e-02
3.886887803673744202e-02
1.653545796871185303e-01
4.460004568099975586e-01
1.304133385419845581e-01
6.260646879673004150e-02
2.068096026778221130e-02
1.792057789862155914e-02
6.371290422976016998e-03
7.678125053644180298e-03
1.534702256321907043e-02
7.978270761668682098e-03
2.073448151350021362e-03
2.594177052378654480e-02
1.684705168008804321e-02
1.684581045992672443e-03
9.271404743194580078e-01
1.186523213982582092e-01
1.851276308298110962e-02
3.824343439191579819e-04
3.029970824718475342e-01
3.718977561220526695e-03
1.087068580090999603e-03
1.838049590587615967e-01
3.234877809882164001e-02
2.259894832968711853e-02
3.370837774127721786e-03
4.041678085923194885e-02
6.455091759562492371e-03
9.681040048599243164e-01
1.616209149360656738e-01
5.583838000893592834e-02
3.084538970142602921e-03
4.093111157417297363e-01
1.173047199845314026e-01
6.269162520766258240e-03
9.838284552097320557e-02
1.791085600852966309e-01
1.056481432169675827e-02
2.794884145259857178e-02
4.184850305318832397e-02
2.232785150408744812e-02
8.904066085815429688e-01
1.725482344627380371e-01
5.009207874536514282e-02
4.507107194513082504e-03
2.722023725509643555e-01
1.649153232574462891e-01
4.098362848162651062e-02
1.130880862474441528e-01
1.366800069808959961e-01
3.981330618262290955e-02
3.879090538248419762e-03
4.243798926472663879e-02
9.323977679014205933e-02
5.861259102821350098e-01
1.171848177909851074e-01
6.128026172518730164e-02
7.194888778030872345e-03
2.199470400810241699e-01
2.990339323878288269e-02
8.403750136494636536e-03
1.147278584539890289e-02
8.210094273090362549e-02
2.082839142531156540e-03
2.654425054788589478e-02
4.016979783773422241e-02
1.998450420796871185e-02
8.718250989913940430e-01
1.515467464923858643e-01
5.746592208743095398e-02
6.977954879403114319e-03
1.693896800279617310e-01
4.588426649570465088e-02
8.272292092442512512e-03
1.327593927271664143e-03
1.359978169202804565e-01
6.028510397300124168e-04
3.306065627839416265e-04
3.988428413867950439e-02
2.535809203982353210e-02
7.739969491958618164e-01
1.647511124610900879e-01
6.545476615428924561e-02
7.181589957326650620e-03
1.926244944334030151e-01
7.176568359136581421e-02
9.757811203598976135e-03
1.457955804653465748e-03
1.716600954532623291e-01
7.344428449869155884e-02
4.612331395037472248e-05
4.075777530670166016e-02
2.214810438454151154e-02
4.900104701519012451e-01
1.738243401050567627e-01
4.476021602749824524e-02
5.757466424256563187e-03
2.238191515207290649e-01
1.337947249412536621e-01
4.234588146209716797e-02
2.051761373877525330e-03
7.337289303541183472e-02
1.193579807877540588e-01
4.238234832882881165e-02
3.905390202999114990e-01
9.643315076828002930e-01
2.679792940616607666e-01
1.331258863210678101e-01
7.251219451427459717e-02
9.127360582351684570e-02
3.138734102249145508e-01
9.067817777395248413e-02
1.457595266401767731e-02
1.588152348995208740e-02
1.667220443487167358e-01
1.663798242807388306e-01
6.685144454240798950e-02
3.433654904365539551e-01
2.794445957988500595e-03
1.062298268079757690e-01
2.448316663503646851e-02
8.478834629058837891e-01
4.646044224500656128e-03
2.606875635683536530e-02
1.791970990598201752e-02
5.816452670842409134e-03
5.030085798352956772e-03
1.143919024616479874e-02
1.259745471179485321e-02
2.260117791593074799e-03
6.386260986328125000e-01
2.764260582625865936e-02
8.858634829521179199e-01
4.620759934186935425e-02
3.792535141110420227e-02
4.224800691008567810e-02
3.974130004644393921e-02
3.419127315282821655e-02
2.774829417467117310e-02
6.315545737743377686e-02
1.144573464989662170e-02
3.990719839930534363e-02
4.828787222504615784e-02
1.771889925003051758e-01
5.225640535354614258e-02
1.330643892288208008e-02
6.664289236068725586e-01
5.862812697887420654e-02
5.448531359434127808e-02
2.996134757995605469e-01
1.099556833505630493e-01
4.553874488919973373e-03
7.282976526767015457e-03
1.726528704166412354e-01
1.606503874063491821e-01
9.613072499632835388e-03
4.020461142063140869e-01
2.099139243364334106e-02
6.783287525177001953e-01
2.471005767583847046e-01
8.288331329822540283e-02
9.855402708053588867e-01
5.708410590887069702e-02
2.377574145793914795e-02
1.122074723243713379e-01
2.193119190633296967e-02
2.674299106001853943e-02
2.728102728724479675e-02
3.567188605666160583e-02
3.583179116249084473e-01
3.126455470919609070e-03
1.085687205195426941e-01
1.512668579816818237e-01
2.056099660694599152e-02
1.783102937042713165e-02
1.138235721737146378e-02
6.029549986124038696e-03
1.385228615254163742e-02
1.088605541735887527e-02
1.777855097316205502e-03
1.908911578357219696e-02
1.408210117369890213e-02
4.589384198188781738e-01
1.489635650068521500e-02
8.727989196777343750e-01
1.846704035997390747e-01
7.255038619041442871e-02
7.666003890335559845e-03
3.032439649105072021e-01
1.107914671301841736e-01
7.766645401716232300e-03
1.017893329262733459e-01
7.250249385833740234e-02
6.282632052898406982e-02
4.519084468483924866e-02
3.410702645778656006e-01
1.542403642088174820e-02
9.479954838752746582e-01
1.773798614740371704e-01
7.215796411037445068e-02
1.714153401553630829e-02
2.935960292816162109e-01
8.943063020706176758e-02
1.044382061809301376e-02
5.120031535625457764e-02
1.270884126424789429e-01
1.571979932487010956e-02
3.284591808915138245e-02
4.353805780410766602e-01
2.486590668559074402e-02
6.774931550025939941e-01
2.584729492664337158e-01
9.007080644369125366e-02
9.716122150421142578e-01
3.836316168308258057e-01
2.688874304294586182e-01
4.964722692966461182e-02
1.053176745772361755e-01
1.320663243532180786e-01
8.162575215101242065e-02
1.097724400460720062e-02
2.788079380989074707e-01
1.622527278959751129e-02
7.059483528137207031e-01
1.555915027856826782e-01
6.607475876808166504e-02
2.659717202186584473e-02
1.138868704438209534e-01
3.225312754511833191e-02
9.244374930858612061e-02
9.609039872884750366e-03
1.367624402046203613e-01
1.070254202932119370e-02
4.267718642950057983e-02
2.966466844081878662e-01
1.927757635712623596e-02
6.115754842758178711e-01
1.523659825325012207e-01
6.339588761329650879e-02
2.703269012272357941e-02
1.307602971792221069e-01
2.430578693747520447e-02
3.326845169067382812e-02
6.061152555048465729e-03
1.226322576403617859e-01
1.860286295413970947e-02
1.004768186248838902e-03
3.412950336933135986e-01
1.531006861478090286e-02
7.176818847656250000e-01
1.450816541910171509e-01
5.810219049453735352e-02
1.755535416305065155e-02
1.665167361497879028e-01
2.021368779242038727e-02
1.130327861756086349e-02
5.840004887431859970e-03
9.539316594600677490e-02
1.750023290514945984e-02
2.208106219768524170e-02
2.726574540138244629e-01
4.989785254001617432e-01
1.124513745307922363e-01
9.934361577033996582e-01
9.862624406814575195e-01
9.564320556819438934e-03
2.999394945800304413e-02
3.041405463591217995e-03
1.666345819830894470e-02
1.101469062268733978e-02
1.389460917562246323e-02
7.947004400193691254e-03
1.109138480387628078e-03
2.795410454273223877e-01
9.977737665176391602e-01
8.179047107696533203e-01
1.951817870140075684e-01
3.778041806071996689e-03
2.674036920070648193e-01
1.117716506123542786e-01
1.761627942323684692e-02
4.634517244994640350e-03
8.071164786815643311e-02
1.720467954874038696e-01
1.224761642515659332e-02
2.157239359803497791e-04
1.032960340380668640e-01
4.309714771807193756e-03
1.141708530485630035e-02
8.679150938987731934e-01
8.527763187885284424e-02
2.880392782390117645e-02
5.060109496116638184e-01
2.058778405189514160e-01
6.979971379041671753e-02
6.074021570384502411e-03
2.163691073656082153e-01
2.164872437715530396e-01
1.149483323097229004e-01
1.067191660404205322e-01
4.835292696952819824e-02
9.682528972625732422e-01
6.593208312988281250e-01
9.785902500152587891e-01
1.843489110469818115e-01
4.020666480064392090e-01
1.581747978925704956e-01
4.599021375179290771e-02
2.245924063026905060e-02
2.052347213029861450e-01
1.883148550987243652e-01
5.533976852893829346e-02
1.562173515558242798e-01
1.265974938869476318e-01
9.338831305503845215e-01
4.699946939945220947e-01
9.935849308967590332e-01
9.935657382011413574e-01
1.908453106880187988e-01
1.236376315355300903e-01
4.651027545332908630e-02
6.022559478878974915e-02
7.998927682638168335e-02
1.194746494293212891e-01
5.252930801361799240e-03
4.868429899215698242e-01
9.900554418563842773e-01
2.039890885353088379e-01
1.892140507698059082e-01
9.916020631790161133e-01
3.481682240962982178e-01
3.202316164970397949e-02
1.568656228482723236e-02
4.048397764563560486e-03
2.521099895238876343e-02
4.256891459226608276e-02
3.993754275143146515e-03
2.050102775683626533e-04
2.568043768405914307e-01
3.299457132816314697e-01
9.732205867767333984e-01
4.378236830234527588e-01
1.271675080060958862e-01
9.814085364341735840e-01
2.948710322380065918e-01
3.526416718959808350e-01
7.454281207174062729e-03
7.498387247323989868e-02
1.898042559623718262e-01
5.496364086866378784e-02
6.031671073287725449e-03
2.647158503532409668e-01
3.782822191715240479e-02
9.737547636032104492e-01
5.169105529785156250e-01
1.675315052270889282e-01
9.779207706451416016e-01
2.133755534887313843e-01
3.091238737106323242e-01
6.057778000831604004e-02
4.801527038216590881e-02
1.601867824792861938e-01
7.342076301574707031e-02
7.862088084220886230e-02
5.468804016709327698e-02
4.659787714481353760e-01
9.385105967521667480e-01
2.571181356906890869e-01
9.881488680839538574e-01
9.934866428375244141e-01
2.371602356433868408e-01
3.461326062679290771e-01
1.010649874806404114e-01
3.325300291180610657e-02
1.720787435770034790e-01
6.899440288543701172e-02
2.441914519295096397e-03
4.119209051132202148e-01
1.991222798824310303e-01
9.277000427246093750e-01
2.433766275644302368e-01
9.813488125801086426e-01
9.886794090270996094e-01
3.372647762298583984e-01
2.413547486066818237e-01
1.757442653179168701e-01
7.581377029418945312e-02
5.312768369913101196e-02
7.903494685888290405e-02
8.425948908552527428e-04
4.239788651466369629e-01
9.500056505203247070e-02
9.156466126441955566e-01
2.371620088815689087e-01
9.762099981307983398e-01
4.820562303066253662e-01
3.246224522590637207e-01
2.832342684268951416e-01
1.842291802167892456e-01
8.141696453094482422e-02
7.070578634738922119e-02
1.766279041767120361e-01
8.434499613940715790e-04
3.913041949272155762e-01
9.003572911024093628e-02
9.045798778533935547e-01
3.007604181766510010e-01
3.933561146259307861e-01
9.897056221961975098e-01
3.650590181350708008e-01
2.787165939807891846e-01
3.643354028463363647e-02
6.376468390226364136e-02
5.590459704399108887e-02
1.873177587985992432e-01
7.525353133678436279e-02
2.501236088573932648e-02
9.998300671577453613e-01
9.994356632232666016e-01
2.209799140691757202e-01
7.804477587342262268e-03
3.406172618269920349e-04
4.958033096045255661e-04
1.907269324874505401e-04
4.002736532129347324e-04
4.766226920764893293e-04
1.111909397877752781e-03
3.937187557312427089e-06
2.828105425578542054e-05
2.958751842379570007e-02
9.604182243347167969e-01
9.974911808967590332e-01
2.622703462839126587e-02
5.813365578651428223e-01
1.146464142948389053e-02
3.274634713307023048e-03
8.077089674770832062e-03
1.046705711632966995e-02
1.372415106743574142e-02
1.602414995431900024e-02
3.636816109064966440e-04
1.320354058407247066e-03
8.343357592821121216e-02
1.461240500211715698e-01
9.623848795890808105e-01
5.417133122682571411e-02
9.835028648376464844e-01
1.181585062295198441e-02
3.503218293190002441e-02
7.488181814551353455e-03
1.123623829334974289e-02
1.098673511296510696e-02
1.416622195392847061e-02
1.286152866668999195e-03
3.872503526508808136e-03
4.326867461204528809e-01
9.980985522270202637e-01
9.971759319305419922e-01
2.421818487346172333e-02
3.483490049839019775e-01
1.063130423426628113e-02
3.560673445463180542e-02
2.665131352841854095e-03
1.570520107634365559e-03
5.606784485280513763e-03
1.639619469642639160e-02
5.302777281031012535e-04
3.381864516995847225e-04
9.995726346969604492e-01
9.991508722305297852e-01
9.981827139854431152e-01
3.796572610735893250e-02
4.246051888912916183e-03
7.421905174851417542e-03
5.064295692136511207e-05
8.426303393207490444e-04
2.078728539345320314e-05
2.865208953153342009e-04
1.017495524138212204e-03
1.948386125150136650e-05
9.809937182581052184e-06
2.426662743091583252e-01
8.101773262023925781e-01
9.971199631690979004e-01
8.197925239801406860e-02
2.657802030444145203e-02
4.615665674209594727e-01
1.203270256519317627e-02
2.145505324006080627e-02
4.427787847816944122e-03
1.021757349371910095e-02
1.062550768256187439e-02
3.680191934108734131e-03
3.962209739256650209e-04
3.603731095790863037e-01
6.581145524978637695e-01
9.973294138908386230e-01
1.094054728746414185e-01
2.906099148094654083e-02
8.526502847671508789e-01
6.296717561781406403e-03
2.808494865894317627e-02
4.017903003841638565e-03
6.431013811379671097e-03
1.164996344596147537e-02
1.519530825316905975e-02
1.506557106040418148e-03
5.448346212506294250e-02
9.931566119194030762e-01
9.971677064895629883e-01
3.697668015956878662e-02
8.709431886672973633e-01
9.838204085826873779e-02
6.602339446544647217e-03
3.674269095063209534e-02
4.432602319866418839e-03
5.092213395982980728e-03
1.289767865091562271e-02
9.189445991069078445e-04
3.354671061970293522e-04
8.223673701286315918e-02
9.892352223396301270e-01
9.982186555862426758e-01
9.510303288698196411e-02
9.870353937149047852e-01
6.481741368770599365e-02
8.308742195367813110e-03
1.786134392023086548e-02
1.554461545310914516e-03
3.721676766872406006e-03
3.021526150405406952e-03
7.120419177226722240e-04
1.598726375959813595e-04
3.215811252593994141e-01
7.872573137283325195e-01
9.980468750000000000e-01
9.095299988985061646e-02
3.131154552102088928e-02
7.806605696678161621e-01
8.219794370234012604e-03
2.027053758502006531e-02
1.250648288987576962e-03
8.007019758224487305e-03
7.699794601649045944e-03
1.030165143311023712e-02
2.784414100460708141e-04
4.006713926792144775e-01
8.739566802978515625e-01
9.979962706565856934e-01
9.252166748046875000e-02
7.389241456985473633e-01
7.456083297729492188e-01
6.777252536267042160e-03
2.537625096738338470e-02
7.310329470783472061e-03
2.987515181303024292e-03
4.674111027270555496e-03
1.091008726507425308e-02
5.738890729844570160e-03
7.452555745840072632e-02
9.864482283592224121e-01
9.974204897880554199e-01
9.836262464523315430e-01
3.794620186090469360e-02
4.396052956581115723e-01
2.506187260150909424e-01
2.677487581968307495e-02
6.682379171252250671e-04
8.969360589981079102e-02
1.896621882915496826e-01
2.132975459098815918e-01
7.971796003403142095e-05
4.484948813915252686e-01
9.765203595161437988e-01
9.964938759803771973e-01
9.749717712402343750e-01
7.288627624511718750e-01
3.003826141357421875e-01
1.704591959714889526e-01
2.080127783119678497e-02
2.991607645526528358e-03
1.631752997636795044e-01
2.050788700580596924e-01
1.107812672853469849e-01
3.005065256729722023e-03
1.823568716645240784e-02
9.983158111572265625e-01
9.976909756660461426e-01
6.264643669128417969e-01
1.020215172320604324e-02
5.560189485549926758e-03
1.278385525438352488e-06
1.081246417015790939e-03
2.899982500821352005e-04
3.595815505832433701e-04
1.551375135022681206e-05
5.921953925280831754e-05
2.047850102826487273e-05
2.214819192886352539e-01
7.652206718921661377e-02
9.983999729156494141e-01
1.037967503070831299e-01
3.493097126483917236e-01
1.083368528634309769e-02
2.719000168144702911e-02
1.850692497100681067e-04
1.899558446893934160e-05
6.740981712937355042e-03
3.508387878537178040e-02
7.087901234626770020e-03
1.276970760955009609e-05
2.313922047615051270e-01
9.958164095878601074e-01
9.973285794258117676e-01
8.557643294334411621e-01
2.905395440757274628e-02
1.392962504178285599e-02
4.405201673507690430e-01
2.683698534965515137e-01
2.654537325724959373e-03
1.534644365310668945e-01
2.332539856433868408e-01
1.027590781450271606e-01
2.389803994446992874e-04
1.960148513317108154e-01
2.055729925632476807e-02
9.966149330139160156e-01
6.475931406021118164e-01
1.023572590202093124e-02
4.703196287155151367e-01
6.753876805305480957e-02
1.219473555684089661e-01
6.780248135328292847e-02
5.073598772287368774e-02
3.133425116539001465e-02
6.694968789815902710e-02
2.091973461210727692e-02
1.180037483572959900e-02
9.983990788459777832e-01
9.977304935455322266e-01
4.341949820518493652e-01
2.848311560228466988e-03
4.288163501769304276e-03
2.960818111896514893e-01
2.127165496349334717e-01
1.270209206268191338e-03
1.540903758723288774e-04
1.087105572223663330e-01
1.668018958298489451e-04
9.280155791202560067e-05
1.974164247512817383e-01
9.418507814407348633e-01
9.985275864601135254e-01
3.182477653026580811e-01
1.451171040534973145e-01
3.255734592676162720e-02
5.679390951991081238e-02
1.382265836000442505e-01
3.332312405109405518e-02
1.402672845870256424e-03
2.632952481508255005e-02
4.616492427885532379e-03
4.995254494133405387e-05
2.188549786806106567e-01
1.079468652606010437e-01
9.982741475105285645e-01
4.068563282489776611e-01
1.849958440288901329e-03
2.754235267639160156e-01
8.204313367605209351e-02
1.525721997022628784e-01
4.933647066354751587e-02
5.034393165260553360e-03
3.487531468272209167e-02
9.682146459817886353e-02
1.488959242124110460e-04
2.039039880037307739e-01
1.919263042509555817e-02
9.981818199157714844e-01
4.125570356845855713e-01
4.302199464291334152e-03
3.776229321956634521e-01
4.537861794233322144e-02
9.120480716228485107e-02
6.734719872474670410e-02
4.827119875699281693e-03
3.888805955648422241e-02
1.968677714467048645e-02
5.434259399771690369e-02
1.069952249526977539e-01
4.441167693585157394e-04
6.580434739589691162e-02
1.274095661938190460e-02
7.717128396034240723e-01
5.447996407747268677e-02
4.297766089439392090e-01
2.735738158226013184e-01
7.397770881652832031e-02
2.499234164133667946e-03
1.939878612756729126e-01
2.072637379169464111e-01
1.267752647399902344e-01
9.136568754911422729e-03
1.305286586284637451e-02
9.932130575180053711e-01
9.667736291885375977e-01
8.760102391242980957e-01
8.626553416252136230e-01
3.904864788055419922e-01
2.690696157515048981e-02
1.562310755252838135e-02
6.848625093698501587e-02
1.678690016269683838e-01
5.375458672642707825e-02
5.806864704936742783e-03
6.746804714202880859e-02
9.949313402175903320e-01
9.958154559135437012e-01
4.724735319614410400e-01
1.903333812952041626e-01
3.878990421071648598e-03
1.567223519086837769e-01
7.402831106446683407e-04
9.604054503142833710e-05
7.606697082519531250e-02
3.732784464955329895e-02
6.782722193747758865e-04
2.394223847659304738e-04
1.391231454908847809e-02
1.565830707550048828e-01
9.939218163490295410e-01
9.690816402435302734e-01
4.113546609878540039e-01
3.431112766265869141e-01
2.044794857501983643e-01
3.807332813739776611e-01
1.389222685247659683e-02
7.287581264972686768e-02
2.180135995149612427e-01
6.057680398225784302e-02
2.397517208009958267e-03
2.115285694599151611e-01
2.778697013854980469e-02
9.944325685501098633e-01
9.905788898468017578e-01
4.801506400108337402e-01
5.906216427683830261e-02
1.091440692543983459e-01
3.805750310420989990e-01
1.824195683002471924e-01
1.286326907575130463e-02
1.683897674083709717e-01
2.139025628566741943e-01
8.894348144531250000e-02
1.110484823584556580e-02
9.106860160827636719e-01
9.935488700866699219e-01
9.733831286430358887e-01
7.342054247856140137e-01
5.613446235656738281e-01
1.932787299156188965e-01
4.861818253993988037e-01
3.037157468497753143e-02
7.012368645519018173e-03
1.849448233842849731e-01
2.629184350371360779e-02
4.898204933851957321e-03
6.245961412787437439e-02
8.040307164192199707e-01
9.949910044670104980e-01
9.646833539009094238e-01
9.656068086624145508e-01
1.056893914937973022e-01
2.775977849960327148e-01
2.942879199981689453e-01
2.409851998090744019e-01
4.662643652409315109e-03
8.184050768613815308e-02
1.173656657338142395e-01
4.791260871570557356e-04
2.750612050294876099e-02
7.197149097919464111e-02
9.944136738777160645e-01
9.805523753166198730e-01
3.327655196189880371e-01
8.360292315483093262e-01
2.319249212741851807e-01
3.145909011363983154e-01
1.156263872981071472e-01
2.380867861211299896e-02
4.274078831076622009e-02
1.649596840143203735e-01
1.336659770458936691e-03
1.258192211389541626e-01
8.068712055683135986e-02
9.943133592605590820e-01
9.795626401901245117e-01
3.488840162754058838e-01
7.955838441848754883e-01
2.612249255180358887e-01
2.990656793117523193e-01
1.117870509624481201e-01
2.018911391496658325e-02
3.257976472377777100e-02
1.849990040063858032e-01
1.680408418178558350e-01
1.689976081252098083e-02
3.464730829000473022e-02
9.413472414016723633e-01
9.645605087280273438e-01
8.531255722045898438e-01
9.918781518936157227e-01
3.611190617084503174e-01
1.493869274854660034e-01
3.161475434899330139e-02
4.601330310106277466e-02
1.513121724128723145e-01
8.807307481765747070e-02
1.545302104204893112e-02
5.763934925198554993e-02
9.844562411308288574e-01
9.949566125869750977e-01
5.598315000534057617e-01
1.958249658346176147e-01
1.649315804243087769e-01
9.957519918680191040e-02
8.359332568943500519e-03
1.756783749442547560e-04
6.978348642587661743e-02
4.617517441511154175e-02
6.097145844250917435e-03
5.042054690420627594e-04
2.238201498985290527e-01
2.747061550617218018e-01
8.454467356204986572e-02
9.455887675285339355e-01
7.476856112480163574e-01
1.186750829219818115e-01
1.469987034797668457e-01
4.358102381229400635e-01
1.857517659664154053e-02
4.056006669998168945e-02
2.268405556678771973e-01
1.069192439317703247e-01
4.510958492755889893e-02
3.043897449970245361e-01
6.183129176497459412e-02
9.897737503051757812e-01
9.712420105934143066e-01
3.544811010360717773e-01
9.733682274818420410e-01
2.265535593032836914e-01
3.195491433143615723e-01
5.789452046155929565e-02
4.771490022540092468e-02
1.609613150358200073e-01
7.649096101522445679e-02
2.022445201873779297e-02
1.203608140349388123e-02
8.251253515481948853e-02
9.791611433029174805e-01
9.745421409606933594e-01
6.892287731170654297e-01
9.833114743232727051e-01
2.238767445087432861e-01
4.416117370128631592e-01
1.223984062671661377e-01
1.726661808788776398e-02
1.639792621135711670e-01
6.661541759967803955e-02
1.054337248206138611e-02
8.805955201387405396e-02
5.722605809569358826e-02
9.902159571647644043e-01
9.609085321426391602e-01
2.288071513175964355e-01
9.834879636764526367e-01
2.505106925964355469e-01
2.836481332778930664e-01
1.351160109043121338e-01
2.753723785281181335e-02
4.293803498148918152e-02
1.224876940250396729e-01
3.675227984786033630e-03
1.062196642160415649e-01
3.683408349752426147e-02
9.882162809371948242e-01
9.758583903312683105e-01
2.707275450229644775e-01
9.796671271324157715e-01
2.075186371803283691e-01
2.972793281078338623e-01
1.959824413061141968e-01
7.778868824243545532e-02
5.131398513913154602e-02
1.580762565135955811e-01
2.184777706861495972e-02
3.076327145099639893e-01
3.753396868705749512e-02
9.794808030128479004e-01
9.626750349998474121e-01
5.175083279609680176e-01
9.313572645187377930e-01
9.699996560811996460e-02
3.110976815223693848e-01
6.204774975776672363e-02
4.249142855405807495e-02
2.746409736573696136e-02
1.523431092500686646e-01
7.533638924360275269e-02
1.333504915237426758e-02
9.969923496246337891e-01
9.970358014106750488e-01
3.486860990524291992e-01
2.113122642040252686e-01
7.568159699440002441e-01
1.980319470167160034e-01
3.446597373113036156e-03
2.998185809701681137e-04
5.577349220402538776e-04
1.623625517822802067e-03
4.760286305099725723e-03
7.014915172476321459e-05
2.737089395523071289e-01
3.738205507397651672e-02
9.940524697303771973e-01
8.715597391128540039e-01
2.667208015918731689e-01
9.912882447242736816e-01
9.726007580757141113e-01
1.711373329162597656e-01
9.420946240425109863e-03
4.254331067204475403e-02
1.007767692208290100e-01
1.974445581436157227e-02
1.178973354399204254e-03
3.441267311573028564e-01
4.887915551662445068e-01
9.945552945137023926e-01
8.969131112098693848e-01
4.429917335510253906e-01
3.630507886409759521e-01
9.812467694282531738e-01
1.676285564899444580e-01
2.533386275172233582e-02
3.712519258260726929e-02
5.111639946699142456e-02
2.699392288923263550e-02
4.861533269286155701e-02
1.469699759036302567e-02
9.746973514556884766e-01
9.949978590011596680e-01
7.372828722000122070e-01
2.685935795307159424e-01
9.809007644653320312e-01
6.666625142097473145e-01
4.782484844326972961e-02
9.559164755046367645e-03
5.497605074197053909e-03
3.369612991809844971e-02
1.385461259633302689e-02
3.120334295090287924e-04
3.452602922916412354e-01
5.466504693031311035e-01
9.955778121948242188e-01
8.065567612648010254e-01
2.838871479034423828e-01
9.926912784576416016e-01
9.889270067214965820e-01
7.288447767496109009e-02
1.059417054057121277e-01
1.383065897971391678e-02
6.053619459271430969e-02
2.699582651257514954e-02
5.792957381345331669e-04
3.110145926475524902e-01
8.264021873474121094e-01
9.957148432731628418e-01
7.752037644386291504e-01
3.036317527294158936e-01
8.951535820960998535e-01
9.729140400886535645e-01
1.076818034052848816e-01
6.478734314441680908e-02
1.459091808646917343e-02
3.492113947868347168e-02
3.373088315129280090e-02
4.712746292352676392e-02
3.925805091857910156e-01
6.356931328773498535e-01
9.958879947662353516e-01
3.747453689575195312e-01
1.839268356561660767e-01
1.063463985919952393e-01
6.218884587287902832e-01
9.971201419830322266e-02
7.280169986188411713e-03
1.481206715106964111e-01
3.160434216260910034e-02
3.664070367813110352e-02
9.721653186716139317e-04
2.328011691570281982e-01
6.475514918565750122e-02
9.968205094337463379e-01
2.250275760889053345e-01
1.736970543861389160e-01
1.058334112167358398e-01
9.402590990066528320e-01
2.067380025982856750e-02
3.819419536739587784e-03
4.928259178996086121e-02
5.476062651723623276e-03
2.379078231751918793e-02
1.818015240132808685e-02
1.623031497001647949e-02
9.964412450790405273e-01
9.972086548805236816e-01
1.570451557636260986e-01
1.884516179561614990e-01
9.861678481101989746e-01
3.255330026149749756e-01
3.956997022032737732e-02
4.045043606311082840e-03
5.972564686089754105e-04
1.246778410859405994e-03
3.680865513160824776e-03
5.389395664678886533e-05
3.529002070426940918e-01
9.063756465911865234e-02
9.964415431022644043e-01
1.646656543016433716e-01
1.696707904338836670e-01
4.572947695851325989e-02
9.594780206680297852e-01
2.470584027469158173e-02
6.742369849234819412e-03
3.643405623733997345e-03
6.401900202035903931e-02
1.617105794139206409e-03
1.006110978778451681e-04
2.618330419063568115e-01
1.003654375672340393e-01
9.968794584274291992e-01
2.517408132553100586e-01
1.296851783990859985e-01
4.691291972994804382e-02
2.911707013845443726e-02
3.771400451660156250e-02
5.629379302263259888e-03
7.750636897981166840e-03
1.426326632499694824e-01
3.044834733009338379e-02
1.766836503520607948e-04
2.377979755401611328e-01
7.672307640314102173e-02
9.972898960113525391e-01
1.086530834436416626e-01
1.674004048109054565e-01
4.682791233062744141e-02
9.405354261398315430e-01
1.623592339456081390e-02
4.004347603768110275e-03
6.339868530631065369e-03
1.155996136367321014e-02
9.950610809028148651e-03
1.741557382047176361e-02
3.606460094451904297e-01
2.290882170200347900e-01
9.940754771232604980e-01
9.195343255996704102e-01
2.214285731315612793e-01
7.593241333961486816e-02
9.835734963417053223e-01
3.868431448936462402e-01
1.877150982618331909e-01
7.152266800403594971e-02
1.131530180573463440e-01
7.574377954006195068e-02
3.218813240528106689e-02
2.522388100624084473e-01
1.737319082021713257e-01
9.940663576126098633e-01
8.834756016731262207e-01
3.826374709606170654e-01
4.471634924411773682e-01
9.873341917991638184e-01
3.097608685493469238e-01
3.218370974063873291e-01
9.532370604574680328e-03
1.742838472127914429e-01
7.713394612073898315e-02
8.530070772394537926e-04
3.775995671749114990e-01
1.087985932826995850e-01
9.947813153266906738e-01
9.137388467788696289e-01
2.223989367485046387e-01
7.756272703409194946e-02
9.899317026138305664e-01
2.783238589763641357e-01
1.988524347543716431e-01
7.708012592047452927e-03
4.581070691347122192e-02
2.545556344557553530e-04
2.093786170007660985e-04
3.966841101646423340e-01
4.651173949241638184e-02
9.939637184143066406e-01
9.001148343086242676e-01
2.334339171648025513e-01
7.376739382743835449e-02
9.883339405059814453e-01
3.638535439968109131e-01
2.853391170501708984e-01
9.301617741584777832e-03
7.097957283258438110e-02
1.361228674650192261e-01
3.012722590938210487e-04
3.709026873111724854e-01
5.377440527081489563e-02
9.943915009498596191e-01
9.195470809936523438e-01
2.219659388065338135e-01
7.621830701828002930e-02
9.426248669624328613e-01
3.941081166267395020e-01
1.848942786455154419e-01
8.006877265870571136e-03
7.128082215785980225e-02
1.356891691684722900e-01
7.789603620767593384e-02
3.115589618682861328e-01
6.381440162658691406e-01
9.945596456527709961e-01
8.863303661346435547e-01
2.793039381504058838e-01
5.987277030944824219e-01
9.735748171806335449e-01
2.729839980602264404e-01
3.266576230525970459e-01
8.586143702268600464e-02
1.078219711780548096e-01
9.715732932090759277e-02
3.076189011335372925e-02
3.105333447456359863e-01
6.963887065649032593e-02
9.951903223991394043e-01
8.586494326591491699e-01
2.122853845357894897e-01
1.046079993247985840e-01
9.478574991226196289e-01
2.804501950740814209e-01
1.561933606863021851e-01
1.272572726011276245e-01
7.277292013168334961e-02
5.645438283681869507e-02
4.085715860128402710e-02
3.515931367874145508e-01
6.356157362461090088e-02
9.942489266395568848e-01
9.386041760444641113e-01
2.752010226249694824e-01
1.231536418199539185e-01
9.815047979354858398e-01
2.823794484138488770e-01
2.197040468454360962e-01
8.277150988578796387e-02
4.888064041733741760e-02
1.429254114627838135e-01
9.606377780437469482e-02
1.172298099845647812e-02
9.925445318222045898e-01
9.962941408157348633e-01
5.735419988632202148e-01
2.213956117630004883e-01
3.616220951080322266e-01
4.957629442214965820e-01
3.920422196388244629e-01
1.908780187368392944e-01
4.561794456094503403e-03
2.794736064970493317e-03
9.351511485874652863e-03
1.140580570790916681e-04
2.459942400455474854e-01
9.259966015815734863e-01
9.955905079841613770e-01
7.698982954025268555e-01
2.434547543525695801e-01
9.843652248382568359e-01
9.157167077064514160e-01
3.505202531814575195e-01
1.939348280429840088e-01
8.059382438659667969e-02
5.516442470252513885e-03
1.022017151117324829e-01
1.856195449363440275e-04
2.424880415201187134e-01
9.338939785957336426e-01
9.958084821701049805e-01
7.244240045547485352e-01
2.455337643623352051e-01
9.731751680374145508e-01
9.516120553016662598e-01
3.526697754859924316e-01
2.228704094886779785e-01
1.385132968425750732e-01
1.255311537533998489e-02
1.148213446140289307e-01
1.157815679907798767e-01
3.165878951549530029e-01
8.715108633041381836e-01
9.964751601219177246e-01
6.423086524009704590e-01
2.365133166313171387e-01
3.336964249610900879e-01
9.845991730690002441e-01
1.755644828081130981e-01
2.550325691699981689e-01
1.133155226707458496e-01
1.191774941980838776e-02
1.096962392330169678e-01
2.160473959520459175e-04
2.553195655345916748e-01
8.703824877738952637e-01
9.963909387588500977e-01
5.515393018722534180e-01
2.042821794748306274e-01
1.191764622926712036e-01
9.658296704292297363e-01
1.078287214040756226e-01
6.337057799100875854e-02
1.278929114341735840e-01
4.617048799991607666e-02
1.120686456561088562e-01
4.178387671709060669e-02
2.879233360290527344e-01
1.108753904700279236e-01
9.961165189743041992e-01
4.001335501670837402e-01
1.985109746456146240e-01
1.275619864463806152e-01
9.575142264366149902e-01
1.281285881996154785e-01
1.200171858072280884e-01
8.377421647310256958e-02
4.965053871273994446e-02
1.214069873094558716e-01
8.593820035457611084e-02
