6.445700160693377256e-01
5.843780676189523904e-01
6.044653765834832049e-01
4.347937222964202153e-01
7.140206352700121384e-01
4.108056397033998386e-01
2.642329235448134805e-01
4.240744086705498517e-01
5.115144992700012549e-01
6.479123979806900024e-01
5.474376139732507474e-01
7.544704761642676560e-01
7.929925299607790690e-01
6.772775797289796174e-01
3.323568652939194457e-01
6.080265099970767473e-01
5.414758069763103698e-01
3.881830369623807675e-01
2.963093337384634651e-01
4.433497329883817617e-01
5.989975754284666554e-01
7.538718065390219714e-01
7.433376587354220133e-01
7.284702230244874954e-01
7.278290941165044270e-01
7.563150381812682177e-01
6.803143007430032529e-01
7.541599108773285876e-01
5.744668837779989268e-01
8.212808101223065815e-01
8.848962508715115804e-01
7.098739445209503174e-01
5.224528027555117582e-01
7.935172869608952961e-01
7.487904429435729980e-01
8.295959004989037489e-01
8.934428646014287434e-01
6.540958582294339463e-01
5.727841262168322789e-01
7.547243194690403945e-01
4.699994499611560572e-01
4.104151019032236669e-01
6.289181063900917135e-01
7.894100634416995055e-01
8.444584398306548279e-01
7.137608716584509239e-01
7.114670573232265705e-01
8.284882123653705133e-01
4.408209540236454616e-01
7.467092413168686660e-01
6.192565328226640187e-01
6.294614419054526122e-01
3.041381939712244908e-01
6.013326321800167573e-01
8.568040843193347467e-01
5.192449944308743515e-01
7.298697439523843533e-01
7.956048616996178602e-01
7.607847452163696289e-01
6.771058872915231008e-01
4.064488508206260398e-01
6.783030746647944476e-01
7.716075651204357122e-01
8.386723937896581882e-01
7.969950345846322781e-01
7.456126963863005663e-01
8.321376099036290608e-01
8.218362392284549456e-01
6.665864980716903476e-01
4.821016711111252295e-01
7.765232404837241198e-01
7.643848287049107570e-01
8.030633238645700223e-01
8.766044790928180230e-01
8.654028223111078777e-01
5.889648446094585266e-01
8.035297600122598416e-01
8.333411755470129245e-01
8.901376586693984239e-01
7.677612936374946795e-01
8.512780024455144368e-01
6.576510518789291382e-01
7.244409597837008219e-01
8.231168647269861971e-01
6.723806699760294103e-01
7.604707657144620381e-01
8.473933639291387765e-01
7.566889833945494859e-01
7.880615612062124020e-01
7.495908019927111088e-01
7.855216193084533227e-01
7.256078985161505956e-01
7.936068641451688999e-01
7.144182949112012349e-01
9.020279004023625813e-01
7.099110257740204322e-01
8.337312610103533306e-01
8.516178635450509793e-01
8.367813092011672227e-01
8.628400380794818414e-01
9.023336034554702012e-01
