2.037002257465456434e-01
2.673153193810811623e-01
2.424609528030627070e-01
2.334150911841648968e-01
2.424249794650957246e-01
1.562677265968746843e-01
1.882038370688230988e-01
1.816021863084573140e-01
2.817395423234512197e-01
1.819918076149546204e-01
1.706164682713838809e-01
2.809077765649327652e-01
2.542654665079541187e-01
2.694340909544665208e-01
9.578684767564901725e-02
2.872542154492783717e-01
2.791057502461346540e-01
2.688276708179798136e-01
2.693211059444226008e-01
3.043389426401028053e-01
3.199969983946245322e-01
2.822157789308291087e-01
2.937178702380221496e-01
2.738318934750098577e-01
3.000573513742822995e-01
1.876188942875999799e-01
3.445619717240333557e-01
3.470217106469835056e-01
5.051645682408258953e-01
4.442397975004636068e-01
2.437492437803974454e-01
3.346524714277340773e-01
3.898367102060896761e-01
3.812477894781085563e-01
2.113445821003271941e-01
3.274776482811340705e-01
3.041243927481656062e-01
1.610853040209008213e-01
1.254387539274130769e-01
1.801558428246957666e-01
1.751865370628925556e-01
3.032006409305792460e-01
2.157208797736809847e-01
1.960623093809072681e-01
3.044385188259184361e-01
2.155613758010216652e-01
3.006653497443319556e-01
2.184658382947628208e-01
3.337446724852690116e-01
3.804339888290717009e-01
1.407533009791782641e-01
3.161508076322766536e-01
2.350974095125611119e-01
2.988294762774155733e-01
2.748537698644213378e-01
3.472207953723577267e-01
3.516701706685125828e-01
3.273581275000022051e-01
2.324510130744714131e-01
3.054081906492893683e-01
2.888216167115248423e-01
3.590307157629957779e-01
3.220340881514577869e-01
2.710490877238603824e-01
3.415466329226127251e-01
3.881599421684558404e-01
4.172963617691913263e-01
3.512696736277295950e-01
2.286186707206070423e-01
2.445636763624441656e-01
4.012140653167779458e-01
5.238465024874761067e-01
2.948618770863574157e-01
2.760461819573090669e-01
4.779888563431226034e-01
3.805976243546375648e-01
2.938429010100662708e-01
3.275365482371013770e-01
4.349258301349786526e-01
3.257835344769633990e-01
3.172869481719456930e-01
3.236570209264755249e-01
3.020435006429369462e-01
3.389137241129691613e-01
4.187758042333790676e-01
3.779205396198309641e-01
2.032955764936139886e-01
2.873427793383598328e-01
3.661292734054418796e-01
3.020743736280844804e-01
3.344767568722510354e-01
4.047207969885606160e-01
4.611279391325436849e-01
3.194271072458762517e-01
4.520819336175918579e-01
4.232559516452826243e-01
3.717532193718048328e-01
3.172632361977146265e-01
3.542000770282286992e-01
4.105468241927715534e-01
4.039643634683810491e-01
