2.206989023118064996e-01
2.683013870130078193e-01
1.605434777716604478e-01
1.643962741005592643e-01
3.040231161016541117e-01
2.315568413155583150e-01
1.947530355179109274e-01
1.681343164438238447e-01
2.051105262138522567e-01
3.070535513285834184e-01
2.724487608871780653e-01
2.428441662878657870e-01
2.249459888284596198e-01
3.555232732055279010e-01
8.855764053833599381e-02
2.248246957972766524e-01
2.708787820481050601e-01
2.630313454518237726e-01
1.550523354313694535e-01
3.074160960610382576e-01
2.234845562085795989e-01
3.011653688736259937e-01
2.741198436572001573e-01
3.614712705692419425e-01
3.162080404044200765e-01
2.877135719709957851e-01
3.045948731283155686e-01
1.974644051649822596e-01
3.670245024751728757e-01
3.675074056328202499e-01
2.707993711541908377e-01
3.480481678405060175e-01
4.823578690769724231e-01
4.971002151186649787e-01
4.841601685799944987e-01
3.613389621202189317e-01
3.437751246562514296e-01
1.808450278252936305e-01
1.851478506354256870e-01
1.975318573128718724e-01
2.772076588410597453e-01
2.040579186824078850e-01
2.255279817887080318e-01
2.693298356070255029e-01
2.049862584099173546e-01
3.075051202814882978e-01
1.515607611055691806e-01
1.691024697905119667e-01
3.614667565561830997e-01
3.868327060212882751e-01
2.294135789718264040e-01
1.917580453714785582e-01
2.735961826804738650e-01
2.096543862269474867e-01
3.761748086947661052e-01
4.041741660240894540e-01
3.143874153208274236e-01
3.211917942524171177e-01
3.488868047357894797e-01
3.585415181632225501e-01
2.195865720994054082e-01
2.457074088474305862e-01
3.239622562407301065e-01
3.716472855840737832e-01
3.687991794162931436e-01
3.183620720385358926e-01
2.826116633458206073e-01
3.823584393383218649e-01
3.734369050138272028e-01
2.476172357743892660e-01
3.304622964933514595e-01
5.056918704738984083e-01
3.765111082108117957e-01
2.989852003072603348e-01
3.597019189932885164e-01
3.461645920402728338e-01
2.707480301435750136e-01
2.857312720018224117e-01
3.665126410241310584e-01
3.471791558684064749e-01
3.130121131499226106e-01
2.984389443792259677e-01
2.445419374853372574e-01
3.611603869268527611e-01
2.906891470058606264e-01
3.161144973351978082e-01
2.886049237388830790e-01
2.617275095186554212e-01
2.610951980862479815e-01
3.832184407555569994e-01
3.195500037041850705e-01
3.796446448765121717e-01
4.391372308421593318e-01
3.994680509383145561e-01
4.246703460454367418e-01
4.839411228895187378e-01
4.475778987487921134e-01
2.605370426093801539e-01
3.324619348501213212e-01
3.587033327919645909e-01
3.733104295455492716e-01
