2.869356274604797363e-01
2.064369171857833862e-01
3.439527153968811035e-01
3.973209559917449951e-01
7.786782979965209961e-01
1.720370054244995117e-01
2.413594909012317657e-02
6.953545659780502319e-02
6.761639118194580078e-01
5.383104681968688965e-01
4.740278720855712891e-01
1.986068487167358398e-02
1.524713486433029175e-01
7.122311592102050781e-01
6.260356903076171875e-01
4.580597742460668087e-04
1.326013716607121751e-05
4.510479867458343506e-01
3.967381715774536133e-01
1.244565993547439575e-01
1.871492277132347226e-04
2.368286997079849243e-02
5.561339259147644043e-01
3.595573604106903076e-01
3.866030573844909668e-01
1.786812953650951385e-02
1.915954202413558960e-01
4.499683678150177002e-01
2.915527522563934326e-01
4.402150511741638184e-01
6.095291464589536190e-04
6.448526382446289062e-01
9.119513630867004395e-01
4.656645357608795166e-01
3.693340811878442764e-03
7.177519798278808594e-02
4.870986938476562500e-01
3.530680537223815918e-01
7.538013905286788940e-02
4.574500955641269684e-03
1.005416512489318848e-01
4.014856219291687012e-01
3.194538354873657227e-01
5.730740427970886230e-01
5.880847573280334473e-03
6.091153621673583984e-01
9.130771756172180176e-01
2.134600728750228882e-01
1.481176614761352539e-01
1.814663112163543701e-01
6.812865138053894043e-01
6.581448316574096680e-01
1.362863481044769287e-01
3.715158673003315926e-04
4.188574850559234619e-01
4.511411190032958984e-01
6.396218538284301758e-01
5.691187381744384766e-01
2.185279279947280884e-01
3.026529157068580389e-06
2.539698779582977295e-01
1.097085769288241863e-03
2.846050821244716644e-02
8.747825399041175842e-03
3.833337128162384033e-01
2.986751794815063477e-01
1.565400958061218262e-01
4.939097911119461060e-03
8.445422351360321045e-02
1.964001543819904327e-02
2.091008424758911133e-01
7.804244756698608398e-01
1.617054113012272865e-05
2.622097730636596680e-01
1.980360597372055054e-01
2.209705412387847900e-01
2.014521851378958672e-05
2.004732489585876465e-01
1.006954070180654526e-02
2.324825823307037354e-01
7.222183048725128174e-02
2.659304009284824133e-04
2.145905606448650360e-02
3.881046175956726074e-01
1.258169710636138916e-01
5.215312242507934570e-01
1.634364724159240723e-01
1.853829026222229004e-01
9.941298365592956543e-01
9.678494930267333984e-01
2.130042165517807007e-01
1.550470888614654541e-01
5.916467308998107910e-01
2.275349050760269165e-01
2.751230001449584961e-01
3.368942416273057461e-04
1.158584654331207275e-01
4.903007149696350098e-01
4.771635681390762329e-02
1.787569671869277954e-01
3.999428451061248779e-01
9.461334116167563479e-08
5.992906689643859863e-01
8.719649314880371094e-01
3.202327787876129150e-01
1.498373746871948242e-01
7.939672470092773438e-01
9.152983427047729492e-01
3.183388710021972656e-01
6.038050167262554169e-03
2.377684265375137329e-01
7.434778213500976562e-01
5.602260828018188477e-01
5.752736330032348633e-01
2.030571550130844116e-01
6.310471333563327789e-03
7.905663251876831055e-01
8.646529912948608398e-01
2.116246521472930908e-01
9.750278550200164318e-04
5.460373163223266602e-01
4.955898225307464600e-01
3.344472125172615051e-02
1.203569024801254272e-02
1.587290167808532715e-01
3.094356954097747803e-01
3.716114759445190430e-01
2.030277550220489502e-01
2.208425290882587433e-02
1.999424546957015991e-01
5.936096310615539551e-01
8.222018480300903320e-01
2.451063692569732666e-01
1.496804058551788330e-01
1.360465437173843384e-01
7.182498276233673096e-02
1.122358739376068115e-01
3.780392580665647984e-04
1.098263077437877655e-02
5.622754245996475220e-02
8.219382166862487793e-02
2.230452150106430054e-01
4.006077051162719727e-01
2.933977358043193817e-02
6.005555987358093262e-01
5.613715648651123047e-01
6.596611347049474716e-03
2.000366896390914917e-01
3.868998289108276367e-01
7.188369035720825195e-01
1.106001958250999451e-01
1.663109287619590759e-03
7.858640700578689575e-02
1.226549148559570312e-01
2.758938074111938477e-02
5.900244042277336121e-02
4.106719046831130981e-02
1.308451260229048785e-06
3.799635469913482666e-01
4.817961156368255615e-01
9.807205200195312500e-02
1.958036720752716064e-01
1.724502295255661011e-01
9.328545928001403809e-01
6.518721580505371094e-01
6.103688385337591171e-03
6.829839199781417847e-02
6.157207489013671875e-01
3.525714278221130371e-01
2.046006172895431519e-01
2.116405777633190155e-02
2.035418901868979447e-06
5.730931758880615234e-01
8.344962000846862793e-01
2.524961233139038086e-01
4.856233485043048859e-03
2.157341241836547852e-01
5.781130194664001465e-01
9.517842531204223633e-01
2.331548482179641724e-01
2.574204802513122559e-01
4.110521972179412842e-01
5.617199540138244629e-01
2.139308899641036987e-01
4.796676221303641796e-04
4.690804053097963333e-05
2.476203143596649170e-01
7.757756710052490234e-01
2.394316941499710083e-01
1.243491284549236298e-02
2.391671985387802124e-01
8.282853960990905762e-01
8.741756677627563477e-01
4.758145809173583984e-01
2.702107885852456093e-04
5.468975305557250977e-01
8.429521322250366211e-01
4.171290099620819092e-01
2.100135684013366699e-01
5.692226295650471002e-06
4.808156490325927734e-01
7.007008194923400879e-01
4.163388907909393311e-01
2.304574102163314819e-01
2.875428795814514160e-01
6.841235160827636719e-01
5.449861288070678711e-01
1.100291088223457336e-01
3.684312570840120316e-03
3.619610145688056946e-02
1.063101589679718018e-01
1.862281411886215210e-01
8.450333261862397194e-04
1.504882584413280711e-05
5.528498888015747070e-01
7.018802165985107422e-01
4.778537750244140625e-01
1.924277842044830322e-01
4.490480720996856689e-01
5.690276622772216797e-01
6.202437281608581543e-01
1.948753893375396729e-01
1.003143750131130219e-02
2.729998528957366943e-02
3.193352520465850830e-01
