3.472228720784187317e-02
7.045645117759704590e-01
7.890469394624233246e-03
4.809215068817138672e-01
9.487513303756713867e-01
7.477077841758728027e-01
3.369989395141601562e-01
2.668539434671401978e-02
9.967419505119323730e-01
3.872825764119625092e-03
4.869526326656341553e-01
2.312657982110977173e-02
8.952572941780090332e-01
1.243367046117782593e-02
9.929844141006469727e-01
3.437419072724878788e-04
8.661875873804092407e-02
9.649899601936340332e-01
9.102417826652526855e-01
3.504239022731781006e-01
1.288594678044319153e-02
3.351359665393829346e-01
2.681421174202114344e-04
5.236769914627075195e-01
3.876779377460479736e-01
7.667787671089172363e-01
9.782918542623519897e-02
8.031097054481506348e-02
6.829863414168357849e-03
4.785084631294012070e-03
8.818345516920089722e-02
1.286816666834056377e-03
1.617726683616638184e-01
7.153340266086161137e-04
2.636812813580036163e-02
3.358894214034080505e-02
5.049480478191981092e-07
4.386951029300689697e-02
1.069979816675186157e-01
5.460347980260848999e-03
1.970123127102851868e-02
9.974357485771179199e-01
1.564911939203739166e-02
3.830921351909637451e-01
3.449786901473999023e-01
9.754596352577209473e-01
2.041684538125991821e-01
1.389929559081792831e-02
8.005178570747375488e-01
3.087359853088855743e-02
5.885563790798187256e-02
3.538787364959716797e-01
2.090201713144779205e-02
4.316030442714691162e-02
6.091403961181640625e-01
3.629240393638610840e-02
1.889041066169738770e-01
4.743650853633880615e-01
1.398277729749679565e-01
3.423069044947624207e-02
9.635179042816162109e-01
9.586485102772712708e-03
6.585845258086919785e-04
4.085374996066093445e-02
2.491068243980407715e-01
2.965072691440582275e-01
6.888346076011657715e-01
9.589127898216247559e-01
5.654183332808315754e-04
2.185331471264362335e-02
1.710049211978912354e-01
1.043495815247297287e-02
1.265201531350612640e-02
9.945893883705139160e-01
8.306535892188549042e-03
1.912089181132614613e-03
1.238548010587692261e-01
1.142191831604577601e-04
1.784593164920806885e-01
1.674642227590084076e-02
9.045434594154357910e-01
6.736336741596460342e-03
9.635769575834274292e-02
1.151772961020469666e-01
5.035271048545837402e-01
4.264296218752861023e-02
3.524486124515533447e-01
9.704431295394897461e-01
2.169828303158283234e-02
1.428922731429338455e-02
8.472999334335327148e-01
4.847723841667175293e-01
2.957778573036193848e-01
9.825527667999267578e-01
9.546609595417976379e-03
4.832008183002471924e-01
9.928921461105346680e-01
9.972589090466499329e-03
5.802966952323913574e-01
2.431970834732055664e-02
8.861748576164245605e-01
3.031273931264877319e-02
9.289742708206176758e-01
8.984899520874023438e-01
1.130913384258747101e-02
