3.786431550979614258e-01
5.311111919581890106e-03
3.936507105827331543e-01
9.122798442840576172e-01
7.196883857250213623e-02
3.998453319072723389e-01
4.091209471225738525e-01
3.924731314182281494e-01
4.108357727527618408e-01
6.204236745834350586e-01
7.213097214698791504e-01
1.978676319122314453e-01
4.990062862634658813e-02
3.112542629241943359e-01
8.210656642913818359e-01
5.883816629648208618e-03
5.006272345781326294e-03
5.194834470748901367e-01
2.052805200219154358e-02
1.912073940038681030e-01
1.112995855510234833e-02
5.790761709213256836e-01
3.800622224807739258e-01
4.631155729293823242e-01
2.618253827095031738e-01
4.239354431629180908e-01
2.394313067197799683e-01
1.886566132307052612e-01
5.463996529579162598e-01
2.075285911560058594e-01
1.806554198265075684e-02
2.066956013441085815e-01
5.801310539245605469e-01
5.911421775817871094e-01
1.376230567693710327e-01
3.349736034870147705e-01
1.134592760354280472e-02
4.159450531005859375e-01
5.218916535377502441e-01
4.397474974393844604e-02
2.063420116901397705e-01
2.260296493768692017e-01
6.037112474441528320e-01
7.935698628425598145e-01
4.222533106803894043e-02
7.858334183692932129e-01
2.139573693275451660e-01
2.169468253850936890e-01
5.684269219636917114e-02
2.291756123304367065e-01
4.075716137886047363e-01
4.743199944496154785e-01
2.996743619441986084e-01
3.081208765506744385e-01
3.999085724353790283e-02
4.388849139213562012e-01
7.122179865837097168e-01
8.252391219139099121e-01
4.746075868606567383e-01
1.169852986931800842e-01
1.448208540678024292e-01
4.008339345455169678e-01
3.980421423912048340e-01
1.221413258463144302e-03
2.023235112428665161e-01
5.748537778854370117e-01
2.463492900133132935e-01
1.551330238580703735e-01
1.112782023847103119e-02
4.507160186767578125e-02
1.129845455288887024e-01
1.843236088752746582e-01
1.978120654821395874e-01
2.332627475261688232e-01
7.942978143692016602e-01
1.971087306737899780e-01
1.192405633628368378e-02
3.965822160243988037e-01
4.121787548065185547e-01
4.644683301448822021e-01
4.396916031837463379e-01
7.140411995351314545e-03
8.176411688327789307e-02
2.871930599212646484e-01
6.165705919265747070e-01
2.465805411338806152e-01
1.976861804723739624e-01
1.021911352872848511e-01
2.040512561798095703e-01
2.238586843013763428e-01
1.065750569105148315e-01
3.514122366905212402e-01
3.826266229152679443e-01
3.857909142971038818e-01
3.585633933544158936e-01
5.971071310341358185e-03
5.876703262329101562e-01
2.374578118324279785e-01
5.383115410804748535e-01
5.879902243614196777e-01
5.647985935211181641e-01
1.456033717840909958e-02
9.875809550285339355e-01
5.744181871414184570e-01
6.132832765579223633e-01
4.073865711688995361e-01
2.143989354372024536e-01
4.304453134536743164e-01
6.131677329540252686e-02
1.967687755823135376e-01
2.671962976455688477e-01
4.046204984188079834e-01
1.790778934955596924e-01
7.927493453025817871e-01
1.177102848887443542e-01
3.371293097734451294e-02
3.819983601570129395e-01
2.237888127565383911e-01
4.575515985488891602e-01
2.265670448541641235e-01
7.469683140516281128e-02
3.109019994735717773e-01
5.926822423934936523e-01
7.520471117459237576e-04
1.333392970263957977e-02
9.689871221780776978e-02
3.152840137481689453e-01
1.643306948244571686e-02
1.478628627955913544e-02
2.868930343538522720e-03
7.856314778327941895e-01
1.185471117496490479e-01
3.909212946891784668e-01
3.977341651916503906e-01
3.935956954956054688e-01
2.447624653577804565e-01
5.838828086853027344e-01
7.670108973979949951e-02
2.532400377094745636e-02
7.886148691177368164e-01
5.059260129928588867e-01
6.664633750915527344e-01
2.176817953586578369e-01
7.253780215978622437e-02
5.576395988464355469e-01
3.910909295082092285e-01
5.688446760177612305e-01
2.032791674137115479e-01
2.606884837150573730e-01
7.945826649665832520e-01
3.847562074661254883e-01
2.262136042118072510e-01
3.238401114940643311e-01
7.672531157732009888e-02
8.464524149894714355e-02
2.063367366790771484e-01
9.360225200653076172e-01
7.763453572988510132e-02
5.758733153343200684e-01
6.525945067405700684e-01
6.110303401947021484e-01
8.057184750214219093e-04
5.756961703300476074e-01
1.608437299728393555e-01
4.306475818157196045e-01
2.271278947591781616e-01
2.818427979946136475e-01
4.764905571937561035e-01
7.058865427970886230e-01
2.942346632480621338e-01
4.555644989013671875e-01
1.336091896519064903e-03
7.149821519851684570e-01
2.114907801151275635e-01
4.076100587844848633e-01
1.731636822223663330e-01
1.709236800670623779e-01
2.329360544681549072e-01
6.239353418350219727e-01
4.032489657402038574e-01
9.513714164495468140e-02
2.684530317783355713e-01
6.377927064895629883e-01
1.936702877283096313e-01
3.999595344066619873e-01
6.368510890752077103e-03
2.433566004037857056e-01
7.382750511169433594e-01
6.141031980514526367e-01
3.477813899517059326e-01
3.940190672874450684e-01
4.225146472454071045e-01
8.047887682914733887e-01
2.856710553169250488e-01
1.955528855323791504e-01
2.802858948707580566e-01
3.502923548221588135e-01
2.138762623071670532e-01
3.956484198570251465e-01
1.339695751667022705e-01
5.956695079803466797e-01
4.086925387382507324e-01
2.387153059244155884e-01
9.450576454401016235e-02
5.005742311477661133e-01
4.748386740684509277e-01
4.281500875949859619e-01
7.721861004829406738e-01
4.030768275260925293e-01
4.020506739616394043e-01
3.579810261726379395e-01
4.047597050666809082e-01
1.743588000535964966e-01
1.433877050876617432e-01
5.949435830116271973e-01
7.237775325775146484e-01
1.640476472675800323e-02
2.351954281330108643e-01
5.886405110359191895e-01
2.077001929283142090e-01
7.147949934005737305e-02
2.450409531593322754e-01
3.310094028711318970e-02
7.930323481559753418e-03
3.337811827659606934e-01
