2.942721825093030930e-03
9.995841979980468750e-01
2.225674837827682495e-01
1.278989389538764954e-02
5.268395878374576569e-03
9.803293347358703613e-01
8.507179021835327148e-01
3.525885567069053650e-02
1.495063025504350662e-02
7.778986096382141113e-01
8.490778207778930664e-01
6.785261631011962891e-02
1.717593148350715637e-02
3.633802756667137146e-03
8.943405151367187500e-01
4.071109294891357422e-01
7.457165047526359558e-03
6.695420481264591217e-03
8.774016499519348145e-01
8.842836022377014160e-01
2.951920777559280396e-02
1.846158877015113831e-02
7.432575821876525879e-01
4.265587329864501953e-01
8.245312422513961792e-02
7.870081067085266113e-02
2.166155027225613594e-03
1.017679832875728607e-02
9.991282224655151367e-01
6.136067677289247513e-03
7.463614922016859055e-03
4.915887713432312012e-01
3.472818732261657715e-01
1.572621054947376251e-02
7.817780598998069763e-03
7.741035223007202148e-01
5.005988478660583496e-01
8.596473187208175659e-02
3.062596172094345093e-02
1.824218081310391426e-03
3.158550942316651344e-03
9.992818832397460938e-01
2.735550701618194580e-01
6.931948941200971603e-03
8.183918595314025879e-01
6.959283947944641113e-01
4.198457300662994385e-02
1.367659401148557663e-02
7.313906550407409668e-01
5.110511183738708496e-01
5.964215844869613647e-02
6.143019348382949829e-02
3.225063439458608627e-03
2.919027116149663925e-03
9.995380640029907227e-01
4.613393545150756836e-01
6.782982498407363892e-03
4.746396839618682861e-01
4.668384492397308350e-01
8.462805300951004028e-03
1.322979852557182312e-02
7.791516780853271484e-01
4.538203477859497070e-01
9.379173070192337036e-02
2.851560711860656738e-02
8.428107947111129761e-03
5.491388496011495590e-03
9.992288351058959961e-01
2.386727631092071533e-01
1.527190208435058594e-02
5.520498380064964294e-03
7.021221518516540527e-02
3.453497961163520813e-02
1.243068929761648178e-02
3.184510469436645508e-01
2.606837451457977295e-01
1.203961297869682312e-02
1.570442691445350647e-02
5.647265352308750153e-03
6.397027522325515747e-03
9.967129230499267578e-01
2.137377411127090454e-01
2.907542511820793152e-02
6.197703070938587189e-03
4.294576644897460938e-01
6.233001127839088440e-03
8.026640862226486206e-03
4.117503166198730469e-01
1.293244659900665283e-01
3.011335246264934540e-02
1.921495236456394196e-02
1.922031515277922153e-03
2.150400541722774506e-03
9.983940124511718750e-01
3.038927018642425537e-01
5.574414506554603577e-03
3.525527659803628922e-03
6.593812704086303711e-01
5.321294069290161133e-01
1.184212509542703629e-02
8.515378832817077637e-01
7.864347100257873535e-01
4.071360081434249878e-02
4.253509268164634705e-02
3.132665297016501427e-03
2.587436698377132416e-03
9.994100332260131836e-01
4.377683252096176147e-02
4.058531951159238815e-03
3.783561522141098976e-03
6.610369086265563965e-01
7.310001254081726074e-01
4.910808801651000977e-02
8.449966907501220703e-01
4.459086656570434570e-01
2.424447983503341675e-02
1.723967865109443665e-02
2.091648289933800697e-03
3.810835303738713264e-03
9.993060827255249023e-01
4.033192694187164307e-01
1.028335466980934143e-02
6.198794115334749222e-03
4.847021400928497314e-01
7.399687170982360840e-01
4.986200481653213501e-02
1.684222929179668427e-02
9.263796806335449219e-01
1.739444881677627563e-01
3.924111276865005493e-02
7.471282966434955597e-03
7.617172785103321075e-03
9.990756511688232422e-01
9.869474917650222778e-02
1.266985293477773666e-02
4.028176423162221909e-03
8.034703731536865234e-01
5.770062804222106934e-01
7.868503034114837646e-02
1.513952203094959259e-02
4.202547669410705566e-01
3.829832747578620911e-02
1.860396005213260651e-02
4.269873723387718201e-03
1.930816913954913616e-03
9.958353042602539062e-01
7.268922775983810425e-02
8.313839323818683624e-03
5.412111058831214905e-03
8.031085729598999023e-01
4.555479288101196289e-01
5.302847828716039658e-03
5.911909509450197220e-03
8.336219191551208496e-01
5.072481036186218262e-01
8.147684857249259949e-04
4.117720760405063629e-03
3.044940996915102005e-03
9.981563091278076172e-01
4.036320447921752930e-01
1.456975378096103668e-02
2.362760249525308609e-03
9.757698774337768555e-01
4.283116757869720459e-01
2.812071144580841064e-02
8.089316077530384064e-03
8.316839337348937988e-01
8.346648216247558594e-01
1.087394058704376221e-01
1.478998064994812012e-01
9.910560846328735352e-01
4.585220664739608765e-02
1.173166371881961823e-02
2.374183386564254761e-03
2.006092220544815063e-01
3.818490505218505859e-01
6.015549600124359131e-02
2.867832779884338379e-02
8.002111911773681641e-01
5.454790592193603516e-01
5.899592489004135132e-02
3.281246870756149292e-02
2.213409170508384705e-02
2.580987056717276573e-04
1.139167323708534241e-02
1.446644775569438934e-03
8.685275679454207420e-04
1.119307521730661392e-02
1.730854995548725128e-02
2.912689000368118286e-03
1.235078671015799046e-03
3.279855102300643921e-02
8.472755551338195801e-02
4.201888106763362885e-03
1.236730022355914116e-03
1.782288402318954468e-01
1.660769223235547543e-03
9.877279400825500488e-01
8.707481436431407928e-03
4.458748269826173782e-03
6.549441814422607422e-01
3.979487419128417969e-01
1.349479332566261292e-02
9.078385308384895325e-03
4.746922552585601807e-01
5.418854951858520508e-01
3.606459498405456543e-02
4.614339023828506470e-02
8.532927185297012329e-02
5.659913178533315659e-03
9.906991720199584961e-01
3.510753065347671509e-02
9.120319038629531860e-03
8.624491095542907715e-01
5.721412897109985352e-01
2.918270602822303772e-02
3.131717815995216370e-02
7.972176074981689453e-01
5.854936838150024414e-01
8.074364066123962402e-02
2.436900883913040161e-02
1.855832338333129883e-02
3.526018699631094933e-03
9.839860200881958008e-01
4.226823151111602783e-01
1.678790524601936340e-02
4.497406538575887680e-03
7.357885837554931641e-01
5.445124581456184387e-02
1.441220473498106003e-02
4.822078645229339600e-01
4.423141777515411377e-01
4.751789569854736328e-02
2.512437477707862854e-02
1.649237424135208130e-02
5.829941015690565109e-03
9.874446988105773926e-01
4.441608786582946777e-01
1.483632251620292664e-02
9.132534265518188477e-03
9.583832621574401855e-01
6.601735949516296387e-03
1.543434057384729385e-02
7.982935905456542969e-01
1.269929707050323486e-01
4.426424950361251831e-02
9.375575929880142212e-03
7.788223214447498322e-03
1.385936280712485313e-03
9.917740821838378906e-01
9.002469480037689209e-02
3.628549166023731232e-03
1.823068247176706791e-03
8.095014691352844238e-01
6.914941072463989258e-01
5.639219656586647034e-03
8.876044154167175293e-01
5.394839048385620117e-01
5.967727303504943848e-02
3.582736849784851074e-02
8.916873484849929810e-03
2.121993340551853180e-03
9.856661558151245117e-01
4.165954589843750000e-01
4.960863385349512100e-03
2.691601403057575226e-03
9.578026533126831055e-01
6.135795116424560547e-01
3.930738940834999084e-02
8.344140052795410156e-01
8.633216023445129395e-01
3.251267224550247192e-02
2.165432460606098175e-02
5.917035788297653198e-02
2.210294129326939583e-03
9.887176752090454102e-01
2.036680877208709717e-01
1.183675043284893036e-02
5.465175025165081024e-03
8.065140247344970703e-01
4.358943104743957520e-01
2.219209261238574982e-02
4.536411166191101074e-02
4.728700220584869385e-01
1.816277503967285156e-01
1.068583801388740540e-01
2.791688218712806702e-02
3.230540547519922256e-03
9.883351922035217285e-01
1.044914647936820984e-01
1.242175046354532242e-02
7.938622497022151947e-03
8.081714510917663574e-01
5.383429527282714844e-01
4.287056252360343933e-02
2.099716663360595703e-02
6.040761470794677734e-01
1.057710591703653336e-02
3.632623329758644104e-02
9.140433743596076965e-03
3.375172847881913185e-03
9.921676516532897949e-01
4.292105138301849365e-02
1.190177164971828461e-02
7.193793542683124542e-03
5.272935628890991211e-01
4.817697405815124512e-01
3.442814946174621582e-02
2.574945101514458656e-03
8.097615242004394531e-01
4.616055190563201904e-01
5.789699964225292206e-03
1.556315459311008453e-02
2.767222467809915543e-03
9.865545034408569336e-01
5.093423277139663696e-02
6.016139406710863113e-03
4.428402055054903030e-03
9.513903856277465820e-01
6.278171539306640625e-01
3.961262479424476624e-02
1.434414833784103394e-02
8.427789211273193359e-01
5.159739851951599121e-01
9.224853664636611938e-02
1.492606475949287415e-02
4.876043647527694702e-03
2.251930348575115204e-02
3.767791669815778732e-03
1.435830374248325825e-03
1.055802311748266220e-02
2.522274479269981384e-02
8.477609604597091675e-03
1.950612408109009266e-03
1.817180588841438293e-02
2.312594093382358551e-02
4.752038978040218353e-03
1.924171112477779388e-03
7.182954344898462296e-03
2.930263988673686981e-03
8.237661123275756836e-01
2.291738288477063179e-03
3.715455532073974609e-03
8.112292289733886719e-01
5.497230887413024902e-01
9.605211205780506134e-03
1.099623925983905792e-02
5.389767885208129883e-01
3.304737806320190430e-01
7.100612670183181763e-02
2.392126619815826416e-02
1.913665793836116791e-02
1.401672838255763054e-03
9.932793378829956055e-01
5.823840573430061340e-02
9.618864394724369049e-03
9.767151474952697754e-01
3.243697881698608398e-01
2.231096476316452026e-02
2.190664410591125488e-02
7.868973612785339355e-01
8.221921920776367188e-01
7.983005046844482422e-02
4.591206833720207214e-02
1.652015373110771179e-02
2.493480453267693520e-03
9.922364354133605957e-01
4.142911434173583984e-01
8.367595262825489044e-03
8.456410169601440430e-01
8.030043244361877441e-01
3.819100186228752136e-02
2.297458983957767487e-02
8.532174825668334961e-01
5.667954683303833008e-01
1.154977232217788696e-01
4.254223406314849854e-02
1.243509911000728607e-02
4.653103649616241455e-03
9.882299900054931641e-01
4.301758110523223877e-01
1.607254333794116974e-02
3.741880878806114197e-03
4.513533413410186768e-01
2.152103185653686523e-02
2.142173051834106445e-02
2.427387237548828125e-01
8.076669275760650635e-02
1.711188629269599915e-02
2.853537211194634438e-03
1.283976715058088303e-02
3.910684026777744293e-03
9.863850474357604980e-01
2.428243756294250488e-01
3.189704939723014832e-02
7.426680997014045715e-03
7.853490114212036133e-01
1.055689714848995209e-02
1.062585227191448212e-02
5.891532897949218750e-01
1.770612895488739014e-01
1.477385591715574265e-02
1.469103433191776276e-02
5.533578246831893921e-02
3.235153621062636375e-03
9.864692687988281250e-01
3.898315429687500000e-01
1.168928481638431549e-02
3.177110571414232254e-03
4.882945120334625244e-01
6.137990951538085938e-01
7.421048823744058609e-03
7.560243010520935059e-01
4.943279623985290527e-01
7.581234723329544067e-02
1.905286870896816254e-02
9.962343610823154449e-03
3.025545971468091011e-03
9.827632904052734375e-01
2.219903916120529175e-01
8.094145916402339935e-03
4.194044508039951324e-03
4.653570055961608887e-01
2.841848433017730713e-01
3.836794942617416382e-02
8.440635800361633301e-01
7.875331044197082520e-01
8.331052958965301514e-02
2.740761265158653259e-02
1.712100394070148468e-02
2.909245435148477554e-03
9.832660555839538574e-01
1.797873377799987793e-01
1.012564171105623245e-02
2.731918822973966599e-03
7.800507545471191406e-01
4.721176326274871826e-01
4.586676508188247681e-02
4.641463235020637512e-02
7.568028569221496582e-01
2.092566490173339844e-01
6.240205094218254089e-02
1.079514808952808380e-02
2.512615872547030449e-03
9.899349808692932129e-01
4.725544452667236328e-01
1.674613729119300842e-02
1.024926453828811646e-02
5.532439947128295898e-01
7.698711752891540527e-01
1.748286746442317963e-02
2.621641568839550018e-02
2.706973850727081299e-01
1.550375297665596008e-02
1.840670965611934662e-02
1.141436398029327393e-02
3.423532936722040176e-03
9.692906141281127930e-01
2.298807501792907715e-01
1.884069852530956268e-02
3.852283582091331482e-03
4.791732430458068848e-01
2.728281021118164062e-01
1.587575487792491913e-02
2.253217808902263641e-02
8.633500337600708008e-01
6.007284522056579590e-01
4.832818638533353806e-03
9.886459447443485260e-03
3.751105628907680511e-03
9.769701361656188965e-01
3.280461207032203674e-02
4.849560558795928955e-03
7.680586539208889008e-03
4.688685238361358643e-01
4.151271879673004150e-01
4.921491444110870361e-02
1.318719331175088882e-02
7.521592378616333008e-01
8.274251818656921387e-01
8.945455402135848999e-02
3.822618722915649414e-02
5.710610188543796539e-03
2.685784595087170601e-03
2.336488571017980576e-03
2.644342137500643730e-03
1.757115474902093410e-03
5.263254279270768166e-04
1.002298202365636826e-03
1.348446356132626534e-03
1.885225879959762096e-03
7.901093922555446625e-04
5.259500467218458652e-04
8.366436813957989216e-04
2.988565713167190552e-02
4.638064187020063400e-03
3.175337798893451691e-03
3.364370763301849365e-02
1.134824473410844803e-03
7.217892445623874664e-03
3.021248802542686462e-02
2.049799310043454170e-03
1.512666465714573860e-03
2.094141393899917603e-02
1.897997781634330750e-02
1.548412023112177849e-03
7.960925577208399773e-04
1.554976403713226318e-02
1.173541601747274399e-02
2.124629449099302292e-03
1.891997605562210083e-01
3.444946836680173874e-03
5.710088182240724564e-03
1.839318312704563141e-02
1.620205352082848549e-03
1.457267790101468563e-03
3.946010768413543701e-02
1.712844707071781158e-02
3.286101389676332474e-03
1.613318105228245258e-03
1.800867170095443726e-02
4.374197684228420258e-03
2.491259248927235603e-03
3.478831425309181213e-02
2.531382720917463303e-03
2.144778845831751823e-03
1.154986582696437836e-02
1.424594433046877384e-03
1.580688869580626488e-03
2.308801934123039246e-02
2.161541581153869629e-02
4.714031703770160675e-03
1.713915495201945305e-03
2.344331517815589905e-02
4.309919662773609161e-03
1.461604028008878231e-03
2.293239086866378784e-01
4.236756823956966400e-03
2.147170715034008026e-03
4.877978062722831964e-05
1.605311641469597816e-03
2.013618126511573792e-03
4.358668229542672634e-04
4.853904829360544682e-04
7.778576691634953022e-04
7.359265582635998726e-04
3.116226755082607269e-02
3.921529278159141541e-03
1.606316305696964264e-03
8.066589944064617157e-03
2.607272937893867493e-03
1.953792991116642952e-03
1.265838276594877243e-02
2.076549828052520752e-01
9.191727731376886368e-04
3.475807979702949524e-02
2.327827922999858856e-02
1.834551454521715641e-03
1.922536292113363743e-03
2.468264475464820862e-02
3.468456910923123360e-03
3.729889402166008949e-03
2.056731097400188446e-02
2.908195834606885910e-03
2.425087848678231239e-03
2.250538673251867294e-03
3.519916161894798279e-02
1.304575428366661072e-02
1.984921395778656006e-01
9.923537261784076691e-03
1.748702721670269966e-03
1.476398436352610588e-03
2.104121819138526917e-02
6.127632223069667816e-03
2.269285498186945915e-03
1.718686521053314209e-02
2.168335486203432083e-03
3.070131409913301468e-03
2.053119707852602005e-03
3.500355035066604614e-02
1.521639060229063034e-03
2.443755976855754852e-03
2.275667712092399597e-02
2.895016223192214966e-03
1.823021681047976017e-03
1.696159541606903076e-01
6.997066084295511246e-03
2.291212789714336395e-03
1.421651989221572876e-02
3.417567815631628036e-03
2.054672688245773315e-03
4.741466604173183441e-03
1.518385298550128937e-02
1.642897841520607471e-03
3.192886477336287498e-03
3.252411261200904846e-03
1.198948593810200691e-03
1.383776078000664711e-03
1.766033843159675598e-02
4.198318812996149063e-03
5.020643584430217743e-03
1.589630544185638428e-02
3.910499624907970428e-03
2.148270141333341599e-03
6.874865386635065079e-03
4.261050000786781311e-02
2.233511535450816154e-03
1.599491806700825691e-03
3.927385807037353516e-02
3.139163181185722351e-02
7.469463162124156952e-04
2.362823113799095154e-02
4.666777327656745911e-03
2.804724732413887978e-03
2.283333986997604370e-02
2.641314873471856117e-03
1.843762351199984550e-03
1.686252281069755554e-02
3.360389173030853271e-02
4.490989726036787033e-03
4.969148430973291397e-03
1.944417953491210938e-01
5.352100729942321777e-02
1.217988203279674053e-03
1.015491504222154617e-02
2.839456312358379364e-03
1.306364429183304310e-03
9.896866083145141602e-01
1.867993269115686417e-03
4.305737018585205078e-01
2.018325328826904297e-01
1.172224618494510651e-02
2.807014249265193939e-02
8.754916191101074219e-01
5.561117529869079590e-01
2.705780975520610809e-02
2.959277294576168060e-02
6.830782629549503326e-03
3.117819083854556084e-03
1.255975570529699326e-03
9.909982085227966309e-01
6.265686824917793274e-03
7.967134714126586914e-01
2.828605175018310547e-01
1.014288701117038727e-02
1.336479932069778442e-02
6.105426549911499023e-01
4.004395604133605957e-01
8.626405894756317139e-02
3.209261596202850342e-02
1.265684328973293304e-02
5.036258138716220856e-03
1.336319255642592907e-03
9.051839113235473633e-01
2.662160433828830719e-03
1.074631465598940849e-03
1.620241673663258553e-04
3.761668340303003788e-04
6.393031217157840729e-04
2.337308833375573158e-04
4.250188940204679966e-04
4.583440895657986403e-04
2.568656054791063070e-04
8.782928809523582458e-03
3.646359313279390335e-03
3.374394495040178299e-03
8.098348379135131836e-01
1.012816559523344040e-03
1.232355716638267040e-03
8.091948032379150391e-01
2.727911341935396194e-03
1.196096744388341904e-02
4.155392348766326904e-01
7.255711406469345093e-02
2.184095606207847595e-02
1.152263768017292023e-02
6.674148607999086380e-03
3.035444766283035278e-03
1.293961657211184502e-03
9.917908906936645508e-01
8.376570185646414757e-04
2.318630227819085121e-03
8.339775204658508301e-01
5.555261373519897461e-01
2.494023647159337997e-03
7.372200489044189453e-01
4.976435005664825439e-01
5.405170843005180359e-02
4.611804336309432983e-02
6.850991398096084595e-03
3.928013611584901810e-03
1.123078283853828907e-03
9.925412535667419434e-01
1.462100772187113762e-03
1.213129609823226929e-03
8.114159107208251953e-01
1.431708186864852905e-01
1.591464690864086151e-02
6.524934768676757812e-01
7.273326516151428223e-01
6.744281202554702759e-02
3.475087136030197144e-02
7.071523461490869522e-03
1.031355746090412140e-02
1.420177519321441650e-03
9.906977415084838867e-01
2.329064067453145981e-03
4.035610705614089966e-03
8.044056892395019531e-01
6.263431310653686523e-01
4.354999214410781860e-02
2.586980164051055908e-02
5.741329193115234375e-01
7.990330457687377930e-02
4.540311172604560852e-02
6.698152050375938416e-03
3.316641552373766899e-03
1.730796182528138161e-03
9.867958426475524902e-01
2.909504342824220657e-03
3.586632432416081429e-03
8.141523003578186035e-01
9.844739735126495361e-02
2.423938363790512085e-02
2.566796261817216873e-03
3.069388270378112793e-01
6.505642086267471313e-03
7.201405707746744156e-03
7.797377649694681168e-03
2.919041784480214119e-03
6.784513592720031738e-03
9.879189729690551758e-01
1.569909392856061459e-03
2.957541728392243385e-03
6.235471367835998535e-01
7.104809582233428955e-02
1.019349414855241776e-02
2.837853040546178818e-03
9.279714226722717285e-01
2.703163027763366699e-01
1.552115078084170818e-03
1.823988556861877441e-02
2.580954693257808685e-03
2.147635910660028458e-03
9.820762276649475098e-01
2.141600940376520157e-03
2.253807615488767624e-03
6.799753904342651367e-01
3.439289927482604980e-01
1.744353398680686951e-02
8.121447637677192688e-03
5.881597995758056641e-01
4.066965281963348389e-01
2.566844597458839417e-02
1.371501851826906204e-02
2.573001198470592499e-03
1.219354802742600441e-03
9.891218543052673340e-01
3.923345506191253662e-01
8.187021613121032715e-01
5.031577944755554199e-01
3.002564981579780579e-02
2.792085334658622742e-02
7.720125913619995117e-01
4.914811551570892334e-01
8.478368073701858521e-02
3.667873889207839966e-02
1.676860451698303223e-02
1.899037277325987816e-03
7.708211196586489677e-04
9.875435829162597656e-01
4.335515499114990234e-01
3.081754315644502640e-03
6.984741240739822388e-02
3.574230894446372986e-02
1.314696110785007477e-02
4.655747115612030029e-01
2.325088679790496826e-01
1.705214567482471466e-02
3.336901310831308365e-03
1.017258502542972565e-02
4.962627775967121124e-03
2.227789955213665962e-03
9.920028448104858398e-01
3.567104041576385498e-01
1.174679026007652283e-03
7.884447574615478516e-01
8.562968112528324127e-03
5.923530552536249161e-04
6.833072304725646973e-01
2.511826157569885254e-01
4.118544980883598328e-02
1.404184196144342422e-02
1.048760302364826202e-02
2.408697735518217087e-03
1.017757225781679153e-03
9.428638219833374023e-01
2.336356230080127716e-02
9.883168386295437813e-04
8.623131513595581055e-01
7.795617580413818359e-01
1.098161377012729645e-02
8.539416790008544922e-01
5.421621799468994141e-01
5.341498553752899170e-02
4.613200575113296509e-02
7.895486429333686829e-03
1.824992243200540543e-03
1.941754249855875969e-03
9.845679998397827148e-01
1.086852103471755981e-01
9.910207008942961693e-04
5.649957656860351562e-01
4.155432581901550293e-01
2.509051188826560974e-02
9.133286476135253906e-01
6.587034463882446289e-01
7.301753014326095581e-02
4.022257030010223389e-02
1.268878299742937088e-02
1.601378316991031170e-03
2.415181603282690048e-03
9.886811971664428711e-01
4.048000872135162354e-01
2.296139020472764969e-03
8.402211666107177734e-01
4.469821453094482422e-01
3.897758945822715759e-02
4.495217651128768921e-02
5.565681457519531250e-01
4.133065044879913330e-02
9.000655263662338257e-02
1.090090069919824600e-02
2.007658826187252998e-03
1.078305998817086220e-03
9.926723241806030273e-01
6.800206899642944336e-01
2.538285218179225922e-03
6.430543065071105957e-01
3.925020098686218262e-01
6.316544115543365479e-02
3.527878597378730774e-02
4.180174469947814941e-01
1.861758343875408173e-02
4.299089312553405762e-02
8.072544820606708527e-03
2.320974133908748627e-03
1.342667732387781143e-03
7.920568585395812988e-01
2.376314550638198853e-01
1.966141629964113235e-03
8.069746494293212891e-01
8.113807439804077148e-01
1.947282254695892334e-02
7.232976611703634262e-03
8.306518793106079102e-01
4.749758243560791016e-01
1.245684106834232807e-03
7.912330329418182373e-03
2.122459001839160919e-03
9.076058631762862206e-04
9.754412174224853516e-01
2.171127796173095703e-01
3.268625587224960327e-03
9.736584424972534180e-01
4.379253685474395752e-01
3.445624932646751404e-02
1.561623066663742065e-02
9.149875044822692871e-01
4.832739233970642090e-01
1.114685460925102234e-01
1.233207583427429199e-01
3.182154614478349686e-03
2.475782297551631927e-03
9.932416677474975586e-01
2.803483605384826660e-01
2.149229496717453003e-02
3.505428433418273926e-01
4.360019415616989136e-02
2.014256780967116356e-03
4.454211592674255371e-01
3.987277150154113770e-01
5.068682879209518433e-02
1.391916908323764801e-02
1.360863260924816132e-02
3.374600084498524666e-03
1.222515245899558067e-03
9.854665994644165039e-01
4.215219616889953613e-01
2.115396223962306976e-02
7.988598346710205078e-01
9.592918679118156433e-03
6.215706467628479004e-03
6.519795656204223633e-01
1.726064085960388184e-01
1.795684173703193665e-02
1.653446257114410400e-02
1.022768579423427582e-02
4.261846654117107391e-03
1.545816659927368164e-03
9.815208315849304199e-01
2.277707010507583618e-01
3.862684592604637146e-03
7.171685099601745605e-01
6.152356266975402832e-01
1.258112303912639618e-02
8.044286966323852539e-01
5.331621766090393066e-01
7.846808433532714844e-02
4.787980020046234131e-02
1.478546578437089920e-02
4.052216187119483948e-03
1.266015577130019665e-03
9.917513132095336914e-01
1.627214998006820679e-01
5.799334496259689331e-03
9.726581573486328125e-01
6.321412920951843262e-01
4.711444675922393799e-02
8.658065795898437500e-01
8.625850677490234375e-01
8.934935182332992554e-02
3.379993140697479248e-02
1.146904565393924713e-02
3.065006807446479797e-03
1.203732681460678577e-03
9.807659983634948730e-01
5.807862058281898499e-02
1.599804870784282684e-02
8.751630783081054688e-01
3.152634799480438232e-01
5.838122218847274780e-02
1.761958748102188110e-02
4.893365502357482910e-01
1.001359820365905762e-01
6.175992637872695923e-02
1.508883237838745117e-01
8.461608551442623138e-03
8.619922446087002754e-04
9.227948784828186035e-01
2.751579880714416504e-01
3.983378410339355469e-03
5.825086236000061035e-01
5.779173374176025391e-01
3.237635642290115356e-02
2.964255958795547485e-02
6.443148255348205566e-01
1.942867785692214966e-02
9.830852039158344269e-03
1.433324161916971207e-02
2.971166744828224182e-03
2.213006839156150818e-03
9.920731186866760254e-01
2.233256548643112183e-01
1.177124772220849991e-02
5.522817969322204590e-01
5.596393942832946777e-01
1.988731883466243744e-02
9.712045080959796906e-03
7.775083184242248535e-01
4.555079340934753418e-01
3.887069411575794220e-03
7.613857276737689972e-03
3.476867917925119400e-03
2.045558532699942589e-03
9.896568059921264648e-01
2.182988226413726807e-01
1.209052745252847672e-02
5.086269378662109375e-01
2.478570044040679932e-01
2.651611529290676117e-02
1.050665695220232010e-02
7.786602973937988281e-01
6.604564785957336426e-01
9.457747638225555420e-02
1.754795312881469727e-01
3.892434062436223030e-03
3.843369195237755775e-03
9.904112815856933594e-01
2.566969394683837891e-01
4.051966965198516846e-02
9.165994822978973389e-03
1.240501832216978073e-02
4.900005180388689041e-03
4.285809118300676346e-03
2.043914049863815308e-03
8.070450276136398315e-03
4.518881440162658691e-03
1.018208730965852737e-02
3.401874564588069916e-03
2.601743442937731743e-03
9.870014190673828125e-01
4.909951686859130859e-01
1.222641393542289734e-02
7.435061503201723099e-03
2.681111693382263184e-01
3.250657347962260246e-03
7.779904603958129883e-01
9.126855432987213135e-02
3.438240289688110352e-02
1.602253504097461700e-02
1.424316409975290298e-02
4.705614410340785980e-03
1.911433180794119835e-03
9.377706050872802734e-01
3.868111670017242432e-01
1.128233131021261215e-02
2.876042854040861130e-03
5.911614298820495605e-01
3.939215093851089478e-02
1.334866881370544434e-01
3.758524656295776367e-01
9.057790786027908325e-02
2.560339123010635376e-02
7.404881529510021210e-03
3.503199666738510132e-03
1.446155365556478500e-03
9.923093318939208984e-01
3.254955410957336426e-01
1.095838472247123718e-02
6.219860166311264038e-03
2.312155365943908691e-01
3.024057671427726746e-02
2.187862806022167206e-02
4.469355642795562744e-01
1.078897342085838318e-02
7.611995935440063477e-02
9.942687116563320160e-03
6.179168354719877243e-03
2.421727171167731285e-03
9.898270964622497559e-01
2.285394072532653809e-01
2.163531444966793060e-02
7.053409703075885773e-03
4.195544719696044922e-01
1.431542634963989258e-02
1.249318383634090424e-02
3.283594250679016113e-01
2.267882376909255981e-01
5.426096264272928238e-03
6.751156412065029144e-03
3.367297351360321045e-03
2.087612869217991829e-03
9.914057254791259766e-01
4.414059519767761230e-01
1.461745332926511765e-02
3.878853050991892815e-03
2.708031237125396729e-01
2.121265046298503876e-02
1.448055356740951538e-02
6.087763607501983643e-02
6.040190458297729492e-01
1.207177806645631790e-02
1.641098037362098694e-02
4.112222697585821152e-03
3.181370906531810760e-03
9.920550584793090820e-01
2.502143755555152893e-02
3.383537381887435913e-02
1.642338745296001434e-02
5.845391154289245605e-01
1.757954480126500130e-03
7.213203907012939453e-01
5.050484091043472290e-02
4.932602494955062866e-02
1.616393029689788818e-02
1.600725799798965454e-01
3.724698908627033234e-03
1.380584435537457466e-03
9.923839569091796875e-01
5.447429418563842773e-01
4.244400560855865479e-02
1.338928658515214920e-02
7.762135863304138184e-01
1.733928360044956207e-02
6.273064017295837402e-01
6.044862046837806702e-02
1.770014874637126923e-02
1.453483104705810547e-02
1.322316192090511322e-02
5.364332813769578934e-03
2.007214818149805069e-03
9.234340190887451172e-01
2.163286507129669189e-01
2.385719493031501770e-02
2.181299729272723198e-03
8.891324996948242188e-01
1.640261732973158360e-03
5.300850607454776764e-03
1.244873041287064552e-03
2.692565787583589554e-03
1.540521858260035515e-03
5.918275937438011169e-02
4.266802221536636353e-03
1.385255367495119572e-03
9.925591945648193359e-01
4.029118716716766357e-01
2.768198214471340179e-02
2.800244837999343872e-03
7.888833284378051758e-01
2.250862307846546173e-03
2.419329248368740082e-03
3.976348638534545898e-01
2.349368995055556297e-03
7.611216860823333263e-04
8.038673549890518188e-03
3.668924560770392418e-03
2.161973854526877403e-03
9.848600625991821289e-01
3.973991870880126953e-01
2.601812221109867096e-02
5.089842248708009720e-03
9.700541496276855469e-01
4.177898168563842773e-03
6.649968214333057404e-03
7.699777483940124512e-01
1.788316667079925537e-01
5.982025759294629097e-04
8.233103901147842407e-03
4.484088160097599030e-03
2.245084848254919052e-03
9.883633255958557129e-01
3.961379826068878174e-01
3.100367821753025055e-02
2.874148078262805939e-03
8.029282093048095703e-01
6.016334984451532364e-03
5.678094923496246338e-03
7.890834808349609375e-01
1.655092835426330566e-01
1.853863894939422607e-02
1.470507085323333740e-01
2.997145056724548340e-03
2.540103159844875336e-03
9.479233026504516602e-01
2.516790032386779785e-01
8.872952312231063843e-03
2.346752677112817764e-03
8.066321611404418945e-01
4.163213372230529785e-01
7.823351621627807617e-01
6.650339365005493164e-01
8.465756475925445557e-02
3.827660158276557922e-02
1.469528488814830780e-02
4.290592856705188751e-03
2.058190060779452324e-03
8.236864209175109863e-01
2.675549387931823730e-01
6.098848301917314529e-03
4.820612724870443344e-03
7.735500335693359375e-01
6.277430057525634766e-01
1.898127608001232147e-02
7.263896465301513672e-01
2.032897174358367920e-01
7.207938283681869507e-02
1.492488235235214233e-01
3.240510821342468262e-03
2.754274755716323853e-03
9.745342135429382324e-01
2.552337348461151123e-01
7.380934897810220718e-03
6.121660582721233368e-03
8.111650347709655762e-01
6.094051003456115723e-01
2.230134326964616776e-03
1.832621395587921143e-01
2.880695683415979147e-04
4.250942729413509369e-04
1.448720395565032959e-01
4.645855166018009186e-03
2.201879397034645081e-03
9.904049634933471680e-01
2.298554629087448120e-01
5.479930900037288666e-03
4.420528188347816467e-03
6.568330526351928711e-01
4.255703687667846680e-01
1.908662845380604267e-03
8.573322296142578125e-01
6.320309638977050781e-01
6.680874503217637539e-04
1.143096387386322021e-02
3.929760772734880447e-03
2.880910411477088928e-03
9.894359111785888672e-01
5.304946750402450562e-02
7.122069597244262695e-03
2.750408370047807693e-03
4.465404450893402100e-01
4.402809739112854004e-01
6.087944493629038334e-04
8.027645349502563477e-01
7.750750780105590820e-01
7.221778482198715210e-02
1.117447856813669205e-02
3.555185627192258835e-03
1.666572410613298416e-03
8.010090589523315430e-01
3.810619413852691650e-01
1.427764911204576492e-02
5.929505452513694763e-03
9.116263389587402344e-01
6.259639859199523926e-01
3.602409362792968750e-02
7.101695537567138672e-01
1.377303004264831543e-01
2.864768728613853455e-02
6.892968900501728058e-03
4.539973102509975433e-03
3.858443116769194603e-03
9.919985532760620117e-01
4.096713662147521973e-01
1.078266091644763947e-02
6.940550170838832855e-03
6.474447250366210938e-01
4.381991624832153320e-01
6.233688071370124817e-02
4.233398437500000000e-01
1.445613987743854523e-02
1.059476658701896667e-02
1.103524863719940186e-02
2.995756221935153008e-03
1.528501161374151707e-03
9.052358865737915039e-01
2.103310227394104004e-01
1.117564830929040909e-02
7.544684223830699921e-03
3.774249553680419922e-01
4.689531624317169189e-01
2.323073521256446838e-02
8.082045316696166992e-01
8.442407846450805664e-01
5.751943215727806091e-02
1.459006592631340027e-02
2.933376934379339218e-03
3.334552515298128128e-03
9.829823970794677734e-01
2.880242839455604553e-02
1.810325495898723602e-02
7.009628228843212128e-03
8.033521175384521484e-01
7.967577576637268066e-01
5.374673381447792053e-02
2.431575767695903778e-02
3.051321953535079956e-02
3.841534629464149475e-02
8.991356939077377319e-03
2.936636097729206085e-03
1.829288550652563572e-03
9.241594076156616211e-01
4.053139984607696533e-01
1.727030426263809204e-02
6.506625562906265259e-03
7.872655391693115234e-01
8.158841729164123535e-01
1.241980027407407761e-02
9.002054110169410706e-03
5.588745474815368652e-01
6.928581744432449341e-03
6.893845275044441223e-03
2.715865848585963249e-03
1.267498359084129333e-03
9.891818165779113770e-01
5.799828171730041504e-01
1.622720062732696533e-02
8.971592411398887634e-03
9.680742025375366211e-01
8.373858928680419922e-01
5.336254462599754333e-02
2.275628037750720978e-02
5.340360999107360840e-01
7.883659005165100098e-02
7.978258654475212097e-03
3.413565456867218018e-03
1.843281788751482964e-03
9.934011697769165039e-01
1.905863881111145020e-01
1.156666968017816544e-02
1.390262879431247711e-02
6.496499180793762207e-01
5.972393751144409180e-01
9.743878617882728577e-03
2.492265217006206512e-02
6.191508769989013672e-01
7.881095632910728455e-03
3.529442474246025085e-02
3.128872020170092583e-03
2.284610178321599960e-03
9.866068959236145020e-01
4.274719953536987305e-02
1.288698520511388779e-02
1.040086243301630020e-02
8.157048225402832031e-01
7.433183789253234863e-01
7.894980907440185547e-02
3.721265122294425964e-02
5.492588281631469727e-01
2.134718373417854309e-02
1.153238397091627121e-02
4.810841754078865051e-03
1.925020245835185051e-03
9.916287064552307129e-01
4.015094935894012451e-01
1.476739812642335892e-02
1.099072955548763275e-02
9.588585495948791504e-01
8.431745171546936035e-01
1.971049606800079346e-02
1.873359829187393188e-02
9.065165519714355469e-01
8.081593513488769531e-01
