3.256910804372567525e-01
2.836556823458522558e-01
2.566749437918098287e-01
2.602539778431841588e-01
2.893987618691216124e-01
9.649194663283057471e-02
3.379468783163107615e-01
4.175165311003533608e-01
4.201781974317362889e-01
2.251588897421382962e-01
3.455170014729866401e-01
4.133073575257395493e-01
4.262949884152756330e-01
3.396054291381285783e-01
8.200230549286620721e-03
2.649944610580300397e-01
2.526981086837342683e-01
1.007666568307635929e-01
3.354579231773431314e-01
4.210111054126173258e-01
3.692786079079199424e-01
3.171188774017187351e-01
3.541856629129212508e-01
3.574938479130371216e-01
3.855192369351593262e-01
7.119586832301978002e-03
2.456617869096449913e-01
2.864148746638630616e-01
2.539358406076924202e-01
1.069581810779009906e-01
3.271462568708767282e-01
3.543684898087611779e-01
4.161099384968670600e-01
3.090206471701654189e-01
3.819910605939534909e-01
4.138361675521501915e-01
4.008794728344163283e-01
3.162062525426825518e-03
1.321605902474122865e-02
1.096012539570578002e-02
6.752115956400162565e-03
4.050244931512190019e-03
6.803858671516466866e-03
6.565350788430525907e-03
4.671989711753737201e-03
2.998106065206229687e-03
9.143983676599768892e-03
6.512302762040724988e-03
2.402496520841780892e-01
2.407304381933779713e-01
7.737490244191856659e-02
2.454188035604042417e-01
2.495035108519144951e-01
2.537636541886828523e-01
1.678383002200951879e-01
2.324456181018971501e-01
2.446847258655067692e-01
2.483747100565009414e-01
2.471494757337495685e-01
1.031239041297409981e-01
2.991045816944769009e-01
3.385516948586043129e-01
3.207342206643751248e-01
1.751048663102734992e-01
2.724402263187445383e-01
3.707353036510400157e-01
3.632238356871172469e-01
1.085172698098736260e-01
3.368779966392769221e-01
3.249240216996091002e-01
2.708495623127629148e-01
1.958333374036905772e-01
3.839724256943624625e-01
4.119917329472417844e-01
3.688667353932172377e-01
1.585893271661076853e-01
2.303675660827698701e-01
1.620592349567092361e-01
2.365704859212900690e-01
3.308256833742444503e-01
3.543164722549800860e-01
3.527585638400453916e-01
3.579411454892789113e-01
1.873482053141252990e-01
1.864654373449201874e-01
3.397896167320700878e-01
3.447265330379685744e-01
3.787986789471827764e-01
3.534769795906658185e-01
3.611041095528679801e-01
4.443593846472839726e-01
4.027431799779431221e-01
4.185798920046251426e-01
3.233409360624276419e-01
4.201599571925516141e-01
3.142954539507627487e-01
3.453234561647360312e-01
4.070272934264861364e-01
3.450985144501408919e-01
3.279250590488888006e-01
4.820620361357353945e-01
