4.003984194535475383e-01
2.783607985251225214e-01
8.254307870923255352e-02
2.498933996058230467e-01
3.673301858182709823e-01
4.623072720490969401e-01
4.375383566411283898e-01
4.852114520035684109e-01
4.805921921506524086e-01
4.796376089350535277e-01
4.957925893652897487e-01
4.600574635685636404e-01
4.511374782126110206e-01
5.312092235455145861e-01
3.725365811797718418e-01
8.599557957719437817e-02
2.496494692392074166e-01
5.380990677154980917e-01
4.131268727808044550e-01
4.721795982466294173e-01
4.894582885675705652e-01
5.199527064195046400e-01
4.687292822278462667e-01
4.602091159098423701e-01
4.557024896717988272e-01
5.225458348599764102e-01
3.834924983720366942e-01
3.549769430492932809e-01
4.981765219798454658e-01
5.915067774745134122e-01
4.753994393663910634e-01
5.417702702375558621e-01
5.235317889600992203e-01
5.900754378392145671e-01
5.812986298249318562e-01
5.671161040663719177e-01
5.466918400846995096e-01
3.899474528040557941e-01
4.659366041708450923e-01
4.919736597400445333e-01
5.154225422212710406e-01
4.425271118883616905e-01
5.178972267760679760e-01
4.701715830641870486e-01
5.439193669993144242e-01
5.027052435952310550e-01
5.054848313403244031e-01
4.857846533951277745e-01
4.527099896670104262e-01
4.260029266946591120e-01
4.685658083136121643e-01
4.132405656273476779e-01
4.804923613376628766e-01
3.609336295362132185e-01
4.689597747503564951e-01
4.185188473739589465e-01
3.703235430607142442e-01
3.363490595410649764e-01
4.733066885517193678e-01
5.573023981772936564e-01
4.661064633669761426e-01
5.751328286356650610e-01
5.476557237024490821e-01
5.662003779927125002e-01
5.417357952548906841e-01
5.263461214132033605e-01
5.344337975749602343e-01
5.520913712680339813e-01
4.643926672064341288e-01
4.535834052814887163e-01
5.532827423169062175e-01
5.480344049059427958e-01
5.553194370407324998e-01
5.512644660014373033e-01
5.544693114665838474e-01
5.413575173857120282e-01
6.073102065576956310e-01
5.811519528237673038e-01
6.201598008091633307e-01
6.165715106404744406e-01
5.953544111779103254e-01
5.406381970701309436e-01
4.940748752291815871e-01
5.431729385342735084e-01
4.811722189904405478e-01
4.634765284494138937e-01
5.013726229394356304e-01
5.508475276426627598e-01
6.034167354496625668e-01
5.754301788715215915e-01
5.791369745364556287e-01
5.691176367063934816e-01
5.849042980430217975e-01
5.440718995837064975e-01
5.750043177260801830e-01
5.757430468041163651e-01
5.972753167152404785e-01
5.888796104834630452e-01
5.631997701353751440e-01
5.394989627485091699e-01
5.509733159381610124e-01
