9.926149249076843262e-01
9.877434968948364258e-01
5.716146826744079590e-01
8.902347832918167114e-02
1.082759350538253784e-01
8.559718728065490723e-01
5.247192978858947754e-01
2.354801893234252930e-01
6.686753034591674805e-02
9.058067798614501953e-01
7.812016010284423828e-01
1.058162525296211243e-01
9.975101798772811890e-02
8.958511352539062500e-01
9.999868869781494141e-01
1.799870165996253490e-03
3.227347740903496742e-03
9.980375170707702637e-01
7.162178158760070801e-01
6.413879990577697754e-01
8.271924257278442383e-01
8.165972828865051270e-01
9.032319784164428711e-01
9.200067520141601562e-01
9.775806665420532227e-01
2.949152588844299316e-01
3.747793138027191162e-01
7.480006814002990723e-01
9.999578595161437988e-01
5.680196285247802734e-01
3.042309312149882317e-03
8.903304338455200195e-01
8.850064873695373535e-01
7.480329871177673340e-01
6.873887777328491211e-01
6.186777353286743164e-01
7.185390591621398926e-01
7.548413276672363281e-01
9.776279926300048828e-01
1.471538990736007690e-01
1.989208608865737915e-01
8.174619078636169434e-01
9.999670386314392090e-01
9.960406422615051270e-01
9.793254137039184570e-01
7.556701451539993286e-02
2.005283981561660767e-01
9.873825907707214355e-01
1.683796346187591553e-01
2.114858031272888184e-01
1.417266279458999634e-01
9.656681418418884277e-01
7.059469223022460938e-01
1.420255005359649658e-01
1.311970800161361694e-01
9.173283576965332031e-01
9.999881982803344727e-01
9.999997019767761230e-01
9.985766410827636719e-01
6.463122963905334473e-01
1.087003108114004135e-02
8.321853876113891602e-01
6.437483429908752441e-01
1.378234810545109212e-05
8.853004314005374908e-03
8.354151844978332520e-01
6.846427917480468750e-01
9.844527812674641609e-05
1.443563960492610931e-02
8.520931005477905273e-01
9.999839067459106445e-01
9.997879862785339355e-01
9.997833371162414551e-01
6.955033540725708008e-01
8.434050832875072956e-04
7.207259535789489746e-01
7.171514630317687988e-01
1.216563123307423666e-05
7.830943912267684937e-03
7.416456937789916992e-01
7.218162417411804199e-01
1.515471012680791318e-06
1.000869926065206528e-02
8.208465576171875000e-01
9.945339560508728027e-01
9.028280377388000488e-01
9.634829759597778320e-01
9.751307964324951172e-01
8.462800979614257812e-01
5.390450954437255859e-01
3.583949804306030273e-01
9.127179980278015137e-01
8.724989891052246094e-01
7.636346817016601562e-01
8.785862326622009277e-01
5.994890332221984863e-01
7.587643265724182129e-01
9.738078713417053223e-01
9.973469972610473633e-01
9.966619014739990234e-01
9.905738830566406250e-01
4.394477605819702148e-01
5.491105839610099792e-02
1.019303947687149048e-01
9.094120860099792480e-01
2.211765944957733154e-01
1.021900027990341187e-01
9.726188778877258301e-01
7.144308090209960938e-01
3.002002835273742676e-01
2.655546665191650391e-01
8.850581049919128418e-01
9.983134865760803223e-01
9.986088871955871582e-01
9.917767047882080078e-01
6.138225793838500977e-01
8.686269633471965790e-03
3.971442952752113342e-02
8.344476222991943359e-01
5.471983551979064941e-01
1.025765761733055115e-02
8.815407156944274902e-01
7.494153380393981934e-01
2.178157737944275141e-04
1.529115717858076096e-02
8.968335986137390137e-01
9.999254941940307617e-01
9.926119446754455566e-01
9.940731525421142578e-01
8.672026395797729492e-01
1.138181090354919434e-01
7.497128844261169434e-02
5.991064310073852539e-01
8.443746566772460938e-01
2.586572766304016113e-01
6.586957573890686035e-01
9.460335969924926758e-01
7.354126572608947754e-01
5.639225244522094727e-01
7.102651596069335938e-01
9.359269142150878906e-01
9.883109927177429199e-01
9.959454536437988281e-01
9.391822218894958496e-01
1.800049990415573120e-01
1.674121022224426270e-01
4.266234338283538818e-01
9.990727305412292480e-01
4.088857173919677734e-01
1.348534226417541504e-01
8.972793221473693848e-01
6.011973619461059570e-01
9.043862223625183105e-01
9.323428869247436523e-01
8.571910262107849121e-01
9.972500801086425781e-01
9.933692216873168945e-01
7.552712559700012207e-01
4.513891413807868958e-02
6.070537120103836060e-02
8.209442496299743652e-01
5.948311686515808105e-01
1.385691910982131958e-01
4.387411102652549744e-02
9.060742259025573730e-01
2.662095427513122559e-01
2.098594009876251221e-01
9.900033473968505859e-01
9.749117493629455566e-01
9.987101554870605469e-01
9.943431615829467773e-01
6.310132741928100586e-01
5.333795677870512009e-03
3.924686461687088013e-02
8.381232023239135742e-01
7.222453951835632324e-01
7.321888697333633900e-04
2.094586379826068878e-02
8.492467403411865234e-01
8.283126354217529297e-01
3.934953361749649048e-02
8.378394842147827148e-01
9.999694824218750000e-01
9.993366599082946777e-01
9.978382587432861328e-01
7.279837727546691895e-01
1.420163665898144245e-03
1.030786894261837006e-02
7.115300893783569336e-01
8.618336915969848633e-01
2.883953311538789421e-05
9.343510493636131287e-03
6.522300839424133301e-01
9.613895416259765625e-01
2.846791630872758105e-06
6.978017091751098633e-01
9.999845027923583984e-01
9.985644817352294922e-01
9.974933266639709473e-01
8.687685728073120117e-01
1.015271246433258057e-02
1.413174159824848175e-02
4.582090079784393311e-01
9.636125564575195312e-01
3.329130122438073158e-03
4.713621921837329865e-03
3.183147609233856201e-01
9.998578429222106934e-01
6.996706943027675152e-04
9.138850728049874306e-04
9.998646974563598633e-01
9.929741024971008301e-01
9.938923716545104980e-01
7.709661126136779785e-01
9.515634179115295410e-02
1.115864291787147522e-01
7.583680152893066406e-01
7.891608476638793945e-01
3.252735733985900879e-01
1.178787052631378174e-01
8.281403779983520508e-01
9.785227775573730469e-01
1.187847480177879333e-01
1.865723282098770142e-01
8.099660277366638184e-01
