3.292731234015753849e-01
3.091595299058378932e-01
2.327519559408896266e-01
3.025164661140969380e-01
2.963700575503305790e-01
1.959745576067899175e-01
1.956477520557550198e-01
2.550765661066040080e-01
2.682615907665771848e-01
2.620880742861817492e-01
1.992763602622569796e-01
3.060154713860426257e-01
2.777438436348277917e-01
3.427692970905739656e-01
2.129610497683573356e-01
2.485524227018826304e-01
3.372762249066279527e-01
2.978734304913534525e-01
2.560030743927479979e-01
4.057672222261317074e-01
3.938377182214305994e-01
3.763491150994713319e-01
2.524157108094256530e-01
3.650135569399796109e-01
3.616439004500324739e-01
2.629606754411585312e-01
2.369011567475703961e-01
4.309814854954870933e-01
3.977055520249100917e-01
2.886552407155529854e-01
2.777017882057967180e-01
3.679070018697530031e-01
3.762346298003999001e-01
3.204131967817934745e-01
2.449853064205784192e-01
3.362592543260409239e-01
3.564720981611081974e-01
1.679226359528211698e-02
2.509257423583991509e-01
2.603370884093098026e-01
2.890885137290192253e-01
1.013472720593339427e-01
2.083770160187179143e-01
3.006206439593090418e-01
2.311418380839033726e-01
1.432999787010395820e-01
2.172600299370689991e-01
2.186457030743790275e-01
1.671710721700667146e-01
2.036291172799582772e-01
8.137281573950670699e-02
1.906502317959586079e-01
1.958407929005961112e-01
2.166823970440488467e-01
2.116890452587260607e-01
1.876269796496042308e-01
2.277819611526165910e-01
2.201665254453053777e-01
3.959298215699024182e-01
3.475749417288730436e-01
2.736077417906087050e-01
4.429592621521666329e-01
3.828352166545720414e-01
2.846982784103602171e-01
2.213262256700545549e-01
3.529148374666244981e-01
3.877585683411990392e-01
3.066518531861500141e-01
2.588437099833614807e-01
3.603334698038032635e-01
3.570980889713749606e-01
2.860946557842768412e-01
2.623180423531896177e-01
3.155403412663592699e-01
3.667851715850142247e-01
1.191888654855294827e-01
3.053117606233662351e-01
3.131751734852933899e-01
2.632572253351099789e-01
3.197645054359992134e-01
3.482188257173849943e-01
2.563417111165248174e-01
2.588884813102105276e-01
1.481330623187554485e-01
1.857879044031366111e-01
1.485249886754900217e-01
2.200410315641560255e-01
3.800173080526292324e-01
3.080053959006013864e-01
2.415240851629417984e-01
3.906040119965417667e-01
3.244841072994928965e-01
3.532211540531044469e-01
2.865921517323630763e-01
4.075924510297437298e-01
2.217791335782609285e-01
3.507870187481435531e-01
3.016814023811513201e-01
2.301343848812393844e-01
2.441695159157881434e-01
3.412641454801464969e-01
