1.452481597661972046e-01
5.458448140416294336e-05
1.148506953541073017e-06
9.373565912246704102e-01
1.474020183086395264e-01
3.172256401740014553e-04
2.550877752582891844e-06
8.846570253372192383e-01
3.479335010051727295e-01
2.405428737401962280e-01
1.415068709320621565e-05
8.020346164703369141e-01
2.905690073966979980e-01
4.181469976902008057e-01
2.643416449427604675e-02
1.501430664211511612e-02
1.921577602624893188e-01
9.999123215675354004e-01
1.049514114856719971e-01
8.663837797939777374e-03
1.072532534599304199e-01
2.205624803900718689e-02
8.082820475101470947e-02
3.142903447151184082e-01
9.673381447792053223e-01
1.185991422971710563e-04
2.553995000198483467e-03
8.741814494132995605e-01
7.099671289324760437e-03
8.400990627706050873e-03
9.513733908534049988e-03
9.318357706069946289e-01
3.922924995422363281e-01
1.350364275276660919e-02
3.118861913681030273e-01
1.025633537210524082e-04
9.972705841064453125e-01
6.165612861514091492e-02
3.694486021995544434e-01
3.952515726268757135e-06
5.409423261880874634e-03
9.940810799598693848e-01
5.352234467864036560e-02
5.321900919079780579e-02
7.977643690537661314e-06
9.691184163093566895e-01
2.227977067232131958e-01
2.499332767911255360e-04
3.633619201082183281e-07
9.014519453048706055e-01
3.317967951297760010e-01
8.051198720932006836e-02
3.140614833682775497e-03
8.518502116203308105e-01
3.312911093235015869e-01
1.644785255193710327e-01
2.158669754862785339e-03
3.231238573789596558e-02
1.724040630506351590e-04
9.777939703781157732e-05
9.993198513984680176e-01
1.464283326640725136e-03
1.867378596216440201e-04
8.021175861358642578e-03
9.985653758049011230e-01
1.987889409065246582e-03
3.190012284903787076e-05
3.610431775450706482e-02
1.138442233204841614e-01
4.542428534477949142e-03
1.612114283489063382e-05
8.169540204107761383e-03
5.846180283697322011e-05
3.584269143175333738e-05
8.968594074249267578e-01
3.498959995340555906e-04
2.175187692046165466e-04
9.377503395080566406e-01
1.275987774133682251e-01
3.245505504310131073e-04
2.255826302643981762e-06
8.070620894432067871e-01
2.073874622583389282e-01
7.140803337097167969e-02
4.864189577347133309e-06
8.893235772848129272e-02
6.800969131290912628e-04
1.135078072547912598e-02
8.964696526527404785e-01
2.820397913455963135e-01
1.455261281080311164e-05
2.952122849819716066e-05
5.864686369895935059e-01
2.674354016780853271e-01
9.708431363105773926e-01
4.282037480152212083e-06
9.643477096688002348e-05
5.684758722782135010e-02
6.160047836601734161e-03
3.767048195004463196e-02
4.904489833279512823e-05
1.689490886747080367e-06
8.676004409790039062e-01
7.436300069093704224e-02
1.971340825548395514e-04
7.901248335838317871e-01
3.659713268280029297e-01
2.763888537883758545e-01
1.853892393410205841e-02
5.794836282730102539e-01
3.932897448539733887e-01
4.420296847820281982e-02
7.321993261575698853e-02
3.865956142544746399e-02
1.135512429755181074e-04
1.207784634971176274e-06
8.622441887855529785e-01
9.990195631980895996e-01
2.692840935196727514e-04
9.431963007955346256e-06
2.118523120880126953e-01
1.303131878376007080e-02
5.084631993668153882e-05
2.667461708188056946e-02
1.756899356842041016e-01
9.706761837005615234e-01
4.094090036232955754e-05
3.392855077981948853e-02
6.740786193404346704e-05
5.216499630478210747e-06
9.794408082962036133e-01
7.993912696838378906e-02
1.867201994173228741e-03
2.768944432318676263e-05
6.322676781564950943e-04
5.009189713746309280e-03
6.033368481439538300e-05
6.312745972536504269e-04
8.889087289571762085e-02
9.190163612365722656e-01
1.292966306209564209e-01
4.356074333190917969e-01
1.359300367766991258e-04
7.585946877952665091e-05
9.711691737174987793e-01
8.029100298881530762e-02
1.974423503270372748e-04
2.493021893315017223e-04
8.670787326991558075e-03
1.599478423595428467e-01
1.711451841401867568e-05
6.126926018623635173e-05
4.494434106163680553e-04
2.018732726573944092e-01
3.394669853150844574e-03
1.942670345306396484e-02
3.755759098567068577e-05
5.288293891680950765e-07
8.993601202964782715e-01
2.335280030965805054e-01
1.411275588907301426e-04
3.661275059130275622e-06
8.730174303054809570e-01
3.412886559963226318e-01
1.188861131668090820e-01
7.640874981880187988e-01
2.919695973396301270e-01
1.777480170130729675e-02
9.055010080337524414e-01
9.969904422760009766e-01
9.686412522569298744e-05
1.258595148101449013e-06
9.638821482658386230e-01
5.031463503837585449e-01
7.274525123648345470e-04
2.381718331889715046e-06
9.306178092956542969e-01
4.810466766357421875e-01
5.985931754112243652e-01
2.209635567851364613e-04
2.840389013290405273e-01
1.627189666032791138e-01
1.878742724657058716e-01
3.658633306622505188e-02
1.830403489293530583e-04
2.641939090608502738e-06
9.399829506874084473e-01
4.322989284992218018e-02
6.063196342438459396e-04
2.112932634190656245e-06
9.089028239250183105e-01
2.076657861471176147e-01
2.491569817066192627e-01
7.299215940292924643e-05
3.804197609424591064e-01
7.938215136528015137e-02
5.101633141748607159e-04
1.095840632915496826e-01
4.486877005547285080e-04
1.661219357629306614e-06
8.962816596031188965e-01
1.697231382131576538e-01
1.206132466904819012e-03
6.475459485955070704e-06
8.464814424514770508e-01
3.035954833030700684e-01
6.705452501773834229e-02
1.082836242858320475e-04
7.330804467201232910e-01
3.697757720947265625e-01
2.136162765964400023e-05
1.002421081066131592e-01
7.259051199071109295e-05
1.261146849174110685e-06
9.576510190963745117e-01
9.505326300859451294e-02
4.695910320151597261e-04
7.637005182914435863e-06
8.983822464942932129e-01
3.602093160152435303e-01
1.213574111461639404e-01
5.785576649941504002e-05
8.345084786415100098e-01
2.822237312793731689e-01
3.524863859638571739e-03
