2.232868296512851292e-01
1.657238516611239665e-01
2.294306449313869289e-01
2.770857465701948019e-01
1.648182614213650476e-01
1.888647896927208442e-02
2.291181038383980906e-01
2.023045655353668537e-01
3.024720336496521944e-01
1.011019358089610132e-01
2.284579361014930921e-01
1.569065699228443800e-01
1.747390793124605490e-01
2.937606356102220873e-01
1.947307854581875053e-01
2.400659035845364997e-01
2.971785496321480147e-01
2.499989568291661746e-01
3.525603840859660720e-01
3.618575207695427509e-01
3.269310361043048507e-01
2.339301407887782736e-01
3.203004442407640928e-01
2.351817363360169111e-01
2.770255328303811715e-01
2.264388358363738363e-01
2.734026819167550970e-01
3.629110592829909998e-01
3.511243329143886038e-01
2.190372044077286418e-01
3.579190461784422239e-01
2.951947474189532405e-01
3.653373514848331505e-01
3.120130317788257779e-01
3.437145633933351707e-01
2.163340737326787111e-01
2.835862777176841321e-01
1.518469165222575967e-01
1.413619783975613720e-01
2.534765167018541709e-01
1.419016930919427266e-01
2.793989814370154146e-01
1.877272627853716902e-01
2.202193095850256688e-01
1.062529770514139826e-01
2.806271850489653330e-01
1.053953613512791099e-01
1.109987996303691271e-01
2.662630775482214829e-01
2.137469361044238014e-01
1.275431076064705849e-01
2.460044647041985943e-01
2.826790988642292612e-01
2.319764746280270629e-01
1.879645376587247285e-01
2.760120650905614204e-01
1.952486453094304797e-01
2.046157810523604459e-01
3.625656982565907405e-01
3.626530320885089642e-01
3.678101800032891333e-01
3.347757573221595284e-01
3.400862001670667545e-01
3.047053313107775940e-01
3.674228773536294956e-01
3.373616910349273024e-01
3.662986529838795358e-01
3.465641894592688677e-01
3.729481911398649374e-01
3.485623850317027261e-01
3.719074050112304852e-01
3.503421500309531478e-01
3.676790791315187601e-01
3.691499525726752440e-01
3.547444200706265094e-01
2.251012196603159599e-01
2.541808637503821244e-01
2.735112438662886669e-01
1.920301884126204839e-01
2.572068576342784185e-01
2.093767770745146861e-01
3.590133932951945495e-01
3.689527665802205814e-01
2.934419561450760106e-01
3.812636434740852565e-01
4.041221224201413387e-01
3.294211483623187831e-01
3.721543247990596881e-01
2.287690843715189104e-01
3.784900304879276756e-01
2.928781490056560632e-01
4.063472085847304460e-01
3.198274771392999316e-01
3.827222707690313142e-01
3.855965226718511274e-01
3.361494626725078927e-01
3.000674261621987804e-01
2.185490133829611770e-01
3.570177595202739251e-01
3.196320026875652531e-01
2.466940610812833612e-01
