1.745987901813350618e-05
3.605859577655792236e-01
7.058814167976379395e-02
3.055509878322482109e-04
4.502773226704448462e-04
6.532012820243835449e-01
9.194850921630859375e-01
5.527275055646896362e-02
3.195018321275711060e-02
3.080447018146514893e-01
9.519284367561340332e-01
6.947485208511352539e-01
2.872437536716461182e-01
5.452961340779438615e-05
9.592612385749816895e-01
9.822892397642135620e-02
1.845799386501312256e-03
2.633837866596877575e-04
5.520465970039367676e-01
6.570026874542236328e-01
8.421218395233154297e-02
3.460136801004409790e-02
3.236549198627471924e-01
9.693737626075744629e-01
6.407775282859802246e-01
5.110836029052734375e-01
1.339964114777103532e-06
9.828556812863098457e-07
5.826575309038162231e-02
2.603062284833868034e-06
4.432511559571139514e-06
2.121212929487228394e-01
4.115097690373659134e-03
9.906536433845758438e-04
1.551285677123814821e-04
2.206750214099884033e-01
7.178680896759033203e-01
3.259468078613281250e-02
9.791398420929908752e-03
9.100617148760647979e-08
1.049764978233724833e-05
7.950062155723571777e-01
7.963919639587402344e-02
4.639703911379911005e-05
7.829325199127197266e-01
7.938012480735778809e-01
4.336412996053695679e-02
1.842690515331923962e-03
2.944809496402740479e-01
9.515365362167358398e-01
7.095788121223449707e-01
1.469510346651077271e-01
6.522869807668030262e-05
5.269339453661814332e-06
1.166321709752082825e-01
3.818881884217262268e-02
2.508423349354416132e-04
8.932037949562072754e-01
2.841943800449371338e-01
4.561688005924224854e-02
4.451259970664978027e-03
3.631825149059295654e-01
9.363058209419250488e-01
5.582069754600524902e-01
1.810555756092071533e-01
3.730367825482971966e-05
7.233625638036755845e-06
4.924765601754188538e-02
2.100848220288753510e-02
1.367290096823126078e-04
2.087994471366982907e-05
3.754935041069984436e-02
1.645289448788389564e-04
1.445250236429274082e-04
1.234381925314664841e-03
4.727333784103393555e-02
1.360770082101225853e-03
4.058111808262765408e-04
1.841321354731917381e-04
3.861812729155644774e-05
9.894424080848693848e-01
9.302815794944763184e-02
8.677432313561439514e-03
9.265694534406065941e-04
4.199748933315277100e-01
1.760483160614967346e-02
1.189556717872619629e-02
1.613604873418807983e-01
1.401969939470291138e-01
2.036867141723632812e-01
1.295077800750732422e-01
3.865225517074577510e-05
4.050176812597783282e-06
8.507573604583740234e-02
2.767026424407958984e-02
1.796649012248963118e-04
5.401893577072769403e-05
6.903553009033203125e-01
1.572256386280059814e-01
1.183650310849770904e-04
3.582341670989990234e-01
9.780467748641967773e-01
7.070966362953186035e-01
1.013673618435859680e-01
4.998759686714038253e-05
1.164628338301554322e-05
1.251335293054580688e-01
3.560524061322212219e-02
1.932147715706378222e-04
8.820641960483044386e-05
8.015378117561340332e-01
6.811035275459289551e-01
3.478232398629188538e-02
3.484284877777099609e-01
9.214110970497131348e-01
7.376880049705505371e-01
5.408463478088378906e-01
5.381318987929262221e-05
2.856113860616460443e-05
8.068659901618957520e-02
3.910947963595390320e-02
4.143613623455166817e-04
1.250680070370435715e-04
6.425353288650512695e-01
1.224169358611106873e-01
3.019407950341701508e-02
1.099927257746458054e-02
1.007193177938461304e-01
1.399703025817871094e-01
9.672767668962478638e-02
1.508592104073613882e-04
2.134939859388396144e-05
9.905877709388732910e-01
1.004620268940925598e-01
6.570805795490741730e-03
5.816631601192057133e-04
6.547743082046508789e-01
6.742486953735351562e-01
3.121303319931030273e-01
8.907488733530044556e-02
9.601163864135742188e-02
2.320158928632736206e-01
2.106425911188125610e-01
5.401472662924788892e-05
3.807438042713329196e-05
6.524720191955566406e-01
1.161473318934440613e-01
1.178730186074972153e-02
1.913480227813124657e-04
8.260237574577331543e-01
9.410598874092102051e-01
1.234244853258132935e-01
3.091903589665889740e-02
3.188470005989074707e-01
9.681853055953979492e-01
3.315499797463417053e-02
5.379821595852263272e-05
7.960101356729865074e-06
1.197000294923782349e-01
4.789838567376136780e-02
4.190409090369939804e-04
1.246295432792976499e-04
7.167274951934814453e-01
8.992659449577331543e-01
5.352726951241493225e-02
7.846796885132789612e-03
3.110612630844116211e-01
9.588612318038940430e-01
7.058393359184265137e-01
7.760918736457824707e-01
9.256983995437622070e-01
9.877027869224548340e-01
4.419906996190547943e-03
7.072956068441271782e-04
2.424712032079696655e-01
7.905021309852600098e-01
2.414810508489608765e-01
2.239510565996170044e-01
3.892804384231567383e-01
9.686460494995117188e-01
6.284636855125427246e-01
4.790751338005065918e-01
5.263555049896240234e-01
7.030987035250291228e-06
5.929618608206510544e-03
3.124937356915324926e-04
8.498433999193366617e-06
1.852836576290428638e-04
1.626731100259348750e-04
2.298605977557599545e-05
9.808735740080010146e-06
4.609733005054295063e-04
4.772456668433733284e-05
1.264301226910902187e-05
2.019147723331116140e-05
6.970731019973754883e-01
9.741613666847115383e-07
5.302481725811958313e-02
3.136003442705259658e-06
9.175827472063247114e-06
4.238883852958679199e-01
2.314636483788490295e-03
1.107280608266592026e-03
5.418868386186659336e-04
3.392014503479003906e-01
4.755469262599945068e-01
9.895346313714981079e-02
1.138353347778320312e-02
8.531948328018188477e-01
1.059909027389949188e-05
9.354189038276672363e-01
9.322528839111328125e-01
5.012200199416838586e-05
8.974209427833557129e-01
9.701073169708251953e-01
2.199260890483856201e-01
9.425791911780834198e-03
4.323943853378295898e-01
9.610763788223266602e-01
7.018804550170898438e-01
5.671693086624145508e-01
5.268706679344177246e-01
5.337026777851860970e-06
3.109062649309635162e-02
1.618933118879795074e-02
2.322361397091299295e-04
2.114050766977015883e-05
1.325059914961457253e-03
3.144989750580862164e-05
3.867368650389835238e-05
2.217285073129460216e-04
1.067667733877897263e-03
3.747039590962231159e-05
8.315852028317749500e-05
7.872923016548156738e-01
7.839635145501233637e-06
9.265058040618896484e-01
9.484469890594482422e-01
3.810180933214724064e-04
2.553166996221989393e-04
8.262141942977905273e-01
9.891688078641891479e-02
2.347017675638198853e-01
1.802394688129425049e-01
3.820309937000274658e-01
1.500163376331329346e-01
9.042716026306152344e-02
7.197629213333129883e-01
2.795394038912490942e-06
5.609015002846717834e-02
1.720819920301437378e-01
2.623652108013629913e-04
5.552362927119247615e-05
8.939337730407714844e-01
6.815871000289916992e-01
1.217005192302167416e-04
3.885800242424011230e-01
9.684554934501647949e-01
6.774224042892456055e-01
1.748410761356353760e-01
7.004978060722351074e-01
4.890585842076689005e-06
7.837355136871337891e-02
1.489719897508621216e-01
2.342276566196233034e-04
5.605743353953585029e-05
9.137378931045532227e-01
9.600853919982910156e-01
2.319131046533584595e-02
4.704592823982238770e-01
9.756359457969665527e-01
7.259251475334167480e-01
5.404875874519348145e-01
7.235603332519531250e-01
7.543790616182377562e-06
5.773042887449264526e-02
1.673340648412704468e-01
2.677410084288567305e-04
1.550802116980776191e-04
8.396729826927185059e-01
6.710532903671264648e-01
5.004861950874328613e-02
1.556066330522298813e-02
5.543233752250671387e-01
5.760166049003601074e-01
2.348846942186355591e-01
9.148918986320495605e-01
1.950799196492880583e-05
9.545347094535827637e-01
9.385643601417541504e-01
1.400005221366882324e-01
2.216617017984390259e-02
4.219736456871032715e-01
3.763087391853332520e-01
1.841156780719757080e-01
1.339166462421417236e-01
7.839681953191757202e-02
2.091134488582611084e-01
2.157321125268936157e-01
7.405535578727722168e-01
2.151193257304839790e-05
8.046485781669616699e-01
7.360935211181640625e-01
3.464723413344472647e-04
2.347894915146753192e-04
7.833282947540283203e-01
9.630770087242126465e-01
1.781989783048629761e-01
2.280723601579666138e-01
3.845125436782836914e-01
9.687332510948181152e-01
4.662220180034637451e-02
6.745085120201110840e-01
3.489707296466804110e-06
2.767793834209442139e-01
2.505135536193847656e-01
2.356859040446579456e-04
1.030535495374351740e-04
5.810688138008117676e-01
9.178023934364318848e-01
1.625104695558547974e-01
1.897903974168002605e-03
3.426636755466461182e-01
9.502043724060058594e-01
7.535278797149658203e-01
5.918768048286437988e-01
4.264236241579055786e-02
8.122925646603107452e-03
1.019613118842244148e-03
2.338470949325710535e-05
1.600878604222089052e-04
1.193703792523592710e-04
1.497825087426463142e-05
7.030399046925595030e-06
1.165799185400828719e-04
2.276137638546060771e-05
9.364794095745310187e-06
2.178303839173167944e-05
5.302093625068664551e-01
1.560357213020324707e-02
4.236572235822677612e-02
1.421431777998805046e-03
4.270741716027259827e-03
6.660507917404174805e-01
9.832900017499923706e-03
9.030139446258544922e-02
2.222146242856979370e-01
3.719636201858520508e-01
9.223390221595764160e-01
8.915074914693832397e-02
1.132744252681732178e-01
6.642417907714843750e-01
1.676781475543975830e-02
3.695405423641204834e-01
2.008164077997207642e-01
1.398364838678389788e-04
5.469219088554382324e-01
9.604266881942749023e-01
2.321134805679321289e-01
7.597202435135841370e-03
3.601381480693817139e-01
9.607869386672973633e-01
6.861715316772460938e-01
6.022877693176269531e-01
6.275926232337951660e-01
1.898983679711818695e-02
8.859915286302566528e-02
5.071394518017768860e-02
1.625443249940872192e-02
7.686451077461242676e-01
8.972216844558715820e-01
4.450427591800689697e-01
5.231698602437973022e-02
3.516482412815093994e-01
9.136210083961486816e-01
6.876478791236877441e-01
5.408150553703308105e-01
5.911418199539184570e-01
2.819963917136192322e-02
2.767209708690643311e-02
1.302392035722732544e-02
4.987193970009684563e-04
9.732142643770202994e-06
1.017125789076089859e-03
3.709358134074136615e-05
1.199547259602695704e-04
2.820183581206947565e-04
1.044266391545534134e-03
2.698897849768400192e-03
8.524641394615173340e-03
6.915177106857299805e-01
1.974320039153099060e-02
8.780063986778259277e-01
6.647685915231704712e-02
1.988947950303554535e-02
2.181990072131156921e-03
3.088366091251373291e-01
1.273970901966094971e-01
1.650092005729675293e-01
9.943030774593353271e-02
1.307014375925064087e-01
1.657454371452331543e-01
9.641432017087936401e-02
6.688541173934936523e-01
2.409889735281467438e-02
3.931046649813652039e-02
3.391189873218536377e-02
5.003489786759018898e-04
4.428033662406960502e-06
4.133580029010772705e-01
9.210187792778015137e-01
1.944710493262391537e-05
3.062876462936401367e-01
9.560260772705078125e-01
6.082068085670471191e-01
1.623151004314422607e-01
6.427407264709472656e-01
2.165752276778221130e-02
5.064319446682929993e-02
3.065194934606552124e-02
5.557469557970762253e-04
1.231084206665400416e-05
7.076234817504882812e-01
8.505220413208007812e-01
1.355503033846616745e-02
3.299283087253570557e-01
9.127263426780700684e-01
7.667903304100036621e-01
6.081206798553466797e-01
6.656703948974609375e-01
2.167779020965099335e-02
3.220607712864875793e-02
3.801821172237396240e-02
1.513059600256383419e-03
2.116584983014035970e-05
4.818770885467529297e-01
3.812393872067332268e-03
1.606542430818080902e-02
5.197398737072944641e-02
6.402946710586547852e-01
2.326864600181579590e-01
4.412468671798706055e-01
7.534878253936767578e-01
2.045745030045509338e-02
8.686974048614501953e-01
7.826126813888549805e-01
1.956510171294212341e-02
4.809907637536525726e-03
1.332036703824996948e-01
9.299973249435424805e-01
3.139761090278625488e-01
8.813887089490890503e-02
2.533469907939434052e-02
3.193605542182922363e-01
2.971476614475250244e-01
6.591627597808837891e-01
1.879778504371643066e-02
7.291459292173385620e-02
3.674400970339775085e-02
1.756962388753890991e-02
2.083435538224875927e-05
7.132570743560791016e-01
8.221905231475830078e-01
3.478132486343383789e-01
3.335644006729125977e-01
3.513544797897338867e-01
9.424424767494201660e-01
7.829631865024566650e-02
6.056402325630187988e-01
2.241264283657073975e-02
5.889599025249481201e-02
3.504028171300888062e-02
2.072234638035297394e-03
7.043063760647783056e-06
5.837367177009582520e-01
8.896885514259338379e-01
5.427466705441474915e-02
1.528246793895959854e-02
3.274591863155364990e-01
9.159676432609558105e-01
7.451215386390686035e-01
6.229913234710693359e-01
3.697050362825393677e-02
3.446181945037096739e-04
2.569041389506310225e-04
1.943744791788049042e-05
7.360689050983637571e-05
3.904353434336371720e-05
1.003913348540663719e-05
7.370374987658578902e-06
1.547675766050815582e-02
5.320906173437833786e-03
2.510949736461043358e-03
9.617690811865031719e-04
5.560401678085327148e-01
2.065718732774257660e-02
2.096374810207635164e-04
5.977801978588104248e-03
7.655660738237202168e-05
2.501467242836952209e-04
1.886831014417111874e-04
3.858576528728008270e-04
5.813139068777672946e-05
7.372673135250806808e-03
7.477565086446702480e-04
7.192812627181410789e-04
2.802000846713781357e-03
5.695245265960693359e-01
3.818589448928833008e-02
2.522902796044945717e-04
7.261390332132577896e-03
7.700447458773851395e-04
6.340946420095860958e-04
5.722575006075203419e-04
1.950061778188683093e-05
7.382218427665065974e-06
5.823341416544280946e-05
5.259628323983633891e-06
3.439719648667960428e-06
4.963422725268173963e-06
5.850243568420410156e-01
6.543261557817459106e-02
3.944240161217749119e-04
9.167481213808059692e-03
1.300747273489832878e-03
3.691169695230200887e-05
1.695450337138026953e-04
3.768952956306748092e-05
1.374472049064934254e-05
2.207558281952515244e-06
5.251991296972846612e-06
4.451110726222395897e-06
6.425219453376485035e-06
6.150411963462829590e-01
6.060967594385147095e-02
4.129570734221488237e-04
9.119312278926372528e-03
1.125309732742607594e-03
3.085877324338071048e-05
5.223861165859489120e-08
9.788363058760296553e-06
7.396391083602793515e-06
1.432262706657638773e-06
6.542693995470472146e-07
9.076669016394589562e-07
2.324268507436499931e-06
6.091074943542480469e-01
6.218857318162918091e-02
3.586091042961925268e-04
8.698506280779838562e-03
1.199349411763250828e-03
3.316854053991846740e-05
1.982151297852396965e-04
1.433074939996004105e-04
1.347473698842804879e-06
2.131319888576399535e-05
2.219394218627712689e-06
2.299635070812655613e-06
2.255621666336082853e-06
5.955576300621032715e-01
5.149219930171966553e-02
3.423948655836284161e-04
7.588083390146493912e-03
1.161388470791280270e-03
6.390750058926641941e-05
5.048490129411220551e-04
1.321720046689733863e-04
2.514004518161527812e-05
8.265548240160569549e-05
5.546532975131412968e-06
3.852332611131714657e-06
3.179966597599559464e-06
6.238813996315002441e-01
4.699809104204177856e-02
3.604812081903219223e-04
8.462588302791118622e-03
1.066514640115201473e-03
2.880445208575110883e-05
1.669956109253689647e-04
1.555399794597178698e-04
2.152616434614174068e-05
8.982014151115436107e-06
2.786577169899828732e-06
2.858953848772216588e-06
5.126071300765033811e-06
6.330630779266357422e-01
3.928451612591743469e-02
1.896940084407106042e-04
7.592817302793264389e-03
7.913827430456876755e-04
2.147638406313490123e-05
1.887894322862848639e-04
1.823086786316707730e-04
1.126345159718766809e-05
9.829692316998261958e-06
2.319836130482144654e-05
1.654825609875842929e-06
1.971432902792003006e-05
6.095838546752929688e-01
4.470010474324226379e-02
2.511532220523804426e-04
7.751156575977802277e-03
8.674921700730919838e-04
2.669632158358581364e-05
1.675084349699318409e-04
1.221964921569451690e-04
2.818556458805687726e-05
9.346817023470066488e-06
6.557250162586569786e-05
1.254799462913069874e-05
7.869278488215059042e-05
5.980660915374755859e-01
6.865806132555007935e-02
5.560509162023663521e-04
9.010762907564640045e-03
1.520083402283489704e-03
3.736147118615917861e-05
1.828661625040695071e-04
1.358797162538394332e-04
2.370295624132268131e-05
8.438059012405574322e-06
4.371318937046453357e-05
1.644564508751500398e-05
2.262677526232437231e-06
5.659111142158508301e-01
1.738771423697471619e-02
4.562659014482051134e-04
3.830867260694503784e-02
1.127400435507297516e-03
4.941180050373077393e-01
4.262353181838989258e-01
4.503129050135612488e-03
8.513979613780975342e-03
3.952835202217102051e-01
6.887087821960449219e-01
3.843062520027160645e-01
4.657414183020591736e-02
5.384771227836608887e-01
1.684779487550258636e-02
2.145427424693480134e-04
3.342508897185325623e-02
3.304445999674499035e-04
4.729943871498107910e-01
9.253164753317832947e-03
1.521723810583353043e-02
1.203653216361999512e-02
3.401836156845092773e-01
3.828317523002624512e-01
8.152483403682708740e-02
1.237868294119834900e-01
5.997827649116516113e-01
3.204507380723953247e-02
2.212671388406306505e-04
2.385253831744194031e-02
2.495054795872420073e-04
2.927236346295103431e-05
6.952840340090915561e-05
7.626344995514955372e-06
1.614781358512118459e-04
2.061572740785777569e-04
7.720153080299496651e-04
1.870667620096355677e-04
1.292404340347275138e-05
5.794184803962707520e-01
2.083316072821617126e-02
1.490902213845402002e-04
3.746876865625381470e-02
1.529585861135274172e-04
2.787444100249558687e-05
4.625121355056762695e-01
1.009402889758348465e-02
1.652637124061584473e-02
3.815038204193115234e-01
2.927008271217346191e-01
4.880160465836524963e-02
1.165440529584884644e-01
6.100901961326599121e-01
4.381725192070007324e-02
3.364179283380508423e-04
2.479534596204757690e-02
4.174792265985161066e-04
1.806792897696141154e-05
8.304484188556671143e-03
2.283124020323157310e-03
2.624182798172114417e-06
1.859953105449676514e-01
6.195845603942871094e-01
5.679185967892408371e-03
1.138515770435333252e-02
5.635674595832824707e-01
1.919783838093280792e-02
1.695484388619661331e-04
3.292858973145484924e-02
1.681430730968713760e-04
1.122113317251205444e-04
2.457795739173889160e-01
7.323994301259517670e-03
1.896412670612335205e-02
3.831481933593750000e-01
4.534480571746826172e-01
7.625082880258560181e-02
6.320212781429290771e-02
5.602568387985229492e-01
1.954416185617446899e-02
1.996757637243717909e-04
2.806081995368003845e-02
3.038683498743921518e-04
6.001344881951808929e-03
6.016042549163103104e-03
5.510454531759023666e-03
1.062088552862405777e-02
2.565260231494903564e-02
9.276033379137516022e-03
8.736880868673324585e-02
9.254373610019683838e-02
6.480808258056640625e-01
1.693781465291976929e-02
5.322666838765144348e-04
4.805890098214149475e-02
2.813448663800954819e-03
1.268627680838108063e-02
6.794742941856384277e-01
2.184947282075881958e-01
8.668584376573562622e-02
9.895826131105422974e-02
2.503816485404968262e-01
7.384404540061950684e-02
8.613499253988265991e-02
5.497463941574096680e-01
1.681452058255672455e-02
4.270743520464748144e-04
3.504209220409393311e-02
1.398338703438639641e-03
1.331662945449352264e-02
6.482726931571960449e-01
8.217681199312210083e-03
6.879775971174240112e-02
3.031546175479888916e-01
3.289996385574340820e-01
7.512955069541931152e-01
6.893037259578704834e-02
5.645334720611572266e-01
2.047511562705039978e-02
1.501607912359759212e-04
2.780987322330474854e-02
3.031634842045605183e-04
8.652735850773751736e-04
7.470626831054687500e-01
1.644783467054367065e-02
1.605253666639328003e-01
1.841885782778263092e-02
3.766510486602783203e-01
8.977309465408325195e-01
1.390380859375000000e-01
6.739966273307800293e-01
1.693074405193328857e-02
7.128384895622730255e-04
7.491959333419799805e-01
6.706739217042922974e-02
5.504544973373413086e-01
8.998433351516723633e-01
1.479026675224304199e-01
1.779126524925231934e-01
3.697008490562438965e-01
9.719930291175842285e-01
6.205813288688659668e-01
4.453668892383575439e-01
5.541526079177856445e-01
2.092972211539745331e-02
2.134761452907696366e-04
3.046735003590583801e-02
1.504458393901586533e-02
5.403617979027330875e-05
5.634392146021127701e-04
2.750517742242664099e-04
1.805998472264036536e-04
3.935268032364547253e-04
2.285250957356765866e-04
5.910638137720525265e-04
1.564554986543953419e-03
7.226405739784240723e-01
1.977837458252906799e-02
5.010669119656085968e-04
8.922913074493408203e-01
1.182987615466117859e-01
3.173411241732537746e-04
8.721599578857421875e-01
4.103883169591426849e-03
3.964667767286300659e-02
3.241151869297027588e-01
7.186610698699951172e-01
3.773406147956848145e-01
8.399406448006629944e-03
6.919654607772827148e-01
2.418949268758296967e-02
1.141439424827694893e-04
3.207927942276000977e-02
3.132037445902824402e-02
1.013213914120569825e-04
7.777277231216430664e-01
2.400115430355072021e-01
3.920030430890619755e-04
5.335026383399963379e-01
9.596293568611145020e-01
1.659428328275680542e-01
6.631859578192234039e-03
7.204729318618774414e-01
1.834203302860260010e-02
1.548029133118689060e-03
6.723446398973464966e-02
1.350398659706115723e-01
3.757509693969041109e-04
9.490922689437866211e-01
9.573000073432922363e-01
2.219168245792388916e-01
5.639658570289611816e-01
9.532252550125122070e-01
5.829387307167053223e-01
3.302267789840698242e-01
7.246633768081665039e-01
1.950113102793693542e-02
4.580937325954437256e-03
4.178706929087638855e-02
4.704172909259796143e-02
4.763341043144464493e-03
8.647814393043518066e-01
3.615733981132507324e-01
1.310039609670639038e-01
7.868511602282524109e-03
9.274747222661972046e-02
3.344515264034271240e-01
1.698833517730236053e-02
8.270224332809448242e-01
1.919808238744735718e-02
6.319903768599033356e-03
9.688026905059814453e-01
9.471703171730041504e-01
2.703677490353584290e-02
7.136755585670471191e-01
1.920985281467437744e-01
3.942045569419860840e-02
2.085376381874084473e-01
3.633585572242736816e-01
2.868048846721649170e-01
2.871780395507812500e-01
7.094050645828247070e-01
1.923846267163753510e-02
2.022844739258289337e-03
1.974078565835952759e-01
7.591646164655685425e-02
7.775904610753059387e-03
9.321696758270263672e-01
9.590477943420410156e-01
9.856734424829483032e-02
6.975130736827850342e-02
5.232842564582824707e-01
9.639276266098022461e-01
1.160292476415634155e-01
6.924988627433776855e-01
1.894733309745788574e-02
8.417541976086795330e-04
7.147234678268432617e-02
6.872792541980743408e-02
1.720068277791142464e-03
9.259292483329772949e-01
9.001932144165039062e-01
6.352199614048004150e-02
7.699910551309585571e-03
4.406208097934722900e-01
9.626829028129577637e-01
7.449732422828674316e-01
5.818569064140319824e-01
3.671538457274436951e-02
3.491251845844089985e-04
2.580376714468002319e-02
1.269088592380285263e-02
5.947264144197106361e-04
2.032653574133291841e-04
2.038421007455326617e-05
8.077642632997594774e-06
2.226432698080316186e-04
2.512757200747728348e-04
1.802021142793819308e-05
3.646468758233822882e-05
7.068919539451599121e-01
2.001246251165866852e-02
1.100140580092556775e-04
8.662956953048706055e-01
1.058370843529701233e-01
1.617038063704967499e-02
5.088841915130615234e-01
3.851042687892913818e-02
1.014193613082170486e-02
1.145250052213668823e-01
2.559309899806976318e-01
1.649833917617797852e-01
8.289799094200134277e-02
6.276144981384277344e-01
2.851986512541770935e-02
2.097297401633113623e-04
3.045044466853141785e-02
2.451263926923274994e-02
5.298293544910848141e-04
4.122016131877899170e-01
2.873395103961229324e-03
9.179889457300305367e-05
3.430426418781280518e-01
9.422554969787597656e-01
3.741700053215026855e-01
7.478334009647369385e-02
6.518430709838867188e-01
2.348393946886062622e-02
1.730064832372590899e-04
6.161835789680480957e-02
4.305201023817062378e-02
5.519632832147181034e-04
7.473158836364746094e-01
8.102671504020690918e-01
1.461409032344818115e-02
3.207800388336181641e-01
9.057651162147521973e-01
7.213143110275268555e-01
5.870032310485839844e-01
6.913146376609802246e-01
2.213965356349945068e-02
1.182451960630714893e-04
3.068252652883529663e-02
3.173580393195152283e-02
2.158546820282936096e-03
5.775357484817504883e-01
8.513606786727905273e-01
1.618648506700992584e-02
8.271357975900173187e-03
6.790812127292156219e-03
2.861480042338371277e-02
6.346191465854644775e-02
7.651975750923156738e-01
1.943152956664562225e-02
1.458293991163372993e-04
9.067537784576416016e-01
9.079563021659851074e-01
3.151013702154159546e-02
3.254696428775787354e-01
9.427455663681030273e-01
4.211653769016265869e-01
1.606029123067855835e-01
7.948318123817443848e-02
3.520472347736358643e-01
3.077431619167327881e-01
6.968072652816772461e-01
2.037732303142547607e-02
1.068097044480964541e-04
6.491561233997344971e-02
6.084502115845680237e-02
9.560017846524715424e-03
8.479101657867431641e-01
8.118252754211425781e-01
3.799652159214019775e-01
9.892017394304275513e-02
3.327341377735137939e-01
9.301160573959350586e-01
1.338824778795242310e-01
6.004993915557861328e-01
2.494972944259643555e-02
2.329043927602469921e-04
2.909511327743530273e-02
2.729360572993755341e-02
4.813433333765715361e-04
4.160213470458984375e-01
1.136469244956970215e-01
7.825084961950778961e-03
2.575599355623126030e-03
3.493881225585937500e-01
8.657307624816894531e-01
3.298110663890838623e-01
6.318957209587097168e-01
4.886194318532943726e-02
5.153173115104436874e-04
2.249409630894660950e-02
1.459968741983175278e-02
9.110386599786579609e-04
1.438532490283250809e-05
2.290052179887425154e-05
3.317321443319087848e-06
3.090712416451424360e-04
1.669768942520022392e-03
1.821743324398994446e-03
7.809666567482054234e-05
6.352055668830871582e-01
4.415157809853553772e-02
5.844294792041182518e-04
2.262603119015693665e-02
1.408222597092390060e-02
1.264944788999855518e-03
1.998078732867725194e-05
1.381864422000944614e-04
1.068956407834775746e-06
3.068910882575437427e-05
3.453624231042340398e-05
1.661389251239597797e-05
3.525631655065808445e-06
6.181544065475463867e-01
4.655801504850387573e-02
3.120436449535191059e-04
2.253794483840465546e-02
1.369287446141242981e-02
8.688538800925016403e-04
2.481888441252522171e-05
1.656857348280027509e-04
1.685120514594018459e-05
1.344667252851650119e-04
1.596489164512604475e-04
1.386240637657465413e-05
2.493300416972488165e-05
6.176466941833496094e-01
3.697660937905311584e-02
3.983136266469955444e-04
2.478133514523506165e-02
1.360140368342399597e-02
5.854764021933078766e-04
1.936216358444653451e-05
1.578995725139975548e-04
2.025986395892687142e-05
2.023586421273648739e-05
4.892706783721223474e-06
2.222411858383566141e-04
1.634360232856124640e-04
6.056537032127380371e-01
3.101489506661891937e-02
2.478592796251177788e-04
2.569092810153961182e-02
1.370092853903770447e-02
6.485563935711979866e-04
5.689360114047303796e-05
9.775913786143064499e-04
3.726337337866425514e-03
5.169935757294297218e-04
3.771820291876792908e-02
7.159544527530670166e-02
4.813264589756727219e-03
6.251540184020996094e-01
5.599094927310943604e-02
6.369953043758869171e-04
2.459459006786346436e-02
1.392587739974260330e-02
1.235073665156960487e-03
2.346761175431311131e-05
7.455681916326284409e-04
1.484110725868958980e-05
7.047107828839216381e-06
2.009189047385007143e-04
6.573153659701347351e-04
2.719612675718963146e-04
6.300551295280456543e-01
4.084475710988044739e-02
3.553465357981622219e-04
3.308011218905448914e-02
1.782792061567306519e-02
5.912744672968983650e-04
1.454215180274331942e-05
1.006378009915351868e-01
2.785455762932542711e-06
1.358412802219390869e-01
6.454028189182281494e-02
6.995116174221038818e-02
2.335061877965927124e-02
6.830136775970458984e-01
2.528317645192146301e-02
1.453522127121686935e-04
6.096344441175460815e-02
3.425308316946029663e-02
5.366276600398123264e-04
8.973437070380896330e-05
1.580429524183273315e-01
1.294036395847797394e-02
9.598384797573089600e-02
1.240259483456611633e-01
8.123968541622161865e-02
5.616982653737068176e-02
6.808527112007141113e-01
2.382184751331806183e-02
9.250903531210497022e-05
5.011966824531555176e-02
7.446594536304473877e-02
1.782514527440071106e-02
1.544147962704300880e-03
4.183575883507728577e-02
1.337724644690752029e-02
1.343879848718643188e-02
3.013931680470705032e-03
6.933374796062707901e-03
1.565295085310935974e-02
7.314707040786743164e-01
2.146923914551734924e-02
5.782655207440257072e-04
5.942569375038146973e-01
3.030071258544921875e-01
1.827966235578060150e-02
8.783089928328990936e-03
3.927396237850189209e-02
2.125817723572254181e-02
1.842495799064636230e-02
3.586989641189575195e-02
1.036410685628652573e-02
1.860382221639156342e-02
7.089091539382934570e-01
2.120308578014373779e-02
1.039292037603445351e-04
7.902330160140991211e-01
2.111379504203796387e-01
1.870414242148399353e-02
7.438581902533769608e-03
1.196272596716880798e-01
1.203201059252023697e-02
1.791110262274742126e-02
7.279570400714874268e-02
8.646411448717117310e-02
3.222721815109252930e-02
6.451721191406250000e-01
2.550470829010009766e-02
1.472311996622011065e-04
5.206971168518066406e-01
4.947945475578308105e-02
1.934891194105148315e-02
9.930799715220928192e-04
5.486276745796203613e-02
3.018556535243988037e-01
1.823691278696060181e-02
5.401352792978286743e-02
7.140111178159713745e-02
7.750456780195236206e-02
6.793319582939147949e-01
2.331911399960517883e-02
1.164185086963698268e-04
2.327350676059722900e-01
6.373597681522369385e-02
5.264672799967229366e-04
8.269854879472404718e-05
1.887851506471633911e-01
9.518154859542846680e-01
3.563494086265563965e-01
9.733560681343078613e-01
7.110137343406677246e-01
5.419057607650756836e-01
6.842057704925537109e-01
2.702221646904945374e-02
1.079608628060668707e-04
2.698594890534877777e-02
3.687062487006187439e-02
5.551123758777976036e-04
1.089779034373350441e-04
1.146322488784790039e-01
2.087445929646492004e-03
1.760581653797999024e-05
1.214460789924487472e-04
4.504521377384662628e-03
8.904089219868183136e-03
7.071928977966308594e-01
2.654669433832168579e-02
1.026347963488660753e-04
4.850016534328460693e-02
8.166792988777160645e-02
1.116772880777716637e-03
1.114626182243227959e-03
7.730688154697418213e-02
2.223440445959568024e-02
7.402025628834962845e-03
2.113609202206134796e-02
1.367019210010766983e-02
1.029224414378404617e-02
6.644791364669799805e-01
2.656459994614124298e-02
1.381887559546157718e-04
3.448173403739929199e-02
3.937696665525436401e-02
5.360417999327182770e-04
8.746302046347409487e-05
7.050176709890365601e-02
4.031268414109945297e-03
3.003001984325237572e-05
3.968908488750457764e-01
9.457925558090209961e-01
9.003117447718977928e-04
6.759298443794250488e-01
2.693495526909828186e-02
1.803006307454779744e-04
5.106500536203384399e-02
4.339518025517463684e-02
5.357757327146828175e-04
8.918645471567288041e-05
7.079748809337615967e-02
9.311670064926147461e-01
2.317932739970274270e-06
3.515631556510925293e-01
9.644129276275634766e-01
7.265220880508422852e-01
6.788575053215026855e-01
2.493295818567276001e-02
1.036701796692796052e-04
2.710097469389438629e-02
2.589285559952259064e-02
5.560918943956494331e-04
1.603780547156929970e-04
2.891979515552520752e-01
4.654415883123874664e-03
1.023905724287033081e-02
2.182986587285995483e-03
9.743909537792205811e-02
1.854679435491561890e-01
7.463267445564270020e-01
1.990719325840473175e-02
2.385773259447887540e-04
4.079252481460571289e-01
5.229318141937255859e-01
2.204118669033050537e-02
7.106464356184005737e-03
7.875212281942367554e-02
9.512758851051330566e-01
1.155963540077209473e-01
1.965917274355888367e-02
3.842963576316833496e-01
2.372097969055175781e-01
6.178681254386901855e-01
3.388610482215881348e-02
3.747497976291924715e-04
2.695801854133605957e-02
1.806073822081089020e-02
6.064247572794556618e-04
2.588052484497893602e-05
1.716641783714294434e-01
4.102634266018867493e-03
2.557711850386112928e-04
2.529760897159576416e-01
8.257515430450439453e-01
1.248777210712432861e-01
6.977497339248657227e-01
2.343959920108318329e-02
9.747487638378515840e-05
5.006835237145423889e-02
6.824314594268798828e-02
1.367825781926512718e-03
1.646127318963408470e-03
1.833949834108352661e-01
9.342283010482788086e-01
2.080155462026596069e-01
9.862120449542999268e-02
2.958036363124847412e-01
2.617170810699462891e-01
6.790055036544799805e-01
2.542686089873313904e-02
1.378922170260921121e-04
3.030694462358951569e-02
4.116368293762207031e-02
1.135681523010134697e-03
1.649090845603495836e-04
3.608759641647338867e-01
1.756598502397537231e-01
4.888213798403739929e-02
2.370916306972503662e-02
2.737601697444915771e-01
2.151840478181838989e-01
6.324232220649719238e-01
2.711208909749984741e-02
1.668550394242629409e-04
2.844088152050971985e-02
2.994964644312858582e-02
5.528633482754230499e-04
6.063512773835100234e-05
2.901213169097900391e-01
2.401571348309516907e-02
1.048431359231472015e-02
1.180938351899385452e-02
4.211109131574630737e-03
6.010833196341991425e-03
6.621666550636291504e-01
2.674417383968830109e-02
1.287280319957062602e-04
3.345102071762084961e-02
2.227440662682056427e-02
5.315418820828199387e-04
8.820697257760912180e-05
2.531687319278717041e-01
7.902182340621948242e-01
6.314792204648256302e-03
9.470550343394279480e-03
1.106542125344276428e-01
1.375360973179340363e-02
7.013678550720214844e-01
2.693821862339973450e-02
1.129634983954019845e-04
1.105165109038352966e-01
8.067877590656280518e-02
1.707878336310386658e-02
6.350111798383295536e-04
8.343812823295593262e-02
9.617333412170410156e-01
6.716846674680709839e-02
2.860134467482566833e-02
1.029823347926139832e-02
2.399267554283142090e-01
6.227264404296875000e-01
3.361709043383598328e-02
3.641443909145891666e-04
4.105436056852340698e-02
2.839751541614532471e-02
5.197934224270284176e-04
3.291995744802989066e-05
2.751752734184265137e-01
9.409330487251281738e-01
2.081301212310791016e-01
1.494697108864784241e-02
2.970612049102783203e-01
8.893857002258300781e-01
