8.384739756584167480e-01
4.346166849136352539e-01
3.727037608623504639e-01
2.459882758557796478e-03
1.043610647320747375e-01
1.235398650169372559e-01
1.696046292781829834e-01
8.970006959430065763e-09
1.511436266810051166e-06
3.603026270866394043e-03
2.588357776403427124e-03
6.736965586090493119e-12
2.262201814762221375e-10
5.702341931979049150e-10
4.096633347216993570e-05
2.827345579862594604e-02
5.759841296821832657e-03
8.946344605647027493e-04
1.205494031310081482e-01
8.373838663101196289e-02
5.362251400947570801e-02
6.749617398327245610e-08
9.839959602686576545e-08
1.057059193954046350e-06
3.030850086361169815e-03
9.844235149270019747e-11
1.310305058899174924e-10
8.698368414439272556e-12
4.584419233122360993e-10
8.314965367317199707e-01
4.862760542891919613e-04
2.079573459923267365e-03
5.406656116247177124e-02
4.821968823671340942e-02
1.655301079154014587e-02
3.237476420281382161e-08
1.104847115129814483e-06
2.790332655422389507e-05
1.153628807514905930e-03
1.669256399772223176e-11
1.234379404246865874e-10
8.698122083705683849e-12
3.103138412896555565e-09
9.799166917800903320e-01
3.670286834239959717e-01
1.010245410725474358e-03
1.020021438598632812e-01
5.637994967401027679e-03
8.026799559593200684e-01
3.718652052953075327e-08
1.611302991477714386e-06
1.677481777733191848e-04
8.269285317510366440e-04
1.601171799314737854e-11
5.025645455347671486e-10
2.701222301393357839e-10
7.299179038966485678e-09
9.955773949623107910e-01
8.247027397155761719e-01
5.060808062553405762e-01
8.317980170249938965e-02
2.127560600638389587e-02
1.438805311918258667e-01
5.180507715515925149e-13
3.372769060661084950e-05
8.114500045776367188e-01
5.195354670286178589e-02
8.609266936831893709e-22
8.100222132009381095e-16
4.033748155052307993e-06
1.790095237083733082e-03
9.372926950454711914e-01
7.153487801551818848e-01
3.245179951190948486e-01
1.114473561756312847e-04
2.858747960999608040e-03
1.927921772003173828e-01
3.864939479569784453e-09
7.466945395329105395e-10
8.499316027155146003e-05
7.509573479183018208e-04
7.859244938873688469e-13
4.966138177769918727e-13
1.265639882393893023e-13
1.157573933596722782e-06
8.002595305442810059e-01
3.724036216735839844e-01
2.442525029182434082e-01
3.848527558147907257e-03
4.314531758427619934e-02
2.166193909943103790e-03
1.470742994058582553e-08
3.945315256714820862e-06
1.081049322237959132e-05
1.902778894873335958e-04
7.918451311317298291e-11
7.884430955340526737e-12
2.613426781841038382e-13
4.594656599632429561e-10
9.243757724761962891e-01
4.929112493991851807e-01
3.399226069450378418e-01
1.639254158362746239e-03
1.031806319952011108e-01
1.294931396842002869e-02
2.438896729017869802e-07
2.044665961875580251e-06
5.428667063824832439e-04
2.610584720969200134e-03
1.887455192139952942e-10
1.649383629676037799e-09
1.146835612586549757e-10
2.278785382614501032e-09
9.369381666183471680e-01
4.721558392047882080e-01
4.202877581119537354e-01
9.449356584809720516e-04
4.523419439792633057e-01
5.239561572670936584e-02
1.942872256040573120e-01
1.358035387966083363e-05
4.009670317173004150e-01
1.272293329238891602e-01
7.010152204956221500e-18
1.573145347322224552e-08
7.571486639790236950e-04
1.596051752567291260e-01
9.873608350753784180e-01
8.317359685897827148e-01
4.973958730697631836e-01
9.952564141713082790e-05
1.582605093717575073e-01
3.895718138664960861e-03
3.805352002382278442e-02
3.008775173451994078e-10
1.364656165242195129e-02
9.749737568199634552e-03
4.715036683571732778e-14
2.196158836384465296e-13
4.743373267501738155e-07
3.212842566426843405e-04
9.897611737251281738e-01
7.335745096206665039e-01
3.438969254493713379e-01
4.055798344779759645e-04
4.084411263465881348e-02
4.509794712066650391e-01
9.921247959136962891e-01
4.827576205457262404e-08
1.753007126126249204e-07
1.087913960218429565e-01
2.210025565330120401e-12
1.612593530930794827e-10
9.775782613963279744e-13
1.920480343642338994e-07
9.730843305587768555e-01
5.526219606399536133e-01
3.873049914836883545e-01
3.880546241998672485e-02
1.260001361370086670e-01
9.587178230285644531e-01
9.990510940551757812e-01
2.526252646930515766e-04
9.123457130044698715e-04
4.742071498185396194e-03
5.495926416188012809e-06
2.517367101972922683e-05
3.573648427845910192e-05
9.310536552220582962e-05
9.065343141555786133e-01
6.148638725280761719e-01
2.679991722106933594e-01
4.867680836468935013e-04
1.348928511142730713e-01
2.660185843706130981e-02
4.184097424149513245e-02
4.918034868239828938e-10
9.369489362143212929e-07
1.069367630407214165e-03
1.011176854372024536e-01
4.503929984501185702e-14
1.215422207323513248e-11
9.541620238451287150e-05
9.877846837043762207e-01
7.609765529632568359e-01
3.533214926719665527e-01
1.286661281483247876e-04
7.630682736635208130e-02
3.266762010753154755e-03
4.827846959233283997e-02
9.902753096702188174e-12
8.000215530046261847e-07
1.584165915846824646e-02
3.510513342916965485e-03
1.053611259958060157e-15
3.072685217375692446e-08
5.869274958968162537e-02
9.642217755317687988e-01
8.274658322334289551e-01
4.483008086681365967e-01
4.731297958642244339e-03
4.203090965747833252e-01
1.777664013206958771e-02
6.470514088869094849e-02
5.483683729323729494e-09
7.941620339124710881e-08
8.762832731008529663e-03
7.651877123862504959e-03
1.463017554326206948e-11
1.719062225902234786e-09
8.981769497040659189e-05
8.851161599159240723e-01
5.314841270446777344e-01
3.377328217029571533e-01
4.321930930018424988e-03
5.101918708533048630e-03
2.744615636765956879e-02
1.369007676839828491e-01
1.483542320102060330e-07
1.199569669552147388e-05
5.532265175133943558e-03
2.033839747309684753e-02
5.944289060977325789e-09
1.203010357997413848e-09
1.290423625732728397e-07
