5.056499838829040527e-01
8.974360227584838867e-01
9.960407018661499023e-01
8.526899218559265137e-01
3.310036361217498779e-01
9.887778162956237793e-01
9.718685150146484375e-01
1.011937335133552551e-01
8.477061986923217773e-02
8.202100992202758789e-01
2.381525635719299316e-01
1.229410469532012939e-01
2.620081044733524323e-02
5.008034110069274902e-01
5.743212997913360596e-02
7.739726305007934570e-01
3.121328055858612061e-01
1.457668393850326538e-01
1.052458733320236206e-01
4.663619399070739746e-01
1.457798629999160767e-01
9.490599036216735840e-01
3.456226885318756104e-01
9.898455142974853516e-01
9.968758821487426758e-01
2.657574415206909180e-01
9.709511399269104004e-01
9.977138638496398926e-01
1.390371769666671753e-01
9.931811094284057617e-01
7.363308668136596680e-01
3.770430386066436768e-01
9.927830100059509277e-01
9.984040260314941406e-01
5.727391839027404785e-01
8.631531596183776855e-01
5.603524670004844666e-02
1.140796467661857605e-01
5.431355834007263184e-01
9.947773218154907227e-01
9.844672679901123047e-01
5.306386947631835938e-01
3.621889650821685791e-01
3.184389770030975342e-01
6.496054679155349731e-02
9.868229627609252930e-01
9.865471720695495605e-01
4.747253656387329102e-01
9.876565337181091309e-01
2.962981462478637695e-01
8.306261301040649414e-01
9.953216314315795898e-01
8.530748486518859863e-01
3.758693337440490723e-01
9.955465793609619141e-01
9.529837965965270996e-01
3.529160320758819580e-01
9.129744768142700195e-01
9.975265264511108398e-01
1.386231333017349243e-01
2.498639225959777832e-01
3.874248862266540527e-01
9.810934066772460938e-01
5.461107492446899414e-01
6.717723608016967773e-02
9.944387674331665039e-01
9.446163177490234375e-01
3.162370324134826660e-01
1.295496374368667603e-01
9.976610541343688965e-01
4.551427662372589111e-01
2.706767916679382324e-01
9.949740767478942871e-01
9.361186623573303223e-01
3.220160901546478271e-01
2.507070302963256836e-01
9.918150305747985840e-01
4.561255574226379395e-01
9.222962260246276855e-01
9.954748749732971191e-01
8.600087761878967285e-01
3.181998431682586670e-01
9.941233992576599121e-01
9.452224969863891602e-01
4.646061062812805176e-01
8.950024247169494629e-01
9.965078234672546387e-01
8.034797310829162598e-01
2.922248542308807373e-01
8.239735364913940430e-01
9.922353029251098633e-01
4.701990485191345215e-01
4.430538117885589600e-01
9.960474967956542969e-01
7.970460057258605957e-01
3.068489432334899902e-01
2.384370863437652588e-01
9.911320805549621582e-01
4.445468783378601074e-01
3.734630048274993896e-01
9.959529638290405273e-01
8.124568462371826172e-01
3.067243695259094238e-01
1.976128816604614258e-01
9.892971515655517578e-01
