3.552214503288269043e-01
8.804568052291870117e-01
9.935079813003540039e-01
7.147117853164672852e-01
1.723565310239791870e-01
9.593581557273864746e-01
7.819351553916931152e-01
1.778464391827583313e-02
6.113483104854822159e-03
5.585244297981262207e-01
9.179535508155822754e-02
3.070732206106185913e-02
2.255269559100270271e-03
3.466150164604187012e-01
5.875152535736560822e-03
6.177326440811157227e-01
1.429605931043624878e-01
4.802761226892471313e-02
2.202218770980834961e-02
3.278803527355194092e-01
1.298330426216125488e-01
8.781981468200683594e-01
1.783754378557205200e-01
9.634693861007690430e-01
9.628927111625671387e-01
1.419844925403594971e-01
9.621440768241882324e-01
9.951882362365722656e-01
5.844470858573913574e-02
9.493339061737060547e-01
3.633261322975158691e-01
2.672992348670959473e-01
9.689395427703857422e-01
9.964292645454406738e-01
4.283049106597900391e-01
6.222263574600219727e-01
1.948684826493263245e-02
1.221079193055629730e-02
5.233471393585205078e-01
9.905432462692260742e-01
9.650300741195678711e-01
3.242671489715576172e-01
1.384351700544357300e-01
4.251792654395103455e-02
1.903402246534824371e-02
9.817910194396972656e-01
9.705802202224731445e-01
2.758705317974090576e-01
9.592044353485107422e-01
1.893704682588577271e-01
8.109076619148254395e-01
9.924408197402954102e-01
7.166412472724914551e-01
1.905243992805480957e-01
9.717326164245605469e-01
7.206792235374450684e-01
2.230584919452667236e-01
8.902105689048767090e-01
9.954019784927368164e-01
9.160710871219635010e-02
1.238068714737892151e-01
1.734321415424346924e-01
8.185743093490600586e-01
3.901864886283874512e-01
3.543252125382423401e-02
9.910752773284912109e-01
8.687551021575927734e-01
1.563485413789749146e-01
4.959073662757873535e-02
9.652112722396850586e-01
3.162177801132202148e-01
2.473209351301193237e-01
9.918109178543090820e-01
8.514662384986877441e-01
1.631439477205276489e-01
9.378461539745330811e-02
9.499838948249816895e-01
5.045323818922042847e-02
9.092037081718444824e-01
9.926807880401611328e-01
7.269422411918640137e-01
1.647282689809799194e-01
9.698147773742675781e-01
6.927953362464904785e-01
3.201647400856018066e-01
8.770782351493835449e-01
9.942103624343872070e-01
6.512000560760498047e-01
1.397132277488708496e-01
5.424393415451049805e-01
9.031329751014709473e-01
3.248229026794433594e-01
4.157381057739257812e-01
9.933894872665405273e-01
6.442745923995971680e-01
1.514105647802352905e-01
8.293853700160980225e-02
9.434465169906616211e-01
3.035278916358947754e-01
3.454992771148681641e-01
9.931973218917846680e-01
6.636112928390502930e-01
1.494502574205398560e-01
6.122941523790359497e-02
9.325661063194274902e-01
