7.926100492477416992e-01
4.007524251937866211e-01
7.504508830606937408e-04
1.994906514883041382e-01
2.173322141170501709e-01
7.194773554801940918e-01
1.914005577564239502e-01
3.742789328098297119e-01
3.271046578884124756e-01
1.917445063591003418e-01
1.828231215476989746e-01
2.977791614830493927e-02
6.488271057605743408e-02
4.731556773185729980e-01
5.185564160346984863e-01
2.137813251465559006e-03
9.565805085003376007e-03
2.054194211959838867e-01
3.370112180709838867e-01
5.146564450114965439e-03
2.551612909883260727e-03
3.588111102581024170e-01
1.234809011220932007e-01
1.002437528222799301e-02
2.845119871199131012e-02
2.586293816566467285e-01
3.588117286562919617e-02
4.065406322479248047e-02
2.711420059204101562e-01
7.983356714248657227e-01
5.074407090432941914e-04
3.906049430370330811e-01
2.621969394385814667e-02
2.011814117431640625e-01
1.331603713333606720e-02
3.923591971397399902e-01
2.497842758893966675e-01
1.221919581294059753e-01
1.816654577851295471e-02
6.045948830433189869e-04
1.605065912008285522e-01
1.060045734047889709e-01
2.340308129787445068e-01
9.686321020126342773e-01
5.451258271932601929e-03
5.900380015373229980e-01
4.057713150978088379e-01
1.944704204797744751e-01
7.219926919788122177e-03
3.756236135959625244e-01
6.607152223587036133e-01
3.380887806415557861e-01
2.316735982894897461e-01
1.490179747343063354e-01
1.241877228021621704e-01
3.714974224567413330e-01
6.072518229484558105e-01
7.822226881980895996e-01
2.029670774936676025e-01
6.762718781828880310e-03
6.640705466270446777e-01
3.857175409793853760e-01
1.926198899745941162e-01
2.338096266612410545e-03
1.755465171299874783e-03
3.699869513511657715e-01
2.840594053268432617e-01
3.343984135426580906e-04
2.718111500144004822e-02
1.914756447076797485e-01
1.224277168512344360e-01
7.754318118095397949e-01
5.656905174255371094e-01
1.939010620117187500e-01
2.983303964138031006e-01
5.412868261337280273e-01
1.673736125230789185e-01
3.900939971208572388e-02
1.883179298602044582e-03
1.864028871059417725e-01
1.143123880028724670e-01
1.782546043395996094e-01
1.389741599559783936e-01
7.664062827825546265e-02
2.499358505010604858e-01
5.944980978965759277e-01
2.015199363231658936e-01
9.638924151659011841e-02
3.928028047084808350e-01
1.791374683380126953e-01
1.777634723111987114e-03
3.406302537769079208e-03
3.434221446514129639e-01
1.056454628705978394e-01
5.870677065104246140e-03
2.108206786215305328e-02
1.366551667451858521e-01
3.908682614564895630e-03
1.640452444553375244e-02
9.844676256179809570e-01
3.830242156982421875e-01
7.973627001047134399e-02
2.629364430904388428e-01
2.135897576808929443e-01
1.962459832429885864e-01
6.245548278093338013e-02
3.197832405567169189e-01
3.066248595714569092e-01
8.750389516353607178e-02
3.074295818805694580e-01
4.858811199665069580e-01
3.071516156196594238e-01
2.959689125418663025e-02
6.336802244186401367e-01
4.838367700576782227e-01
5.147045478224754333e-03
5.752004384994506836e-01
5.636763572692871094e-01
1.553400307893753052e-01
1.089020539075136185e-02
2.571788150817155838e-03
5.305012464523315430e-01
5.976614952087402344e-01
9.434992447495460510e-03
8.002270758152008057e-02
4.744109511375427246e-01
4.615521430969238281e-01
5.937203168869018555e-01
1.983347088098526001e-01
3.274078480899333954e-03
8.103832602500915527e-03
4.067893624305725098e-01
7.238181233406066895e-01
3.878369033336639404e-01
3.964293301105499268e-01
1.897606700658798218e-01
1.704421490430831909e-01
1.812721788883209229e-01
2.057849662378430367e-03
4.373452067375183105e-01
2.077414989471435547e-01
5.719621777534484863e-01
3.770948648452758789e-01
2.470883075147867203e-03
3.899064362049102783e-01
5.523776635527610779e-02
1.930405944585800171e-01
1.465060655027627945e-02
1.887550801038742065e-01
5.323978662490844727e-01
5.462510585784912109e-01
2.202759683132171631e-01
1.730312705039978027e-01
6.410729605704545975e-03
2.556982636451721191e-01
4.103818833827972412e-01
1.791632026433944702e-01
2.504462897777557373e-01
3.877293467521667480e-01
4.201368093490600586e-01
4.835243523120880127e-01
5.844323039054870605e-01
3.475703001022338867e-01
1.966885924339294434e-01
1.968864053487777710e-01
3.450840413570404053e-01
1.923964172601699829e-01
1.296000331640243530e-01
2.182613313198089600e-01
7.835048437118530273e-01
1.926903277635574341e-01
1.938836574554443359e-01
7.786612510681152344e-01
3.879013061523437500e-01
3.908628821372985840e-01
7.523172069340944290e-03
1.788578480482101440e-01
1.736617833375930786e-02
2.015325725078582764e-01
1.837333440780639648e-01
2.919304417446255684e-03
1.237557753920555115e-01
2.307195961475372314e-01
3.987683951854705811e-01
3.515501618385314941e-01
7.801787555217742920e-02
2.111133337020874023e-01
3.893045186996459961e-01
2.050127983093261719e-01
3.612289428710937500e-01
7.544515281915664673e-02
2.488906234502792358e-01
5.226616263389587402e-01
1.807231158018112183e-01
5.310133099555969238e-03
3.622377812862396240e-01
2.891845703125000000e-01
5.969462394714355469e-01
5.894314050674438477e-01
1.726848334074020386e-01
1.977642327547073364e-01
4.253552109003067017e-02
3.977088630199432373e-01
1.891983449459075928e-01
2.145781964063644409e-01
3.357224166393280029e-01
7.355910539627075195e-01
3.916761279106140137e-01
1.802431046962738037e-01
3.361398587003350258e-03
1.735893636941909790e-01
5.893504619598388672e-01
3.985464572906494141e-01
1.724109202623367310e-01
3.687679767608642578e-01
2.203329801559448242e-01
5.609287619590759277e-01
1.991979926824569702e-01
3.680452108383178711e-01
5.503096580505371094e-01
3.791667520999908447e-01
6.134670972824096680e-01
2.553153038024902344e-02
2.882173061370849609e-01
1.968309283256530762e-01
