9.890152215957641602e-01
9.977496862411499023e-01
9.959882497787475586e-01
9.821541309356689453e-01
9.802300930023193359e-01
9.907068014144897461e-01
9.988093972206115723e-01
9.637417197227478027e-01
9.774747490882873535e-01
9.936106801033020020e-01
9.960854053497314453e-01
9.608237743377685547e-01
9.924688935279846191e-01
9.948033690452575684e-01
9.986221194267272949e-01
7.649881839752197266e-01
9.865222573280334473e-01
9.996317625045776367e-01
8.448516130447387695e-01
8.927688598632812500e-01
9.448072314262390137e-01
9.935082197189331055e-01
8.756440877914428711e-01
9.954284429550170898e-01
9.704673290252685547e-01
9.878962039947509766e-01
9.990854859352111816e-01
9.708015918731689453e-01
9.755394458770751953e-01
7.887107729911804199e-01
9.583645462989807129e-01
9.890244007110595703e-01
7.732951045036315918e-01
8.595762252807617188e-01
9.216985106468200684e-01
9.849951863288879395e-01
9.646075367927551270e-01
9.930273890495300293e-01
9.725347757339477539e-01
9.824907779693603516e-01
9.991566538810729980e-01
9.942537546157836914e-01
9.945402741432189941e-01
7.183004617691040039e-01
8.641737103462219238e-01
9.886471629142761230e-01
8.143339753150939941e-01
9.268841147422790527e-01
8.458499312400817871e-01
9.787905812263488770e-01
9.828315377235412598e-01
9.904436469078063965e-01
8.680327534675598145e-01
9.772165417671203613e-01
9.985037446022033691e-01
9.985751509666442871e-01
9.996404647827148438e-01
9.995457530021667480e-01
9.951154589653015137e-01
9.888165593147277832e-01
9.407785534858703613e-01
9.973010420799255371e-01
9.867042303085327148e-01
7.498418092727661133e-01
9.211189746856689453e-01
9.936292171478271484e-01
9.291718602180480957e-01
9.525787234306335449e-01
9.523137807846069336e-01
9.569234848022460938e-01
8.493279814720153809e-01
9.914257526397705078e-01
9.981560111045837402e-01
9.959424734115600586e-01
9.922905564308166504e-01
9.690900444984436035e-01
9.972903728485107422e-01
9.935627579689025879e-01
9.811394214630126953e-01
9.200308918952941895e-01
9.862722754478454590e-01
9.843440055847167969e-01
9.955874085426330566e-01
9.883057475090026855e-01
9.906508326530456543e-01
8.051952123641967773e-01
9.418345689773559570e-01
9.987182021141052246e-01
9.919189810752868652e-01
8.631585240364074707e-01
9.757292866706848145e-01
9.876739382743835449e-01
9.295672178268432617e-01
9.153659343719482422e-01
9.965720772743225098e-01
9.842013120651245117e-01
9.993801712989807129e-01
9.997972249984741211e-01
9.914214015007019043e-01
8.839876651763916016e-01
9.887419939041137695e-01
8.119995594024658203e-01
9.875490665435791016e-01
9.344033002853393555e-01
9.734601378440856934e-01
9.772571325302124023e-01
9.584865570068359375e-01
9.861458539962768555e-01
8.576454520225524902e-01
9.760422706604003906e-01
9.964430928230285645e-01
9.892416000366210938e-01
9.884971976280212402e-01
9.929256439208984375e-01
9.827299118041992188e-01
9.598405361175537109e-01
8.182830810546875000e-01
9.823275804519653320e-01
9.962514638900756836e-01
9.908100366592407227e-01
9.690410494804382324e-01
9.941986203193664551e-01
9.447122216224670410e-01
8.975847363471984863e-01
9.726517200469970703e-01
9.788857102394104004e-01
9.264672994613647461e-01
9.941298961639404297e-01
9.975692629814147949e-01
9.947236776351928711e-01
9.528748393058776855e-01
9.495248794555664062e-01
9.938767552375793457e-01
9.994258880615234375e-01
9.778884053230285645e-01
9.902365207672119141e-01
9.992068409919738770e-01
9.876301884651184082e-01
9.870108962059020996e-01
9.754071235656738281e-01
9.951760172843933105e-01
8.512108325958251953e-01
9.844073653221130371e-01
9.982703924179077148e-01
9.869401454925537109e-01
9.393579363822937012e-01
9.951080679893493652e-01
9.998240470886230469e-01
9.879665970802307129e-01
9.611430764198303223e-01
9.949457645416259766e-01
9.830610156059265137e-01
9.998805522918701172e-01
9.998855590820312500e-01
9.997233152389526367e-01
9.973399043083190918e-01
9.971396923065185547e-01
9.696882367134094238e-01
9.608441591262817383e-01
9.805511236190795898e-01
9.976594448089599609e-01
9.752094149589538574e-01
9.300872683525085449e-01
9.575135707855224609e-01
9.899808764457702637e-01
9.271020293235778809e-01
9.726178646087646484e-01
9.327529668807983398e-01
9.394838809967041016e-01
9.979966878890991211e-01
9.971281290054321289e-01
9.941580891609191895e-01
9.136514663696289062e-01
9.694040417671203613e-01
9.953067302703857422e-01
9.974644184112548828e-01
8.586026430130004883e-01
9.583272337913513184e-01
9.941804409027099609e-01
9.932253360748291016e-01
9.476351141929626465e-01
9.875410795211791992e-01
9.978796839714050293e-01
9.983605742454528809e-01
9.975727200508117676e-01
9.948057532310485840e-01
9.538362026214599609e-01
9.206276535987854004e-01
9.274961948394775391e-01
9.999288916587829590e-01
8.939391374588012695e-01
9.269193410873413086e-01
9.545704126358032227e-01
9.997977614402770996e-01
8.823697566986083984e-01
9.724552631378173828e-01
9.994665384292602539e-01
8.325659036636352539e-01
9.861899018287658691e-01
9.983048439025878906e-01
9.858705401420593262e-01
8.670302629470825195e-01
9.927306771278381348e-01
9.989509582519531250e-01
9.809219837188720703e-01
9.617466926574707031e-01
9.805431962013244629e-01
9.859757423400878906e-01
9.754436612129211426e-01
9.592705965042114258e-01
9.888216853141784668e-01
9.807767271995544434e-01
9.972886443138122559e-01
9.974097609519958496e-01
9.835602045059204102e-01
9.677072167396545410e-01
9.925234317779541016e-01
9.996970295906066895e-01
9.737290740013122559e-01
9.418168067932128906e-01
9.924122095108032227e-01
9.974306821823120117e-01
9.737399220466613770e-01
9.966095685958862305e-01
9.951031804084777832e-01
