9.378511905670166016e-01
1.233475357294082642e-01
3.258756995201110840e-01
1.842024177312850952e-01
9.889380335807800293e-01
9.854187965393066406e-01
5.128112435340881348e-02
1.594883762300014496e-02
9.925760030746459961e-01
2.024517953395843506e-01
1.308511197566986084e-01
1.949202734977006912e-03
9.981173872947692871e-01
9.858543276786804199e-01
9.821521043777465820e-01
1.038782575051300228e-04
1.790620008250698447e-04
9.974436163902282715e-01
1.884170062839984894e-02
1.600182265974581242e-03
6.077961297705769539e-04
6.020144559442996979e-03
9.152083992958068848e-01
4.606751725077629089e-02
3.142719715833663940e-02
9.964978380594402552e-05
9.959349036216735840e-01
5.957114696502685547e-01
6.442705392837524414e-01
4.531395435333251953e-01
1.196770463138818741e-03
3.734745681285858154e-01
8.561211079359054565e-02
1.711786608211696148e-03
4.136287141591310501e-03
8.412671834230422974e-02
6.543458700180053711e-01
5.751064419746398926e-02
8.672856539487838745e-02
1.889745704829692841e-02
9.942521452903747559e-01
9.767436981201171875e-01
4.661711156368255615e-01
7.923027276992797852e-01
5.623619654215872288e-04
6.842710971832275391e-01
8.155505657196044922e-01
1.050260267220437527e-03
3.343085292726755142e-03
7.721433043479919434e-01
8.529773950576782227e-01
6.759914755821228027e-02
9.445683658123016357e-02
1.341625116765499115e-02
9.975546598434448242e-01
9.752693772315979004e-01
9.278452992439270020e-01
9.991255402565002441e-01
9.467051029205322266e-01
2.069384455680847168e-01
9.894283413887023926e-01
9.916192293167114258e-01
3.890015184879302979e-01
4.182539880275726318e-03
4.798094332218170166e-01
5.525234937667846680e-01
2.135362178087234497e-01
4.098384454846382141e-02
5.326344370841979980e-01
3.357553854584693909e-02
9.942983984947204590e-01
1.690783947706222534e-01
8.199032396078109741e-03
1.656118594110012054e-02
1.038113981485366821e-01
1.174844894558191299e-02
4.738303832709789276e-03
6.705137342214584351e-02
4.809501767158508301e-01
1.710652373731136322e-02
7.111645303666591644e-03
3.056054765693261288e-06
3.641202151775360107e-01
1.005139276385307312e-01
3.406620919704437256e-01
7.681748270988464355e-01
8.337771147489547729e-02
1.065840423107147217e-01
1.079451106488704681e-02
9.077300429344177246e-01
3.238809108734130859e-02
4.225014150142669678e-02
9.965114593505859375e-01
8.144259452819824219e-01
3.215441107749938965e-01
5.627309292322024703e-05
9.959399104118347168e-01
9.668394923210144043e-01
9.732580780982971191e-01
9.505647420883178711e-01
7.484873533248901367e-01
1.181541234254837036e-01
3.220144659280776978e-02
9.918408393859863281e-01
8.655959963798522949e-01
2.075589075684547424e-02
9.844568967819213867e-01
9.678852558135986328e-01
9.176205992698669434e-01
4.298370913602411747e-05
9.953883290290832520e-01
9.820066690444946289e-01
9.906705021858215332e-01
9.767734408378601074e-01
9.174090027809143066e-01
3.824291527271270752e-01
3.341490030288696289e-02
4.771494269371032715e-01
9.593553543090820312e-01
7.113904356956481934e-01
9.691207408905029297e-01
9.866241216659545898e-01
8.477566838264465332e-01
3.392386948689818382e-03
1.323213130235671997e-01
9.922898411750793457e-01
9.876021742820739746e-01
9.847568869590759277e-01
9.590725302696228027e-01
8.814790248870849609e-01
2.332439413294196129e-03
2.142400741577148438e-01
6.665920019149780273e-01
9.916983842849731445e-01
2.045910696324426681e-05
9.148050546646118164e-01
9.856869578361511230e-01
5.424210030469112098e-06
1.546249911189079285e-02
9.779899120330810547e-01
9.927610754966735840e-01
9.765361547470092773e-01
7.614722251892089844e-01
4.043637514114379883e-01
2.166215796023607254e-03
1.398860663175582886e-01
6.687529683113098145e-01
6.704488992691040039e-01
2.704960752453189343e-05
9.863730072975158691e-01
9.224511981010437012e-01
2.097986871376633644e-03
6.374371878337115049e-05
9.108098745346069336e-01
8.527559041976928711e-02
7.291110157966613770e-01
7.304559946060180664e-01
9.181617200374603271e-02
6.208616774529218674e-03
9.357819557189941406e-01
9.269764423370361328e-01
5.541779100894927979e-02
1.227211469085887074e-04
9.928150177001953125e-01
9.689909219741821289e-01
4.112624446861445904e-04
6.352908164262771606e-02
9.879900217056274414e-01
9.739458560943603516e-01
9.453623294830322266e-01
9.145027399063110352e-01
3.802752196788787842e-01
3.477364778518676758e-01
6.026449203491210938e-01
6.335464119911193848e-01
5.192279815673828125e-01
3.106698207557201385e-02
1.935176104307174683e-01
9.779169559478759766e-01
7.752257585525512695e-01
9.483260512351989746e-01
9.836422801017761230e-01
9.957497119903564453e-01
9.456669092178344727e-01
9.518253803253173828e-01
3.649441599845886230e-01
5.181517004966735840e-01
4.282332658767700195e-01
6.659067273139953613e-01
5.361534357070922852e-01
6.633018851280212402e-01
1.548609435558319092e-01
9.837185740470886230e-01
8.782618045806884766e-01
4.465954407351091504e-05
9.839071631431579590e-01
9.948827028274536133e-01
8.463689088821411133e-01
9.171587228775024414e-01
2.103936374187469482e-01
9.958417415618896484e-01
9.503345489501953125e-01
9.846752882003784180e-01
1.199919134378433228e-01
9.752522110939025879e-01
9.712855219841003418e-01
3.710118355229496956e-03
1.671511530876159668e-01
5.509138852357864380e-02
9.967010617256164551e-01
3.990792855620384216e-02
9.505975842475891113e-01
8.762202262878417969e-01
2.237887233495712280e-01
6.375618577003479004e-01
9.784325361251831055e-01
9.705369472503662109e-01
2.593759074807167053e-02
9.272625446319580078e-01
9.916999340057373047e-01
6.644345074892044067e-02
1.673021726310253143e-02
3.093038313090801239e-02
9.986231923103332520e-01
8.405141830444335938e-01
