1.260468512773513794e-01
7.245969772338867188e-02
8.372135460376739502e-03
5.453468561172485352e-01
2.897492349147796631e-01
2.766548469662666321e-02
4.896021913737058640e-03
2.655806839466094971e-01
5.175384879112243652e-02
1.029684441164135933e-03
1.061166358340415172e-06
7.142159938812255859e-01
2.106306850910186768e-01
7.794524572091177106e-05
1.392194008076330647e-05
1.373287523165345192e-04
5.144790629856288433e-04
2.185243964195251465e-01
1.050322130322456360e-02
2.953800503746606410e-05
1.584077836014330387e-06
1.464484035968780518e-01
2.491161867510527372e-04
7.564753445876704063e-07
9.727592863162382031e-12
3.849396705627441406e-01
8.390892297029495239e-03
6.510640027101999294e-09
7.374901037082715050e-12
1.310358047485351562e-01
1.239955017808824778e-04
2.704024910926818848e-01
5.325960740447044373e-02
6.265328556764870882e-05
3.319711595395347103e-06
1.677488833665847778e-01
2.562836161814630032e-04
6.900619382577133365e-07
3.729400677165983780e-10
3.423160612583160400e-01
2.693624049425125122e-02
1.484840161936062941e-08
7.740823260160567543e-11
1.085192859172821045e-01
3.395996615290641785e-02
4.107709527015686035e-01
2.343199551105499268e-01
2.086740569211542606e-04
4.286335297365440056e-06
1.393002122640609741e-01
1.871970016509294510e-03
1.733384269755333662e-04
1.220869165763360797e-07
5.768177509307861328e-01
5.660864710807800293e-02
5.549238935032008158e-08
4.516096663298441172e-10
1.622649282217025757e-01
8.550905436277389526e-02
4.853677004575729370e-02
1.652893424034118652e-01
1.728144101798534393e-02
4.574011638760566711e-02
3.706311690621078014e-05
9.950716793537139893e-02
1.111570047214627266e-03
1.212937422678805888e-05
3.472995385527610779e-02
1.181521192193031311e-01
5.125418538227677345e-04
1.970795528905000538e-05
2.281475663185119629e-01
4.774184525012969971e-02
1.554115908220410347e-03
4.074347019195556641e-01
1.501993625424802303e-03
2.919482812285423279e-02
6.609571576118469238e-01
7.967563346028327942e-03
9.236686082658707164e-07
3.917348667670239593e-10
5.532774329185485840e-01
3.429565429687500000e-01
2.451660984661430120e-04
2.267464151373133063e-05
2.426348626613616943e-01
1.564187259646132588e-04
8.900093287229537964e-02
4.384522438049316406e-01
3.099608719348907471e-01
7.340805232524871826e-02
1.705703586339950562e-01
1.497444882988929749e-02
1.010707055684179068e-04
2.036564865193213336e-06
6.189362406730651855e-01
1.312633752822875977e-01
2.101720929204020649e-05
5.082758747221305384e-08
1.260957419872283936e-01
4.611102491617202759e-02
9.808624599827453494e-05
4.420573115348815918e-01
3.405820727348327637e-01
1.035895431414246559e-03
1.617195457220077515e-01
3.952073864638805389e-03
1.181423314847052097e-03
5.299744429976271931e-07
6.393978595733642578e-01
5.351480841636657715e-02
2.792521911487710895e-07
1.180201447681383797e-08
1.373108923435211182e-01
6.860800832509994507e-02
2.656858996488153934e-04
8.860828876495361328e-01
3.327443897724151611e-01
1.282382290810346603e-02
9.073696099221706390e-03
2.883573770523071289e-01
1.349374535493552685e-03
8.928180250222794712e-06
2.010543048381805420e-01
2.364315986633300781e-01
3.317899070680141449e-03
1.660383422859013081e-04
1.578103601932525635e-01
1.181367486715316772e-01
1.153650926426053047e-03
7.583382129669189453e-01
4.258091151714324951e-01
2.393290400505065918e-02
1.058853697031736374e-02
6.411001682281494141e-01
1.715912076178938150e-04
5.961838724033441395e-06
7.399255782365798950e-02
3.736476972699165344e-02
3.436641767621040344e-02
6.063426844775676727e-03
1.588434725999832153e-01
3.105256892740726471e-02
9.213712215423583984e-01
6.584813594818115234e-01
4.515960812568664551e-01
8.058918640017509460e-03
1.354696508496999741e-02
4.770455360412597656e-01
9.214382618665695190e-02
1.569244705024175346e-05
9.835737943649291992e-01
4.135593473911285400e-01
1.087393518537282944e-02
1.185433007776737213e-02
1.120103895664215088e-01
3.455846756696701050e-02
4.346366622485220432e-04
6.492781639099121094e-01
3.282528221607208252e-01
1.945222355425357819e-02
2.520700357854366302e-02
3.347100615501403809e-01
1.454778611660003662e-01
1.046631038188934326e-01
7.229412198066711426e-01
2.163078635931015015e-01
3.203920321539044380e-03
7.853197894291952252e-05
1.071166843175888062e-01
5.724036321043968201e-02
2.233627811074256897e-02
8.371998667716979980e-01
2.646696865558624268e-01
7.294386625289916992e-03
3.420141991227865219e-03
3.688610792160034180e-01
1.504576802253723145e-01
7.902982179075479507e-04
1.477588511988869868e-06
1.682125180959701538e-01
2.870713942684233189e-04
3.015334186784457415e-05
8.960346877574920654e-02
4.713685810565948486e-02
1.079300884157419205e-02
7.904310226440429688e-01
1.956897228956222534e-01
2.019807510077953339e-02
4.289410542696714401e-03
4.770569205284118652e-01
1.421171724796295166e-01
4.611339827533811331e-04
1.460686007703770883e-06
5.619316101074218750e-01
3.092441475018858910e-04
7.555444603291050498e-10
7.350444793701171875e-02
2.975876256823539734e-02
5.474585108458995819e-03
5.522428750991821289e-01
5.090075731277465820e-01
9.252633154392242432e-02
2.238071709871292114e-02
3.707378804683685303e-01
1.170382052659988403e-01
6.059759482741355896e-02
2.658783341757953167e-05
5.255169868469238281e-01
2.121338099241256714e-01
1.369092160530271940e-06
4.822291061282157898e-02
1.764746569097042084e-02
2.669549081474542618e-03
8.496690988540649414e-01
3.712758719921112061e-01
9.179512411355972290e-02
2.299764752388000488e-02
4.549292325973510742e-01
5.935417413711547852e-01
1.085607483983039856e-01
2.993439265992492437e-04
9.595605134963989258e-01
3.097558915615081787e-01
1.495268940925598145e-01
