4.082248732447624207e-02
1.041744053363800049e-01
8.541372418403625488e-02
5.268657207489013672e-01
1.878645271062850952e-01
6.233976781368255615e-02
2.885493077337741852e-02
2.896686792373657227e-01
1.201108992099761963e-01
3.878785297274589539e-02
1.810224913060665131e-02
7.432781159877777100e-02
2.788146212697029114e-02
8.095618337392807007e-03
1.692580524832010269e-03
4.216269031167030334e-02
6.286138668656349182e-03
5.366824269294738770e-01
1.006890833377838135e-01
7.321538031101226807e-02
1.521240454167127609e-02
3.304227590560913086e-01
3.369787707924842834e-02
3.810409083962440491e-02
5.503339320421218872e-02
2.259874045848846436e-01
2.797316908836364746e-01
1.139201074838638306e-01
1.817950755357742310e-01
2.275532335042953491e-01
3.229114785790443420e-02
5.238900184631347656e-01
8.729951828718185425e-02
1.449945941567420959e-02
1.960266614332795143e-03
2.293235361576080322e-01
8.039689809083938599e-02
1.452772021293640137e-01
1.343813911080360413e-02
1.618350446224212646e-01
9.293530881404876709e-02
2.506667515262961388e-03
1.437768223695456982e-04
9.109853953123092651e-02
6.725560128688812256e-02
5.067816376686096191e-01
1.303025335073471069e-01
1.921134144067764282e-01
1.866642571985721588e-02
2.314309328794479370e-01
1.348901689052581787e-01
4.559815675020217896e-02
1.918063126504421234e-02
4.847128689289093018e-02
2.216808795928955078e-01
3.490100614726543427e-03
1.050668582320213318e-01
2.274879515171051025e-01
8.541101962327957153e-02
3.947715461254119873e-02
2.066543847322463989e-01
2.561996923759579659e-03
4.408223927021026611e-02
2.544166753068566322e-03
7.356892339885234833e-03
2.874291269108653069e-03
1.464366359869018197e-04
4.272121259418781847e-06
9.033782407641410828e-03
1.283480960410088301e-04
3.108709584921598434e-03
1.364451646804809570e-01
6.164132058620452881e-02
6.672654300928115845e-02
3.888479471206665039e-01
1.080127712339162827e-02
8.117762394249439240e-03
3.944348394870758057e-01
5.428553745150566101e-02
2.236358076333999634e-02
6.844307645224034786e-04
1.666325628757476807e-01
2.245360314846038818e-01
7.889135740697383881e-03
4.666542634367942810e-03
5.908933654427528381e-02
9.320892393589019775e-03
9.327196329832077026e-02
5.280699729919433594e-01
1.964510977268218994e-01
4.614943638443946838e-03
3.420536220073699951e-01
3.079949915409088135e-01
2.336532808840274811e-02
5.864690616726875305e-02
3.574509322643280029e-01
9.783810377120971680e-02
9.973471984267234802e-03
1.497623603790998459e-02
2.048585563898086548e-01
9.021801501512527466e-02
1.589661277830600739e-02
7.627318501472473145e-01
7.031782716512680054e-02
8.171503990888595581e-02
5.318453311920166016e-01
7.797808945178985596e-02
1.144151389598846436e-01
2.343304269015789032e-02
2.582403421401977539e-01
8.158295601606369019e-02
1.360493153333663940e-01
5.890695683774538338e-05
2.031438052654266357e-01
7.537093479186296463e-03
7.498210668563842773e-02
5.655365586280822754e-01
1.776848733425140381e-01
2.481280863285064697e-01
3.565946221351623535e-02
2.478530630469322205e-02
2.808333002030849457e-02
8.761540986597537994e-03
2.580927975941449404e-04
1.503407116979360580e-02
7.252347655594348907e-03
6.473142548202304170e-06
2.458722740411758423e-01
7.376067340373992920e-02
2.143061533570289612e-02
5.659673213958740234e-01
1.703942120075225830e-01
3.738630190491676331e-02
2.007413469254970551e-02
2.598944306373596191e-01
2.937260316684842110e-03
2.264653332531452179e-03
1.428066194057464600e-01
3.289628401398658752e-02
1.168061513453722000e-02
5.213232710957527161e-02
2.213779240846633911e-01
8.861637115478515625e-02
4.990670830011367798e-02
6.052184700965881348e-01
1.318138539791107178e-01
2.745517715811729431e-02
5.218039453029632568e-02
3.720187842845916748e-01
4.946421831846237183e-02
2.019609697163105011e-02
2.597684226930141449e-02
7.080547511577606201e-02
1.893098503351211548e-01
1.065521538257598877e-01
1.455203741788864136e-01
5.806356668472290039e-02
3.575026243925094604e-02
4.039703905582427979e-01
1.653998643159866333e-01
1.308660861104726791e-02
4.278306663036346436e-02
2.628101408481597900e-01
4.290587902069091797e-01
5.230867862701416016e-02
8.438488095998764038e-02
2.631164714694023132e-02
2.388247847557067871e-02
6.443710997700691223e-03
1.167147755622863770e-01
1.200447082519531250e-01
4.315201565623283386e-02
5.830098390579223633e-01
9.212373197078704834e-02
2.012124210596084595e-01
4.138278961181640625e-02
1.558200865983963013e-01
1.286774575710296631e-01
2.160806022584438324e-02
8.431333117187023163e-03
1.643878966569900513e-01
4.277547122910618782e-05
5.619290750473737717e-03
1.082279309630393982e-01
1.595205068588256836e-02
7.205514609813690186e-02
5.434504151344299316e-01
1.143187507987022400e-01
2.988218329846858978e-02
5.007163062691688538e-02
2.743664681911468506e-01
9.734735824167728424e-03
1.976490616798400879e-01
2.789344824850559235e-02
2.916064560413360596e-01
1.431911252439022064e-02
3.077347762882709503e-03
3.435701727867126465e-01
3.216196224093437195e-02
1.234692335128784180e-01
2.422756850719451904e-01
1.104039549827575684e-01
3.220954537391662598e-02
4.576936829835176468e-03
3.498812913894653320e-01
1.021826267242431641e-01
5.459911748766899109e-02
3.190488815307617188e-01
2.541662454605102539e-01
1.178527474403381348e-01
3.986054565757513046e-03
1.944179683923721313e-01
1.290756464004516602e-01
6.174395326524972916e-03
4.616680145263671875e-01
1.066077575087547302e-01
7.828653603792190552e-02
9.759409353137016296e-03
1.796995997428894043e-01
9.375344961881637573e-02
2.737855538725852966e-03
9.209943003952503204e-03
2.428165972232818604e-01
1.231383532285690308e-02
2.715450897812843323e-02
