9.813826680183410645e-01
9.998291134834289551e-01
5.780485272407531738e-01
8.025754690170288086e-01
7.693297863006591797e-01
9.867326617240905762e-01
9.027903676033020020e-01
9.682911634445190430e-01
9.681969881057739258e-01
9.704573154449462891e-01
9.930186271667480469e-01
9.907916188240051270e-01
8.753665685653686523e-01
4.649588167667388916e-01
9.998841285705566406e-01
6.014606356620788574e-01
8.875157237052917480e-01
7.099674940109252930e-01
9.890124201774597168e-01
9.509450793266296387e-01
9.604968428611755371e-01
9.696570634841918945e-01
9.726685285568237305e-01
9.944469928741455078e-01
9.910563230514526367e-01
9.694703221321105957e-01
1.734050456434488297e-03
1.689145341515541077e-02
9.998536109924316406e-01
4.844804108142852783e-02
2.288649324327707291e-03
9.997454881668090820e-01
5.198738574981689453e-01
9.471173882484436035e-01
3.595420718193054199e-01
9.885926842689514160e-01
9.992987513542175293e-01
9.986726045608520508e-01
7.049317359924316406e-01
3.032596781849861145e-02
9.704452753067016602e-01
9.969217777252197266e-01
7.859336584806442261e-02
9.610632658004760742e-01
8.969836831092834473e-01
1.845804452896118164e-01
8.165650069713592529e-02
5.868022441864013672e-01
7.080298662185668945e-01
4.661484956741333008e-01
7.644358873367309570e-01
8.542362451553344727e-01
1.001396626234054565e-01
4.170252359472215176e-04
9.999539256095886230e-01
9.011557698249816895e-01
9.394845366477966309e-01
9.678892493247985840e-01
9.662238359451293945e-01
9.960755705833435059e-01
9.499729871749877930e-01
9.724230170249938965e-01
9.950572252273559570e-01
9.982456564903259277e-01
9.992957115173339844e-01
6.976009905338287354e-02
1.187163293361663818e-01
9.999594688415527344e-01
9.094156026840209961e-01
6.589072346687316895e-01
1.365360319614410400e-01
8.901523947715759277e-01
9.839146137237548828e-01
3.543264567852020264e-01
1.557252556085586548e-01
5.768766999244689941e-01
9.903194308280944824e-01
3.280242979526519775e-01
1.701198518276214600e-01
6.256899833679199219e-01
9.999414086341857910e-01
4.737586379051208496e-01
9.392918348312377930e-01
9.822270274162292480e-01
9.874846339225769043e-01
3.587634563446044922e-01
9.300063848495483398e-01
9.743716716766357422e-01
9.796055555343627930e-01
1.821581423282623291e-01
8.144433498382568359e-01
1.936417669057846069e-01
2.084799855947494507e-01
9.994181990623474121e-01
6.320737302303314209e-02
7.505447268486022949e-01
7.403500676155090332e-01
9.612203240394592285e-01
1.555660814046859741e-01
4.986937623471021652e-03
8.345150351524353027e-01
9.503507018089294434e-01
9.713208079338073730e-01
7.914630323648452759e-02
2.344903647899627686e-01
8.475654125213623047e-01
9.999326467514038086e-01
7.370439171791076660e-01
8.850420117378234863e-01
3.827479779720306396e-01
9.914051890373229980e-01
9.061074256896972656e-01
9.653336405754089355e-01
9.802909493446350098e-01
9.955704808235168457e-01
9.984492063522338867e-01
9.976715445518493652e-01
4.330025017261505127e-01
9.710040688514709473e-01
9.999376535415649414e-01
8.962087631225585938e-01
9.540202617645263672e-01
7.877115011215209961e-01
9.864141941070556641e-01
9.989057183265686035e-01
9.577196836471557617e-01
9.672150015830993652e-01
9.469075798988342285e-01
9.921311140060424805e-01
9.511743783950805664e-01
3.690888881683349609e-01
9.598718285560607910e-01
9.998328685760498047e-01
7.379272580146789551e-01
7.666404843330383301e-01
9.172332286834716797e-01
9.824153780937194824e-01
8.748828172683715820e-01
9.821601510047912598e-01
9.656130671501159668e-01
9.448100328445434570e-01
8.608024120330810547e-01
9.306114912033081055e-01
4.503799676895141602e-01
8.605117797851562500e-01
9.997544288635253906e-01
2.553808987140655518e-01
1.087119951844215393e-01
8.645188808441162109e-01
9.868074655532836914e-01
9.661560654640197754e-01
9.659461379051208496e-01
7.482362389564514160e-01
9.354714155197143555e-01
9.887203574180603027e-01
3.683888912200927734e-01
6.204834580421447754e-01
9.424425959587097168e-01
9.999362230300903320e-01
9.190212488174438477e-01
9.368250966072082520e-01
7.555457949638366699e-01
9.909942746162414551e-01
9.660965800285339355e-01
8.961548209190368652e-01
9.750183224678039551e-01
9.729149937629699707e-01
9.578673243522644043e-01
9.873580336570739746e-01
6.806579828262329102e-01
9.925435781478881836e-01
8.997812271118164062e-01
9.611386656761169434e-01
3.573031127452850342e-01
9.712824821472167969e-01
9.706556200981140137e-01
9.727186560630798340e-01
9.751096367835998535e-01
9.337510466575622559e-01
7.885068655014038086e-01
9.925037026405334473e-01
9.706841111183166504e-01
9.999156594276428223e-01
7.976892404258251190e-03
9.993628263473510742e-01
1.134479194879531860e-01
1.336567476391792297e-02
2.844229638576507568e-01
9.803130626678466797e-01
9.677124619483947754e-01
4.501786082983016968e-02
2.072350382804870605e-01
7.507343292236328125e-01
9.955035448074340820e-01
1.125006675720214844e-01
9.452388286590576172e-01
9.058242291212081909e-02
9.948044419288635254e-01
7.051848620176315308e-02
6.446495186537504196e-03
9.851084947586059570e-01
4.428573846817016602e-01
8.266555070877075195e-01
3.820589184761047363e-01
9.633825421333312988e-01
9.823465943336486816e-01
9.791452288627624512e-01
9.746900200843811035e-01
2.686125040054321289e-01
1.708409786224365234e-01
9.867314100265502930e-01
5.744200348854064941e-01
3.554892167448997498e-02
9.569824934005737305e-01
9.741211533546447754e-01
9.755364656448364258e-01
9.766670465469360352e-01
9.121517539024353027e-01
5.842763185501098633e-01
9.885924458503723145e-01
8.398315906524658203e-01
9.897954463958740234e-01
2.469443976879119873e-01
9.956954717636108398e-01
9.998791813850402832e-01
6.256740093231201172e-01
9.730897843837738037e-02
6.275143623352050781e-01
9.933624863624572754e-01
6.638809442520141602e-01
1.736050844192504883e-01
7.830938100814819336e-01
9.755641222000122070e-01
8.694300055503845215e-01
9.668186902999877930e-01
7.988876104354858398e-01
9.960661530494689941e-01
9.676064848899841309e-01
9.606481790542602539e-01
7.765126824378967285e-01
9.214214086532592773e-01
8.698139190673828125e-01
8.956536054611206055e-01
9.531201720237731934e-01
9.592726826667785645e-01
1.916682422161102295e-01
3.691709637641906738e-01
8.853089213371276855e-01
8.517072200775146484e-01
9.913871288299560547e-01
7.021114826202392578e-01
9.533925652503967285e-01
9.739291667938232422e-01
9.629878997802734375e-01
9.676432013511657715e-01
2.105541229248046875e-01
9.102549552917480469e-01
9.960770010948181152e-01
9.908938407897949219e-01
4.598995298147201538e-02
8.655393123626708984e-01
9.758725166320800781e-01
9.932959079742431641e-01
9.184110164642333984e-01
9.764528870582580566e-01
6.156058311462402344e-01
9.716207385063171387e-01
9.636359214782714844e-01
9.780365228652954102e-01
9.405826330184936523e-01
9.227211475372314453e-01
9.978918433189392090e-01
9.871974587440490723e-01
9.580529332160949707e-01
9.888333082199096680e-01
9.952051639556884766e-01
9.648730754852294922e-01
9.822953343391418457e-01
8.572477698326110840e-01
9.723202586174011230e-01
9.986900687217712402e-01
9.573829174041748047e-01
9.632290005683898926e-01
9.224387407302856445e-01
9.927251935005187988e-01
9.085785150527954102e-01
5.868843793869018555e-01
9.803978204727172852e-01
9.929206967353820801e-01
8.226020932197570801e-01
9.145617485046386719e-01
9.733977913856506348e-01
9.665871262550354004e-01
8.513007164001464844e-01
9.869169592857360840e-01
9.751839637756347656e-01
9.130754470825195312e-01
6.746355891227722168e-01
9.002215266227722168e-01
7.700597047805786133e-01
9.768903851509094238e-01
9.905567169189453125e-01
8.455686569213867188e-01
9.537134766578674316e-01
9.860980510711669922e-01
9.582741260528564453e-01
9.723569154739379883e-01
9.639353752136230469e-01
8.806121945381164551e-01
9.001399874687194824e-01
9.787919521331787109e-01
4.116492867469787598e-01
9.594035148620605469e-01
8.475079536437988281e-01
9.939445853233337402e-01
9.710646271705627441e-01
9.856284260749816895e-01
9.418290853500366211e-01
9.770818948745727539e-01
9.084876775741577148e-01
9.709393382072448730e-01
9.744177460670471191e-01
9.396874904632568359e-01
7.888608574867248535e-01
9.778391718864440918e-01
9.999713897705078125e-01
9.981560707092285156e-01
9.118702411651611328e-01
9.997495412826538086e-01
9.652654528617858887e-01
5.806235074996948242e-01
9.831195473670959473e-01
9.996845722198486328e-01
9.169088602066040039e-01
8.986202478408813477e-01
9.883409142494201660e-01
9.915679097175598145e-01
9.895498156547546387e-01
9.627739787101745605e-01
9.834688305854797363e-01
9.966759681701660156e-01
8.388100266456604004e-01
9.288093447685241699e-01
9.932765960693359375e-01
9.021454453468322754e-01
7.446343898773193359e-01
2.715902328491210938e-01
9.751773476600646973e-01
9.926705956459045410e-01
9.949715137481689453e-01
4.090384840965270996e-01
1.346994489431381226e-01
2.622480504214763641e-03
9.894121289253234863e-01
2.672772705554962158e-01
2.779532922431826591e-03
9.637578725814819336e-01
9.325042366981506348e-01
9.452446103096008301e-01
8.466080576181411743e-02
9.353389143943786621e-01
9.854748249053955078e-01
9.960637688636779785e-01
9.928127527236938477e-01
9.503320455551147461e-01
9.745753407478332520e-01
9.830604195594787598e-01
9.002348184585571289e-01
9.007471799850463867e-01
9.764469861984252930e-01
9.497819542884826660e-01
8.321179151535034180e-01
3.210743665695190430e-01
9.820374250411987305e-01
9.965112805366516113e-01
9.949738383293151855e-01
9.936786293983459473e-01
9.945498108863830566e-01
9.944509863853454590e-01
9.040542840957641602e-01
9.887899756431579590e-01
9.996184110641479492e-01
8.444628119468688965e-01
9.955737590789794922e-01
9.990398287773132324e-01
8.301738500595092773e-01
8.546265959739685059e-01
9.848482012748718262e-01
9.975111484527587891e-01
9.917401075363159180e-01
9.666676521301269531e-01
9.733008742332458496e-01
9.747784733772277832e-01
8.792014122009277344e-01
9.992693662643432617e-01
9.908180832862854004e-01
9.870919585227966309e-01
9.781886339187622070e-01
9.930809140205383301e-01
9.802731871604919434e-01
9.845371842384338379e-01
9.423628449440002441e-01
9.967237710952758789e-01
9.144095182418823242e-01
9.760218858718872070e-01
9.939668178558349609e-01
9.440664052963256836e-01
9.967384338378906250e-01
9.971781373023986816e-01
9.857664108276367188e-01
6.113493442535400391e-01
9.952617287635803223e-01
9.638625979423522949e-01
9.973809719085693359e-01
9.684455990791320801e-01
9.916535615921020508e-01
9.819355010986328125e-01
9.855430722236633301e-01
9.376236200332641602e-01
8.188812732696533203e-01
9.992241263389587402e-01
9.696655273437500000e-01
9.728701710700988770e-01
9.747725725173950195e-01
9.969993233680725098e-01
9.713704586029052734e-01
9.921272397041320801e-01
9.996341466903686523e-01
9.977992177009582520e-01
9.688943624496459961e-01
9.740511775016784668e-01
9.699851870536804199e-01
9.631511569023132324e-01
9.945271611213684082e-01
9.053184986114501953e-01
9.771216511726379395e-01
9.967192411422729492e-01
9.860972166061401367e-01
8.182953000068664551e-01
7.987505793571472168e-01
9.974940419197082520e-01
9.982788562774658203e-01
7.944798469543457031e-01
8.377324938774108887e-01
9.958278536796569824e-01
9.586921334266662598e-01
9.868485331535339355e-01
9.643958806991577148e-01
9.815043807029724121e-01
9.625238180160522461e-01
9.788824319839477539e-01
9.870407581329345703e-01
9.516984224319458008e-01
9.749188423156738281e-01
9.974094629287719727e-01
8.388229608535766602e-01
9.546623229980468750e-01
9.958396553993225098e-01
9.477798938751220703e-01
9.835175275802612305e-01
9.942321181297302246e-01
9.802961349487304688e-01
9.319564104080200195e-01
9.934338927268981934e-01
9.990652203559875488e-01
9.504650235176086426e-01
9.924051761627197266e-01
9.955442547798156738e-01
9.680832624435424805e-01
9.863025546073913574e-01
9.690005779266357422e-01
9.303226470947265625e-01
9.990942478179931641e-01
9.719541668891906738e-01
9.436975717544555664e-01
8.945356011390686035e-01
9.964096546173095703e-01
9.672090411186218262e-01
9.206624627113342285e-01
9.786136150360107422e-01
9.946332573890686035e-01
9.999773502349853516e-01
9.999898672103881836e-01
9.973867535591125488e-01
9.995723962783813477e-01
9.999651908874511719e-01
3.179277060553431511e-03
1.040403246879577637e-01
7.533857822418212891e-01
9.998615980148315430e-01
1.084747142158448696e-03
2.054575085639953613e-01
9.742822051048278809e-01
9.999881386756896973e-01
9.999794960021972656e-01
9.995167851448059082e-01
9.997946619987487793e-01
3.240377455949783325e-02
9.995955824851989746e-01
2.416270412504673004e-02
8.496757596731185913e-03
8.234086446464061737e-03
2.467356994748115540e-02
7.345353811979293823e-02
4.508310556411743164e-01
6.237242221832275391e-01
1.946329511702060699e-02
9.999831914901733398e-01
9.949924349784851074e-01
6.384984254837036133e-01
9.852821230888366699e-01
9.891188144683837891e-01
1.335190385580062866e-01
9.981469511985778809e-01
9.964053034782409668e-01
1.384643488563597202e-03
9.475895166397094727e-01
9.928912520408630371e-01
7.753483057022094727e-01
6.865976452827453613e-01
9.999740719795227051e-01
9.994984865188598633e-01
9.968208670616149902e-01
2.472288608551025391e-01
9.992230534553527832e-01
9.997228980064392090e-01
9.944902658462524414e-01
9.860381484031677246e-01
9.997823238372802734e-01
7.531641125679016113e-01
5.763247609138488770e-01
9.296094179153442383e-01
9.999766349792480469e-01
9.999670386314392090e-01
9.997029900550842285e-01
9.935048818588256836e-01
2.468144521117210388e-02
7.695014476776123047e-01
9.983916878700256348e-01
2.937413053587079048e-03
8.550143837928771973e-01
9.995541572570800781e-01
5.874162307009100914e-04
4.817015491425991058e-03
9.409992098808288574e-01
9.999347329139709473e-01
9.999813437461853027e-01
9.992031455039978027e-01
9.948607087135314941e-01
4.589279592037200928e-01
9.986618757247924805e-01
9.999963641166687012e-01
7.046495676040649414e-01
8.879851698875427246e-01
9.995217919349670410e-01
5.282549262046813965e-01
7.877485752105712891e-01
4.001819789409637451e-01
9.999887347221374512e-01
9.999815225601196289e-01
9.991711974143981934e-01
9.570102691650390625e-01
9.995353817939758301e-01
9.991806149482727051e-01
9.667130112648010254e-01
3.243480622768402100e-01
9.887095093727111816e-01
9.975128173828125000e-01
9.231542944908142090e-01
9.597224593162536621e-01
9.389535784721374512e-01
3.713755309581756592e-01
9.999706149101257324e-01
9.986846446990966797e-01
9.787240028381347656e-01
9.844444394111633301e-01
9.980132579803466797e-01
9.829827547073364258e-01
1.154609322547912598e-01
9.838452339172363281e-01
9.947459101676940918e-01
9.330736398696899414e-01
9.758807420730590820e-01
9.938417077064514160e-01
9.988422393798828125e-01
9.999743103981018066e-01
9.990134239196777344e-01
9.700813889503479004e-01
4.621139764785766602e-01
9.992281198501586914e-01
9.984030723571777344e-01
6.468363404273986816e-01
8.994437456130981445e-01
9.963122010231018066e-01
9.517059326171875000e-01
5.653572734445333481e-03
8.777448534965515137e-01
9.996460080146789551e-01
9.999695420265197754e-01
9.987474679946899414e-01
9.195883870124816895e-01
5.435055494308471680e-01
9.990216493606567383e-01
9.942211508750915527e-01
3.838105499744415283e-01
5.289258360862731934e-01
8.091289401054382324e-01
9.999026060104370117e-01
9.275199174880981445e-01
9.221612215042114258e-01
9.999884366989135742e-01
9.999706745147705078e-01
9.990772008895874023e-01
9.564998149871826172e-01
9.841052889823913574e-01
9.996296763420104980e-01
9.763516783714294434e-01
7.421032190322875977e-01
9.819025993347167969e-01
9.974850416183471680e-01
8.788713812828063965e-01
9.101749062538146973e-01
9.545616507530212402e-01
9.885864257812500000e-01
9.925641417503356934e-01
9.974583387374877930e-01
9.983751773834228516e-01
7.926147580146789551e-01
9.985515475273132324e-01
9.966348409652709961e-01
8.883643746376037598e-01
5.554392933845520020e-01
9.477527439594268799e-02
9.726235270500183105e-01
7.376107573509216309e-01
9.934419989585876465e-01
1.953901797533035278e-01
9.914965033531188965e-01
9.946640133857727051e-01
4.914866089820861816e-01
9.340447783470153809e-01
9.564471244812011719e-01
9.966944456100463867e-01
8.436726927757263184e-01
8.150848746299743652e-01
4.008291959762573242e-01
9.907195568084716797e-01
9.942182302474975586e-01
7.156687974929809570e-01
4.335375428199768066e-01
9.989856481552124023e-01
9.989135265350341797e-01
9.981684088706970215e-01
8.966963738203048706e-03
9.963659048080444336e-01
9.991525411605834961e-01
8.664767444133758545e-02
2.837777435779571533e-01
9.963142871856689453e-01
1.341112889349460602e-03
8.489804714918136597e-02
8.790266513824462891e-01
9.964870214462280273e-01
9.959226846694946289e-01
9.957568645477294922e-01
9.978125095367431641e-01
3.813202381134033203e-01
5.859695672988891602e-01
9.982819557189941406e-01
9.935052394866943359e-01
8.572707772254943848e-01
9.936504364013671875e-01
9.919730424880981445e-01
9.865534305572509766e-01
5.481728315353393555e-01
9.660453796386718750e-01
9.745458960533142090e-01
9.863477945327758789e-01
8.629893660545349121e-01
9.934823513031005859e-01
9.806908965110778809e-01
9.838567376136779785e-01
9.943133592605590820e-01
2.855974808335304260e-02
3.750864416360855103e-02
9.774460792541503906e-01
9.888360500335693359e-01
9.905173182487487793e-01
1.355174183845520020e-01
9.983924627304077148e-01
9.989408850669860840e-01
9.873234033584594727e-01
9.173210710287094116e-02
9.966604113578796387e-01
9.961987733840942383e-01
8.405542373657226562e-01
1.494249254465103149e-01
9.867694973945617676e-01
9.287561774253845215e-01
8.243045806884765625e-01
1.651985198259353638e-01
9.644898176193237305e-01
9.918321371078491211e-01
9.936421513557434082e-01
9.752256870269775391e-01
8.813343644142150879e-01
9.787777662277221680e-01
9.810638427734375000e-01
9.930815696716308594e-01
9.932942390441894531e-01
9.325106739997863770e-01
9.190084934234619141e-01
9.848502874374389648e-01
9.488042593002319336e-01
3.020175099372863770e-01
9.629558920860290527e-01
9.809299707412719727e-01
9.472491145133972168e-01
9.970787763595581055e-01
8.834053874015808105e-01
9.709911942481994629e-01
9.909560680389404297e-01
7.396320700645446777e-01
2.359129488468170166e-01
3.669117689132690430e-01
9.671460390090942383e-01
8.755488395690917969e-01
3.184767663478851318e-01
9.789417386054992676e-01
9.915694594383239746e-01
9.872996211051940918e-01
9.475728273391723633e-01
9.642155170440673828e-01
9.975922107696533203e-01
9.959580302238464355e-01
9.404237270355224609e-01
8.778347969055175781e-01
9.839717149734497070e-01
9.819321036338806152e-01
6.198830604553222656e-01
9.869097471237182617e-01
9.897342920303344727e-01
9.956082105636596680e-01
9.765886664390563965e-01
9.404768943786621094e-01
9.783055186271667480e-01
9.927887916564941406e-01
9.958630800247192383e-01
9.160206317901611328e-01
9.781262278556823730e-01
9.542460441589355469e-01
9.783652424812316895e-01
9.258986115455627441e-01
8.092611432075500488e-01
9.418291449546813965e-01
9.426677823066711426e-01
9.874857068061828613e-01
9.966910481452941895e-01
9.378733038902282715e-01
9.839898347854614258e-01
9.200676679611206055e-01
9.547495245933532715e-01
4.507282674312591553e-01
9.762495160102844238e-01
8.495175838470458984e-01
9.978121519088745117e-01
9.998620152473449707e-01
9.852316975593566895e-01
9.770306944847106934e-01
9.963775277137756348e-01
9.955192804336547852e-01
9.868173003196716309e-01
9.941412210464477539e-01
5.738701820373535156e-01
8.688209056854248047e-01
3.407932221889495850e-01
1.109598297625780106e-02
8.969470858573913574e-02
4.060778319835662842e-01
1.533038318157196045e-01
9.911274313926696777e-01
9.915621280670166016e-01
9.968641996383666992e-01
9.837375283241271973e-01
4.577870368957519531e-01
9.900822639465332031e-01
9.172749519348144531e-01
3.316562215331941843e-04
4.790023900568485260e-03
9.324572086334228516e-01
9.508506059646606445e-01
3.062130808830261230e-01
6.733283866196870804e-03
8.952138423919677734e-01
9.660728573799133301e-01
9.847202897071838379e-01
9.955790042877197266e-01
9.391447901725769043e-01
9.828170537948608398e-01
9.609090685844421387e-01
7.912799715995788574e-01
1.868209615349769592e-02
8.871902823448181152e-01
9.954933524131774902e-01
9.941756129264831543e-01
5.893546715378761292e-02
9.803369045257568359e-01
9.909072518348693848e-01
9.981937408447265625e-01
9.898943901062011719e-01
9.049950242042541504e-01
9.986348748207092285e-01
9.747200608253479004e-01
7.825748324394226074e-01
9.166781604290008545e-02
9.462623596191406250e-01
1.383713185787200928e-01
9.957469105720520020e-01
8.914519101381301880e-02
8.893266916275024414e-01
9.752209782600402832e-01
9.880067110061645508e-01
9.944218993186950684e-01
9.691675901412963867e-01
9.430168271064758301e-01
9.582077860832214355e-01
9.993696212768554688e-01
9.850119948387145996e-01
9.715422987937927246e-01
2.188624888658523560e-01
9.918083548545837402e-01
9.473586082458496094e-01
2.265366166830062866e-01
6.788910627365112305e-01
9.583758711814880371e-01
9.889329075813293457e-01
9.610495567321777344e-01
4.987265467643737793e-01
9.462314844131469727e-01
7.429161071777343750e-01
8.592880368232727051e-01
9.520626664161682129e-01
8.352268934249877930e-01
8.434222638607025146e-02
8.879187703132629395e-01
2.284642904996871948e-01
3.519903719425201416e-01
8.493544459342956543e-01
9.853007197380065918e-01
6.866661906242370605e-01
3.434134125709533691e-01
9.342361688613891602e-01
8.937298655509948730e-01
9.306474924087524414e-01
7.441361546516418457e-01
8.258692026138305664e-01
9.604055285453796387e-01
5.527486801147460938e-01
9.224931597709655762e-01
9.767404198646545410e-01
9.930793046951293945e-01
9.939429163932800293e-01
9.672886729240417480e-01
9.905155301094055176e-01
9.725450277328491211e-01
9.812254309654235840e-01
9.437583684921264648e-01
1.842711269855499268e-01
9.369695186614990234e-01
2.605601251125335693e-01
9.893987774848937988e-01
9.972236156463623047e-01
9.945977330207824707e-01
7.904920578002929688e-01
4.755296111106872559e-01
9.979614615440368652e-01
9.899880886077880859e-01
9.968740940093994141e-01
9.957356452941894531e-01
7.278967499732971191e-01
9.432588219642639160e-01
9.949228167533874512e-01
9.624750614166259766e-01
8.449332714080810547e-01
9.891043305397033691e-01
9.910448193550109863e-01
9.822456240653991699e-01
8.006767034530639648e-01
4.020791053771972656e-01
9.983561038970947266e-01
8.126748800277709961e-01
9.985157847404479980e-01
1.151366680860519409e-01
9.889259338378906250e-01
9.800744652748107910e-01
9.922799468040466309e-01
9.972571730613708496e-01
6.222882270812988281e-01
9.228599071502685547e-01
8.961556595750153065e-04
9.953693747520446777e-01
2.434857934713363647e-01
1.249127015471458435e-01
9.770268201828002930e-01
1.840142756700515747e-01
1.904884004034101963e-03
9.291944503784179688e-01
9.284289479255676270e-01
1.690140515565872192e-01
2.825411260128021240e-01
9.895676374435424805e-01
9.924288392066955566e-01
5.397213697433471680e-01
8.262567520141601562e-01
9.818874001502990723e-01
9.893727898597717285e-01
9.527356624603271484e-01
9.698173999786376953e-01
8.488165140151977539e-01
9.831233620643615723e-01
9.924512505531311035e-01
9.541385769844055176e-01
2.118589878082275391e-01
9.898485541343688965e-01
9.868481159210205078e-01
7.534266710281372070e-01
7.925696969032287598e-01
9.531791210174560547e-01
9.935793280601501465e-01
9.642693400382995605e-01
9.916729927062988281e-01
9.888309240341186523e-01
9.392300844192504883e-01
9.907417893409729004e-01
9.955108165740966797e-01
9.947016239166259766e-01
9.649819731712341309e-01
9.698241949081420898e-01
9.191924929618835449e-01
9.688555598258972168e-01
9.278035163879394531e-01
9.873759746551513672e-01
9.500957727432250977e-01
9.726174473762512207e-01
9.988828897476196289e-01
8.858351111412048340e-01
9.697500467300415039e-01
9.934745430946350098e-01
9.986023902893066406e-01
9.472663998603820801e-01
9.770109653472900391e-01
9.308358430862426758e-01
9.904428124427795410e-01
9.255076050758361816e-01
9.922394752502441406e-01
9.851809740066528320e-01
9.560398459434509277e-01
9.973347187042236328e-01
9.972659945487976074e-01
9.680993556976318359e-01
9.982507228851318359e-01
9.987127184867858887e-01
9.901410937309265137e-01
9.942120909690856934e-01
9.751436710357666016e-01
5.608547329902648926e-01
4.142730236053466797e-01
9.968438744544982910e-01
9.450469017028808594e-01
9.489436149597167969e-01
9.950113892555236816e-01
8.924118280410766602e-01
8.877590298652648926e-01
9.867199063301086426e-01
9.988834857940673828e-01
9.980422258377075195e-01
9.978785514831542969e-01
9.889473319053649902e-01
2.519512176513671875e-01
9.271158277988433838e-02
9.333893060684204102e-01
9.974402785301208496e-01
9.950447678565979004e-01
9.990055561065673828e-01
1.449887990020215511e-03
8.186797052621841431e-02
9.065721631050109863e-01
9.999695420265197754e-01
9.971275925636291504e-01
9.961844086647033691e-01
9.904267191886901855e-01
8.020669817924499512e-01
6.286236643791198730e-01
9.988169670104980469e-01
9.999732971191406250e-01
9.962633252143859863e-01
9.997362494468688965e-01
6.565599441528320312e-01
9.949899911880493164e-01
9.620228409767150879e-01
9.999868869781494141e-01
9.971549510955810547e-01
9.973920583724975586e-01
8.987239599227905273e-01
5.701766014099121094e-01
9.971942901611328125e-01
9.958025813102722168e-01
8.521915674209594727e-01
9.964931011199951172e-01
9.923850893974304199e-01
9.160898327827453613e-01
9.926659464836120605e-01
9.944903254508972168e-01
6.008076667785644531e-01
9.964458942413330078e-01
9.962266683578491211e-01
9.792011976242065430e-01
6.144375801086425781e-01
5.577689409255981445e-01
9.968823790550231934e-01
9.880451560020446777e-01
9.419050216674804688e-01
9.929649233818054199e-01
9.896939396858215332e-01
6.811291575431823730e-01
9.092773199081420898e-01
9.996740221977233887e-01
9.896955490112304688e-01
9.918385744094848633e-01
9.674900025129318237e-02
9.841037392616271973e-01
9.965780973434448242e-01
9.969352483749389648e-01
3.227558732032775879e-01
9.773413538932800293e-01
9.937585592269897461e-01
9.949142932891845703e-01
1.255666138604283333e-03
2.448676154017448425e-02
9.996647238731384277e-01
9.963306784629821777e-01
9.968966245651245117e-01
8.566097021102905273e-01
6.745514869689941406e-01
9.979194402694702148e-01
9.989815354347229004e-01
9.026439785957336426e-01
9.945688843727111816e-01
9.929769635200500488e-01
8.564372062683105469e-01
9.089313149452209473e-01
9.861106872558593750e-01
9.942378401756286621e-01
9.892348051071166992e-01
9.963831305503845215e-01
9.982314705848693848e-01
9.280499815940856934e-01
6.237331628799438477e-01
5.980831980705261230e-01
9.999994039535522461e-01
8.074657917022705078e-01
9.999921917915344238e-01
9.861323237419128418e-01
9.857513308525085449e-01
1.733750253915786743e-01
9.997693300247192383e-01
9.786221981048583984e-01
9.912068247795104980e-01
9.808406233787536621e-01
9.527661800384521484e-01
8.726709485054016113e-01
9.991816878318786621e-01
9.990378022193908691e-01
9.385803341865539551e-01
9.929244518280029297e-01
9.878444671630859375e-01
9.887197613716125488e-01
9.686670303344726562e-01
9.935671091079711914e-01
9.933679103851318359e-01
9.949581623077392578e-01
9.962078332901000977e-01
5.244666337966918945e-01
9.505839347839355469e-01
9.957768321037292480e-01
9.999646544456481934e-01
6.847892403602600098e-01
7.737445831298828125e-01
9.999709725379943848e-01
1.977383345365524292e-02
2.040663659572601318e-01
9.999718070030212402e-01
9.662855863571166992e-01
9.874927997589111328e-01
9.108545184135437012e-01
9.939771294593811035e-01
9.188541769981384277e-01
9.979740381240844727e-01
9.966137409210205078e-01
9.458903074264526367e-01
9.786452651023864746e-01
9.997127652168273926e-01
9.836920499801635742e-01
1.496390849351882935e-01
9.999396204948425293e-01
8.197075128555297852e-01
9.570629000663757324e-01
8.625009655952453613e-01
9.963371753692626953e-01
3.575149476528167725e-01
9.931926727294921875e-01
2.522836625576019287e-01
9.858436584472656250e-01
9.539480209350585938e-01
9.994636774063110352e-01
9.535134434700012207e-01
8.041691184043884277e-01
9.994935989379882812e-01
9.920789003372192383e-01
9.927890896797180176e-01
9.930164813995361328e-01
7.458203434944152832e-01
4.306098520755767822e-01
9.983935952186584473e-01
9.996435046195983887e-01
8.209845423698425293e-01
9.927263259887695312e-01
9.997250437736511230e-01
8.280992507934570312e-01
2.880840599536895752e-01
7.607769966125488281e-01
9.279952645301818848e-01
9.702272415161132812e-01
4.170020669698715210e-02
9.963157773017883301e-01
8.518961668014526367e-01
9.765619635581970215e-01
9.999494552612304688e-01
9.840888977050781250e-01
8.887629956007003784e-02
9.522015452384948730e-01
9.975612759590148926e-01
9.965949654579162598e-01
3.653869777917861938e-02
9.778243303298950195e-01
9.891154766082763672e-01
9.770138859748840332e-01
9.929152131080627441e-01
9.459951519966125488e-01
9.947634339332580566e-01
1.092006787657737732e-01
9.777450561523437500e-01
9.980986714363098145e-01
9.921883940696716309e-01
8.109704852104187012e-01
2.721988558769226074e-01
9.838445186614990234e-01
9.527443647384643555e-01
9.823258519172668457e-01
9.869721531867980957e-01
9.939245581626892090e-01
9.294615387916564941e-01
9.956216812133789062e-01
9.997968673706054688e-01
9.811547994613647461e-01
9.560241699218750000e-01
9.963877797126770020e-01
9.503492116928100586e-01
1.903085212688893080e-04
9.632030129432678223e-01
9.535404443740844727e-01
9.853416681289672852e-01
9.934467077255249023e-01
9.943180084228515625e-01
9.311875700950622559e-01
9.942231178283691406e-01
9.999346137046813965e-01
9.860629439353942871e-01
9.560063481330871582e-01
9.998998641967773438e-01
9.645241498947143555e-01
9.960421323776245117e-01
7.708695530891418457e-02
8.781406283378601074e-01
9.702932834625244141e-01
9.081343412399291992e-01
9.941896796226501465e-01
9.290541410446166992e-01
9.833611845970153809e-01
9.995720982551574707e-01
9.758862853050231934e-01
3.795302212238311768e-01
9.624549746513366699e-01
9.410897493362426758e-01
9.979894757270812988e-01
9.974857568740844727e-01
9.904959797859191895e-01
9.924450516700744629e-01
9.530400037765502930e-01
8.281685709953308105e-01
9.503177404403686523e-01
9.930893182754516602e-01
9.692072868347167969e-01
9.782991409301757812e-01
9.967743158340454102e-01
9.875748157501220703e-01
9.924761652946472168e-01
9.989441633224487305e-01
9.903199076652526855e-01
9.544857740402221680e-01
9.782738089561462402e-01
9.258479475975036621e-01
9.866724014282226562e-01
9.230473041534423828e-01
9.927853345870971680e-01
9.837023615837097168e-01
9.862835407257080078e-01
9.576102495193481445e-01
9.970995187759399414e-01
9.605149626731872559e-01
9.916585087776184082e-01
9.977474212646484375e-01
9.750877022743225098e-01
9.881628751754760742e-01
7.656787037849426270e-01
9.690578579902648926e-01
8.573433160781860352e-01
9.929172396659851074e-01
9.826348423957824707e-01
9.573888778686523438e-01
9.815236330032348633e-01
9.897303581237792969e-01
8.927226066589355469e-01
9.517664313316345215e-01
9.961394667625427246e-01
9.893785119056701660e-01
9.897969961166381836e-01
9.912232160568237305e-01
6.526598930358886719e-01
1.899332255125045776e-01
4.019527733325958252e-01
9.996987581253051758e-01
8.363025188446044922e-01
1.531381011009216309e-01
9.699097275733947754e-01
9.617369771003723145e-01
2.527131736278533936e-01
9.753831624984741211e-01
9.618894457817077637e-01
9.783492684364318848e-01
6.672039031982421875e-01
9.899513721466064453e-01
9.713793396949768066e-01
9.937829375267028809e-01
9.855014085769653320e-01
9.785977005958557129e-01
9.675719141960144043e-01
9.772784709930419922e-01
9.975176453590393066e-01
6.952522993087768555e-01
9.794569611549377441e-01
9.872990846633911133e-01
9.899942278861999512e-01
9.399944543838500977e-01
9.140669107437133789e-01
9.702534675598144531e-01
9.909697175025939941e-01
9.546118974685668945e-01
9.625574350357055664e-01
9.949558973312377930e-01
9.899812936782836914e-01
9.263351559638977051e-01
9.907270073890686035e-01
9.949479103088378906e-01
8.231078982353210449e-01
9.583143591880798340e-01
9.775285720825195312e-01
9.964144825935363770e-01
9.685509800910949707e-01
9.878158569335937500e-01
9.984143376350402832e-01
9.808829426765441895e-01
8.309452533721923828e-01
9.190918803215026855e-01
9.727688431739807129e-01
9.346534609794616699e-01
9.649658203125000000e-01
9.044559001922607422e-01
9.869033098220825195e-01
9.763271212577819824e-01
9.924073815345764160e-01
9.607110619544982910e-01
9.924807548522949219e-01
9.942170977592468262e-01
9.793564677238464355e-01
8.885369300842285156e-01
9.948853254318237305e-01
9.818826317787170410e-01
9.572960734367370605e-01
9.693802595138549805e-01
9.433284401893615723e-01
9.790099263191223145e-01
8.135575056076049805e-01
9.936778545379638672e-01
9.353529214859008789e-01
9.889414310455322266e-01
9.776992201805114746e-01
9.848112463951110840e-01
8.004184961318969727e-01
8.980959057807922363e-01
9.975953698158264160e-01
9.604128003120422363e-01
9.958732128143310547e-01
