8.184087928384542465e-04
5.422944426536560059e-01
5.672524124383926392e-02
1.018098369240760803e-02
3.176577854901552200e-03
6.791626214981079102e-01
2.109714299440383911e-01
4.288774449378252029e-03
9.302325546741485596e-03
2.879968285560607910e-01
1.237296462059020996e-01
9.320786222815513611e-03
4.922812338918447495e-03
4.057615064084529877e-03
7.352118492126464844e-01
4.575993120670318604e-02
6.291722413152456284e-03
2.916568657383322716e-03
3.768382668495178223e-01
2.219495624303817749e-01
1.314497366547584534e-02
8.672361262142658234e-03
6.212214231491088867e-01
2.399267554283142090e-01
1.127351913601160049e-02
3.875873750075697899e-03
3.503272309899330139e-03
1.774215372279286385e-03
7.405393123626708984e-01
3.690636949613690376e-04
1.293128821998834610e-03
2.885314226150512695e-01
1.848333775997161865e-01
8.380772545933723450e-03
4.724203143268823624e-03
9.874802082777023315e-02
1.735946536064147949e-01
3.905895398929715157e-03
5.381970666348934174e-03
3.786368761211633682e-04
1.048865146003663540e-03
4.480435550212860107e-01
2.876128554344177246e-01
3.953523933887481689e-03
3.333607316017150879e-01
4.050046205520629883e-01
1.185639202594757080e-02
4.313704092055559158e-03
9.146162867546081543e-02
1.746025979518890381e-01
6.611284799873828888e-03
2.265424467623233795e-03
4.275240935385227203e-03
2.770340535789728165e-03
5.424295067787170410e-01
2.712811343371868134e-02
1.051976997405290604e-02
3.490084111690521240e-01
2.129383534193038940e-01
1.569421961903572083e-02
3.615826601162552834e-03
1.074665859341621399e-01
2.141437232494354248e-01
3.028603270649909973e-03
7.251445669680833817e-03
5.610974039882421494e-03
5.874681286513805389e-03
6.339455246925354004e-01
2.525748014450073242e-01
6.251775193959474564e-03
4.251985345035791397e-03
2.015048861503601074e-01
2.978894487023353577e-02
4.928518319502472878e-05
1.076386030763387680e-02
3.063841257244348526e-03
8.120780810713768005e-03
2.709418069571256638e-03
1.467736787162721157e-03
1.012198999524116516e-02
7.389648556709289551e-01
4.755323007702827454e-02
2.435057656839489937e-03
2.107351645827293396e-02
3.151785433292388916e-01
9.453461971133947372e-04
7.906011305749416351e-03
5.366542562842369080e-02
1.104407012462615967e-01
2.088332985294982791e-04
7.499871775507926941e-03
9.740724926814436913e-04
1.603945507667958736e-03
5.196287035942077637e-01
8.570182323455810547e-02
4.603385925292968750e-03
3.312891814857721329e-03
6.188168525695800781e-01
3.729409724473953247e-02
1.435081590898334980e-03
4.326122999191284180e-01
7.072454690933227539e-02
1.123627740889787674e-02
8.156748488545417786e-03
2.727995393797755241e-03
1.530772307887673378e-03
5.328623652458190918e-01
4.744935780763626099e-02
1.095699612051248550e-02
7.422608323395252228e-04
5.549230575561523438e-01
1.087953522801399231e-01
1.795747317373752594e-02
1.299654543399810791e-01
3.726943582296371460e-02
9.196257218718528748e-03
1.139313098974525928e-03
1.974065788090229034e-03
2.300112275406718254e-03
5.317035913467407227e-01
4.422493278980255127e-02
5.808650515973567963e-03
6.348043680191040039e-03
5.549386739730834961e-01
1.130842790007591248e-01
3.432033350691199303e-03
8.410929702222347260e-03
4.372184351086616516e-02
1.612405525520443916e-03
3.388386452570557594e-03
4.163732286542654037e-03
3.742360859178006649e-04
8.967344760894775391e-01
3.633404523134231567e-02
4.594733007252216339e-03
6.572408601641654968e-03
4.894073009490966797e-01
1.690003722906112671e-01
2.154749818146228790e-02
1.751418341882526875e-03
6.057546287775039673e-02
9.392644278705120087e-03
6.389224901795387268e-03
2.099356846883893013e-03
4.442638251930475235e-03
5.274558067321777344e-01
3.678870201110839844e-02
7.290137000381946564e-03
7.408043835312128067e-03
6.978424787521362305e-01
3.101235255599021912e-02
4.566577728837728500e-03
1.684356364421546459e-03
5.066644549369812012e-01
1.555607616901397705e-01
8.985563181340694427e-04
1.015130197629332542e-03
3.202528925612568855e-03
6.031064391136169434e-01
4.077754542231559753e-02
1.677920855581760406e-02
2.381160855293273926e-03
5.106470584869384766e-01
2.112670838832855225e-01
1.435052882879972458e-02
6.776714231818914413e-03
1.359547525644302368e-01
2.225697487592697144e-01
1.088348589837551117e-02
4.746259748935699463e-01
4.355933666229248047e-01
2.423876523971557617e-01
2.174133807420730591e-02
6.519013550132513046e-03
4.836816787719726562e-01
5.917133092880249023e-01
2.174540422856807709e-02
5.241660401225090027e-03
6.376351118087768555e-01
5.237966403365135193e-02
9.395470842719078064e-03
1.726474612951278687e-02
2.352018952369689941e-01
6.269915029406547546e-03
2.106095254421234131e-01
7.077664881944656372e-02
1.283153705298900604e-02
2.419720739126205444e-01
2.139970511198043823e-01
7.598474621772766113e-03
1.663571689277887344e-03
1.710869073867797852e-01
1.165174171328544617e-01
1.720228930935263634e-03
3.780747647397220135e-04
5.849698781967163086e-01
9.126965887844562531e-04
4.669263362884521484e-01
2.352552255615592003e-03
4.487737081944942474e-03
4.493310153484344482e-01
4.591208323836326599e-02
2.488522324711084366e-03
4.399152472615242004e-03
4.301557242870330811e-01
1.521386206150054932e-01
8.361565414816141129e-04
5.064285942353308201e-04
3.528756499290466309e-01
7.675865199416875839e-04
5.309825539588928223e-01
6.123973131179809570e-01
2.215208951383829117e-03
6.333727836608886719e-01
2.227748483419418335e-01
1.328142825514078140e-02
3.417991101741790771e-03
2.842513322830200195e-01
3.656128048896789551e-02
9.038575924932956696e-03
2.374918665736913681e-03
4.673858880996704102e-01
1.309797819703817368e-02
2.548190355300903320e-01
1.658685505390167236e-01
8.785445988178253174e-02
1.661564595997333527e-02
2.089999020099639893e-01
5.619651637971401215e-03
8.201744407415390015e-03
7.805679924786090851e-03
1.750330179929733276e-01
2.273969724774360657e-02
7.072830572724342346e-03
4.446517825126647949e-01
3.436779137700796127e-03
5.788866877555847168e-01
5.015361309051513672e-01
2.031650207936763763e-02
4.306471347808837891e-02
8.050857782363891602e-01
2.127151936292648315e-02
1.029746700078248978e-02
2.459772527217864990e-01
1.359732747077941895e-01
1.161555061116814613e-03
1.624331809580326080e-02
4.079009890556335449e-01
2.497296547517180443e-03
4.910551011562347412e-01
4.351192712783813477e-01
9.219454601407051086e-03
2.363342605531215668e-02
5.607261657714843750e-01
1.092654466629028320e-01
5.735224112868309021e-03
1.070078834891319275e-01
2.761909365653991699e-01
7.877845317125320435e-03
1.131059043109416962e-02
3.745262324810028076e-01
1.585781923495233059e-03
6.055886149406433105e-01
3.036763966083526611e-01
7.005346566438674927e-02
2.316858246922492981e-02
4.171279668807983398e-01
1.536342948675155640e-01
2.536483295261859894e-02
4.444530308246612549e-01
1.006392389535903931e-01
9.686152450740337372e-03
4.209045414427237120e-07
3.147781789302825928e-01
3.548102395143359900e-04
4.606757760047912598e-01
3.548408746719360352e-01
2.361648157238960266e-02
8.873387239873409271e-03
1.742542535066604614e-01
1.169845834374427795e-01
6.370484828948974609e-02
7.586250081658363342e-03
1.473615914583206177e-01
2.582622133195400238e-02
8.715468458831310272e-03
4.115509390830993652e-01
2.733074128627777100e-03
2.181766927242279053e-01
3.929235041141510010e-01
3.188472613692283630e-02
4.342163447290658951e-03
5.117322206497192383e-01
2.187560647726058960e-01
2.560636959969997406e-02
1.875749416649341583e-02
6.198131442070007324e-01
6.880283472128212452e-04
4.967320710420608521e-03
4.460412561893463135e-01
1.461204956285655499e-03
8.649201393127441406e-01
5.492148399353027344e-01
7.471792865544557571e-03
1.288377563469111919e-03
8.276445865631103516e-01
3.973910510540008545e-01
1.966750994324684143e-02
3.006281622219830751e-04
6.356333494186401367e-01
4.719224572181701660e-02
1.206172164529561996e-03
1.129646822810173035e-01
1.393804326653480530e-02
7.612147331237792969e-01
8.796317875385284424e-02
1.703194715082645416e-02
7.588804699480533600e-03
6.222721338272094727e-01
2.932530641555786133e-01
1.569842919707298279e-02
9.036255069077014923e-03
2.731001675128936768e-01
1.427058577537536621e-01
1.715919747948646545e-02
4.366880953311920166e-01
9.525171667337417603e-02
3.612396717071533203e-01
1.573100239038467407e-01
2.079049497842788696e-02
3.739173114299774170e-01
1.776099205017089844e-02
1.250349823385477066e-02
2.246870286762714386e-02
6.246285140514373779e-02
9.408314712345600128e-03
5.404568510130047798e-04
1.123847067356109619e-02
3.003738522529602051e-01
2.307636439800262451e-01
6.560347080230712891e-01
5.279459990561008453e-03
3.945343196392059326e-02
1.675884276628494263e-01
1.821692660450935364e-02
2.873188629746437073e-02
5.105279386043548584e-03
5.368018150329589844e-01
2.220624834299087524e-01
8.711442351341247559e-03
1.677986793220043182e-02
1.687116026878356934e-01
1.052796691656112671e-01
3.209608197212219238e-01
1.498108953237533569e-01
1.057974062860012054e-03
4.603420495986938477e-01
4.093801975250244141e-01
1.962891221046447754e-02
8.424161933362483978e-03
3.119943439960479736e-01
2.401771545410156250e-01
1.903861388564109802e-02
5.333823151886463165e-03
3.653913438320159912e-01
1.969159245491027832e-01
3.650405406951904297e-01
2.771399319171905518e-01
6.222436949610710144e-02
5.609692335128784180e-01
4.737177863717079163e-02
2.053376846015453339e-02
2.884396119043231010e-03
4.234823286533355713e-01
1.615021228790283203e-01
1.281787920743227005e-02
2.808970166370272636e-04
1.448935270309448242e-01
5.434773117303848267e-02
5.826261043548583984e-01
1.444673389196395874e-01
9.973395615816116333e-02
4.978573881089687347e-03
5.040802955627441406e-01
2.901226654648780823e-02
6.762046832591295242e-03
1.326253358274698257e-02
8.143329061567783356e-03
8.528086356818675995e-03
9.192063473165035248e-03
2.075796425342559814e-01
1.533521562814712524e-01
4.896014630794525146e-01
3.029974400997161865e-01
1.909455358982086182e-01
2.187235653400421143e-02
4.576003849506378174e-01
3.347063809633255005e-02
1.438842993229627609e-02
3.998720273375511169e-02
1.534737832844257355e-02
5.356081202626228333e-02
1.006275136023759842e-02
1.877669245004653931e-01
1.156456246972084045e-01
6.060149669647216797e-01
2.637649774551391602e-01
2.111534960567951202e-02
7.461353391408920288e-02
5.519349575042724609e-01
3.680521845817565918e-01
1.747225970029830933e-02
2.342067062854766846e-01
2.629466652870178223e-01
4.006821836810559034e-05
5.142492242157459259e-03
1.263316869735717773e-01
5.263202637434005737e-02
2.241273373365402222e-01
1.048281043767929077e-01
2.807376347482204437e-02
2.218099543824791908e-03
2.377351820468902588e-01
4.683051630854606628e-02
3.795083612203598022e-02
3.070765137672424316e-01
4.185138642787933350e-02
1.319529395550489426e-02
3.719291184097528458e-03
3.767080605030059814e-01
1.683831810951232910e-01
6.050773262977600098e-01
2.268980741500854492e-01
4.348529130220413208e-02
2.151927910745143890e-02
5.519607663154602051e-01
2.168004959821701050e-01
3.545269370079040527e-02
1.788713410496711731e-02
1.334501206874847412e-01
1.352503523230552673e-02
5.134668201208114624e-03
5.349192023277282715e-01
9.284640103578567505e-02
2.864392995834350586e-01
1.262471526861190796e-01
1.401455104351043701e-01
4.130798578262329102e-02
6.321303248405456543e-01
8.574355393648147583e-02
1.619949936866760254e-02
1.473807543516159058e-02
3.323737978935241699e-01
1.852634479291737080e-03
2.776227425783872604e-03
3.491384387016296387e-01
1.630032062530517578e-01
5.809744596481323242e-01
4.361872375011444092e-01
4.587783664464950562e-02
1.302840746939182281e-02
5.209249854087829590e-01
5.986558273434638977e-02
6.627872586250305176e-02
1.199666224420070648e-02
3.243031501770019531e-01
2.215526849031448364e-01
1.827041734941303730e-03
1.096014082431793213e-01
4.225827287882566452e-03
7.048954963684082031e-01
2.859624326229095459e-01
1.232737153768539429e-01
1.124340295791625977e-02
4.054765701293945312e-01
2.281809747219085693e-01
3.326266631484031677e-02
9.668937884271144867e-03
4.060510993003845215e-01
2.393928617238998413e-01
1.515347417443990707e-02
2.981369495391845703e-01
5.697071924805641174e-02
3.413446992635726929e-02
2.642279490828514099e-02
6.182474642992019653e-02
4.202084988355636597e-02
3.658971190452575684e-02
5.145260691642761230e-02
3.304186090826988220e-02
9.933938086032867432e-02
2.993516158312559128e-03
9.011092595756053925e-03
1.339283026754856110e-02
4.429779648780822754e-01
1.573549658060073853e-01
1.010679230093955994e-01
2.104231119155883789e-01
1.248275861144065857e-02
5.903948470950126648e-02
2.045263908803462982e-02
1.261433120816946030e-03
2.135302871465682983e-02
2.428318187594413757e-02
9.202089160680770874e-03
1.372965518385171890e-03
3.729875432327389717e-03
7.792629599571228027e-01
4.426687955856323242e-02
8.815369755029678345e-02
5.462138652801513672e-01
2.273555099964141846e-02
2.350285835564136505e-02
1.279651969671249390e-01
8.782430738210678101e-02
7.132090628147125244e-03
2.305086404085159302e-01
2.057851664721965790e-02
2.379021374508738518e-03
1.017827307805418968e-03
6.251800656318664551e-01
1.496613323688507080e-01
1.711837947368621826e-02
9.625918418169021606e-02
9.724141657352447510e-02
1.391673460602760315e-02
1.081773564219474792e-01
2.346743643283843994e-02
4.319747164845466614e-02
1.657819375395774841e-02
6.866265088319778442e-02
7.925488054752349854e-03
1.175808440893888474e-02
2.980076670646667480e-01
2.367114275693893433e-02
2.973661012947559357e-02
3.792736828327178955e-01
1.852052658796310425e-01
1.369536817073822021e-01
2.133486978709697723e-02
7.832705974578857422e-02
9.863566607236862183e-03
1.129824435338377953e-03
1.899721100926399231e-02
1.377119962126016617e-02
1.421240903437137604e-02
4.068228602409362793e-01
2.100238800048828125e-01
1.246757991611957550e-02
2.229372411966323853e-01
1.209777370095252991e-01
2.608773484826087952e-02
2.147029154002666473e-02
2.490059435367584229e-01
2.424843981862068176e-02
1.589046120643615723e-01
8.137878030538558960e-03
3.975458908826112747e-03
1.578602124936878681e-03
1.642806082963943481e-01
3.361059725284576416e-02
2.230128273367881775e-02
7.260414958000183105e-02
2.775849699974060059e-01
3.283207491040229797e-02
2.723847627639770508e-01
3.687305450439453125e-01
6.736529618501663208e-02
2.096871584653854370e-01
7.145733572542667389e-03
7.806892972439527512e-03
6.771795451641082764e-04
3.002108335494995117e-01
1.934852302074432373e-01
5.954023078083992004e-02
1.547934114933013916e-01
1.610163450241088867e-01
1.087615173310041428e-02
2.546589970588684082e-01
9.179448708891868591e-03
2.415996231138706207e-02
2.389546483755111694e-03
2.301760576665401459e-02
1.232420932501554489e-02
2.618395490571856499e-03
4.388714134693145752e-01
2.290835678577423096e-01
2.031342312693595886e-02
3.764479234814643860e-02
2.609990723431110382e-02
4.719762876629829407e-02
3.907500505447387695e-01
4.016913175582885742e-01
1.802310347557067871e-02
4.654689878225326538e-02
3.251501545310020447e-02
5.282668396830558777e-03
1.458113174885511398e-02
3.415427207946777344e-01
1.188787147402763367e-01
1.280117630958557129e-01
6.285534054040908813e-02
1.065175142139196396e-02
2.477274276316165924e-02
2.418935485184192657e-02
2.227030508220195770e-02
5.521128419786691666e-03
2.896663360297679901e-02
1.412896960973739624e-01
1.976158097386360168e-02
7.246761582791805267e-03
5.506482124328613281e-01
2.882719635963439941e-01
6.985620409250259399e-02
1.698834151029586792e-01
1.764016151428222656e-01
3.325807303190231323e-02
3.971455097198486328e-01
3.952391073107719421e-02
1.110852602869272232e-02
4.260471835732460022e-02
1.474822610616683960e-01
3.345547709614038467e-03
5.904135759919881821e-03
2.067404687404632568e-01
1.459316611289978027e-01
1.111071556806564331e-01
3.286055326461791992e-01
1.340591255575418472e-02
1.836090087890625000e-01
1.177791133522987366e-02
6.723057478666305542e-03
2.126554399728775024e-02
2.218176871538162231e-01
1.314214766025543213e-01
2.966658212244510651e-03
1.283319946378469467e-02
1.423359215259552002e-01
4.757658392190933228e-02
3.315600007772445679e-02
6.779749989509582520e-01
3.362955152988433838e-02
6.446125507354736328e-01
5.818192288279533386e-02
3.616143390536308289e-02
6.775907706469297409e-03
6.232056021690368652e-01
4.506528843194246292e-03
9.046625345945358276e-03
5.620415322482585907e-03
4.170699119567871094e-01
1.240721195936203003e-01
1.477784104645252228e-02
4.058369100093841553e-01
1.103200539946556091e-01
3.276924043893814087e-02
2.331593818962574005e-02
4.491360485553741455e-02
5.819316953420639038e-03
1.753555610775947571e-02
6.155411247164011002e-03
4.531215410679578781e-03
1.199046056717634201e-02
1.931568682193756104e-01
1.153012365102767944e-01
2.998223155736923218e-02
4.791356325149536133e-01
2.210937254130840302e-02
9.612613357603549957e-03
6.934335231781005859e-01
3.643802553415298462e-02
3.226983919739723206e-02
2.259614467620849609e-01
4.657031595706939697e-02
8.532701060175895691e-03
9.173806756734848022e-03
6.215679049491882324e-01
2.585576176643371582e-01
6.916675716638565063e-02
5.575026273727416992e-01
6.733602285385131836e-02
1.677295938134193420e-02
5.306559801101684570e-01
1.219259481877088547e-02
3.058204613626003265e-02
3.935188651084899902e-01
3.007862158119678497e-02
2.009880030527710915e-03
1.869107224047183990e-02
2.053018808364868164e-01
2.502969205379486084e-01
8.237366378307342529e-02
6.866408586502075195e-01
6.990475952625274658e-02
5.534918978810310364e-02
6.545220613479614258e-01
6.136330589652061462e-02
1.293547451496124268e-02
2.596660852432250977e-01
1.406040973961353302e-02
1.690497621893882751e-03
2.380962250754237175e-03
1.415638178586959839e-01
1.964599341154098511e-01
6.972019374370574951e-02
4.970305562019348145e-01
8.429910987615585327e-02
4.859010502696037292e-02
2.861635684967041016e-01
3.524788096547126770e-02
3.158323466777801514e-02
1.036740280687808990e-02
1.432012394070625305e-02
7.320330012589693069e-03
2.845903392881155014e-03
3.298953175544738770e-01
1.689616441726684570e-01
3.768306225538253784e-02
5.520193576812744141e-01
3.944854252040386200e-03
8.250913023948669434e-02
3.284746408462524414e-01
5.492051318287849426e-02
3.625280410051345825e-02
2.112899534404277802e-02
6.952223181724548340e-02
7.616271264851093292e-03
1.538578607141971588e-02
4.828873276710510254e-02
1.410413980484008789e-01
7.077533006668090820e-02
5.477910041809082031e-01
1.153439506888389587e-01
1.232561282813549042e-02
2.632424533367156982e-01
3.477428853511810303e-02
2.946412935853004456e-02
8.391751907765865326e-03
2.849138677120208740e-01
3.336321935057640076e-02
1.307305227965116501e-02
2.616099417209625244e-01
4.452188611030578613e-01
8.986893296241760254e-02
3.692553639411926270e-01
8.134935051202774048e-02
7.418052852153778076e-02
3.526189625263214111e-01
2.725276723504066467e-02
6.155434250831604004e-02
7.087286561727523804e-03
5.931769013404846191e-01
5.797917395830154419e-02
9.969607926905155182e-03
1.974279880523681641e-01
1.329733729362487793e-01
2.545557683333754539e-03
2.335871607065200806e-01
3.337024748325347900e-01
6.285492181777954102e-01
3.917786180973052979e-01
1.209579408168792725e-02
6.563716102391481400e-03
2.603714764118194580e-01
8.308406919240951538e-02
1.778191362973302603e-04
3.314952598884701729e-03
4.510114192962646484e-01
1.889078915119171143e-01
5.457610823214054108e-03
5.936621427536010742e-01
4.814499020576477051e-01
1.272518001496791840e-02
1.665839739143848419e-02
2.372401580214500427e-02
2.431245706975460052e-02
6.659856066107749939e-03
4.259050637483596802e-02
1.111388392746448517e-02
2.932958770543336868e-03
1.471865773200988770e-01
1.177206411957740784e-01
1.187061965465545654e-01
4.883547425270080566e-01
2.601653635501861572e-01
3.467130661010742188e-02
4.844996333122253418e-01
7.885614410042762756e-03
1.653144694864749908e-02
2.617822587490081787e-01
7.746537029743194580e-02
1.255390513688325882e-02
1.564664021134376526e-02
3.022584915161132812e-01
3.812359645962715149e-02
5.209248885512351990e-02
5.825719833374023438e-01
2.692751288414001465e-01
2.882363088428974152e-02
6.282466053962707520e-01
4.224860370159149170e-01
1.580575108528137207e-02
1.850528120994567871e-01
1.145740076899528503e-01
6.807600613683462143e-03
1.047056633979082108e-02
3.512167334556579590e-01
7.947780191898345947e-02
3.052210435271263123e-02
5.501835346221923828e-01
2.325965613126754761e-01
3.059507161378860474e-02
7.080277800559997559e-01
2.216428071260452271e-01
1.395914441673085093e-04
1.516457796096801758e-01
2.729207277297973633e-01
9.575260803103446960e-03
1.079185516573488712e-03
3.891336321830749512e-01
2.146873623132705688e-02
1.778846792876720428e-02
5.460015535354614258e-01
2.332072854042053223e-01
5.535731837153434753e-02
5.116072297096252441e-01
4.229362010955810547e-01
1.854385435581207275e-02
2.238755114376544952e-02
1.327016507275402546e-03
7.055000402033329010e-03
1.183254364877939224e-02
4.208263754844665527e-01
6.929551064968109131e-02
3.784911334514617920e-02
1.270583420991897583e-01
2.281734198331832886e-01
3.704563155770301819e-02
6.596868038177490234e-01
2.208687365055084229e-01
1.599022559821605682e-02
3.203632682561874390e-02
2.763414382934570312e-01
1.049287500791251659e-03
9.238496422767639160e-03
3.608251810073852539e-01
8.520953357219696045e-02
1.074578016996383667e-01
2.815470099449157715e-01
1.038953363895416260e-01
3.523677960038185120e-02
3.810798525810241699e-01
5.660734325647354126e-02
1.609265431761741638e-02
7.225508335977792740e-03
3.926040828227996826e-01
9.579835087060928345e-02
4.727058578282594681e-03
4.476329684257507324e-01
7.572930306196212769e-02
7.677144836634397507e-03
4.573980271816253662e-01
4.674109071493148804e-02
1.005853712558746338e-02
6.744754314422607422e-01
3.275081515312194824e-02
3.723863046616315842e-03
1.260852254927158356e-02
1.823264658451080322e-01
4.993423447012901306e-02
2.120642364025115967e-02
2.469374537467956543e-01
1.913847774267196655e-01
4.415575787425041199e-02
5.272225141525268555e-01
3.095922172069549561e-01
1.227434054017066956e-01
3.755835592746734619e-01
6.077383179217576981e-03
5.961310118436813354e-03
2.424222882837057114e-03
4.421457648277282715e-03
2.962354104965925217e-03
2.418314805254340172e-03
4.533153772354125977e-01
5.503513291478157043e-02
7.214708626270294189e-02
6.857434511184692383e-01
2.386125028133392334e-01
1.185819972306489944e-02
4.630692601203918457e-01
4.514298960566520691e-02
6.670087110251188278e-03
2.988327145576477051e-01
2.686462365090847015e-02
9.339586831629276276e-03
8.889470249414443970e-03
3.237538337707519531e-01
7.122357934713363647e-02
9.002655744552612305e-03
8.669496774673461914e-01
3.199321031570434570e-01
9.458162635564804077e-02
3.635249435901641846e-01
3.272413834929466248e-02
3.174447920173406601e-03
5.560327768325805664e-01
3.513900041580200195e-01
6.324512884020805359e-03
5.693422863259911537e-04
1.607809960842132568e-01
8.415073901414871216e-02
7.549288868904113770e-02
7.260735034942626953e-01
3.269047737121582031e-01
1.018089652061462402e-01
5.344332456588745117e-01
2.209898829460144043e-01
2.808444574475288391e-02
1.024268791079521179e-01
1.219191625714302063e-01
7.198757957667112350e-03
3.061408875510096550e-03
2.917739152908325195e-01
2.789204120635986328e-01
1.115733236074447632e-01
4.161386489868164062e-01
1.303807049989700317e-01
1.404327899217605591e-01
6.751364469528198242e-01
2.701126337051391602e-01
9.525002911686897278e-03
4.911759868264198303e-03
6.301788240671157837e-02
1.440590526908636093e-02
5.874900147318840027e-03
3.386023342609405518e-01
2.776494026184082031e-01
6.552016735076904297e-02
5.246476531028747559e-01
4.682200849056243896e-01
4.917924106121063232e-02
6.772520542144775391e-01
2.528747543692588806e-02
2.910394407808780670e-02
7.604810874909162521e-03
2.963705360889434814e-01
7.821864448487758636e-03
4.346556030213832855e-03
4.869653880596160889e-01
5.982187762856483459e-02
3.562093013897538185e-03
6.475325226783752441e-01
2.796965837478637695e-01
5.434180051088333130e-02
5.629488229751586914e-01
2.126293629407882690e-01
4.708000458776950836e-03
3.274339251220226288e-03
3.893235623836517334e-01
6.721337139606475830e-02
3.300740150734782219e-03
3.957615792751312256e-01
5.247592180967330933e-02
2.429336309432983398e-02
6.835078597068786621e-01
4.337749779224395752e-01
3.853200748562812805e-02
6.877972483634948730e-01
2.801966667175292969e-02
6.070123054087162018e-03
6.458975374698638916e-03
4.455809891223907471e-01
1.823223978281021118e-01
3.779111197218298912e-03
4.922546744346618652e-01
3.749410808086395264e-02
5.861115828156471252e-02
4.346485137939453125e-01
1.350589394569396973e-01
2.429198659956455231e-02
2.978543192148208618e-02
8.166361600160598755e-02
1.768325455486774445e-02
4.559302702546119690e-03
3.513161838054656982e-02
1.133622368797659874e-03
1.593453437089920044e-02
5.131078958511352539e-01
5.027379840612411499e-02
1.442712247371673584e-01
4.294439256191253662e-01
2.828533351421356201e-01
1.146987155079841614e-01
2.301997877657413483e-02
2.591831237077713013e-02
4.715692251920700073e-03
1.583982259035110474e-01
1.542444825172424316e-01
6.880175322294235229e-03
9.293469600379467010e-03
1.330528557300567627e-01
1.298494338989257812e-01
4.111281037330627441e-02
3.644160032272338867e-01
3.734645843505859375e-01
8.277793228626251221e-02
1.102333515882492065e-02
3.753515481948852539e-01
1.426258031278848648e-02
4.514870233833789825e-03
6.423510611057281494e-03
1.270330045372247696e-02
1.655280822888016701e-03
3.248710632324218750e-01
1.426894813776016235e-01
2.416265197098255157e-02
6.148188710212707520e-01
2.877569794654846191e-01
2.822437882423400879e-02
3.781881555914878845e-02
1.396159678697586060e-01
1.005959324538707733e-02
2.490701712667942047e-02
7.804937660694122314e-02
1.750805787742137909e-02
1.054000668227672577e-02
3.155549168586730957e-01
2.244867384433746338e-02
2.445078454911708832e-02
6.101134419441223145e-01
1.221523135900497437e-01
3.012845292687416077e-02
2.018483728170394897e-02
4.715779051184654236e-02
7.052001357078552246e-02
2.163206227123737335e-02
4.058649763464927673e-03
8.073884248733520508e-02
1.070931926369667053e-02
3.384022116661071777e-01
2.333535701036453247e-01
5.917218327522277832e-02
2.605117261409759521e-01
2.499329745769500732e-01
6.343292444944381714e-02
3.611132502555847168e-02
1.736513674259185791e-01
9.494792670011520386e-03
2.364563569426536560e-02
3.718180954456329346e-02
1.976043134927749634e-01
1.409001881256699562e-03
5.198519229888916016e-01
1.050077825784683228e-01
8.034743368625640869e-02
8.841220140457153320e-01
1.432887315750122070e-01
6.320689618587493896e-02
1.057447940111160278e-01
4.552661776542663574e-01
5.458226799964904785e-02
4.249060750007629395e-01
5.929213017225265503e-02
7.969979196786880493e-03
1.988847926259040833e-02
2.533051073551177979e-01
9.133093059062957764e-02
5.624549835920333862e-02
8.720045089721679688e-01
8.587083220481872559e-02
3.248278424143791199e-02
2.192842029035091400e-02
3.107729256153106689e-01
2.711833827197551727e-02
4.468574225902557373e-01
4.135104641318321228e-02
4.166259430348873138e-03
4.856551997363567352e-03
2.649475336074829102e-01
2.671893835067749023e-01
7.986736483871936798e-03
4.380554258823394775e-01
7.924097031354904175e-02
1.658597029745578766e-02
1.471940614283084869e-02
1.608227044343948364e-01
1.777145452797412872e-02
5.067782849073410034e-02
2.040754817426204681e-02
2.648101653903722763e-03
1.383095048367977142e-02
1.831908524036407471e-01
3.213375061750411987e-02
6.353376060724258423e-02
5.525751113891601562e-01
1.227422282099723816e-01
8.495701849460601807e-02
2.298520877957344055e-02
8.322499394416809082e-01
1.132354885339736938e-02
4.245378449559211731e-02
3.472031354904174805e-01
1.752471737563610077e-02
1.329052355140447617e-02
5.565645694732666016e-01
1.225247457623481750e-01
1.811122708022594452e-02
8.676192760467529297e-01
5.173212885856628418e-01
8.221416920423507690e-02
1.660063676536083221e-02
6.521778106689453125e-01
1.515758968889713287e-02
1.397019997239112854e-02
2.648061215877532959e-01
4.329856950789690018e-03
4.194352775812149048e-03
5.977623462677001953e-01
1.680286973714828491e-01
6.977763026952743530e-02
3.931395411491394043e-01
2.619863748550415039e-01
7.622167468070983887e-02
2.166716381907463074e-02
3.054375052452087402e-01
3.502814099192619324e-02
2.220733463764190674e-02
2.809744775295257568e-01
3.752191737294197083e-02
5.946253426373004913e-03
2.353533506393432617e-01
1.577330231666564941e-01
9.512919187545776367e-02
7.073561549186706543e-01
4.347985982894897461e-01
3.631339967250823975e-02
4.690987057983875275e-03
5.697534084320068359e-01
2.050762325525283813e-01
4.262294769287109375e-01
1.924157142639160156e-01
7.095313776517286897e-05
8.585047908127307892e-04
3.173143565654754639e-01
1.009334027767181396e-01
3.320628032088279724e-02
3.761862218379974365e-01
2.921042442321777344e-01
6.328130513429641724e-02
1.943420432507991791e-02
6.770886778831481934e-01
5.129910111427307129e-01
4.110471531748771667e-02
1.364119499921798706e-01
4.373805131763219833e-03
1.748344674706459045e-02
4.747694134712219238e-01
1.794348359107971191e-01
1.543447375297546387e-02
6.874070167541503906e-01
6.603559851646423340e-02
3.187870234251022339e-02
4.986113309860229492e-02
6.621423959732055664e-01
4.839761555194854736e-02
1.982271671295166016e-02
2.982274293899536133e-01
5.881802644580602646e-03
1.906926557421684265e-02
4.738002121448516846e-01
5.284594371914863586e-02
1.271443814039230347e-02
3.722754716873168945e-01
2.630580067634582520e-01
4.052672535181045532e-02
8.434896171092987061e-02
5.404428243637084961e-01
2.302783280611038208e-01
2.541524358093738556e-02
1.742673814296722412e-01
1.707092821598052979e-01
1.617894694209098816e-02
4.501402080059051514e-01
1.495660692453384399e-01
4.632576555013656616e-02
7.515163421630859375e-01
3.400419354438781738e-01
6.781294196844100952e-02
7.664220407605171204e-03
5.994396805763244629e-01
2.152256965637207031e-01
1.819035736843943596e-03
3.901140987873077393e-01
5.945757776498794556e-02
8.413112722337245941e-03
3.245464563369750977e-01
2.322735637426376343e-02
3.088106215000152588e-02
5.108557343482971191e-01
1.132445782423019409e-01
1.318122297525405884e-01
3.736152127385139465e-02
4.975203573703765869e-01
6.749896705150604248e-02
3.354785963892936707e-02
6.784649100154638290e-03
1.379246730357408524e-02
3.681693458929657936e-03
2.690130472183227539e-01
3.481742367148399353e-02
5.527644231915473938e-02
3.715658783912658691e-01
1.908759474754333496e-01
1.019668206572532654e-01
7.456040382385253906e-02
5.509138107299804688e-01
2.305903434753417969e-01
3.616289794445037842e-02
1.154746636748313904e-01
7.304770988412201405e-04
2.863668603822588921e-03
2.490418553352355957e-01
1.597985327243804932e-01
5.520694702863693237e-02
6.335036754608154297e-01
2.894333600997924805e-01
5.480510741472244263e-02
1.156294066458940506e-02
5.560389161109924316e-01
6.657824665307998657e-02
4.386373236775398254e-02
2.770451903343200684e-01
5.035015195608139038e-02
1.298271398991346359e-02
2.144153416156768799e-02
6.632763147354125977e-02
1.201851572841405869e-02
7.784300446510314941e-01
3.599878847599029541e-01
1.863311231136322021e-02
7.831952720880508423e-02
5.315195918083190918e-01
3.610366582870483398e-01
5.747134983539581299e-02
4.115702584385871887e-03
5.983172450214624405e-03
2.352231368422508240e-02
3.243209123611450195e-01
8.119532465934753418e-02
6.862147711217403412e-03
8.714914917945861816e-01
1.581413745880126953e-01
7.554242014884948730e-02
8.569020777940750122e-03
5.950804948806762695e-01
2.437139451503753662e-01
3.475865721702575684e-02
1.099917106330394745e-02
1.206239536404609680e-01
1.182028930634260178e-02
1.641338616609573364e-01
5.159072950482368469e-02
1.528300344944000244e-02
6.213223934173583984e-01
1.432118415832519531e-01
3.564416989684104919e-02
5.061994493007659912e-02
5.280432701110839844e-01
2.503707706928253174e-01
4.113575816154479980e-02
2.485962025821208954e-02
9.467183798551559448e-02
1.875181682407855988e-02
4.009159505367279053e-01
1.832756102085113525e-01
1.988085173070430756e-02
3.418256342411041260e-01
4.619221687316894531e-01
9.438894689083099365e-02
2.224373817443847656e-02
1.969388723373413086e-01
2.861519902944564819e-02
5.061077699065208435e-02
4.411455616354942322e-02
8.040391802787780762e-01
8.500397205352783203e-03
3.992280960083007812e-01
2.342918366193771362e-01
7.925967872142791748e-02
7.085098028182983398e-01
8.640718460083007812e-02
2.680448628962039948e-02
2.929369546473026276e-02
5.968756675720214844e-01
1.166376993060112000e-01
3.047953173518180847e-02
1.079163979738950729e-02
3.688187003135681152e-01
2.211858984082937241e-03
3.636351525783538818e-01
1.369993239641189575e-01
1.319659873843193054e-02
4.586074054241180420e-01
3.077247738838195801e-01
1.498558744788169861e-02
3.247524425387382507e-02
6.777173280715942383e-01
2.108757197856903076e-01
4.650698043406009674e-03
2.952156960964202881e-02
5.024622082710266113e-01
4.674970172345638275e-03
