6.616549799218773842e-04
9.995033740997314453e-01
9.423106908798217773e-01
3.020950965583324432e-02
3.639464557636529207e-04
9.871985912322998047e-01
3.926501423120498657e-02
5.874067079275846481e-03
1.404037466272711754e-03
9.697878360748291016e-01
1.659215092658996582e-01
2.806241065263748169e-02
1.437897607684135437e-02
1.607515732757747173e-03
9.996522665023803711e-01
3.434490039944648743e-02
2.083407342433929443e-02
6.972887553274631500e-03
9.836003780364990234e-01
1.664681360125541687e-02
5.017730407416820526e-03
1.154463831335306168e-02
9.559814333915710449e-01
1.973358243703842163e-01
1.202849484980106354e-02
9.044149890542030334e-03
2.331690666323993355e-06
2.009813648840008682e-08
9.997172355651855469e-01
5.982198490528389812e-05
7.714623279753141105e-06
9.982612133026123047e-01
5.358151197433471680e-01
2.208301564678549767e-03
6.002565896778833121e-06
9.616391658782958984e-01
1.503014862537384033e-01
4.586239345371723175e-03
2.170197200030088425e-03
1.660484031162923202e-06
3.842506885121110827e-06
9.982457160949707031e-01
9.638491868972778320e-01
4.030318232253193855e-04
9.880685806274414062e-01
4.118159785866737366e-02
1.195408590137958527e-02
1.273122266866266727e-03
9.765087962150573730e-01
1.548437774181365967e-01
2.569086477160453796e-02
1.261959224939346313e-02
1.498599071055650711e-03
7.071534582792082801e-06
9.995309114456176758e-01
5.606338381767272949e-02
8.054268546402454376e-03
9.773102402687072754e-01
2.285537309944629669e-02
6.091545522212982178e-02
1.508605387061834335e-02
9.481981992721557617e-01
2.218658626079559326e-01
5.141770932823419571e-03
1.411546487361192703e-02
2.694581635296344757e-04
1.268471351068001240e-05
2.380546778440475464e-01
9.574428945779800415e-02
5.821768660098314285e-03
5.229691159911453724e-04
1.166588999330997467e-02
4.873700905591249466e-03
1.272256951779127121e-03
5.173945333808660507e-03
2.060573175549507141e-02
9.892894886434078217e-04
3.617622423917055130e-04
2.010027645155787468e-03
4.642060957849025726e-05
9.994297623634338379e-01
6.235647946596145630e-02
2.370257116854190826e-02
2.992392517626285553e-03
9.888508319854736328e-01
2.802312932908535004e-02
1.390066463500261307e-02
9.930972456932067871e-01
1.051333546638488770e-01
5.767213180661201477e-03
3.256584983319044113e-03
1.787744695320725441e-03
2.901491143347811885e-06
9.995121359825134277e-01
5.755893513560295105e-02
8.297742344439029694e-03
2.751886844635009766e-03
9.903104901313781738e-01
2.611304447054862976e-02
1.623834250494837761e-03
9.845294356346130371e-01
1.173808798193931580e-01
1.563663594424724579e-02
3.572045592591166496e-03
5.118469707667827606e-04
2.655232310644350946e-05
9.865548610687255859e-01
7.251109182834625244e-02
6.723471917212009430e-03
5.762063665315508842e-04
9.907770156860351562e-01
7.575530409812927246e-01
4.181445576250553131e-03
9.561725854873657227e-01
9.117809683084487915e-02
8.137607015669345856e-03
1.578399795107543468e-03
1.481387997046113014e-03
3.151904456899501383e-05
7.415965199470520020e-02
6.188957020640373230e-02
7.602212019264698029e-03
1.312076346948742867e-03
9.931554198265075684e-01
9.671965837478637695e-01
2.845029160380363464e-02
2.022712491452693939e-03
2.133767493069171906e-02
1.346679404377937317e-02
5.352194420993328094e-03
1.631064806133508682e-03
2.282919467688770965e-06
9.963754415512084961e-01
3.582573682069778442e-02
8.964393287897109985e-03
1.821597339585423470e-03
9.884673953056335449e-01
5.539774894714355469e-01
8.740891516208648682e-02
2.744931913912296295e-02
9.825150370597839355e-01
2.478217519819736481e-02
2.480527199804782867e-02
2.011783653870224953e-03
1.565208367537707090e-05
9.993533492088317871e-01
6.567439436912536621e-02
1.333735045045614243e-02
1.365872216410934925e-03
9.910075068473815918e-01
2.641083598136901855e-01
4.857178032398223877e-02
9.817148093134164810e-04
9.802213907241821289e-01
1.142606809735298157e-01
7.429551333189010620e-03
1.665045274421572685e-03
1.515916301286779344e-05
9.992793798446655273e-01
6.809119880199432373e-02
1.236838847398757935e-02
1.094536390155553818e-03
9.853873848915100098e-01
7.012891024351119995e-02
4.505962133407592773e-02
2.730611304286867380e-04
9.582111239433288574e-01
1.422708332538604736e-01
7.282512262463569641e-03
8.478369712829589844e-01
9.929231405258178711e-01
2.488640695810317993e-02
3.814576566219329834e-02
1.621455512940883636e-02
9.808718562126159668e-01
2.184557542204856873e-02
5.832786206156015396e-03
3.216518322005867958e-03
9.671487212181091309e-01
1.287674307823181152e-01
2.474758774042129517e-02
1.018915697932243347e-02
2.981948256492614746e-01
1.016427122522145510e-04
7.721151411533355713e-02
6.267999298870563507e-03
2.854553895303979516e-05
2.551938593387603760e-02
1.834431476891040802e-02
4.697552067227661610e-04
2.407019201200455427e-05
4.392051696777343750e-02
2.374645322561264038e-03
1.004952719085849822e-04
7.742374436929821968e-04
6.939336657524108887e-01
3.190860297763720155e-06
9.939159750938415527e-01
2.889337883971165866e-05
9.976309956982731819e-04
9.846583008766174316e-01
1.439969800412654877e-02
2.701986581087112427e-03
1.503132982179522514e-03
9.643557071685791016e-01
2.041075974702835083e-01
3.800684958696365356e-02
1.863854564726352692e-02
9.143751859664916992e-01
2.635143937368411571e-05
9.884881973266601562e-01
9.663643240928649902e-01
1.718882657587528229e-02
9.823973774909973145e-01
2.175575122237205505e-02
4.279187414795160294e-03
1.728813862428069115e-03
9.739347100257873535e-01
1.364538967609405518e-01
2.377704903483390808e-02
1.091171614825725555e-02
1.082972735166549683e-01
3.480822385881765513e-07
1.101825311779975891e-01
1.281686574220657349e-01
6.909064948558807373e-03
1.005401827569585294e-05
3.484925627708435059e-02
8.500174619257450104e-03
2.457351190969347954e-03
6.921526044607162476e-02
6.631713360548019409e-02
3.820323944091796875e-02
4.277797788381576538e-02
7.055874466896057129e-01
3.724518464878201485e-04
9.906347393989562988e-01
9.906064867973327637e-01
2.080481499433517456e-01
1.324238330125808716e-01
9.837954640388488770e-01
1.124577037990093231e-02
2.602605521678924561e-02
9.807422161102294922e-01
8.056147396564483643e-02
3.635820932686328888e-03
2.565811388194561005e-03
4.407898783683776855e-01
4.248702316544950008e-05
9.928166270256042480e-01
9.949115514755249023e-01
2.442561388015747070e-01
1.169766709208488464e-01
9.847996234893798828e-01
2.086249552667140961e-02
1.099413540214300156e-02
9.674416184425354004e-01
1.021239161491394043e-01
1.499735936522483826e-02
8.192797191441059113e-03
3.241564631462097168e-01
6.678639692836441100e-06
9.921886920928955078e-01
5.161276459693908691e-01
2.780455723404884338e-02
1.987159776035696268e-04
9.738126993179321289e-01
5.404694750905036926e-02
2.112508565187454224e-02
9.656531214714050293e-01
1.216505765914916992e-01
3.803236410021781921e-03
4.119834862649440765e-03
1.935249269008636475e-01
1.374100102111697197e-04
9.385309815406799316e-01
9.816623926162719727e-01
8.613900095224380493e-02
3.665547072887420654e-02
9.863427877426147461e-01
9.532399773597717285e-01
8.123561739921569824e-02
3.664420172572135925e-02
2.825061790645122528e-02
4.601475782692432404e-03
1.921607879921793938e-03
3.697461485862731934e-01
1.978990985662676394e-05
9.838277697563171387e-01
9.976508021354675293e-01
8.468494564294815063e-02
7.651795446872711182e-02
9.833927750587463379e-01
3.789294883608818054e-02
4.620502144098281860e-02
6.472964584827423096e-02
8.994007706642150879e-01
1.624133787117898464e-03
1.757723162882030010e-03
3.759346604347229004e-01
5.853436596225947142e-05
9.911222457885742188e-01
9.874207377433776855e-01
1.048454940319061279e-01
1.592833362519741058e-02
9.845585823059082031e-01
3.652504086494445801e-02
5.528236925601959229e-02
2.841650322079658508e-02
9.776617884635925293e-01
1.112882867455482483e-01
8.685400243848562241e-04
2.374212890863418579e-01
1.473350494052283466e-06
9.901042580604553223e-01
8.760933876037597656e-01
4.415792599320411682e-02
2.791827311739325523e-03
9.829587936401367188e-01
5.109655112028121948e-02
5.837024748325347900e-02
2.132765203714370728e-02
9.695784449577331543e-01
9.276735782623291016e-02
1.133581157773733139e-02
3.661423921585083008e-01
1.762882769107818604e-01
9.753940254449844360e-02
8.806668967008590698e-02
4.409148823469877243e-04
2.783237025141716003e-02
1.936514303088188171e-02
3.016818314790725708e-03
3.663713869173079729e-04
4.462730139493942261e-02
2.619041828438639641e-03
5.451414617709815502e-04
5.007912404835224152e-03
3.122781813144683838e-01
1.194734796881675720e-01
9.893133044242858887e-01
1.759649068117141724e-01
6.527802348136901855e-02
9.854137897491455078e-01
2.559391260147094727e-01
3.738418966531753540e-02
4.221661947667598724e-03
9.257303476333618164e-01
2.342065572738647461e-01
1.415155641734600067e-02
2.100477460771799088e-03
5.975496768951416016e-01
4.735062271356582642e-02
9.937064647674560547e-01
6.884580254554748535e-01
1.689418405294418335e-02
9.729886651039123535e-01
2.127407304942607880e-02
3.650298807770013809e-03
2.230942016467452049e-03
9.622607827186584473e-01
1.419496238231658936e-01
3.074267506599426270e-02
1.467096060514450073e-02
6.746636033058166504e-01
2.436937093734741211e-01
9.937342405319213867e-01
7.375352978706359863e-01
4.142067432403564453e-01
9.649667739868164062e-01
2.302330546081066132e-02
2.637788420543074608e-03
1.685345359146595001e-02
9.464402198791503906e-01
1.809279620647430420e-01
1.098481751978397369e-02
1.818913593888282776e-02
1.549942791461944580e-01
3.954119980335235596e-02
1.939171701669692993e-01
1.120873391628265381e-01
1.332788262516260147e-02
1.305755085923010483e-05
3.471510857343673706e-02
2.793267928063869476e-02
1.690664514899253845e-02
2.142455801367759705e-02
1.873359456658363342e-02
1.417692285031080246e-02
3.412143886089324951e-02
3.855431675910949707e-01
4.407581686973571777e-02
9.865176081657409668e-01
9.598304033279418945e-01
3.393278121948242188e-01
8.180472999811172485e-02
9.858029484748840332e-01
2.599138207733631134e-02
3.371451050043106079e-02
9.853528141975402832e-01
1.076832637190818787e-01
9.305103681981563568e-03
1.585069810971617699e-03
3.289414048194885254e-01
3.371188789606094360e-02
9.850265383720397949e-01
8.026634454727172852e-01
3.400157392024993896e-01
3.458916023373603821e-02
9.764091968536376953e-01
2.088022604584693909e-02
3.274729102849960327e-02
9.745928049087524414e-01
1.378787010908126831e-01
2.263931930065155029e-02
3.746159840375185013e-03
3.941676318645477295e-01
9.213151782751083374e-02
9.708684086799621582e-01
3.024327754974365234e-01
2.743067443370819092e-01
8.439883589744567871e-03
9.793258309364318848e-01
9.580998420715332031e-01
6.401357799768447876e-02
9.283249974250793457e-01
5.628857761621475220e-02
9.571714326739311218e-03
1.566381892189383507e-03
2.086579799652099609e-01
2.746602892875671387e-02
1.803876832127571106e-02
5.511422753334045410e-01
3.249608576297760010e-01
5.758010968565940857e-02
9.881592392921447754e-01
8.958947658538818359e-01
7.441025227308273315e-02
2.621983364224433899e-02
7.093396186828613281e-01
3.616360947489738464e-02
6.467447150498628616e-03
2.861942648887634277e-01
4.366488009691238403e-02
9.306597709655761719e-01
8.113048672676086426e-01
3.432264328002929688e-01
7.074547559022903442e-02
9.850863814353942871e-01
8.006011247634887695e-01
1.028574556112289429e-01
3.932710364460945129e-02
9.776758551597595215e-01
3.988526389002799988e-02
1.187526620924472809e-02
3.988215327262878418e-01
8.044487982988357544e-02
9.674398899078369141e-01
3.682623505592346191e-01
3.263118267059326172e-01
1.018190756440162659e-02
9.817680120468139648e-01
9.472836852073669434e-01
1.955332979559898376e-02
1.572066172957420349e-02
9.627930521965026855e-01
7.000520825386047363e-02
1.066868007183074951e-02
4.299166798591613770e-01
8.282491564750671387e-02
5.414797663688659668e-01
2.954170703887939453e-01
3.345811069011688232e-01
1.608379185199737549e-02
9.772673249244689941e-01
6.306988000869750977e-02
1.649898476898670197e-02
8.281138725578784943e-03
9.249259829521179199e-01
5.764206871390342712e-02
3.387116827070713043e-03
3.482700586318969727e-01
1.441328227519989014e-01
6.318684667348861694e-02
5.205990001559257507e-02
1.565626449882984161e-02
4.757859185338020325e-02
3.905133157968521118e-02
3.360206261277198792e-02
2.062499150633811951e-02
4.282731097191572189e-03
2.335415780544281006e-02
7.694989442825317383e-03
4.291306436061859131e-02
3.677182793617248535e-01
1.533700823783874512e-01
5.551368743181228638e-02
8.490283787250518799e-02
1.018695719540119171e-02
2.885495498776435852e-02
2.177366614341735840e-02
1.416706130839884281e-03
6.883698515594005585e-03
2.988237887620925903e-02
1.794493058696389198e-03
2.019966719672083855e-03
1.417710259556770325e-02
4.041700363159179688e-01
2.100050449371337891e-01
1.770223379135131836e-01
1.067419573664665222e-01
9.440269321203231812e-02
3.589981794357299805e-02
2.241142466664314270e-02
2.764584496617317200e-03
7.336248927458655089e-06
3.878281638026237488e-02
2.546047791838645935e-03
9.872177179204300046e-05
1.780954771675169468e-04
3.982179760932922363e-01
2.055950909852981567e-01
5.129604786634445190e-02
9.619287401437759399e-02
7.360695302486419678e-02
2.080714330077171326e-02
2.896576002240180969e-02
7.160976994782686234e-03
8.027303963899612427e-03
6.988116540014743805e-03
5.014989059418439865e-03
2.089415211230516434e-03
9.160207584500312805e-03
3.374925851821899414e-01
1.251629889011383057e-01
2.993968687951564789e-02
6.481977552175521851e-02
3.021823614835739136e-02
3.240869613364338875e-03
5.016348324716091156e-03
5.117484251968562603e-04
9.634749148972332478e-04
2.280949056148529053e-02
7.557920180261135101e-03
1.008492079563438892e-03
9.825727902352809906e-03
5.430084466934204102e-01
3.672072291374206543e-01
1.920285224914550781e-01
1.186010763049125671e-01
1.311091333627700806e-01
4.268806427717208862e-02
3.507580980658531189e-02
2.587150782346725464e-02
5.292091518640518188e-03
2.836477011442184448e-02
1.660167821682989597e-03
1.807304914109408855e-03
9.238837286829948425e-03
5.411038398742675781e-01
3.306679129600524902e-01
2.275573611259460449e-01
1.186063438653945923e-01
1.667919605970382690e-01
8.199699223041534424e-02
2.923293411731719971e-02
2.163680270314216614e-02
1.605804823338985443e-02
2.166360244154930115e-02
1.060158130712807178e-03
2.275527003803290427e-05
1.441961128278990145e-08
3.310979306697845459e-01
1.188812404870986938e-01
2.325969561934471130e-02
7.875899970531463623e-02
2.125757932662963867e-02
2.576817758381366730e-03
2.212765440344810486e-02
1.686940342187881470e-02
8.163694874383509159e-04
2.198201371356844902e-03
8.363817469216883183e-04
7.595261558890342712e-04
4.335848614573478699e-03
3.505027592182159424e-01
1.591861397027969360e-01
4.008067771792411804e-02
7.672826200723648071e-02
4.011857882142066956e-02
1.079623401165008545e-02
3.884095326066017151e-02
1.919655315577983856e-02
9.018047712743282318e-04
6.296730134636163712e-04
3.759345784783363342e-02
2.453019842505455017e-04
3.835930256173014641e-04
5.314695835113525391e-01
2.723531723022460938e-01
1.366093754768371582e-01
1.218895912170410156e-01
1.471777409315109253e-01
3.564732894301414490e-02
3.086225688457489014e-02
2.248416095972061157e-02
3.703932045027613640e-03
1.617922261357307434e-02
1.753943413496017456e-02
5.039196112193167210e-04
2.832441357895731926e-03
3.984515666961669922e-01
2.695076763629913330e-01
1.084432154893875122e-01
1.080777868628501892e-01
1.319010704755783081e-01
3.031142801046371460e-02
2.834638021886348724e-02
1.756414771080017090e-02
3.233466763049364090e-03
8.764692582190036774e-03
3.079827129840850830e-02
1.376423868350684643e-03
8.587675256421789527e-05
3.965745568275451660e-01
2.559558153152465820e-01
4.745222255587577820e-02
9.918358922004699707e-01
1.507590264081954956e-01
9.827315807342529297e-01
5.109893530607223511e-02
6.025768350809812546e-03
1.592580974102020264e-02
9.624237418174743652e-01
1.933297663927078247e-01
4.191689938306808472e-02
7.987563498318195343e-03
2.530723810195922852e-01
1.238500773906707764e-01
3.345655277371406555e-02
7.033462077379226685e-02
9.157028794288635254e-02
9.920415878295898438e-01
1.045685634016990662e-01
8.473010733723640442e-03
7.541127270087599754e-04
8.982490897178649902e-01
2.422965317964553833e-01
3.466574009507894516e-03
1.233182288706302643e-02
2.706662416458129883e-01
1.286537796258926392e-01
3.145943209528923035e-02
3.093164563179016113e-01
5.881970375776290894e-02
2.272784337401390076e-02
4.121579974889755249e-02
3.222686052322387695e-02
2.759760618209838867e-02
9.696010500192642212e-03
1.242245547473430634e-02
1.014810241758823395e-02
4.273106902837753296e-02
2.488033175468444824e-01
1.818414628505706787e-01
3.263682359829545021e-03
9.879682064056396484e-01
1.431309878826141357e-01
4.017302393913269043e-02
9.921689033508300781e-01
1.327202841639518738e-02
1.787362396717071533e-01
9.913507103919982910e-01
1.165948882699012756e-01
3.534956369549036026e-03
7.823607302270829678e-04
2.085395604372024536e-01
1.005345433950424194e-01
7.948018610477447510e-03
1.220408920198678970e-02
2.095864713191986084e-02
3.889356181025505066e-02
9.936717748641967773e-01
1.924834027886390686e-02
1.151870489120483398e-01
9.814774394035339355e-01
1.398169249296188354e-01
8.311048150062561035e-03
3.686489304527640343e-03
2.753604054450988770e-01
1.117320805788040161e-01
5.584386363625526428e-02
1.295809913426637650e-02
5.809366703033447266e-02
1.433391124010086060e-02
9.946845173835754395e-01
1.471137627959251404e-03
1.578277647495269775e-01
9.420157074928283691e-01
9.254463016986846924e-02
8.720150217413902283e-03
1.764043816365301609e-03
1.824601292610168457e-01
1.038951203227043152e-01
4.617164377123117447e-03
3.872037678956985474e-02
7.017657160758972168e-02
8.394040912389755249e-02
9.924899339675903320e-01
2.730579581111669540e-03
1.753376126289367676e-01
1.520621478557586670e-01
1.241507232189178467e-01
2.597041660919785500e-03
1.758738420903682709e-02
2.141958177089691162e-01
9.739502519369125366e-02
4.143097437918186188e-03
6.743263453245162964e-02
1.253938972949981689e-01
4.213973879814147949e-02
9.919056296348571777e-01
1.517794877290725708e-01
2.265874110162258148e-02
8.018895983695983887e-02
9.850171804428100586e-01
6.081116851419210434e-03
6.061843596398830414e-03
2.725509107112884521e-01
1.427514553070068359e-01
2.879975177347660065e-02
9.761314392089843750e-01
1.347126960754394531e-01
5.753740668296813965e-02
9.935426712036132812e-01
4.622611403465270996e-01
6.846844684332609177e-03
1.573373824357986450e-01
9.720080494880676270e-01
1.020545288920402527e-01
3.946604207158088684e-03
2.510755658149719238e-01
1.688418239355087280e-01
1.935722678899765015e-02
3.877815604209899902e-01
1.070008054375648499e-01
4.329011216759681702e-02
9.909204840660095215e-01
2.649548649787902832e-01
7.832647301256656647e-03
1.482070088386535645e-01
9.260032773017883301e-01
1.667309701442718506e-01
3.552244277670979500e-03
5.548406839370727539e-01
1.758600920438766479e-01
2.731511369347572327e-03
9.937583804130554199e-01
2.157480120658874512e-01
9.652665257453918457e-01
2.433881536126136780e-02
8.965679444372653961e-03
6.667332258075475693e-03
9.594215154647827148e-01
1.777230352163314819e-01
3.553728386759757996e-02
1.843766495585441589e-02
1.475057303905487061e-01
2.356760948896408081e-02
1.080755842849612236e-03
1.050308793783187866e-01
1.241332590579986572e-01
6.722151883877813816e-04
2.128894627094268799e-02
1.036044396460056305e-02
7.225895673036575317e-02
1.798422634601593018e-02
1.346131600439548492e-02
1.937135122716426849e-02
1.195623166859149933e-02
8.272292613983154297e-01
3.356063663959503174e-01
3.912132233381271362e-02
9.917696118354797363e-01
9.843957424163818359e-01
1.328160613775253296e-01
9.777888059616088867e-01
1.002454082481563091e-03
1.526117324829101562e-03
7.718245983123779297e-01
8.133704215288162231e-02
1.785065792500972748e-02
5.715307779610157013e-03
5.320529937744140625e-01
1.828870028257369995e-01
2.840175293385982513e-03
9.922985434532165527e-01
9.810678958892822266e-01
1.364741027355194092e-01
9.819726943969726562e-01
3.310592845082283020e-02
1.184930908493697643e-03
9.722970724105834961e-01
1.162680834531784058e-01
1.989942602813243866e-02
1.197522878646850586e-02
5.052134990692138672e-01
9.180486202239990234e-02
4.029356874525547028e-03
9.930263757705688477e-01
4.930786192417144775e-01
5.857117474079132080e-03
9.643310308456420898e-01
1.836296729743480682e-02
4.077161196619272232e-03
9.648349285125732422e-01
1.866251975297927856e-01
4.688956215977668762e-02
2.099739946424961090e-02
1.909349560737609863e-01
4.397505521774291992e-02
8.700645994395017624e-04
9.107113480567932129e-01
8.533860445022583008e-01
1.418868154287338257e-01
9.866983294486999512e-01
9.776324629783630371e-01
1.960747502744197845e-02
1.820195838809013367e-02
2.727677859365940094e-02
4.125177860260009766e-03
2.178209368139505386e-03
5.320962667465209961e-01
1.146094948053359985e-01
2.042324747890233994e-03
9.906306266784667969e-01
9.699250459671020508e-01
1.359631121158599854e-02
9.853066205978393555e-01
2.529495954513549805e-02
8.007459342479705811e-03
3.893687389791011810e-03
3.137289881706237793e-01
2.096936572343111038e-03
2.022721339017152786e-03
4.751356840133666992e-01
1.210290789604187012e-01
2.567972755059599876e-03
9.928077459335327148e-01
7.753812074661254883e-01
1.504295617341995239e-01
9.796835184097290039e-01
2.373706735670566559e-02
2.673778915777802467e-03
1.612893654964864254e-03
9.735478162765502930e-01
1.504122912883758545e-01
9.569986141286790371e-04
4.780634045600891113e-01
7.253297418355941772e-02
4.924575798213481903e-03
9.934810400009155273e-01
2.959657311439514160e-01
8.746071159839630127e-02
9.683549404144287109e-01
4.097441211342811584e-02
3.368787234649062157e-03
4.075381904840469360e-03
9.626500010490417480e-01
1.743371635675430298e-01
3.917437046766281128e-02
1.631153970956802368e-01
5.987728387117385864e-02
9.327356703579425812e-03
1.997710913419723511e-01
1.135189086198806763e-01
9.880922734737396240e-03
3.046360239386558533e-02
1.778386719524860382e-02
5.633335094898939133e-04
1.699410565197467804e-02
1.415231078863143921e-02
6.573744118213653564e-03
7.870020344853401184e-03
2.120063602924346924e-01
5.721462145447731018e-02
5.345635581761598587e-04
9.896343350410461426e-01
9.012260437011718750e-01
2.598497457802295685e-02
9.841617345809936523e-01
1.457839459180831909e-01
6.183740869164466858e-02
9.837237000465393066e-01
1.272913813591003418e-01
7.429049350321292877e-03
2.460176357999444008e-03
2.265767753124237061e-01
3.842258080840110779e-02
1.743462868034839630e-03
9.855463504791259766e-01
4.404617249965667725e-01
4.639088176190853119e-03
9.651687145233154297e-01
1.953873410820960999e-02
3.213121322914958000e-03
9.699571132659912109e-01
1.532353907823562622e-01
2.733038738369941711e-02
1.426449138671159744e-02
2.736162245273590088e-01
1.171744316816329956e-01
5.002476740628480911e-03
8.150087594985961914e-01
2.558528482913970947e-01
1.011812165379524231e-01
9.864287972450256348e-01
9.668139219284057617e-01
7.094400376081466675e-02
9.181759953498840332e-01
5.634116753935813904e-02
9.518530219793319702e-03
1.609362661838531494e-03
1.410118639469146729e-01
2.953780442476272583e-02
3.497437865007668734e-04
3.638075292110443115e-02
2.213098555803298950e-01
2.051689894869923592e-03
9.891347885131835938e-01
8.827018737792968750e-01
1.821222603321075439e-01
2.143655717372894287e-02
7.227840423583984375e-01
2.638158947229385376e-02
3.085505450144410133e-03
1.923630684614181519e-01
4.328523576259613037e-02
3.589392290450632572e-04
4.286492168903350830e-01
4.973063766956329346e-01
6.553225964307785034e-02
9.855017066001892090e-01
9.442010521888732910e-01
6.269562989473342896e-02
4.465019330382347107e-02
9.767653346061706543e-01
4.266937822103500366e-02
1.318070688284933567e-03
2.745096981525421143e-01
9.985952079296112061e-02
4.929455462843179703e-03
6.641491055488586426e-01
3.130907714366912842e-01
1.130693331360816956e-01
9.774695038795471191e-01
9.577944278717041016e-01
3.098698705434799194e-02
9.007429704070091248e-03
9.531155228614807129e-01
7.426565885543823242e-02
1.780158258043229580e-03
3.192403316497802734e-01
1.573648154735565186e-01
1.227357052266597748e-02
7.121548056602478027e-02
2.273803651332855225e-01
1.887939423322677612e-01
9.337313175201416016e-01
9.462943077087402344e-01
1.497836504131555557e-02
8.384732529520988464e-03
9.105483889579772949e-01
7.359091937541961670e-02
3.303466364741325378e-03
1.410570591688156128e-01
3.412285074591636658e-02
1.287604100070893764e-03
1.908644735813140869e-01
6.646443158388137817e-02
2.544624032452702522e-03
9.447349293623119593e-05
3.697310108691453934e-03
6.526554003357887268e-03
6.306079030036926270e-02
5.534587427973747253e-02
1.222622487694025040e-02
3.548488020896911621e-02
1.679439544677734375e-01
3.374798595905303955e-02
6.813076324760913849e-03
2.012299150228500366e-01
8.629254996776580811e-02
1.997365616261959076e-03
1.554863119963556528e-04
2.187782526016235352e-02
5.375334294512867928e-04
5.243529565632343292e-03
3.614120651036500931e-03
8.587989024817943573e-03
4.687017574906349182e-02
2.032082080841064453e-01
9.014268219470977783e-02
1.874314807355403900e-02
2.405237555503845215e-01
1.155355200171470642e-01
2.298537082970142365e-02
3.911589737981557846e-03
2.304107137024402618e-02
2.048231195658445358e-03
1.013736613094806671e-02
7.601472549140453339e-03
6.472304812632501125e-04
1.554233131173532456e-05
1.094753220677375793e-01
2.729396522045135498e-02
1.959220680873841047e-04
1.593244373798370361e-01
1.018758937716484070e-01
3.786367829889059067e-03
9.958343580365180969e-04
4.214069619774818420e-02
6.214102730154991150e-02
6.692105531692504883e-02
2.752807363867759705e-02
4.337833821773529053e-02
4.582088813185691833e-02
2.015849351882934570e-01
7.352717220783233643e-02
6.224195938557386398e-03
1.883800029754638672e-01
1.210801452398300171e-01
1.336034759879112244e-02
1.592871150933206081e-03
2.716335467994213104e-02
2.621223963797092438e-02
7.479584775865077972e-03
7.173057645559310913e-03
4.826019518077373505e-03
2.633336186408996582e-02
1.919777840375900269e-01
7.378590852022171021e-02
5.157838575541973114e-03
2.044028341770172119e-01
1.095428392291069031e-01
1.545957103371620178e-02
1.947665936313569546e-03
3.114432655274868011e-02
2.164396457374095917e-02
1.764850318431854248e-02
1.532569713890552521e-02
9.488464333117008209e-03
7.566857617348432541e-03
3.728170394897460938e-01
1.393046975135803223e-01
8.280936162918806076e-04
9.906340241432189941e-01
9.868376255035400391e-01
2.875819504261016846e-01
1.045761033892631531e-01
9.796014428138732910e-01
1.466933079063892365e-02
9.824232459068298340e-01
7.936288416385650635e-02
1.139464229345321655e-02
2.240300411358475685e-03
2.864353358745574951e-01
7.280513644218444824e-02
9.338995441794395447e-04
9.910678863525390625e-01
6.802062988281250000e-01
7.031631469726562500e-02
1.187885366380214691e-02
9.830380082130432129e-01
1.216549575328826904e-01
9.836686849594116211e-01
1.424446702003479004e-01
1.139693986624479294e-02
1.955376006662845612e-03
2.126546651124954224e-01
4.480550810694694519e-02
7.490850985050201416e-04
1.832196116447448730e-02
9.815211892127990723e-01
8.257147669792175293e-02
1.258028112351894379e-02
9.753568172454833984e-01
1.089080125093460083e-01
1.021434888243675232e-01
9.646576829254627228e-03
2.258903719484806061e-02
1.531169749796390533e-02
2.350605130195617676e-01
5.843741446733474731e-02
1.850742148235440254e-03
7.500537633895874023e-01
9.612164497375488281e-01
8.533218502998352051e-02
1.341917924582958221e-02
9.785455465316772461e-01
1.032672598958015442e-01
8.829089254140853882e-02
9.839033484458923340e-01
7.602092623710632324e-02
7.430385798215866089e-02
2.617092132568359375e-01
8.027919381856918335e-02
1.085996744222939014e-03
9.892132282257080078e-01
8.821348547935485840e-01
2.354326546192169189e-01
1.004200205206871033e-01
9.839591383934020996e-01
1.180889084935188293e-01
1.049427688121795654e-01
9.859908819198608398e-01
8.633901178836822510e-02
7.443220168352127075e-02
2.990510463714599609e-01
1.600657254457473755e-01
6.652207812294363976e-04
9.884634017944335938e-01
9.050965309143066406e-01
2.976461648941040039e-01
4.752557724714279175e-02
9.849218726158142090e-01
3.284445032477378845e-02
1.521566361188888550e-01
9.860023260116577148e-01
1.104684472084045410e-01
4.343048669397830963e-03
3.520060777664184570e-01
9.097927063703536987e-02
1.454369514249265194e-03
9.917237162590026855e-01
7.893410921096801758e-01
2.830991148948669434e-01
4.320198670029640198e-03
9.753545522689819336e-01
2.337276563048362732e-02
9.744145274162292480e-01
1.461732238531112671e-01
2.705660462379455566e-02
1.487119961529970169e-02
2.063226103782653809e-01
5.905009806156158447e-02
1.371062593534588814e-03
2.487683668732643127e-02
9.531455039978027344e-01
7.188060879707336426e-02
2.804316766560077667e-02
9.850394129753112793e-01
9.660922884941101074e-01
5.843829363584518433e-02
4.025272652506828308e-02
3.278956981375813484e-03
4.628173541277647018e-03
3.690028190612792969e-01
1.154590994119644165e-01
1.002151705324649811e-02
9.823032021522521973e-01
9.913774728775024414e-01
2.961530685424804688e-01
2.013583779335021973e-01
9.841104149818420410e-01
5.421174317598342896e-02
7.175464648753404617e-03
9.699774980545043945e-01
2.300381893292069435e-03
3.514176234602928162e-03
3.653535544872283936e-01
1.332796961069107056e-01
6.887940107844769955e-04
9.807537794113159180e-01
9.279822707176208496e-01
2.913494408130645752e-01
7.336199283599853516e-02
9.796307086944580078e-01
7.791087776422500610e-02
8.077096939086914062e-02
9.733338952064514160e-01
8.125440031290054321e-02
7.981315255165100098e-03
2.400230020284652710e-01
5.954818800091743469e-02
1.207757974043488503e-03
9.749954342842102051e-01
4.389421939849853516e-01
7.526734471321105957e-02
1.650908263400197029e-03
9.754532575607299805e-01
1.650898754596710205e-01
6.216013059020042419e-02
9.704340100288391113e-01
7.029282301664352417e-02
2.727415040135383606e-02
1.511464715003967285e-01
3.719224780797958374e-02
7.969128782860934734e-04
7.164825499057769775e-02
1.593474149703979492e-01
8.767730556428432465e-03
5.211430834606289864e-04
9.891298413276672363e-01
1.222213879227638245e-01
9.723778814077377319e-02
4.607805311679840088e-01
4.282396286725997925e-02
3.021673997864127159e-03
2.180436849594116211e-01
4.459293931722640991e-02
5.009854212403297424e-04
9.343498349189758301e-01
2.835710048675537109e-01
9.027741104364395142e-02
2.941241720691323280e-03
9.841660261154174805e-01
9.476331472396850586e-01
9.891841560602188110e-02
9.751158356666564941e-01
1.903144828975200653e-02
1.252535637468099594e-02
2.758843004703521729e-01
1.221106201410293579e-01
5.641717929393053055e-03
3.404764533042907715e-01
3.053202033042907715e-01
2.022037506103515625e-01
2.556076459586620331e-02
9.835185408592224121e-01
9.653229117393493652e-01
9.890455007553100586e-02
9.446390867233276367e-01
5.594564229249954224e-02
7.668303325772285461e-03
1.966812610626220703e-01
4.265199229121208191e-02
7.136838394217193127e-04
2.728653885424137115e-02
2.207493185997009277e-01
7.864469662308692932e-03
2.043234929442405701e-02
9.810582399368286133e-01
9.693608880043029785e-01
1.163540780544281006e-01
4.933859780430793762e-02
3.021341189742088318e-02
3.175986930727958679e-02
1.922478377819061279e-01
4.875016212463378906e-02
8.086888119578361511e-04
2.713129669427871704e-02
3.305435776710510254e-01
9.289443492889404297e-02
1.841503940522670746e-02
9.858039617538452148e-01
7.102223038673400879e-01
1.097361743450164795e-01
8.325475454330444336e-02
6.210073828697204590e-01
8.687259629368782043e-03
1.537879109382629395e-01
6.416450440883636475e-02
2.760382485575973988e-04
3.514898940920829773e-02
2.333934456110000610e-01
9.579733759164810181e-02
7.642394863069057465e-03
9.878700375556945801e-01
9.485250115394592285e-01
1.416730284690856934e-01
1.143285632133483887e-01
6.445373296737670898e-01
2.071307785809040070e-02
2.594741880893707275e-01
6.869868189096450806e-02
1.311014639213681221e-03
8.226610422134399414e-01
4.924666583538055420e-01
1.338559985160827637e-01
1.930123940110206604e-02
9.838340282440185547e-01
9.303948283195495605e-01
5.557258427143096924e-02
2.323305979371070862e-02
9.750863313674926758e-01
1.878718845546245575e-02
2.461805641651153564e-01
5.502163618803024292e-02
9.845425374805927277e-04
3.976227343082427979e-01
4.748142361640930176e-01
1.993213742971420288e-01
9.054797701537609100e-03
9.840956330299377441e-01
3.920438885688781738e-02
7.289247959852218628e-02
2.803797088563442230e-02
9.760197401046752930e-01
2.314089983701705933e-02
3.091226220130920410e-01
1.055460721254348755e-01
3.236266085878014565e-03
1.513702142983675003e-02
3.484217226505279541e-01
1.561318337917327881e-01
1.475106738507747650e-02
9.876571893692016602e-01
9.457691907882690430e-01
1.187045685946941376e-02
8.431462198495864868e-02
9.634895324707031250e-01
1.088501736521720886e-01
