4.058555960655212402e-01
1.741065084934234619e-02
1.476543210446834564e-02
7.245683670043945312e-01
9.714081883430480957e-02
3.312425017356872559e-01
4.088423848152160645e-01
2.332637161016464233e-01
4.581395387649536133e-01
3.832319974899291992e-01
5.996094346046447754e-01
6.824445724487304688e-02
3.316814601421356201e-01
6.711729168891906738e-01
6.416534781455993652e-01
4.176357388496398926e-02
7.004033774137496948e-02
5.928788185119628906e-01
5.681892633438110352e-01
1.488317847251892090e-01
6.098211184144020081e-02
2.093219012022018433e-01
1.978509873151779175e-01
4.958883225917816162e-01
3.622444272041320801e-01
1.936361379921436310e-02
4.738683402538299561e-01
5.809676647186279297e-01
5.506012439727783203e-01
5.963441133499145508e-01
2.028329074382781982e-01
2.122376412153244019e-01
2.213494181632995605e-01
7.208097726106643677e-02
2.500377297401428223e-01
4.539063572883605957e-01
6.878531724214553833e-02
4.368167221546173096e-01
2.496950477361679077e-01
6.557519733905792236e-02
2.053584009408950806e-01
3.798247873783111572e-01
5.146312713623046875e-01
3.533716499805450439e-02
3.887176811695098877e-01
6.008182168006896973e-01
4.270400106906890869e-01
7.988734245300292969e-01
4.746183753013610840e-01
4.247086644172668457e-01
7.481091022491455078e-01
2.705998420715332031e-01
5.200274586677551270e-01
1.349689215421676636e-01
2.788510918617248535e-01
6.505551934242248535e-01
6.301004886627197266e-01
8.021900653839111328e-01
4.121683537960052490e-01
7.769998162984848022e-02
5.094888806343078613e-02
3.885093629360198975e-01
2.207120805978775024e-01
6.984679494053125381e-03
2.534033544361591339e-02
4.308635890483856201e-01
2.868052423000335693e-01
1.040381714701652527e-01
1.034403592348098755e-01
9.504832327365875244e-02
1.988799571990966797e-01
4.178065657615661621e-01
5.041464567184448242e-01
3.970683217048645020e-01
4.013019204139709473e-01
2.802277207374572754e-01
4.209316968917846680e-01
5.992339849472045898e-01
2.051326334476470947e-01
3.035165965557098389e-01
4.271925389766693115e-01
1.451452448964118958e-02
5.628896877169609070e-02
4.322062432765960693e-01
2.075665593147277832e-01
1.163488477468490601e-01
3.740450739860534668e-01
2.664936184883117676e-01
9.880743026733398438e-01
2.183712720870971680e-01
1.366966068744659424e-01
1.986008584499359131e-01
7.839108705520629883e-01
4.096608459949493408e-01
5.146711468696594238e-01
1.653183018788695335e-03
2.665656208992004395e-01
2.765429615974426270e-01
3.752481043338775635e-01
2.354233413934707642e-01
5.886017680168151855e-01
4.334145411849021912e-02
4.004867076873779297e-01
3.148381039500236511e-02
1.350376456975936890e-01
2.252072989940643311e-01
2.489839047193527222e-01
5.249358415603637695e-01
3.720685243606567383e-01
2.225512415170669556e-01
3.000586628913879395e-01
2.963594198226928711e-01
4.075123071670532227e-01
2.244120538234710693e-01
1.586993336677551270e-01
3.534671664237976074e-01
1.214591339230537415e-01
4.067126512527465820e-01
7.744531631469726562e-01
1.230460703372955322e-01
1.880396306514739990e-01
3.105152547359466553e-01
5.974856019020080566e-02
1.964135840535163879e-02
9.010694921016693115e-02
4.471912682056427002e-01
3.981223702430725098e-01
2.262303978204727173e-01
2.025707215070724487e-01
1.614796817302703857e-01
5.911183357238769531e-01
2.089738100767135620e-01
4.363252818584442139e-01
3.550575375556945801e-01
7.843276262283325195e-01
2.621014416217803955e-01
3.223020136356353760e-01
2.744546160101890564e-02
2.059908211231231689e-01
7.749316096305847168e-02
4.433330297470092773e-01
5.981771945953369141e-01
3.985065817832946777e-01
4.706129897385835648e-03
5.918255448341369629e-01
3.548729419708251953e-01
2.321002930402755737e-01
8.494902849197387695e-01
2.745649814605712891e-01
4.451815187931060791e-01
4.041200280189514160e-01
1.213317885994911194e-01
5.218935012817382812e-01
1.557527184486389160e-01
2.664465904235839844e-01
4.216305911540985107e-01
3.909364044666290283e-01
4.110487997531890869e-01
6.002998352050781250e-01
2.219396233558654785e-01
2.557657063007354736e-01
2.372478395700454712e-01
6.435022354125976562e-01
6.440142989158630371e-01
4.567154645919799805e-01
1.022218912839889526e-01
1.147817671298980713e-01
6.620086431503295898e-01
4.860932230949401855e-01
6.043532490730285645e-01
3.961218595504760742e-01
4.004608988761901855e-01
6.011788249015808105e-01
2.006151378154754639e-01
3.573390245437622070e-01
3.468423485755920410e-01
5.947384238243103027e-01
2.500156164169311523e-01
4.090431630611419678e-01
5.266708731651306152e-01
3.191783428192138672e-01
6.806445717811584473e-01
5.612663626670837402e-01
4.011619389057159424e-01
5.959107540547847748e-03
2.597497999668121338e-01
6.050616502761840820e-01
5.069172009825706482e-02
5.366300344467163086e-01
3.358186781406402588e-01
3.966642618179321289e-01
8.019105195999145508e-01
3.563685119152069092e-01
1.518321782350540161e-01
2.865682588890194893e-03
5.755993723869323730e-01
4.857716858386993408e-01
6.035804003477096558e-02
3.962531089782714844e-01
4.618934094905853271e-01
5.478235483169555664e-01
2.759961485862731934e-01
4.406531751155853271e-01
6.690900921821594238e-01
7.810764908790588379e-01
2.397264987230300903e-01
2.578195929527282715e-01
6.513774991035461426e-01
9.856311231851577759e-02
2.392238974571228027e-01
2.305891811847686768e-01
7.826220393180847168e-01
1.994512677192687988e-01
6.118672490119934082e-01
5.995385050773620605e-01
6.293313205242156982e-02
4.087056517601013184e-01
3.729297518730163574e-01
3.889643549919128418e-01
6.004124879837036133e-01
7.062038183212280273e-01
2.628754377365112305e-01
2.361719757318496704e-01
6.268556118011474609e-01
8.401758074760437012e-01
