1.648169987512609069e-01
2.387312454565499731e-01
2.136673100937444558e-01
2.292817177680822605e-01
2.262582641560584307e-01
1.269060896637921043e-01
1.419495914238863288e-01
2.680285935997605007e-01
2.739327882524006386e-01
2.100612488127528432e-01
2.065095468334710305e-01
2.761844080478812469e-01
2.015382835748963652e-01
3.661429971241607073e-01
1.323038614623678333e-01
1.907098859441108407e-01
2.942083874144233446e-01
2.518043349711940881e-01
2.745561995901740771e-01
2.427960175017897793e-01
3.829935333476616743e-01
2.684060769298902138e-01
3.334097931018242256e-01
3.674114580588558332e-01
3.178044244145544761e-01
2.066014937143056396e-01
2.455623347598772654e-01
2.759504206478595734e-01
4.355530927960689080e-01
3.909416764688033452e-01
3.361762660340620879e-01
3.465195392043544653e-01
3.839726012486677775e-01
4.297078696724314084e-01
2.841005007234903568e-01
3.863559291124917250e-01
3.161211829059399347e-01
1.274878975684539673e-01
1.186281614578687249e-01
1.750284232055911715e-01
2.126406791548316189e-01
1.758194880631680779e-01
2.142143711411895746e-01
1.708924667193339464e-01
2.206268987188545472e-01
1.948966362262861129e-01
1.405684171566883023e-01
1.715304266052463944e-01
2.571699801259316187e-01
2.928054526340789776e-01
1.703617728422754107e-01
2.963412789484629051e-01
2.683801586882999524e-01
2.801609658098851430e-01
2.209096147248951203e-01
2.201560100253958097e-01
1.814894153951452371e-01
2.200137113776201303e-01
3.681366054269556987e-01
2.716125705136129276e-01
2.066741857785158454e-01
3.355098189069674608e-01
2.644870246473986497e-01
2.669475666748789555e-01
3.339221268319166880e-01
3.541171539288300862e-01
2.890204304757599818e-01
2.395682944557987748e-01
3.202938050962984562e-01
3.245268367418947530e-01
3.332846905015265926e-01
3.424233223239963042e-01
3.238697848014103764e-01
3.737917258672845966e-01
4.033321753287544831e-01
3.501402744530843214e-01
2.336873158078210944e-01
3.126403054652305835e-01
2.830916244464998233e-01
2.751729659413775786e-01
2.835092071013954884e-01
2.618109932026037590e-01
3.045478149388844979e-01
3.448143003221887937e-01
3.289098876456801879e-01
3.680141408963558680e-01
2.487698041905577473e-01
3.386323769361926916e-01
3.453415388313050283e-01
3.005826162675825364e-01
3.085150610154064887e-01
3.074306054757191542e-01
2.740637939602423301e-01
2.078093158690115516e-01
3.859763624003300087e-01
3.208984537766529921e-01
3.286494728392706510e-01
4.550863490619052043e-01
4.206301432389479289e-01
2.503104894601095309e-01
3.822944473761778483e-01
