5.379639863967895508e-01
4.557284712791442871e-01
4.335817396640777588e-01
3.531437814235687256e-01
2.352852970361709595e-01
3.005369603633880615e-01
3.093843460083007812e-01
4.093255847692489624e-02
4.846804589033126831e-02
2.412297725677490234e-01
9.238705039024353027e-02
6.346358451992273331e-03
9.590274654328823090e-03
2.452662028372287750e-02
3.903086856007575989e-02
1.087923347949981689e-01
3.652958273887634277e-01
5.133923292160034180e-01
4.197412431240081787e-01
3.041915893554687500e-01
1.267750263214111328e-01
2.484122663736343384e-02
1.101364791393280029e-01
2.322791814804077148e-01
8.153811097145080566e-02
8.054080419242382050e-03
2.698275074362754822e-02
2.504396066069602966e-02
2.993426471948623657e-02
3.831411004066467285e-01
2.857615053653717041e-01
3.458608388900756836e-01
3.103745281696319580e-01
1.549759060144424438e-01
1.594109833240509033e-01
6.784042716026306152e-02
5.271112546324729919e-02
6.921397894620895386e-02
1.650716662406921387e-01
5.956158973276615143e-03
1.039486099034547806e-02
2.592801488935947418e-02
4.385856166481971741e-02
5.056036710739135742e-01
3.924527168273925781e-01
3.057269752025604248e-01
1.756128370761871338e-01
3.571481406688690186e-01
2.111809700727462769e-01
6.030813977122306824e-02
6.462003290653228760e-02
8.988666534423828125e-02
1.021269410848617554e-01
1.986179128289222717e-02
7.492095232009887695e-03
1.351578440517187119e-02
7.275976985692977905e-02
5.350328683853149414e-01
4.135131835937500000e-01
4.698903560638427734e-01
1.090020090341567993e-01
2.430187761783599854e-01
2.063138782978057861e-01
5.434948951005935669e-03
1.663712412118911743e-02
4.363680258393287659e-02
7.652684301137924194e-02
1.867271377705037594e-03
3.974628634750843048e-03
8.813400752842426300e-03
1.985175535082817078e-02
5.313158631324768066e-01
3.489179611206054688e-01
3.768798112869262695e-01
3.594602048397064209e-01
1.019569188356399536e-01
2.225682139396667480e-01
5.046944320201873779e-02
5.197119712829589844e-02
3.569684177637100220e-02
1.438772380352020264e-01
7.241848856210708618e-02
1.078505069017410278e-02
2.965813130140304565e-02
2.913023531436920166e-02
4.677833616733551025e-01
3.469848632812500000e-01
4.962510466575622559e-01
1.588975340127944946e-01
2.839130759239196777e-01
1.842443346977233887e-01
5.018118396401405334e-02
7.014913856983184814e-02
7.090333104133605957e-02
8.638691902160644531e-02
5.445089191198348999e-03
1.907858438789844513e-02
4.134802892804145813e-02
6.104312837123870850e-02
5.708994865417480469e-01
4.159521460533142090e-01
3.847454786300659180e-01
3.392776846885681152e-01
1.915998756885528564e-01
3.499186933040618896e-01
5.331955105066299438e-02
6.540270894765853882e-02
1.964298337697982788e-01
5.172973498702049255e-02
3.081194125115871429e-02
3.537238016724586487e-02
3.034395910799503326e-02
4.275289922952651978e-02
5.009213089942932129e-01
5.269404649734497070e-01
3.805092871189117432e-01
3.861363232135772705e-01
2.751094400882720947e-01
3.153395652770996094e-01
2.616967260837554932e-01
4.856347292661666870e-02
7.142268866300582886e-02
7.488192617893218994e-02
1.673139166086912155e-03
8.847012184560298920e-03
1.603437960147857666e-02
2.493671700358390808e-02
4.807289838790893555e-01
5.271310806274414062e-01
4.216179847717285156e-01
2.309508323669433594e-01
1.866926848888397217e-01
2.108947038650512695e-01
2.333617359399795532e-01
2.822916209697723389e-02
4.090932011604309082e-02
8.540395647287368774e-02
1.268655713647603989e-02
7.360898423939943314e-03
1.507907360792160034e-02
2.765608951449394226e-02
3.397547900676727295e-01
3.119799196720123291e-01
5.175786018371582031e-01
2.370650768280029297e-01
3.815429508686065674e-01
2.271436899900436401e-01
2.528642416000366211e-01
2.086469382047653198e-01
4.405271261930465698e-02
6.095341593027114868e-02
1.234616152942180634e-02
1.995315589010715485e-02
2.149156667292118073e-02
2.921797335147857666e-02
4.639684855937957764e-01
4.844109416007995605e-01
4.708559513092041016e-01
1.702818870544433594e-01
2.144783288240432739e-01
2.417528480291366577e-01
3.124384582042694092e-01
1.146291196346282959e-01
4.311339929699897766e-02
6.935945153236389160e-02
6.750612519681453705e-03
1.101950369775295258e-02
1.448406931012868881e-02
4.268779605627059937e-02
4.077816009521484375e-01
3.573856353759765625e-01
4.955876469612121582e-01
3.045212030410766602e-01
1.899750232696533203e-01
2.335218638181686401e-01
3.686363995075225830e-01
7.459305226802825928e-02
6.742446869611740112e-02
8.462659269571304321e-02
1.358069330453872681e-01
1.094749942421913147e-02
1.484199240803718567e-02
3.455922752618789673e-02
4.611466526985168457e-01
3.969855606555938721e-01
3.203466236591339111e-01
2.458086013793945312e-01
1.927748471498489380e-01
1.773225814104080200e-01
2.633856832981109619e-01
5.977114662528038025e-02
4.982990026473999023e-02
1.143299192190170288e-01
1.113845109939575195e-01
4.448998253792524338e-03
1.740085333585739136e-02
4.672585427761077881e-02
5.540816187858581543e-01
5.152973532676696777e-01
5.325734615325927734e-01
3.808443844318389893e-01
4.528366923332214355e-01
2.032761424779891968e-01
2.924495935440063477e-01
6.828411668539047241e-02
4.002261906862258911e-02
5.606351792812347412e-02
1.078850030899047852e-01
4.736252129077911377e-03
2.037342637777328491e-02
1.367111038416624069e-02
5.780795812606811523e-01
4.206072688102722168e-01
5.065587759017944336e-01
1.694840788841247559e-01
1.950400173664093018e-01
3.542085289955139160e-01
2.797721624374389648e-01
3.348845243453979492e-02
2.156305760145187378e-01
6.545850634574890137e-02
8.299737423658370972e-02
2.955977804958820343e-02
2.719945088028907776e-02
1.936647482216358185e-02
