3.105926105680947291e-01
2.303277479099611336e-01
2.416869312202414577e-01
1.927468255789090701e-01
3.216789186788865940e-01
1.144906917604832652e-01
1.881413408555090427e-01
2.083566736412019726e-01
2.130714274154832666e-01
1.740150608014888467e-01
2.375105868380230079e-01
1.783229400439617640e-01
2.251927387103653255e-01
3.402996195050386197e-01
1.245066476672386374e-01
2.219640192074271434e-01
3.510133410589053038e-01
1.995400336768048399e-01
2.310067884838925001e-01
3.386474189778360122e-01
3.141343001491175291e-01
3.064091381831811067e-01
2.479249209595414394e-01
3.292018969794018868e-01
3.547996086104271418e-01
2.851413244094986310e-01
3.084482189554434428e-01
3.017940346438151011e-01
4.282618160717762690e-01
3.173531007308226237e-01
3.490014122082636949e-01
3.479537397909622798e-01
3.851840805369787235e-01
3.774155106467123044e-01
3.810336891060265296e-01
3.571251092048791653e-01
3.755288109756432791e-01
2.570824834491269306e-01
2.273167566521666350e-01
2.868913259993020604e-01
2.566423122323333028e-01
2.746153803936277615e-01
2.119881880397979923e-01
1.940082261661210949e-01
3.270675723369305121e-01
2.587030822715650213e-01
2.624883586540818214e-01
1.692112582162595691e-01
2.132296402974483973e-01
4.491452214379723085e-01
2.260857921523543590e-01
3.582185575595268623e-01
3.487397859123750332e-01
4.113201464597995294e-01
3.448798565301470775e-01
3.464690178202894932e-01
3.532920101514229194e-01
3.189124984380144467e-01
3.431128211892567892e-01
1.813413209389322100e-01
1.883811063061539837e-01
2.509080827092894928e-01
3.308725344697729942e-01
2.964373895755180732e-01
2.821806319989264011e-01
3.244189935593077556e-01
3.220945834540404062e-01
2.793032908453964014e-01
3.872568186085957875e-01
2.917532387834329000e-01
3.323989350062150350e-01
3.931733736087782982e-01
3.001099182830120338e-01
3.558619346899482005e-01
3.805483962239052942e-01
1.918375803641258481e-01
2.345773709508088833e-01
3.004759409679816362e-01
3.485717251180456278e-01
2.985491035864330511e-01
2.489307819364162677e-01
2.831290498232612030e-01
3.949856064640558939e-01
2.940678251817679389e-01
2.713991932284373632e-01
3.215215760641373377e-01
3.803150285250292417e-01
2.813161702540058484e-01
3.128452846923699959e-01
2.720689807767764923e-01
3.137256263468701234e-01
3.680372060491488573e-01
3.200393054508962054e-01
4.031467555234065636e-01
3.703898377358340044e-01
3.296546957527215493e-01
4.110869393200398680e-01
3.591591555428189642e-01
3.521199263632297516e-01
3.634935732071216119e-01
2.834771351839523446e-01
