7.526781392785218960e-01
8.682988288883979333e-01
6.143952488538345635e-01
5.304600385984835631e-01
7.149563022938204560e-01
2.499927810142533180e-01
3.325654744672087437e-01
6.911985480350827382e-01
7.730542600441437928e-01
6.725348856013554366e-01
7.979956292189084310e-01
7.183083519339561462e-01
9.617965771601750813e-01
9.677604620273296820e-01
3.729021875187754631e-01
7.027590036069830681e-01
8.014866092752737092e-01
5.604676245353542585e-01
6.018305572752769006e-01
8.941129683875120859e-01
8.208259015988844665e-01
9.651057399236239176e-01
8.946657639283400743e-01
8.800479815556452312e-01
8.842877307190344371e-01
9.245384977414057293e-01
7.643744243452181841e-01
8.254295839713170491e-01
8.971629377741080491e-01
9.738232676799480902e-01
8.589456688899260728e-01
9.244153545452997722e-01
9.550802386724032145e-01
9.684724257542536296e-01
9.556387433638939832e-01
9.578569393891555039e-01
9.570179810890784289e-01
6.592898740649749678e-01
4.959415052894305953e-01
4.711630226900944129e-01
7.012248609501582353e-01
7.277031133237940042e-01
4.441576922276558870e-01
6.024026870727539062e-01
9.506138975803668512e-01
8.159067380743530995e-01
7.962563312970675211e-01
9.618570300248953098e-01
7.805928719731477505e-01
7.374014626615322809e-01
6.723718101588579410e-01
5.735382921993732452e-01
8.517969040056834196e-01
6.938692143258566869e-01
8.138364552018734210e-01
7.145014350983098783e-01
7.771105393767356873e-01
9.196948500779958957e-01
8.995237694336817302e-01
7.544489611799900519e-01
8.114182528080653434e-01
8.906763447448611259e-01
8.212393946372545939e-01
9.295061551607571859e-01
8.495171219110488892e-01
8.909923983021423854e-01
9.717012735513540500e-01
6.805660329185999613e-01
3.882323805636798131e-01
7.564314296231224866e-01
8.548071063481844645e-01
8.964336743721594836e-01
9.511377903131338352e-01
8.999620217543381484e-01
9.505459161905142063e-01
7.912335006090310818e-01
5.613058488278721558e-01
7.014446396094101699e-01
9.438250706746027507e-01
8.221587836742401123e-01
9.557847288938668973e-01
7.878291886299848557e-01
5.575922638750993032e-01
8.395552285588704367e-01
8.776560677931859455e-01
8.297948023447623278e-01
9.667345973161550754e-01
9.540271483934842367e-01
8.423477290914609394e-01
8.086036279564723372e-01
8.702361308006891782e-01
9.365134239196777344e-01
9.045019379028906847e-01
9.323585858711829211e-01
9.327209225067725207e-01
9.596413052999056559e-01
8.827548795021497030e-01
9.583986539107102187e-01
8.964839159296109639e-01
9.157738318810095812e-01
7.757646556083972467e-01
