6.081318017095327377e-03
6.165838837623596191e-01
4.058923423290252686e-01
3.516389429569244385e-01
1.130753830075263977e-01
4.082455635070800781e-01
9.081488102674484253e-02
2.207910120487213135e-01
4.836801290512084961e-01
9.065292775630950928e-03
1.672757863998413086e-01
2.227140367031097412e-01
5.838618874549865723e-01
3.540649265050888062e-02
1.354104131460189819e-01
2.829854786396026611e-01
1.058903932571411133e-01
3.666521012783050537e-01
4.479455947875976562e-01
1.784476190805435181e-01
4.033868014812469482e-01
6.297451257705688477e-02
7.976800203323364258e-03
5.033612847328186035e-01
7.883056998252868652e-02
2.264528274536132812e-01
1.230092346668243408e-02
4.277756810188293457e-02
6.229813098907470703e-01
8.654037117958068848e-02
1.994551420211791992e-01
4.013296067714691162e-01
1.869341731071472168e-02
1.419395506381988525e-01
1.250993013381958008e-01
5.819627642631530762e-02
3.446668386459350586e-01
3.943766355514526367e-01
2.116693109273910522e-01
5.029412452131509781e-03
1.441200673580169678e-01
4.426232874393463135e-01
2.457417547702789307e-01
1.137612611055374146e-01
4.207005798816680908e-01
2.882391400635242462e-02
2.054263055324554443e-01
4.200987145304679871e-02
2.087630927562713623e-01
3.596932440996170044e-02
5.544059276580810547e-01
1.277460251003503799e-02
4.951912909746170044e-02
4.308511503040790558e-03
9.669785201549530029e-02
6.010298132896423340e-01
2.663618922233581543e-01
5.888199806213378906e-01
1.877693086862564087e-01
4.318084120750427246e-01
1.775890886783599854e-01
7.630408555269241333e-02
4.076056778430938721e-01
2.118470221757888794e-01
9.314505755901336670e-02
1.409033033996820450e-02
2.890022657811641693e-02
2.309360206127166748e-01
4.347403049468994141e-01
2.481935024261474609e-01
5.414854735136032104e-02
3.853194415569305420e-02
7.212041318416595459e-02
3.110515773296356201e-01
9.827426820993423462e-02
2.349781058728694916e-02
2.539492249488830566e-01
8.489735424518585205e-02
1.391870528459548950e-02
2.099156677722930908e-01
6.146965622901916504e-01
4.431016743183135986e-01
1.059355735778808594e-01
4.249924421310424805e-02
2.026415020227432251e-01
1.084386929869651794e-01
2.041970193386077881e-01
3.513557137921452522e-03
2.374225668609142303e-02
5.789237841963768005e-02
8.595767617225646973e-02
8.321889676153659821e-03
2.055028229951858521e-01
2.407517135143280029e-01
9.098844230175018311e-02
3.872748091816902161e-02
4.327362030744552612e-02
2.069714367389678955e-01
7.925297021865844727e-01
7.311856001615524292e-02
9.850966744124889374e-03
2.860024571418762207e-02
8.859825134277343750e-01
3.351438045501708984e-02
6.038784980773925781e-02
1.012549735605716705e-02
8.067133426666259766e-01
2.496534287929534912e-01
3.481524437665939331e-02
1.629781909286975861e-02
1.818798780441284180e-01
4.283819198608398438e-01
3.683938980102539062e-01
4.756695125252008438e-03
2.076509892940521240e-01
5.109513401985168457e-01
4.217947721481323242e-01
6.149210408329963684e-02
2.757848240435123444e-02
4.320958554744720459e-01
6.467823684215545654e-02
7.755932211875915527e-02
1.014073416590690613e-01
2.135622352361679077e-01
4.104110300540924072e-01
4.502331465482711792e-02
2.769187986850738525e-01
1.282575633376836777e-02
8.249660134315490723e-01
2.149561494588851929e-01
5.145658552646636963e-02
1.048309542238712311e-02
6.161721348762512207e-01
6.234571337699890137e-02
2.405499815940856934e-01
8.235019445419311523e-02
6.031153798103332520e-01
3.624311685562133789e-01
1.932907551527023315e-01
2.303018569946289062e-01
7.026280742138624191e-03
1.643960326910018921e-01
2.882318198680877686e-01
1.325729675590991974e-02
1.585277169942855835e-01
6.560045480728149414e-01
2.375566810369491577e-01
2.304665595293045044e-01
1.533017158508300781e-01
7.861521840095520020e-01
9.040035307407379150e-02
2.247733771800994873e-01
5.939144641160964966e-02
8.723643422126770020e-02
2.110164612531661987e-01
2.147984206676483154e-01
2.391454577445983887e-02
1.020494252443313599e-01
6.719785928726196289e-01
1.190363317728042603e-01
1.200387626886367798e-01
2.223877757787704468e-01
4.555783867835998535e-01
8.041129708290100098e-01
2.400177121162414551e-01
3.563416302204132080e-01
4.069087207317352295e-01
4.156399369239807129e-01
6.470668911933898926e-01
5.956228375434875488e-01
4.771075844764709473e-01
4.981160163879394531e-01
2.503308653831481934e-01
2.867169380187988281e-01
5.226927995681762695e-01
3.654770553112030029e-01
8.726318180561065674e-02
4.665142595767974854e-01
3.280168166384100914e-03
7.099612802267074585e-02
4.865928888320922852e-01
4.343093037605285645e-01
7.737264633178710938e-01
1.213452741503715515e-01
8.050783723592758179e-02
2.097960375249385834e-02
1.129301488399505615e-01
6.974835880100727081e-03
7.635906338691711426e-02
7.786973565816879272e-02
1.592337191104888916e-01
2.741570211946964264e-02
7.594735920429229736e-02
7.673782855272293091e-02
1.828525215387344360e-01
5.925788879394531250e-01
2.274905145168304443e-02
6.008250713348388672e-01
4.337837453931570053e-04
2.589066028594970703e-01
6.610723584890365601e-02
2.539339940994977951e-03
3.902247548103332520e-01
1.887362636625766754e-02
9.975554049015045166e-02
2.622536122798919678e-01
3.035332076251506805e-03
2.643630094826221466e-02
5.949907302856445312e-01
1.011028811335563660e-01
8.052700161933898926e-01
1.978534311056137085e-01
3.128963708877563477e-02
3.980312962085008621e-03
2.893996238708496094e-01
4.255458712577819824e-01
3.600389063358306885e-01
3.506760345771908760e-03
4.859066605567932129e-01
3.473702967166900635e-01
2.189364517107605934e-03
5.941734313964843750e-01
1.565926671028137207e-01
5.822231173515319824e-01
6.366672515869140625e-01
3.485062718391418457e-01
5.052170157432556152e-02
1.865603178739547729e-01
3.463614583015441895e-01
5.402739644050598145e-01
9.589027613401412964e-02
2.980767376720905304e-02
1.225916668772697449e-01
3.700296878814697266e-01
5.546813011169433594e-01
1.889122463762760162e-02
4.178148508071899414e-01
2.403460890054702759e-01
1.405139863491058350e-01
1.503419689834117889e-02
7.641918063163757324e-01
3.773398995399475098e-01
9.873692691326141357e-02
3.784677479416131973e-03
7.222311943769454956e-02
2.106202989816665649e-01
1.847966462373733521e-01
6.161330938339233398e-01
1.556832157075405121e-02
2.671238183975219727e-01
2.388987392187118530e-01
4.573719576001167297e-02
2.638616561889648438e-01
8.303040266036987305e-01
7.914663553237915039e-01
1.083104759454727173e-01
1.976541578769683838e-01
7.927685976028442383e-01
3.944544494152069092e-01
1.154052764177322388e-01
4.134387969970703125e-01
1.323191449046134949e-02
6.047909855842590332e-01
6.025590300559997559e-01
1.947201192378997803e-01
5.323435366153717041e-02
3.943115174770355225e-01
3.276506066322326660e-01
3.062201142311096191e-01
2.214817851781845093e-01
3.638105690479278564e-01
5.241789817810058594e-01
3.322748541831970215e-01
6.017997860908508301e-01
2.887049317359924316e-02
7.758896350860595703e-01
6.985429525375366211e-01
4.724037647247314453e-02
2.261015921831130981e-01
4.067437946796417236e-01
1.848400831222534180e-01
5.496093630790710449e-01
6.092984080314636230e-01
2.024157792329788208e-01
2.610484063625335693e-01
3.990908265113830566e-01
2.195122465491294861e-02
2.184784598648548126e-02
4.009553790092468262e-01
6.001282930374145508e-01
5.106633901596069336e-01
1.769508421421051025e-01
3.967290520668029785e-01
3.801840245723724365e-01
2.915384806692600250e-02
1.964559555053710938e-01
1.781183667480945587e-02
2.837739884853363037e-01
2.124896347522735596e-01
4.018632173538208008e-01
3.335047364234924316e-01
2.431612610816955566e-01
3.017996847629547119e-01
7.232856750488281250e-02
4.897269904613494873e-01
3.054755628108978271e-01
4.442915320396423340e-01
1.782741844654083252e-01
3.457923531532287598e-01
1.504177302122116089e-01
5.869762971997261047e-02
2.148010283708572388e-01
3.595877587795257568e-01
3.133095800876617432e-01
8.022683262825012207e-01
2.316976338624954224e-01
2.269176840782165527e-01
4.166909754276275635e-01
2.284342795610427856e-01
6.085152626037597656e-01
3.019810914993286133e-01
2.468640506267547607e-01
2.219881266355514526e-01
4.566224813461303711e-01
6.433856487274169922e-01
4.267142713069915771e-01
2.133667171001434326e-01
8.952819555997848511e-02
2.229887992143630981e-01
4.561825096607208252e-01
2.943438887596130371e-01
7.000619173049926758e-02
2.117505818605422974e-01
5.058195069432258606e-02
1.147086843848228455e-01
7.577998936176300049e-02
1.987778246402740479e-01
2.884066104888916016e-01
2.098477482795715332e-01
4.049099087715148926e-01
5.978079438209533691e-01
1.928226649761199951e-01
1.824823766946792603e-01
6.018236875534057617e-01
2.517336308956146240e-01
5.419875383377075195e-01
3.838344216346740723e-01
1.091580614447593689e-01
5.457478389143943787e-02
5.162460207939147949e-01
2.890598475933074951e-01
2.155952304601669312e-01
3.943865299224853516e-01
4.082432091236114502e-01
4.099099040031433105e-01
1.826161593198776245e-01
6.634351015090942383e-01
4.100456237792968750e-01
1.725851446390151978e-01
2.797124981880187988e-01
2.182140350341796875e-01
1.329899579286575317e-01
5.467979907989501953e-01
4.114711284637451172e-01
7.715908288955688477e-01
4.837244451045989990e-01
9.728644788265228271e-02
2.300948202610015869e-01
1.581656485795974731e-01
5.081581473350524902e-01
6.971634626388549805e-01
7.642178237438201904e-02
7.594946622848510742e-01
1.112780719995498657e-01
3.058174848556518555e-01
7.272313237190246582e-01
6.159777045249938965e-01
5.807728171348571777e-01
3.950299918651580811e-01
6.855265498161315918e-01
3.021108508110046387e-01
2.829808294773101807e-01
5.318028926849365234e-01
1.894359290599822998e-01
3.190292716026306152e-01
4.334928840398788452e-02
3.508670926094055176e-01
1.816236674785614014e-01
1.596225202083587646e-01
2.278626561164855957e-01
4.279499053955078125e-01
5.532080531120300293e-01
2.131304442882537842e-01
4.088436365127563477e-01
1.898809522390365601e-01
2.032520920038223267e-01
2.853077054023742676e-01
1.434779167175292969e-01
3.730838298797607422e-01
1.863304153084754944e-02
1.054763793945312500e-01
1.918824315071105957e-01
4.319863319396972656e-01
5.981302857398986816e-01
2.218094617128372192e-01
7.718543410301208496e-01
4.324331581592559814e-01
2.395513504743576050e-01
2.207297384738922119e-01
5.323334932327270508e-01
4.014294967055320740e-02
3.706412911415100098e-01
1.135895773768424988e-01
3.532712459564208984e-01
4.708158671855926514e-01
2.042776048183441162e-01
4.157314598560333252e-01
2.709788382053375244e-01
2.761660218238830566e-01
2.494720220565795898e-01
4.187970161437988281e-01
8.683803677558898926e-02
3.877211511135101318e-01
4.239260554313659668e-01
4.401507377624511719e-01
3.396390378475189209e-01
3.496159911155700684e-01
7.133843898773193359e-01
4.303398728370666504e-01
7.872925996780395508e-01
1.901414990425109863e-02
7.270529866218566895e-01
4.201662540435791016e-01
4.176754653453826904e-01
2.999736070632934570e-01
7.674176692962646484e-01
3.082746267318725586e-01
3.119927942752838135e-01
3.568471968173980713e-01
7.158020138740539551e-02
4.612963497638702393e-01
2.554241120815277100e-01
2.215885221958160400e-01
4.774617552757263184e-01
4.147050976753234863e-01
6.164296865463256836e-01
4.258661270141601562e-01
3.259519338607788086e-01
1.831120997667312622e-01
4.083784222602844238e-01
8.455013036727905273e-01
3.207961022853851318e-01
1.633257046341896057e-02
2.592443525791168213e-01
2.940199077129364014e-01
7.887389659881591797e-01
5.189259052276611328e-01
4.133455157279968262e-01
4.753759205341339111e-01
4.275612235069274902e-01
2.449583411216735840e-01
9.467290043830871582e-01
7.988952398300170898e-01
6.108137965202331543e-02
4.971309006214141846e-01
2.087050229310989380e-01
2.299736738204956055e-01
2.287821099162101746e-02
7.926505804061889648e-01
5.978099107742309570e-01
6.141551733016967773e-01
2.824863493442535400e-01
1.806927025318145752e-01
3.353822231292724609e-02
3.424208760261535645e-01
7.154026031494140625e-01
5.670830607414245605e-01
3.074924051761627197e-01
1.046886965632438660e-01
2.443606853485107422e-01
2.355741113424301147e-01
2.554963529109954834e-01
5.962263420224189758e-02
2.439676821231842041e-01
6.014859303832054138e-02
2.234901934862136841e-01
1.147772651165723801e-02
2.006676942110061646e-01
2.148114144802093506e-01
1.537994295358657837e-01
1.504793316125869751e-01
1.666358299553394318e-02
6.055673584342002869e-02
1.701408177614212036e-01
8.015510439872741699e-01
5.887786149978637695e-01
3.075636625289916992e-01
2.288525365293025970e-02
3.996404260396957397e-02
1.232036761939525604e-02
3.519949316978454590e-02
6.351293623447418213e-02
2.085149288177490234e-01
3.713181018829345703e-01
2.340103313326835632e-02
3.757744282484054565e-02
5.224518850445747375e-02
5.840688347816467285e-01
5.993805527687072754e-01
8.525492623448371887e-03
2.465231865644454956e-01
3.914611041545867920e-01
2.578581217676401138e-03
4.927100539207458496e-01
8.113176822662353516e-01
5.864119157195091248e-02
1.316744554787874222e-02
3.396924212574958801e-02
4.574733600020408630e-02
6.166847050189971924e-02
8.095228075981140137e-01
4.142467379570007324e-01
4.289764165878295898e-01
2.166371047496795654e-01
3.669176697731018066e-01
4.171378910541534424e-01
2.895331084728240967e-01
2.091868966817855835e-02
1.136780157685279846e-01
9.390013664960861206e-02
7.614973932504653931e-02
1.153355687856674194e-01
2.959714233875274658e-01
4.226279556751251221e-01
1.332206726074218750e-01
4.088340401649475098e-01
4.383061826229095459e-02
1.669250875711441040e-01
1.153988540172576904e-01
3.984726965427398682e-03
2.212608903646469116e-01
3.172079026699066162e-01
7.473702728748321533e-02
1.290788128972053528e-02
1.905508488416671753e-01
3.301087319850921631e-01
5.732402801513671875e-01
2.051337510347366333e-01
9.624551236629486084e-02
5.157552957534790039e-01
3.681389093399047852e-01
2.786754071712493896e-01
4.512897692620754242e-03
9.116256982088088989e-02
3.005643486976623535e-01
4.718049429357051849e-03
1.540085673332214355e-01
8.582173287868499756e-02
6.478580832481384277e-02
7.842397689819335938e-01
4.401974380016326904e-01
2.078406065702438354e-01
1.558723598718643188e-01
3.561931848526000977e-01
4.030947685241699219e-01
1.002757847309112549e-01
2.224157601594924927e-01
2.232910990715026855e-01
4.238199815154075623e-02
7.443121075630187988e-02
7.848332822322845459e-02
2.079699188470840454e-02
6.115943193435668945e-01
2.040529698133468628e-01
4.032739996910095215e-01
1.618996560573577881e-01
3.908904790878295898e-01
1.993140876293182373e-01
8.944455534219741821e-02
5.423522740602493286e-02
2.394246608018875122e-01
2.528680860996246338e-01
2.029538303613662720e-01
5.984302982687950134e-02
1.089455559849739075e-01
4.300398230552673340e-01
6.118209362030029297e-01
3.948091864585876465e-01
4.019085168838500977e-01
6.229356303811073303e-02
5.500792860984802246e-01
9.308123961091041565e-03
2.896914184093475342e-01
1.036019697785377502e-01
4.220194518566131592e-01
1.075563579797744751e-01
2.697127163410186768e-01
1.663341820240020752e-01
8.056669831275939941e-01
2.038578540086746216e-01
2.112652957439422607e-01
2.247715443372726440e-01
6.007949113845825195e-01
3.071663975715637207e-01
8.715841919183731079e-02
7.574209570884704590e-02
5.594838857650756836e-01
1.658118665218353271e-01
1.083635389804840088e-01
2.244973927736282349e-01
5.285040736198425293e-01
4.197779297828674316e-01
1.984979063272476196e-01
2.190269827842712402e-01
3.054797351360321045e-01
2.252279371023178101e-01
3.835683465003967285e-01
3.350280523300170898e-01
7.011997699737548828e-02
3.797731399536132812e-01
3.557323813438415527e-01
1.120653450489044189e-01
7.275033742189407349e-02
7.455566525459289551e-02
7.904974818229675293e-01
4.404180049896240234e-01
5.532103590667247772e-03
5.851988792419433594e-01
8.234784007072448730e-02
6.129635572433471680e-01
3.917237520217895508e-01
4.019018411636352539e-01
4.761143028736114502e-01
8.320222049951553345e-02
2.044913023710250854e-01
1.040313690900802612e-01
3.416918516159057617e-01
2.069229185581207275e-01
2.540356814861297607e-01
3.046895377337932587e-02
9.049163460731506348e-01
1.072450950741767883e-01
6.101635694503784180e-01
4.468200802803039551e-01
5.120761394500732422e-01
1.550834774971008301e-01
4.041516482830047607e-01
4.585790261626243591e-02
2.208412438631057739e-01
1.331795305013656616e-01
5.492376089096069336e-01
4.462972581386566162e-01
1.648790086619555950e-03
5.605219006538391113e-01
3.267087042331695557e-01
3.592676520347595215e-01
9.589621424674987793e-02
1.136890724301338196e-01
2.633375860750675201e-02
9.219964034855365753e-03
3.661241382360458374e-02
1.148580908775329590e-01
1.221059411764144897e-01
2.121766656637191772e-01
7.886719703674316406e-01
2.059126496315002441e-01
7.273072004318237305e-01
4.161014258861541748e-01
4.087670445442199707e-01
1.213205605745315552e-02
5.269162356853485107e-02
3.245316445827484131e-02
2.085963338613510132e-01
6.500719487667083740e-02
2.815781831741333008e-01
8.943866193294525146e-02
7.648407220840454102e-01
5.631716251373291016e-01
2.361105233430862427e-01
4.087367653846740723e-01
2.692844867706298828e-01
3.979946970939636230e-01
3.968763351440429688e-01
1.191304996609687805e-01
1.035089641809463501e-01
1.892068237066268921e-01
2.131110578775405884e-01
9.395189583301544189e-02
5.465749502182006836e-01
5.985046029090881348e-01
1.108622550964355469e-02
5.478227883577346802e-02
7.940145730972290039e-01
3.404596149921417236e-01
2.190521359443664551e-01
2.368183732032775879e-01
3.397068381309509277e-01
4.662531018257141113e-01
9.363977238535881042e-03
9.773506969213485718e-02
4.092884063720703125e-01
2.566275000572204590e-01
4.001266658306121826e-01
5.894422903656959534e-02
2.025063484907150269e-01
4.090383648872375488e-01
2.293683290481567383e-01
6.370096653699874878e-02
5.904663205146789551e-01
5.865916013717651367e-01
2.057010680437088013e-01
2.105568200349807739e-01
2.124240994453430176e-01
3.518896400928497314e-01
4.252542555332183838e-01
4.027260243892669678e-01
4.161651730537414551e-01
4.482889547944068909e-02
4.026559293270111084e-01
2.688093185424804688e-01
1.257500424981117249e-02
3.973479270935058594e-01
6.605061888694763184e-01
3.758835196495056152e-01
4.450714588165283203e-01
4.073016643524169922e-01
3.299021720886230469e-01
1.141945868730545044e-01
3.835670948028564453e-01
4.034042656421661377e-01
3.994180820882320404e-03
5.901737809181213379e-01
2.682923376560211182e-01
4.074457883834838867e-01
4.037307202816009521e-01
5.928502082824707031e-01
3.147387802600860596e-01
3.971120715141296387e-01
2.222451195120811462e-02
2.482521533966064453e-02
7.593399286270141602e-02
5.856732726097106934e-01
4.387908279895782471e-01
2.434350922703742981e-02
7.720981836318969727e-01
3.600178360939025879e-01
2.267271876335144043e-01
3.994407057762145996e-01
4.673441052436828613e-01
4.316382408142089844e-01
4.390621781349182129e-01
9.092980623245239258e-02
1.950186192989349365e-01
2.609746456146240234e-01
6.011479496955871582e-01
1.972481459379196167e-01
3.715996146202087402e-01
5.994311571121215820e-01
2.380709648132324219e-01
3.844157755374908447e-01
2.671965062618255615e-01
2.730409204959869385e-01
4.406552612781524658e-01
1.978813111782073975e-02
3.313935995101928711e-01
2.100677490234375000e-01
1.788112372159957886e-01
5.993636846542358398e-01
3.907810747623443604e-01
2.847944796085357666e-01
5.044573545455932617e-01
5.659248232841491699e-01
1.804604232311248779e-01
4.643034636974334717e-01
3.853854537010192871e-01
2.584250867366790771e-01
1.082171499729156494e-02
1.871484071016311646e-01
1.161150783300399780e-01
9.934300929307937622e-02
4.115110039710998535e-01
1.944970488548278809e-01
2.528483569622039795e-01
5.993824601173400879e-01
3.349871337413787842e-01
4.374739527702331543e-01
5.901211500167846680e-01
1.481509655714035034e-01
3.475849702954292297e-02
3.336706459522247314e-01
8.613307774066925049e-02
2.864189147949218750e-01
9.029448032379150391e-02
5.927455425262451172e-01
3.728372454643249512e-01
3.350850194692611694e-02
3.617742061614990234e-01
3.495984151959419250e-02
2.255971729755401611e-02
7.329893764108419418e-03
4.815658926963806152e-01
3.386783599853515625e-01
3.007788062095642090e-01
4.049765169620513916e-01
4.126910865306854248e-01
2.308714687824249268e-01
9.865509271621704102e-01
1.996096223592758179e-01
2.003072798252105713e-01
2.011654898524284363e-02
4.295789301395416260e-01
1.219222135841846466e-02
4.316155910491943359e-01
4.015133380889892578e-01
4.124417901039123535e-01
1.024873480200767517e-01
1.311053931713104248e-01
4.952728450298309326e-01
3.133104443550109863e-01
2.107784599065780640e-01
3.954531848430633545e-01
2.471428923308849335e-02
7.955218553543090820e-01
4.357934594154357910e-01
4.469609260559082031e-01
5.915774106979370117e-01
9.850758314132690430e-02
2.426494807004928589e-01
6.476892232894897461e-01
1.999164521694183350e-01
3.992891013622283936e-01
4.487595856189727783e-01
4.642060697078704834e-01
5.632924437522888184e-01
2.139063775539398193e-01
4.244548380374908447e-01
4.549434408545494080e-02
3.215046823024749756e-01
2.372743934392929077e-01
3.817082941532135010e-01
2.932871878147125244e-01
2.972338795661926270e-01
1.480631679296493530e-01
8.258006721735000610e-02
3.811320066452026367e-01
8.243126869201660156e-01
3.944565057754516602e-01
2.110500782728195190e-01
4.065077900886535645e-01
2.580035105347633362e-02
3.976624608039855957e-01
4.092893004417419434e-01
3.932232558727264404e-01
2.985419034957885742e-01
2.685187458992004395e-01
1.259718835353851318e-02
1.968628168106079102e-01
1.956693530082702637e-01
4.333925247192382812e-01
3.716791868209838867e-01
1.522254645824432373e-01
6.026434898376464844e-01
4.651987180113792419e-02
2.571627497673034668e-02
4.156489074230194092e-01
7.506967782974243164e-01
2.107323110103607178e-01
9.756864607334136963e-02
2.104303985834121704e-01
1.486177891492843628e-01
4.200646579265594482e-01
2.098861783742904663e-01
2.360908985137939453e-01
8.937815204262733459e-03
1.526473164558410645e-01
4.871185719966888428e-01
2.826147675514221191e-01
2.152528315782546997e-01
2.442412674427032471e-01
2.188702225685119629e-01
2.128476500511169434e-01
6.075445562601089478e-02
1.975986361503601074e-01
1.466180980205535889e-01
6.020281314849853516e-01
2.191649973392486572e-01
3.918121457099914551e-01
8.593566417694091797e-01
5.050348043441772461e-01
4.422641396522521973e-01
3.925479352474212646e-01
2.793495357036590576e-01
4.814862608909606934e-01
5.850131064653396606e-02
1.004088893532752991e-01
2.319712638854980469e-01
2.602841556072235107e-01
8.152382373809814453e-01
3.889093101024627686e-01
3.914491534233093262e-01
3.743605911731719971e-01
2.222076356410980225e-01
4.194746017456054688e-01
4.022834002971649170e-01
4.158488214015960693e-01
2.254189848899841309e-01
2.039816081523895264e-01
2.359064966440200806e-01
4.031993746757507324e-01
2.437259405851364136e-01
2.101993262767791748e-01
5.832610130310058594e-01
1.947000324726104736e-01
5.827372074127197266e-01
6.793310642242431641e-01
2.696942389011383057e-01
4.663850665092468262e-01
3.676901161670684814e-01
2.543978393077850342e-01
8.886055648326873779e-02
1.894083321094512939e-01
3.482989668846130371e-01
8.902023732662200928e-02
7.909656763076782227e-01
3.697169423103332520e-01
3.864144682884216309e-01
6.024014949798583984e-01
4.923397302627563477e-01
5.005733966827392578e-01
4.533533155918121338e-01
6.067510843276977539e-01
5.497324466705322266e-01
5.745038986206054688e-01
5.387802124023437500e-01
2.244225442409515381e-01
5.196444392204284668e-01
6.027349829673767090e-01
5.676504969596862793e-01
6.256138533353805542e-02
5.966813564300537109e-01
5.884543657302856445e-01
3.347694873809814453e-01
5.024703145027160645e-01
3.961927294731140137e-01
2.842843830585479736e-01
3.124589622020721436e-01
3.729601949453353882e-02
3.977459371089935303e-01
4.114397764205932617e-01
6.154903173446655273e-01
2.047496289014816284e-01
3.236384391784667969e-01
6.137660145759582520e-01
2.731494903564453125e-01
3.785330057144165039e-01
2.375584095716476440e-01
4.529953598976135254e-01
2.303471267223358154e-01
3.179230093955993652e-01
6.782088279724121094e-01
4.003834128379821777e-01
1.576409488916397095e-01
5.724895596504211426e-01
4.788935184478759766e-01
7.761489599943161011e-03
5.968080759048461914e-01
2.349277883768081665e-01
4.975850582122802734e-01
4.135369956493377686e-01
5.919511914253234863e-01
7.908834218978881836e-01
2.579647302627563477e-01
2.042465955018997192e-01
2.497664839029312134e-02
4.155735969543457031e-01
2.251393496990203857e-01
4.258409440517425537e-01
2.870777249336242676e-01
4.102544188499450684e-01
3.174682259559631348e-01
4.635249376296997070e-01
4.762642979621887207e-01
1.314250975847244263e-01
4.174144566059112549e-01
2.930030040442943573e-02
6.266030669212341309e-02
4.444741904735565186e-01
2.001287639141082764e-01
5.204864740371704102e-01
3.922613859176635742e-01
2.694910168647766113e-01
3.676353991031646729e-01
6.958615034818649292e-02
4.123922586441040039e-01
2.853490114212036133e-01
3.849278092384338379e-01
2.656630575656890869e-01
6.101512163877487183e-02
5.877643451094627380e-02
1.130063831806182861e-01
1.453090161085128784e-01
3.599077463150024414e-01
4.114542603492736816e-01
2.544018030166625977e-01
9.648945927619934082e-01
6.140727400779724121e-01
4.309278354048728943e-02
2.972600758075714111e-01
3.204611539840698242e-01
2.634816169738769531e-01
1.914388835430145264e-01
8.049459196627140045e-03
6.024376749992370605e-01
2.364813685417175293e-01
7.938169836997985840e-01
4.810391664505004883e-01
3.065244853496551514e-01
6.434488296508789062e-01
2.103080749511718750e-01
2.745890617370605469e-01
4.343807399272918701e-01
2.492644637823104858e-01
4.985530078411102295e-01
2.578625977039337158e-01
3.816892206668853760e-02
3.682691454887390137e-01
5.550234317779541016e-01
5.949718952178955078e-01
3.743996024131774902e-01
3.957303613424301147e-02
4.137187600135803223e-01
5.391179323196411133e-01
1.030534356832504272e-01
5.322870016098022461e-01
2.529734373092651367e-01
1.820874065160751343e-01
3.485163450241088867e-01
6.186485290527343750e-02
4.538782313466072083e-02
3.917102236300706863e-03
4.331899583339691162e-01
6.179671883583068848e-01
9.030634909868240356e-02
4.146749675273895264e-01
4.671517610549926758e-01
4.683761894702911377e-01
2.932558059692382812e-01
2.110701948404312134e-01
5.585725307464599609e-01
3.029555678367614746e-01
3.875940805301070213e-03
1.371076405048370361e-01
2.488122284412384033e-01
4.112495183944702148e-01
2.468710094690322876e-01
8.104059845209121704e-02
4.119843840599060059e-01
5.870596766471862793e-01
5.216159224510192871e-01
1.502632349729537964e-01
4.038417935371398926e-01
6.158255338668823242e-01
4.019463360309600830e-01
2.088434547185897827e-01
3.566581904888153076e-01
4.931631982326507568e-01
5.968143343925476074e-01
1.987100690603256226e-01
5.670980215072631836e-01
7.969276905059814453e-01
1.921300590038299561e-01
4.165982007980346680e-01
4.085569381713867188e-01
2.876386642456054688e-01
6.679182499647140503e-02
2.306298166513442993e-01
4.077671766281127930e-01
3.041108846664428711e-01
1.251609474420547485e-01
5.992762446403503418e-01
3.938097655773162842e-01
4.340826869010925293e-01
4.129687249660491943e-01
4.583988487720489502e-01
4.624532461166381836e-01
5.180119872093200684e-01
1.973121464252471924e-01
2.539340853691101074e-01
4.637146592140197754e-01
1.624018885195255280e-02
1.227465495467185974e-01
6.474319100379943848e-02
4.522522911429405212e-02
2.433012276887893677e-01
2.779653668403625488e-01
7.885356545448303223e-01
1.828581392765045166e-01
4.458657205104827881e-01
1.460847258567810059e-01
2.824255526065826416e-01
3.703931570053100586e-01
4.470638632774353027e-01
3.789366409182548523e-02
5.012437701225280762e-02
8.692907541990280151e-02
4.193203747272491455e-01
2.757777869701385498e-01
3.135553002357482910e-02
7.935384511947631836e-01
2.205665856599807739e-01
1.688693612813949585e-01
7.986457347869873047e-01
3.903640508651733398e-01
3.836073279380798340e-01
5.971242189407348633e-01
1.799892783164978027e-01
6.751822680234909058e-02
2.270799726247787476e-01
4.083654880523681641e-01
8.025223016738891602e-01
2.003275007009506226e-01
2.210369259119033813e-01
6.013391613960266113e-01
5.310467630624771118e-02
1.891255378723144531e-01
2.352238744497299194e-01
3.705218732357025146e-01
1.778166592121124268e-01
3.407916724681854248e-01
4.297176599502563477e-01
1.110796257853507996e-01
6.008398532867431641e-01
2.007853388786315918e-01
1.684873253107070923e-01
8.004570007324218750e-01
6.045675277709960938e-01
5.778781771659851074e-01
4.193983078002929688e-01
2.727200984954833984e-01
3.979828655719757080e-01
2.006192058324813843e-01
2.860637307167053223e-01
2.182933241128921509e-01
5.134104192256927490e-02
3.297683596611022949e-01
3.920806050300598145e-01
3.852219879627227783e-01
7.898625135421752930e-01
4.224306046962738037e-01
1.703987270593643188e-01
3.379222378134727478e-02
3.286348879337310791e-01
4.194645881652832031e-01
8.858362585306167603e-02
7.057491689920425415e-02
1.010901331901550293e-01
1.102864146232604980e-01
2.242254279553890228e-02
1.978567838668823242e-01
2.053109407424926758e-01
5.962169766426086426e-01
3.194568753242492676e-01
2.056053876876831055e-01
2.279944121837615967e-01
3.990861773490905762e-01
5.121669173240661621e-01
1.771421581506729126e-01
9.827738255262374878e-02
1.290281303226947784e-02
3.104063495993614197e-02
5.152492523193359375e-01
4.169697165489196777e-01
6.067433953285217285e-01
4.067000448703765869e-01
6.147630810737609863e-01
5.921703577041625977e-01
5.596388578414916992e-01
8.181914091110229492e-01
5.968356132507324219e-01
1.860120892524719238e-02
1.222819164395332336e-01
3.791220486164093018e-01
4.298886749893426895e-03
2.074335515499114990e-01
4.036626815795898438e-01
2.016821801662445068e-01
7.934015393257141113e-01
6.618492007255554199e-01
2.413901686668395996e-01
2.625467181205749512e-01
7.816210389137268066e-01
2.869674265384674072e-01
3.959215879440307617e-01
2.147206105291843414e-02
2.764769792556762695e-01
2.023512274026870728e-01
4.043869972229003906e-01
3.474282622337341309e-01
4.819397628307342529e-01
2.151482552289962769e-01
2.675086855888366699e-01
3.777345418930053711e-01
4.187782108783721924e-01
3.698913753032684326e-02
7.315154671669006348e-01
5.278096199035644531e-01
1.386297643184661865e-01
5.023522377014160156e-01
2.145590484142303467e-01
2.115095108747482300e-01
4.583377838134765625e-01
2.225301116704940796e-01
5.975023508071899414e-01
4.564950615167617798e-02
3.608612716197967529e-01
3.768385574221611023e-02
4.961210191249847412e-01
4.169041812419891357e-01
3.977959752082824707e-01
1.974870413541793823e-01
4.814308881759643555e-01
1.485583744943141937e-02
4.138140678405761719e-01
4.157888889312744141e-01
3.913715183734893799e-01
3.921270966529846191e-01
6.088883280754089355e-01
1.432217508554458618e-01
6.434391140937805176e-01
2.611356377601623535e-01
3.215164840221405029e-01
4.692495465278625488e-01
1.951505243778228760e-01
2.763195931911468506e-01
4.484174847602844238e-01
4.251753687858581543e-01
6.409325599670410156e-01
2.597595937550067902e-02
2.186367064714431763e-01
1.775882542133331299e-01
3.142007589340209961e-01
3.959719538688659668e-01
4.033344686031341553e-01
6.049066185951232910e-01
4.739291071891784668e-01
5.207270979881286621e-01
4.934405982494354248e-01
5.578705072402954102e-01
7.900102138519287109e-01
5.886916518211364746e-01
3.443247973918914795e-01
2.288677990436553955e-01
1.059765517711639404e-01
5.408696532249450684e-01
2.155537903308868408e-01
3.989759981632232666e-01
4.747851788997650146e-01
2.209596633911132812e-01
5.648641586303710938e-01
2.200987040996551514e-01
1.124863326549530029e-01
3.610901236534118652e-01
5.861198902130126953e-01
7.780167460441589355e-02
6.705667376518249512e-01
3.204756379127502441e-01
3.014743030071258545e-01
3.220536708831787109e-01
5.892767906188964844e-01
4.187247753143310547e-01
7.475181221961975098e-01
5.394216775894165039e-01
3.097067773342132568e-01
1.210842654109001160e-01
5.966228246688842773e-01
5.789760351181030273e-01
7.672770321369171143e-02
7.942434549331665039e-01
3.814066946506500244e-01
4.325668215751647949e-01
4.229845404624938965e-01
4.645508527755737305e-01
5.255434513092041016e-01
9.878772497177124023e-01
3.720504641532897949e-01
4.955040290951728821e-02
4.121171236038208008e-01
5.937646627426147461e-01
3.015876114368438721e-01
8.595832437276840210e-02
6.791843771934509277e-01
3.696916997432708740e-01
1.965691298246383667e-01
3.351575732231140137e-01
1.289797946810722351e-02
5.800874233245849609e-01
7.955093383789062500e-01
2.494787424802780151e-01
3.245368972420692444e-02
1.584268212318420410e-01
3.888500630855560303e-01
2.653453946113586426e-01
1.067977696657180786e-01
6.949104666709899902e-01
3.834490776062011719e-01
3.688862025737762451e-01
3.651200234889984131e-01
6.628544628620147705e-02
4.719782769680023193e-01
5.583029389381408691e-01
4.060072004795074463e-01
1.302223801612854004e-01
2.428732514381408691e-01
