2.944071032106876373e-02
2.363468593102879822e-05
6.961533427238464355e-01
6.588600808754563332e-04
3.660691082477569580e-01
4.633361939340829849e-03
9.081723093986511230e-01
7.550375163555145264e-02
3.667496912385104224e-06
9.999535679817199707e-01
1.755820401012897491e-02
1.949951983988285065e-02
1.984786801040172577e-02
1.134166587144136429e-02
2.023552544414997101e-03
7.285301685333251953e-01
1.671602717578934971e-06
9.659166336059570312e-01
5.216287821531295776e-02
6.859121471643447876e-02
2.145919576287269592e-02
2.178611457347869873e-01
3.835094161331653595e-03
5.648292899131774902e-01
8.985098600387573242e-01
5.131988227367401123e-02
1.781816482543945312e-01
3.606629557907581329e-03
5.748020410537719727e-01
5.409328639507293701e-02
5.611567199230194092e-02
1.227337293130403850e-06
1.287133246660232544e-02
1.138692349195480347e-01
1.087169814854860306e-02
4.552835971117019653e-02
7.162814140319824219e-01
4.462664946913719177e-03
2.498696858310722746e-06
8.244879245758056641e-01
1.035760971717536449e-03
4.758138582110404968e-02
4.490572027862071991e-03
2.055477797985076904e-01
1.948218196630477905e-01
9.861122965812683105e-01
1.934749889187514782e-05
9.633737802505493164e-01
6.632129848003387451e-02
9.911324596032500267e-04
4.955546464771032333e-03
4.775665700435638428e-03
3.578136116266250610e-02
1.898199298011604697e-05
7.152318954467773438e-01
5.435550585389137268e-03
3.141807019710540771e-01
8.862317539751529694e-03
4.544566571712493896e-01
5.161561071872711182e-02
8.302239328622817993e-02
3.120188921457156539e-06
7.237818837165832520e-01
2.239569835364818573e-02
4.642664194107055664e-01
7.627680897712707520e-03
4.777027666568756104e-02
6.097686290740966797e-01
3.840810433030128479e-02
1.476196630392223597e-04
7.402768731117248535e-01
2.427946962416172028e-02
4.526730161160230637e-03
5.981690064072608948e-02
1.298930030316114426e-02
5.418781638145446777e-01
4.498307534959167242e-04
9.542880654335021973e-01
1.288297027349472046e-02
6.456829607486724854e-02
1.016824040561914444e-02
1.613926887512207031e-02
4.948542919009923935e-03
2.849360927939414978e-02
1.594548957655206323e-04
7.594255805015563965e-01
1.500633265823125839e-02
2.206567674875259399e-01
1.106417924165725708e-01
8.072413504123687744e-02
4.962415620684623718e-02
8.234775123128201813e-06
7.153615355491638184e-01
8.793206885457038879e-03
3.126278221607208252e-01
7.243863306939601898e-03
1.733383536338806152e-01
2.085708230733871460e-01
1.079846479115076363e-04
8.315392136573791504e-01
4.344239085912704468e-02
2.319920212030410767e-01
1.061580143868923187e-02
3.602624929044395685e-05
6.799728423357009888e-02
4.357674717903137207e-02
2.990028588101267815e-04
9.499746561050415039e-01
1.623688824474811554e-02
6.271581351757049561e-02
1.501087099313735962e-02
3.165883570909500122e-02
3.398298472166061401e-02
2.145062608178704977e-04
7.662842869758605957e-01
1.259433757513761520e-02
2.192751318216323853e-01
8.546640165150165558e-03
2.887464761734008789e-01
5.444518849253654480e-02
