6.124733015894889832e-02
9.509069323539733887e-01
1.033163517713546753e-01
7.568083405494689941e-01
2.110434025526046753e-01
7.080954499542713165e-03
8.412497043609619141e-01
9.964568018913269043e-01
6.251219660043716431e-02
9.616167545318603516e-01
2.281645387411117554e-01
2.217996679246425629e-02
8.581288456916809082e-01
1.370661109685897827e-01
8.308767080307006836e-01
1.608532667160034180e-01
5.936899781227111816e-01
1.738807559013366699e-01
2.142623998224735260e-03
8.390926718711853027e-01
6.933832168579101562e-02
9.281909465789794922e-01
1.123490110039710999e-01
5.777466893196105957e-01
1.508063375949859619e-01
2.315582009032368660e-03
7.720766067504882812e-01
8.787322640419006348e-01
3.190677762031555176e-01
7.107822597026824951e-02
1.481799483299255371e-01
1.215837225317955017e-01
5.878848582506179810e-02
1.058281660079956055e-01
9.742580652236938477e-01
9.619036316871643066e-01
2.476631402969360352e-01
1.989073865115642548e-02
8.179516196250915527e-01
1.060748994350433350e-01
9.908816218376159668e-01
5.934222415089607239e-02
6.995100528001785278e-02
4.540868997573852539e-01
2.240744978189468384e-02
4.309529960155487061e-01
7.787526398897171021e-02
9.910798072814941406e-01
5.717900022864341736e-02
7.345857471227645874e-02
4.492818713188171387e-01
4.910249635577201843e-02
2.039479017257690430e-01
1.097559258341789246e-01
9.045752882957458496e-01
2.351357340812683105e-01
1.645599156618118286e-01
4.474963992834091187e-02
7.290492206811904907e-02
5.879830196499824524e-02
9.592932462692260742e-01
1.874382980167865753e-02
7.731837220489978790e-03
4.236263222992420197e-03
5.387620069086551666e-03
2.841942571103572845e-02
9.774015545845031738e-01
6.775762140750885010e-02
1.272921860218048096e-01
2.725536525249481201e-01
1.240351796150207520e-02
7.735173106193542480e-01
4.128084331750869751e-02
9.776383638381958008e-01
6.662418693304061890e-02
2.244759649038314819e-01
3.744964897632598877e-01
3.105274960398674011e-02
7.817449569702148438e-01
4.125912860035896301e-02
9.869825243949890137e-01
6.739170849323272705e-02
9.126541018486022949e-01
8.470130711793899536e-02
1.013815253973007202e-01
2.362730726599693298e-02
9.708611369132995605e-01
2.269531972706317902e-02
1.227586567401885986e-01
2.307535707950592041e-02
8.510670624673366547e-03
1.696114614605903625e-02
9.767531156539916992e-01
5.724456161260604858e-02
1.245602816343307495e-01
2.728820741176605225e-01
2.162678912281990051e-02
5.725495517253875732e-02
5.651729553937911987e-02
8.971309661865234375e-01
5.142696574330329895e-02
1.518141627311706543e-01
2.094051092863082886e-01
2.058886224403977394e-03
5.539985299110412598e-01
