4.218750000000000000e-01
4.218750000000000000e-01
3.750000000000000000e-01
2.001953125000000000e-01
2.355041503906250000e-01
1.045532226562500000e-01
1.497325897216796875e-01
5.078125000000000000e-01
2.451171875000000000e-01
2.451171875000000000e-01
2.301330566406250000e-01
1.252746582031250000e-01
1.597595214843750000e-01
4.218750000000000000e-01
4.218750000000000000e-01
4.140625000000000000e-01
2.031250000000000000e-01
2.525558471679687500e-01
1.076354980468750000e-01
1.575012207031250000e-01
4.218750000000000000e-01
4.218750000000000000e-01
3.769531250000000000e-01
2.001953125000000000e-01
2.377319335937500000e-01
1.046295166015625000e-01
1.512603759765625000e-01
5.078125000000000000e-01
2.451171875000000000e-01
5.266475677490234375e-02
1.240844726562500000e-01
5.616489052772521973e-02
6.223869323730468750e-02
4.140625000000000000e-01
4.140625000000000000e-01
2.265625000000000000e-01
1.182327270507812500e-01
1.103744506835937500e-01
1.186094284057617188e-01
4.218750000000000000e-01
4.218750000000000000e-01
3.681640625000000000e-01
2.041015625000000000e-01
2.524261474609375000e-01
1.078033447265625000e-01
1.544418334960937500e-01
4.218750000000000000e-01
4.218750000000000000e-01
3.759765625000000000e-01
2.001953125000000000e-01
2.386398315429687500e-01
1.046905517578125000e-01
1.516485214233398438e-01
4.218750000000000000e-01
4.218750000000000000e-01
4.140625000000000000e-01
1.663818359375000000e-01
4.128719121217727661e-02
8.708286285400390625e-02
4.218750000000000000e-01
4.218750000000000000e-01
3.681640625000000000e-01
1.884765625000000000e-01
1.081848144531250000e-01
7.294273376464843750e-02
4.218750000000000000e-01
4.218750000000000000e-01
3.769531250000000000e-01
2.021484375000000000e-01
2.258453369140625000e-01
1.077651977539062500e-01
1.540203094482421875e-01
4.218750000000000000e-01
4.218750000000000000e-01
3.750000000000000000e-01
2.001953125000000000e-01
2.370147705078125000e-01
1.046905517578125000e-01
1.522102355957031250e-01
4.218750000000000000e-01
4.218750000000000000e-01
3.769531250000000000e-01
2.001953125000000000e-01
2.514648437500000000e-01
1.072597503662109375e-01
4.218750000000000000e-01
4.218750000000000000e-01
3.759765625000000000e-01
2.021484375000000000e-01
2.299957275390625000e-01
9.325408935546875000e-02
4.218750000000000000e-01
4.218750000000000000e-01
3.750000000000000000e-01
2.001953125000000000e-01
2.380523681640625000e-01
1.064758300781250000e-01
1.393318176269531250e-01
4.218750000000000000e-01
4.218750000000000000e-01
3.750000000000000000e-01
2.001953125000000000e-01
2.356185913085937500e-01
1.046218872070312500e-01
1.514148712158203125e-01
