2.747463996593768609e-01
2.668077684938907623e-01
2.772859237515009623e-01
2.790231645250549897e-01
2.750050018613154901e-01
1.126023337240509986e-01
2.455097766449818308e-01
2.512176896517093194e-01
2.771758921444416046e-01
1.800466874757638280e-01
2.588232950522349474e-01
2.672786498084090967e-01
2.733462051703379747e-01
2.844226881861686707e-01
6.320367599479280452e-02
2.457580970456967051e-01
2.720429814205719832e-01
1.299945478990244263e-01
2.417291488785009990e-01
2.587572202946131217e-01
2.641317385893601766e-01
2.012644364283635023e-01
2.438089462856833645e-01
2.527939118803120833e-01
2.621617941902233961e-01
7.985097311365489670e-02
2.430727788462088701e-01
2.801661032896775594e-01
2.740935454001793281e-01
1.336207067495426837e-01
2.472068951106988488e-01
2.461549421915641134e-01
2.593929389348396675e-01
1.877666276234846721e-01
2.482839516149117354e-01
2.466363340186384923e-01
2.588498380321722636e-01
7.670159453034731956e-02
8.222168547889360801e-02
8.376069667820747189e-02
9.329460349936898045e-02
7.688879685701976996e-02
7.010293039135061244e-02
8.663350769963401588e-02
9.262950403185990500e-02
8.586182542001971618e-02
8.751728271062557407e-02
8.500033366278959834e-02
2.518462633284238583e-01
2.477007301954122775e-01
8.454644238419789515e-02
2.486532734563717539e-01
2.411847545836980633e-01
2.427619165525986555e-01
1.728283575234504932e-01
2.265081500204709775e-01
2.353167589037464258e-01
2.391374854800792926e-01
2.570643155620648268e-01
1.177455250514098106e-01
2.354562383574935192e-01
2.547392708321030153e-01
2.596023204521490935e-01
1.963538495967021291e-01
2.497916600595299907e-01
2.507051157478529801e-01
2.595339216865025778e-01
1.328472041417486371e-01
2.397331919234532704e-01
2.497063230436581960e-01
2.533740968658373949e-01
2.012830144510819319e-01
2.518337901251820332e-01
2.404386859673720012e-01
2.517729980441240079e-01
1.179595147801032612e-01
1.236468553005789367e-01
1.284427065223168740e-01
1.490314789116382599e-01
1.309824829580835404e-01
1.332033596923933028e-01
2.325868265560040171e-01
2.500516197715814126e-01
1.670705365473762749e-01
2.329747183785702280e-01
2.488886305095198148e-01
2.428770573953023260e-01
2.547385007716141958e-01
1.739687392344841654e-01
2.099826864857907149e-01
2.363293241763200769e-01
2.460594386793673038e-01
1.936415665997908708e-01
2.409425387158989906e-01
2.538698940322949293e-01
2.042377740144729614e-01
1.949090072168753740e-01
2.041716045485093001e-01
2.246561423660470846e-01
2.307776573758859029e-01
2.455183284787031406e-01
