2.642058767378330231e-02
2.600534260272979736e-01
1.630988717079162598e-01
9.988310933113098145e-01
7.310433685779571533e-02
9.927729368209838867e-01
9.260960817337036133e-01
9.807596206665039062e-01
3.266455605626106262e-03
8.311733007431030273e-01
5.049421191215515137e-01
9.772587418556213379e-01
4.444128274917602539e-02
9.947801828384399414e-01
6.006801724433898926e-01
4.375031590461730957e-01
7.058290243148803711e-01
9.999985694885253906e-01
6.219930946826934814e-02
5.970914959907531738e-01
4.315566718578338623e-01
9.982734918594360352e-01
3.342715324833989143e-03
9.395612031221389771e-02
9.824166297912597656e-01
9.837467074394226074e-01
3.883861377835273743e-02
4.944497253745794296e-03
1.859905780293047428e-03
4.660319536924362183e-04
3.810944408178329468e-02
9.994495511054992676e-01
1.748574152588844299e-02
9.948468804359436035e-01
6.071591973304748535e-01
9.939375519752502441e-01
5.104941315948963165e-03
1.141360029578208923e-02
9.470455646514892578e-01
9.760909676551818848e-01
3.157341480255126953e-02
3.279726020991802216e-03
1.843145349994301796e-03
3.759474456310272217e-01
8.092255592346191406e-01
9.993910789489746094e-01
8.841196298599243164e-01
9.866480827331542969e-01
7.811512947082519531e-01
9.850219488143920898e-01
8.214606903493404388e-03
7.659799605607986450e-02
7.176898419857025146e-02
9.738587141036987305e-01
3.573411330580711365e-02
9.991878867149353027e-01
9.138574600219726562e-01
1.697717607021331787e-02
2.906003966927528381e-03
1.453469227999448776e-02
3.918013721704483032e-02
1.651711761951446533e-02
2.886597439646720886e-02
4.712834197562187910e-06
7.898112386465072632e-02
1.575088314712047577e-02
1.015216484665870667e-02
1.698002335615456104e-03
2.099317265674471855e-03
1.561373472213745117e-03
1.808176934719085693e-02
8.295500278472900391e-01
3.962754737585783005e-03
2.892632223665714264e-02
9.907634258270263672e-01
5.186720518395304680e-04
7.482341956347227097e-03
9.846953153610229492e-01
3.732708049938082695e-03
9.749741293489933014e-03
3.267785534262657166e-02
9.812315106391906738e-01
1.962212100625038147e-02
1.834248304367065430e-01
1.436843629926443100e-02
9.138864874839782715e-01
5.131660103797912598e-01
1.912269145250320435e-01
9.966123700141906738e-01
1.244479644810780883e-04
5.060572922229766846e-02
9.862218499183654785e-01
1.259629148989915848e-03
9.379249215126037598e-01
1.507258862257003784e-01
9.771755933761596680e-01
4.855371639132499695e-02
5.044003948569297791e-03
1.000000238418579102e+00
8.749765157699584961e-01
9.697386026382446289e-01
7.665559053421020508e-01
9.854436516761779785e-01
8.828826248645782471e-03
4.040675163269042969e-01
9.804930090904235840e-01
2.873972244560718536e-02
1.782034337520599365e-01
4.038715660572052002e-01
9.743654131889343262e-01
6.351020187139511108e-02
9.324901103973388672e-01
8.376319408416748047e-01
3.010886162519454956e-02
5.592619776725769043e-01
7.550675868988037109e-01
9.998210072517395020e-01
2.493515163660049438e-01
9.386926293373107910e-01
8.793634772300720215e-01
1.822517253458499908e-02
8.824925422668457031e-01
1.618579179048538208e-01
5.952143110334873199e-04
3.301531774923205376e-03
3.129108808934688568e-03
3.826562315225601196e-02
9.829486012458801270e-01
6.294748932123184204e-02
8.487012237310409546e-02
9.916117191314697266e-01
6.688181757926940918e-01
9.947122931480407715e-01
9.865266680717468262e-01
9.766770005226135254e-01
1.071882341057062149e-02
4.061601310968399048e-02
9.721294641494750977e-01
1.433341577649116516e-02
1.326248887926340103e-02
1.293383259326219559e-02
4.011868834495544434e-01
9.710997343063354492e-01
2.240330725908279419e-01
9.964343905448913574e-01
1.017453148961067200e-02
7.185666561126708984e-01
9.619328975677490234e-01
9.801513552665710449e-01
1.782165467739105225e-02
6.874437630176544189e-02
9.584488272666931152e-01
3.654823824763298035e-02
1.631289273500442505e-01
9.993122816085815430e-01
8.762385249137878418e-01
8.302658200263977051e-01
7.764863967895507812e-01
9.917157888412475586e-01
9.792167544364929199e-01
8.737154006958007812e-01
7.765073776245117188e-01
9.744289517402648926e-01
2.099350839853286743e-02
1.692105829715728760e-02
9.675472974777221680e-01
4.603558778762817383e-02
2.052807062864303589e-02
1.331901177763938904e-02
5.355964303016662598e-01
2.993155084550380707e-02
7.846203446388244629e-01
9.999323487281799316e-01
5.776194930076599121e-01
9.903824925422668457e-01
9.694489240646362305e-01
9.948281645774841309e-01
9.988659620285034180e-01
1.290454119443893433e-01
3.599252179265022278e-02
5.939438007771968842e-03
5.671583930961787701e-04
2.762704156339168549e-02
7.774868011474609375e-01
9.758234620094299316e-01
4.917720556259155273e-01
9.998976588249206543e-01
9.864133000373840332e-01
9.537802338600158691e-01
6.776354312896728516e-01
9.989261627197265625e-01
1.329610031098127365e-02
2.155184000730514526e-02
3.249658271670341492e-02
9.810336828231811523e-01
2.015374047914519906e-04
2.000659331679344177e-02
9.889459609985351562e-01
9.300784468650817871e-01
7.427893877029418945e-01
9.989981651306152344e-01
6.203072667121887207e-01
7.183194160461425781e-01
3.505808115005493164e-01
9.929891228675842285e-01
1.254109200090169907e-02
2.828637361526489258e-01
1.868594624102115631e-02
9.687851667404174805e-01
4.567647352814674377e-02
2.206862866878509521e-01
8.726214766502380371e-01
8.943402767181396484e-01
5.623314976692199707e-01
9.977048635482788086e-01
9.147394895553588867e-01
9.664275646209716797e-01
8.455281257629394531e-01
9.692486524581909180e-01
2.161316201090812683e-02
1.493209451436996460e-01
2.826840616762638092e-02
9.593297243118286133e-01
5.932740867137908936e-02
6.763014793395996094e-01
