2.503390059931777101e-01
3.178494697651610967e-01
2.343013690176751207e-01
2.274188293095606439e-01
2.352686027029099458e-01
1.700903592707338485e-01
2.377214387972624299e-01
1.847881186941567055e-01
2.178894380396321495e-01
2.670505210553528741e-01
2.329738770472781217e-01
1.734891277379714547e-01
2.684167544256734761e-01
3.672936866776301268e-01
1.739676158467773348e-01
2.198006482271571693e-01
3.487700929052572341e-01
2.199265194540203083e-01
2.435282753543175915e-01
2.494250047513140445e-01
3.779421808341374978e-01
3.529868498030387380e-01
3.389843227073120469e-01
3.137075275433464649e-01
3.129266940791589624e-01
2.955713069442516550e-01
3.576546701101156467e-01
3.371297229761974212e-01
4.334741774409149873e-01
4.257077832992833266e-01
3.167661912022874948e-01
3.697973658115817908e-01
3.565613509943851844e-01
4.850965921695415961e-01
4.224443378356786960e-01
3.596927924798085097e-01
3.468596870796038512e-01
2.548122741484873388e-01
2.870712538357250709e-01
2.299041893185438667e-01
3.429224493582016531e-01
3.759528800970845519e-01
3.020708313650594667e-01
2.505408202906927451e-01
3.245458577114802012e-01
3.052222169935703278e-01
3.080287014599889517e-01
2.268694796836756011e-01
3.378409796322767722e-01
3.585876917036679989e-01
2.796786420803982764e-01
3.514806669778548498e-01
3.467846524256926188e-01
3.687804994674829251e-01
3.620324924301642766e-01
4.168806525950248254e-01
3.409084815450044714e-01
3.032117671189972774e-01
3.949318836228205565e-01
3.156235049728610687e-01
2.659924001647875902e-01
4.296568506039105673e-01
3.938575416731719958e-01
2.737859510458432455e-01
2.802227860173353569e-01
3.416462408092159619e-01
3.568645429152708659e-01
3.113495421577961442e-01
3.998864614046536703e-01
3.013020708010746840e-01
3.563409906167250285e-01
3.767026433577904121e-01
3.733513329464655528e-01
3.143887250917032361e-01
3.341410376418095241e-01
3.308750170306233307e-01
3.558015639965350640e-01
3.486435736010137787e-01
3.636138688486356130e-01
3.580872313334391710e-01
3.304474330865420084e-01
4.173631765521489401e-01
3.792881386784406894e-01
3.438515099383389062e-01
2.815541695230282526e-01
3.870678750368264920e-01
2.678203455244119180e-01
2.378402428271678692e-01
3.804545608850625760e-01
2.569950586901261214e-01
3.241312762435812345e-01
3.831192816679294122e-01
3.633687534871009595e-01
3.857966343370767826e-01
2.724623869244868768e-01
4.458874971247636099e-01
4.435168688113872992e-01
4.029246213344427341e-01
4.407537361750236138e-01
3.123609217224069257e-01
3.012176992801519626e-01
