2.503379248082637787e-03
8.084730505943298340e-01
1.630472540855407715e-01
3.894711658358573914e-02
1.924505271017551422e-02
3.833631277084350586e-01
3.446597456932067871e-01
1.789566278457641602e-01
2.385651171207427979e-01
5.962491035461425781e-01
4.139583408832550049e-01
4.243240952491760254e-01
3.172399401664733887e-01
2.103840559720993042e-02
4.680942595005035400e-01
2.314192801713943481e-01
2.675420045852661133e-01
2.225772142410278320e-01
4.089948832988739014e-01
2.848097383975982666e-01
4.109492301940917969e-01
1.740176379680633545e-01
6.299949716776609421e-03
1.189723089337348938e-01
2.416535019874572754e-01
3.380375504493713379e-01
4.071562085300683975e-03
6.919325795024633408e-03
7.983057498931884766e-01
1.828451454639434814e-02
5.975073575973510742e-02
6.003310680389404297e-01
2.928022146224975586e-01
2.219075709581375122e-01
2.276308089494705200e-02
3.998073935508728027e-01
1.894006878137588501e-01
4.294758141040802002e-01
3.576179444789886475e-01
4.046641755849123001e-03
6.425023078918457031e-03
2.842504382133483887e-01
5.644198507070541382e-02
6.635359954088926315e-03
2.038331925868988037e-01
4.997152686119079590e-01
1.128116846084594727e-01
9.817776829004287720e-02
2.017215490341186523e-01
5.867312550544738770e-01
4.611090570688247681e-02
1.406764835119247437e-01
6.303128786385059357e-03
4.670393653213977814e-03
5.446090102195739746e-01
7.144893705844879150e-02
4.911911115050315857e-02
2.340328544378280640e-01
3.055797815322875977e-01
8.851645886898040771e-02
2.657321095466613770e-01
5.092527717351913452e-03
2.663978748023509979e-02
3.639688789844512939e-01
8.686371892690658569e-02
3.554340219125151634e-03
3.160974010825157166e-03
4.288730919361114502e-01
1.729256212711334229e-01
4.414939880371093750e-02
4.515808075666427612e-02
3.295833617448806763e-02
2.598105370998382568e-01
5.402810499072074890e-02
6.262306123971939087e-02
3.497795388102531433e-02
1.620530039072036743e-01
8.921081572771072388e-02
3.766131354495882988e-03
5.641315132379531860e-03
2.274305820465087891e-01
1.265465170145034790e-01
2.989221736788749695e-02
3.800646588206291199e-02
5.920137763023376465e-01
4.158164560794830322e-02
2.137855887413024902e-01
2.287508547306060791e-01
2.143903374671936035e-01
1.536279469728469849e-01
1.448247283697128296e-01
2.733725588768720627e-03
4.860454238951206207e-03
6.113210916519165039e-01
5.260246619582176208e-02
2.447520643472671509e-01
2.337196283042430878e-02
4.056291580200195312e-01
3.859018683433532715e-01
4.817983508110046387e-02
5.744569469243288040e-03
2.049831748008728027e-01
2.024134248495101929e-01
3.677345812320709229e-02
1.203399803489446640e-02
4.390952643007040024e-03
7.984274625778198242e-01
6.679362058639526367e-02
4.022064805030822754e-02
2.054777741432189941e-02
8.023908734321594238e-01
5.700687766075134277e-01
3.573021888732910156e-01
1.567544192075729370e-01
4.959910809993743896e-01
1.563589721918106079e-01
7.053961604833602905e-02
5.840995814651250839e-03
2.113223308697342873e-03
4.145464599132537842e-01
7.549034059047698975e-02
1.518236249685287476e-01
4.904739558696746826e-02
4.017447233200073242e-01
2.263609319925308228e-01
1.110184267163276672e-01
4.952748492360115051e-02
4.108706414699554443e-01
9.847197681665420532e-02
1.094788387417793274e-01
8.672900497913360596e-03
1.976042520254850388e-03
8.141024708747863770e-01
2.251321226358413696e-01
4.149284586310386658e-02
1.090038847178220749e-02
2.128395438194274902e-01
2.121089696884155273e-01
5.692005902528762817e-02
1.308199614286422729e-01
2.079904973506927490e-01
5.631770491600036621e-01
2.351320981979370117e-01
2.401471138000488281e-03
4.625570960342884064e-03
9.442553520202636719e-01
3.702541887760162354e-01
6.322672963142395020e-02
1.892402619123458862e-01
5.976036787033081055e-01
1.524907052516937256e-01
2.944703698158264160e-01
9.670945815742015839e-03
2.080240398645401001e-01
1.051930431276559830e-02
3.658856451511383057e-02
2.305786311626434326e-02
3.692722180858254433e-03
4.309416711330413818e-01
3.480295240879058838e-01
1.969949007034301758e-01
1.916913390159606934e-01
3.854333609342575073e-02
3.047040104866027832e-01
3.048893809318542480e-01
2.633377611637115479e-01
1.432086676359176636e-01
2.114760726690292358e-01
1.805988997220993042e-01
5.069211721420288086e-01
2.611501887440681458e-02
6.738070398569107056e-02
2.397407293319702148e-01
2.318827509880065918e-01
7.921679615974426270e-01
2.688534557819366455e-01
1.859168112277984619e-01
6.724625825881958008e-02
3.641930967569351196e-02
7.203620076179504395e-01
3.156738877296447754e-01
4.970608949661254883e-01
4.452729225158691406e-01
8.350975112989544868e-04
1.521520316600799561e-01
2.761200442910194397e-02
3.099520131945610046e-02
1.752142310142517090e-01
1.620764285326004028e-01
2.997548580169677734e-01
1.994966566562652588e-01
3.846118226647377014e-02
1.202974766492843628e-01
1.249413713812828064e-01
1.892400383949279785e-01
5.019592046737670898e-01
1.223016763105988503e-03
2.651014029979705811e-01
6.341888569295406342e-03
1.854888349771499634e-02
5.985656380653381348e-01
1.216326132416725159e-01
2.284205257892608643e-01
1.197570818476378918e-03
2.460871823132038116e-03
2.567419111728668213e-01
5.484053865075111389e-03
2.443484216928482056e-01
8.660216927528381348e-01
1.436600089073181152e-02
6.838440299034118652e-01
5.336765646934509277e-01
4.949851334095001221e-02
3.840768933296203613e-01
6.390266418457031250e-01
2.776297330856323242e-01
2.545802295207977295e-01
1.997103989124298096e-01
7.986571192741394043e-01
3.686933815479278564e-01
2.791297137737274170e-01
5.092220902442932129e-01
6.904614856466650963e-04
7.695415019989013672e-01
4.237819314002990723e-01
3.005919754505157471e-01
2.687600255012512207e-02
1.169856041669845581e-01
4.130758345127105713e-01
4.795897006988525391e-01
9.637731313705444336e-02
2.920159399509429932e-01
2.643843293190002441e-01
2.565751969814300537e-01
5.964230298995971680e-01
3.190540708601474762e-03
4.232118427753448486e-01
2.429148554801940918e-01
6.000972986221313477e-01
1.497864257544279099e-02
4.272048473358154297e-01
1.170110404491424561e-01
2.773969471454620361e-01
5.596704431809484959e-04
3.686546385288238525e-01
3.230448067188262939e-01
9.128214418888092041e-02
5.746572017669677734e-01
7.268205285072326660e-03
3.989588618278503418e-01
3.162063062191009521e-01
2.095421999692916870e-01
5.131630972027778625e-02
2.706138789653778076e-01
4.803635478019714355e-01
2.240248322486877441e-01
3.521828353404998779e-01
5.140989422798156738e-01
2.042054831981658936e-01
1.296071857213973999e-01
6.061407923698425293e-01
4.008921235799789429e-02
6.020326614379882812e-01
6.504914164543151855e-01
2.889921702444553375e-02
3.278642147779464722e-02
2.648781239986419678e-01
2.280934154987335205e-01
2.573658227920532227e-01
1.013406366109848022e-01
1.597522050142288208e-01
1.888691037893295288e-01
3.790988028049468994e-01
7.986440658569335938e-01
4.138977732509374619e-03
5.822029113769531250e-01
4.040093123912811279e-01
1.611979305744171143e-01
2.053271681070327759e-01
2.472956627607345581e-01
6.044130921363830566e-01
1.342012137174606323e-01
1.616349816322326660e-01
1.680059283971786499e-01
8.083682060241699219e-01
1.706817001104354858e-01
5.941630601882934570e-01
1.846616738475859165e-03
3.096258640289306641e-01
4.302892088890075684e-01
1.752915233373641968e-01
9.785374253988265991e-02
3.956474065780639648e-01
1.685313284397125244e-01
7.599826902151107788e-02
8.476941287517547607e-02
1.853969693183898926e-01
1.816168427467346191e-01
2.519544363021850586e-01
5.755392313003540039e-01
5.655226763337850571e-03
3.993084430694580078e-01
1.217674463987350464e-01
2.228514403104782104e-01
4.847090318799018860e-02
2.413503676652908325e-01
4.614031016826629639e-01
2.869050018489360809e-02
4.490085318684577942e-02
2.597438693046569824e-01
3.365440666675567627e-01
6.724695861339569092e-02
8.110784888267517090e-01
1.648692879825830460e-03
2.296823710203170776e-01
2.198813557624816895e-01
1.899326145648956299e-01
2.051870226860046387e-01
2.280988991260528564e-01
2.021095752716064453e-01
4.113467633724212646e-01
2.561090588569641113e-01
8.809161782264709473e-01
4.106969237327575684e-01
4.833004474639892578e-01
4.664198160171508789e-01
4.077866673469543457e-01
9.634450823068618774e-02
3.816823661327362061e-01
1.169674471020698547e-01
7.873426377773284912e-02
1.319354921579360962e-01
2.849795222282409668e-01
3.946759998798370361e-01
1.106339395046234131e-01
2.055932730436325073e-01
3.991372883319854736e-01
4.036819934844970703e-01
5.866625905036926270e-01
4.169571697711944580e-01
4.732605814933776855e-01
4.987721443176269531e-01
1.779437251389026642e-02
2.776291966438293457e-01
2.190833687782287598e-01
3.686842620372772217e-01
4.119345247745513916e-01
2.036679983139038086e-01
4.604105055332183838e-01
4.149215221405029297e-01
6.198828816413879395e-01
4.204466938972473145e-01
3.954924643039703369e-01
4.334904551506042480e-01
2.052631676197052002e-01
3.462183289229869843e-03
2.355273067951202393e-01
2.428232580423355103e-01
1.554451882839202881e-01
2.600808739662170410e-01
1.478781364858150482e-02
2.148716896772384644e-01
4.506440758705139160e-01
1.593008637428283691e-01
6.052141189575195312e-01
4.708896279335021973e-01
7.782516479492187500e-01
3.131839334964752197e-01
4.068092405796051025e-01
6.600858569145202637e-01
3.292333781719207764e-01
4.274159371852874756e-01
9.825305640697479248e-02
1.909668296575546265e-01
2.067717015743255615e-01
5.753824114799499512e-01
3.729538917541503906e-01
6.859100461006164551e-01
3.986904323101043701e-01
3.955610468983650208e-02
4.964388012886047363e-01
1.953459233045578003e-01
3.460147976875305176e-02
1.704060435295104980e-01
2.668655812740325928e-01
4.233525097370147705e-01
1.461297040805220604e-03
5.098811388015747070e-01
2.857715785503387451e-01
7.111769318580627441e-01
5.986644625663757324e-01
5.888010263442993164e-01
4.000022411346435547e-01
2.362399846315383911e-01
5.572422146797180176e-01
1.046247407793998718e-01
3.896975517272949219e-01
2.221448123455047607e-01
6.017267107963562012e-01
2.464727461338043213e-01
1.203177198767662048e-01
3.098302781581878662e-01
2.652814388275146484e-01
4.208792746067047119e-01
5.757855176925659180e-01
6.067351102828979492e-01
5.751228332519531250e-01
3.867247402667999268e-01
2.822248041629791260e-01
4.067543745040893555e-01
4.708707928657531738e-01
5.554015561938285828e-02
1.568960547447204590e-01
3.878249824047088623e-01
1.771219670772552490e-01
6.232007145881652832e-01
5.974438190460205078e-01
2.643907368183135986e-01
6.135523915290832520e-01
4.779353439807891846e-01
4.670822024345397949e-01
2.670499030500650406e-03
2.095992490649223328e-02
4.095937684178352356e-02
2.677782773971557617e-01
5.499217510223388672e-01
5.952210426330566406e-01
7.258405089378356934e-01
3.557195067405700684e-01
7.505806088447570801e-01
5.835740566253662109e-01
5.794939398765563965e-01
1.463427245616912842e-01
2.085757404565811157e-01
3.947745263576507568e-01
4.039454460144042969e-01
5.526586174964904785e-01
3.418760895729064941e-01
4.094846844673156738e-01
2.769268751144409180e-01
2.056581079959869385e-01
4.631382524967193604e-01
4.562864899635314941e-01
8.793785818852484226e-04
7.931880354881286621e-01
7.408788204193115234e-01
3.779708147048950195e-01
2.117272913455963135e-01
1.508878916501998901e-02
1.231602802872657776e-01
8.244763612747192383e-01
2.606469690799713135e-01
1.473399344831705093e-02
3.653327524662017822e-01
5.460224151611328125e-01
5.987360477447509766e-01
3.845202922821044922e-01
2.170485407114028931e-01
9.326981008052825928e-02
2.715671062469482422e-01
1.350248157978057861e-01
1.906345635652542114e-01
2.297715693712234497e-01
3.420115113258361816e-01
1.112206131219863892e-01
5.357905626296997070e-01
2.290640324354171753e-01
5.890763401985168457e-01
3.828913569450378418e-01
3.970701694488525391e-01
3.992151021957397461e-01
1.188561022281646729e-01
4.190595746040344238e-01
2.241822630167007446e-01
7.527139186859130859e-01
4.100554585456848145e-01
7.678511142730712891e-01
5.795609951019287109e-02
2.762543559074401855e-01
2.648183107376098633e-01
5.920096039772033691e-01
6.115630865097045898e-01
3.144782781600952148e-01
2.497372776269912720e-02
1.607793569564819336e-02
3.426079871132969856e-03
9.445029497146606445e-02
1.352018117904663086e-01
1.955676227807998657e-01
2.877048254013061523e-01
7.589617371559143066e-02
1.524851620197296143e-01
2.569594085216522217e-01
3.658207952976226807e-01
9.988502860069274902e-01
3.979996740818023682e-01
7.229462265968322754e-03
5.586863681674003601e-02
2.113562375307083130e-01
1.931965798139572144e-01
3.627563128247857094e-03
1.702326238155364990e-01
1.592524647712707520e-01
4.753347337245941162e-01
2.111183106899261475e-02
5.081463456153869629e-01
4.542073607444763184e-01
7.886111140251159668e-01
2.627294063568115234e-01
3.414030419662594795e-03
3.026669025421142578e-01
3.792321085929870605e-01
1.849260479211807251e-01
1.028789728879928589e-01
1.706008017063140869e-01
7.183143496513366699e-02
3.566931486129760742e-01
4.176030457019805908e-01
5.426142811775207520e-01
2.266452610492706299e-01
7.616291046142578125e-01
6.141415238380432129e-01
2.012273967266082764e-01
2.633546590805053711e-01
1.766030639410018921e-01
9.509652107954025269e-02
2.466961294412612915e-01
5.648648142814636230e-01
4.257572889328002930e-01
2.272484302520751953e-01
1.877652555704116821e-01
3.562848269939422607e-01
5.674542188644409180e-01
5.730534791946411133e-01
7.595875263214111328e-01
6.042374372482299805e-01
4.113465547561645508e-01
2.387914508581161499e-01
1.700651831924915314e-02
7.701418548822402954e-02
1.766086965799331665e-01
2.189121842384338379e-01
5.505201965570449829e-02
3.440344333648681641e-02
4.076613783836364746e-01
3.454168438911437988e-01
5.808466076850891113e-01
5.942553281784057617e-01
2.458875626325607300e-01
2.159463167190551758e-01
2.066079229116439819e-01
3.057688176631927490e-01
1.874595182016491890e-04
2.710603177547454834e-01
3.638972938060760498e-01
2.005100101232528687e-01
1.896381080150604248e-01
2.818651795387268066e-01
2.040394097566604614e-01
7.661109566688537598e-01
7.931623458862304688e-01
2.018482685089111328e-01
2.340005487203598022e-01
4.779458642005920410e-01
4.050869345664978027e-01
5.925171077251434326e-02
3.508710861206054688e-01
1.921543106436729431e-02
1.004927903413772583e-01
1.394286453723907471e-01
2.994243986904621124e-02
1.109360381960868835e-01
2.999374270439147949e-01
2.886453866958618164e-01
1.978182494640350342e-01
4.484571516513824463e-01
1.329732090234756470e-01
2.685489356517791748e-01
6.418016273528337479e-04
7.956357300281524658e-02
4.852409958839416504e-01
4.390277266502380371e-01
4.652506485581398010e-02
2.293374091386795044e-01
2.245221883058547974e-01
6.119219064712524414e-01
1.911832541227340698e-01
6.144823972135782242e-03
2.544517219066619873e-01
3.353374004364013672e-01
1.942869275808334351e-01
1.374918036162853241e-03
3.051184117794036865e-01
5.241974592208862305e-01
6.411881446838378906e-01
3.712034970521926880e-02
6.753059029579162598e-01
2.920378744602203369e-01
8.051233887672424316e-01
4.677336812019348145e-01
2.306769490242004395e-01
4.064912796020507812e-01
6.853583455085754395e-01
4.034635424613952637e-01
2.239381661638617516e-03
4.830455780029296875e-02
4.149682223796844482e-01
5.014283657073974609e-01
6.156091019511222839e-02
4.466623067855834961e-02
4.284836649894714355e-01
2.793655097484588623e-01
3.901572823524475098e-01
5.069636106491088867e-01
5.662181973457336426e-02
2.774224579334259033e-01
3.275346755981445312e-01
6.990806013345718384e-02
1.314853131771087646e-01
2.199546247720718384e-01
2.269677817821502686e-01
2.868158742785453796e-02
2.327011227607727051e-01
2.090591341257095337e-01
2.190042287111282349e-01
3.837526738643646240e-01
1.940611749887466431e-02
9.720219969749450684e-01
2.680460512638092041e-01
2.106382250785827637e-01
3.587481677532196045e-01
1.774516403675079346e-01
1.462006866931915283e-01
4.607840180397033691e-01
3.914082646369934082e-01
9.426080435514450073e-02
1.585579216480255127e-01
5.946654081344604492e-01
2.022645622491836548e-01
1.976388245820999146e-01
5.861369967460632324e-01
3.826992511749267578e-01
1.434372179210186005e-02
3.467070758342742920e-01
5.523599982261657715e-01
2.181743532419204712e-01
2.034572185948491096e-03
4.170939326286315918e-01
2.608852386474609375e-01
4.701280593872070312e-01
6.095365285873413086e-01
2.264791429042816162e-01
3.846371769905090332e-01
4.649314880371093750e-01
3.982254564762115479e-01
4.564594943076372147e-03
2.318718284368515015e-01
3.505621105432510376e-03
9.123041294515132904e-03
1.083771735429763794e-01
8.998278528451919556e-02
6.973044574260711670e-02
4.634162783622741699e-01
4.751685559749603271e-01
2.050021290779113770e-01
7.710105180740356445e-02
3.857471942901611328e-01
1.837878376245498657e-01
3.814432770013809204e-02
6.811097860336303711e-01
4.151745140552520752e-01
2.672282755374908447e-01
2.069392502307891846e-01
5.042054653167724609e-01
3.644688129425048828e-01
4.002960622310638428e-01
2.506789267063140869e-01
5.234868526458740234e-01
1.000281274318695068e-01
5.891577601432800293e-01
1.350073516368865967e-01
1.944895088672637939e-01
2.023978233337402344e-01
1.799145638942718506e-01
5.313369631767272949e-02
1.925137126818299294e-03
6.489961594343185425e-02
3.350211679935455322e-01
2.136449515819549561e-01
5.612964034080505371e-01
5.788976550102233887e-01
2.563279569149017334e-01
5.852466821670532227e-01
3.346392512321472168e-01
2.077265083789825439e-01
3.960086703300476074e-01
6.051000952720642090e-01
4.137898981571197510e-01
7.167735137045383453e-03
2.537716925144195557e-01
2.881320714950561523e-01
1.818794310092926025e-01
6.076021194458007812e-01
7.873643040657043457e-01
5.419326480478048325e-03
5.964056849479675293e-01
4.020567536354064941e-01
5.727068521082401276e-03
4.560352563858032227e-01
2.161089777946472168e-01
6.157976388931274414e-01
3.104513585567474365e-01
7.131442427635192871e-02
7.059149146080017090e-01
3.546227216720581055e-01
4.145473241806030273e-01
3.978414833545684814e-01
1.947494596242904663e-01
2.121775001287460327e-01
4.068143665790557861e-01
2.363224774599075317e-01
5.114668607711791992e-01
3.089148402214050293e-01
2.864513397216796875e-01
4.515780806541442871e-01
1.852371096611022949e-01
1.156187951564788818e-01
5.523824095726013184e-01
5.917930006980895996e-01
5.907935500144958496e-01
3.564706146717071533e-01
2.234170138835906982e-01
2.671115100383758545e-01
2.009980566799640656e-02
1.017253566533327103e-02
4.261455684900283813e-02
2.938860952854156494e-01
2.092091143131256104e-01
2.918654978275299072e-01
2.082743681967258453e-02
6.192539334297180176e-01
4.154071211814880371e-01
4.004675745964050293e-01
4.699159413576126099e-03
7.838589549064636230e-01
1.471816599369049072e-01
5.670630559325218201e-02
1.991615295410156250e-01
2.832318469882011414e-02
3.142379224300384521e-01
3.423019349575042725e-01
1.238585636019706726e-01
2.018880397081375122e-01
7.366340160369873047e-01
8.254101276397705078e-01
7.810025215148925781e-01
5.600479990243911743e-02
5.463300943374633789e-01
2.684194743633270264e-01
4.315043799579143524e-03
3.859894871711730957e-01
3.004958331584930420e-01
2.579725980758666992e-01
1.606304896995425224e-03
8.008023500442504883e-01
3.655374944210052490e-01
9.353959560394287109e-02
6.261165738105773926e-01
3.855331540107727051e-01
4.694797992706298828e-01
3.556292951107025146e-01
3.184029161930084229e-01
2.061002105474472046e-01
4.465712606906890869e-01
1.035868078470230103e-01
8.384785056114196777e-02
1.476642638444900513e-01
1.175634637475013733e-01
2.726412713527679443e-01
3.202063143253326416e-01
6.012071967124938965e-01
4.092481136322021484e-01
2.055594325065612793e-01
5.814599990844726562e-01
3.621632754802703857e-01
2.303653582930564880e-02
3.297842741012573242e-01
6.026132404804229736e-02
3.119758665561676025e-01
5.763012543320655823e-02
5.081133916974067688e-02
4.168235063552856445e-01
7.543674856424331665e-02
4.234593510627746582e-01
7.717561721801757812e-01
7.923185080289840698e-02
5.277652144432067871e-01
4.218093752861022949e-01
2.653903663158416748e-01
2.918852865695953369e-01
4.676472842693328857e-01
3.400295078754425049e-01
4.831235408782958984e-01
3.820143640041351318e-01
4.486277997493743896e-01
3.996929898858070374e-02
3.782764822244644165e-02
3.946490585803985596e-01
2.450080811977386475e-01
4.236629605293273926e-01
1.005500182509422302e-01
3.879749178886413574e-01
8.344896882772445679e-02
6.138237714767456055e-01
4.016553759574890137e-01
4.986875057220458984e-01
1.868644654750823975e-01
4.200348556041717529e-01
1.218004450201988220e-01
5.969107747077941895e-01
7.740762233734130859e-01
1.956795454025268555e-01
5.211028456687927246e-01
2.227558791637420654e-01
2.066178917884826660e-01
5.682428479194641113e-01
1.977094709873199463e-01
5.808075070381164551e-01
2.638574540615081787e-01
2.079843282699584961e-01
3.849418759346008301e-01
6.576166749000549316e-01
9.705656170845031738e-01
3.930486142635345459e-01
2.060296535491943359e-01
2.071129679679870605e-01
2.113733142614364624e-01
6.821781862527132034e-03
4.302620887756347656e-01
6.378760933876037598e-01
4.156056642532348633e-01
3.188296556472778320e-01
2.257727552205324173e-03
1.710075438022613525e-01
3.800862133502960205e-01
8.255156278610229492e-01
3.757498562335968018e-01
4.034370183944702148e-03
3.929269909858703613e-01
2.193994075059890747e-01
6.914834026247262955e-03
4.024737477302551270e-01
2.271293103694915771e-01
3.257548213005065918e-01
1.787411570549011230e-01
2.281325459480285645e-01
4.323796629905700684e-01
1.552293002605438232e-01
7.863258719444274902e-01
5.575625300407409668e-01
8.372871205210685730e-03
5.076140165328979492e-01
6.808258891105651855e-01
8.095046505331993103e-03
5.364381074905395508e-01
4.187009036540985107e-01
4.593524336814880371e-02
3.842908740043640137e-01
1.124350577592849731e-01
3.387109339237213135e-01
4.306822419166564941e-01
6.006800532341003418e-01
2.035306245088577271e-01
1.917068511247634888e-01
5.056830048561096191e-01
5.854967981576919556e-02
4.056876897811889648e-01
5.126067250967025757e-02
6.079403162002563477e-01
1.014063134789466858e-01
3.580350428819656372e-03
9.909474849700927734e-02
8.681018948554992676e-01
1.998551189899444580e-01
4.041239321231842041e-01
2.644642293453216553e-01
2.002418041229248047e-02
3.133406937122344971e-01
4.143886864185333252e-01
5.812653899192810059e-01
3.690590262413024902e-01
2.096740305423736572e-01
7.316590100526809692e-02
2.358549982309341431e-01
1.727842241525650024e-01
4.936089813709259033e-01
2.628736793994903564e-01
3.801604211330413818e-01
2.122247368097305298e-01
8.465480990707874298e-03
2.768660485744476318e-01
2.742555737495422363e-01
5.747995972633361816e-01
2.848230302333831787e-01
5.178121924400329590e-01
8.799728751182556152e-02
2.122424840927124023e-01
7.991619706153869629e-01
6.599222123622894287e-02
2.677255272865295410e-01
7.302531003952026367e-01
1.373180001974105835e-01
1.297686947509646416e-03
5.101029872894287109e-01
5.887352824211120605e-01
6.639161109924316406e-01
8.206786587834358215e-03
3.029682040214538574e-01
4.437819719314575195e-01
2.237558960914611816e-01
7.709131240844726562e-01
4.685281217098236084e-01
1.903067529201507568e-01
2.523359656333923340e-01
1.982413232326507568e-01
1.781337559223175049e-01
1.720279008150100708e-01
5.989418625831604004e-01
4.094340801239013672e-01
3.390907049179077148e-01
5.144499540328979492e-01
6.689840555191040039e-01
4.921666905283927917e-02
2.792452573776245117e-01
6.466873884201049805e-01
4.283263087272644043e-01
5.454062223434448242e-01
5.113396644592285156e-01
1.673299469985067844e-03
8.492422103881835938e-01
4.548191428184509277e-01
1.892130821943283081e-02
1.440249234437942505e-01
1.740310788154602051e-01
4.082848429679870605e-01
3.481834530830383301e-01
1.947990953922271729e-01
9.556750059127807617e-01
1.244374960660934448e-01
5.823752284049987793e-01
4.318816363811492920e-01
1.244773492217063904e-01
5.810889601707458496e-01
6.146122217178344727e-01
4.544183015823364258e-01
1.925517916679382324e-01
5.649603605270385742e-01
2.352286130189895630e-01
2.451656907796859741e-01
2.339331358671188354e-01
3.207141757011413574e-01
8.192731440067291260e-02
8.273424506187438965e-01
3.911471664905548096e-01
1.906831115484237671e-01
1.289901584386825562e-01
2.303569167852401733e-01
3.180397152900695801e-01
5.828042030334472656e-01
5.697024464607238770e-01
5.335909128189086914e-01
8.433324843645095825e-02
2.155211865901947021e-01
6.439998149871826172e-01
5.055380463600158691e-01
4.035127162933349609e-01
4.113611578941345215e-01
3.819311857223510742e-01
4.000639319419860840e-01
3.188231289386749268e-01
2.877935469150543213e-01
2.259957231581211090e-02
4.536440074443817139e-01
6.194183826446533203e-01
1.967882812023162842e-01
2.915193140506744385e-01
1.662158817052841187e-01
5.119410753250122070e-01
6.740285158157348633e-01
1.870895177125930786e-01
2.166733741760253906e-01
5.167752504348754883e-01
1.116423755884170532e-01
5.858697295188903809e-01
3.138118088245391846e-01
3.409584760665893555e-01
4.325836896896362305e-01
5.909887701272964478e-02
5.956693738698959351e-02
2.837108671665191650e-01
2.322668954730033875e-02
2.354700714349746704e-01
1.789238452911376953e-01
1.259106397628784180e-02
7.055678367614746094e-01
4.942340552806854248e-01
1.316399220377206802e-02
2.368188947439193726e-01
3.816891014575958252e-01
5.860129594802856445e-01
2.789161354303359985e-02
4.091023802757263184e-01
4.375646114349365234e-01
2.007308304309844971e-01
6.303188204765319824e-01
4.202977418899536133e-01
1.586152473464608192e-03
6.861445307731628418e-01
2.197301983833312988e-01
2.173830121755599976e-01
6.036091446876525879e-01
3.484869897365570068e-01
1.470409333705902100e-01
3.312389850616455078e-01
6.650359928607940674e-02
5.392017364501953125e-01
2.906579375267028809e-01
7.799081206321716309e-01
7.511384487152099609e-01
2.236697673797607422e-01
3.822886347770690918e-01
6.920412778854370117e-01
4.036001563072204590e-01
2.309355884790420532e-01
2.564890980720520020e-01
7.151668071746826172e-01
2.362868934869766235e-01
1.128738522529602051e-01
1.811339110136032104e-01
4.009362757205963135e-01
2.340745776891708374e-01
5.138052701950073242e-01
9.799618273973464966e-02
4.032934308052062988e-01
4.012228846549987793e-01
5.950179696083068848e-01
4.272198304533958435e-02
3.389416933059692383e-01
3.028859943151473999e-02
7.344591617584228516e-02
5.301105976104736328e-02
3.673825860023498535e-01
3.889137804508209229e-01
3.310831189155578613e-01
2.027629464864730835e-01
3.084224760532379150e-01
4.120543003082275391e-01
4.450564384460449219e-01
2.328255474567413330e-01
4.210600852966308594e-01
1.973503381013870239e-01
2.647801637649536133e-01
1.351091563701629639e-01
2.168161123991012573e-01
3.267936035990715027e-02
4.471607506275177002e-01
5.890207290649414062e-01
5.904024839401245117e-01
1.901321113109588623e-01
5.304067730903625488e-01
2.729946374893188477e-01
7.336212992668151855e-01
4.181199669837951660e-01
1.586664617061614990e-01
3.626026809215545654e-01
2.696580439805984497e-02
2.298193722963333130e-01
6.831287741661071777e-01
2.086849883198738098e-02
4.675921201705932617e-01
4.064356684684753418e-01
3.824531435966491699e-01
5.901938676834106445e-01
5.882118940353393555e-01
2.001045644283294678e-01
4.059961140155792236e-01
2.416197061538696289e-01
3.291661143302917480e-01
4.631740152835845947e-01
3.854934573173522949e-01
1.426480412483215332e-01
5.106043815612792969e-01
4.521394670009613037e-01
5.301083326339721680e-01
1.983491629362106323e-01
6.414749622344970703e-01
2.432076483964920044e-01
4.106428623199462891e-01
4.155728220939636230e-01
1.884638071060180664e-01
7.915164232254028320e-01
3.523272871971130371e-01
2.086260914802551270e-01
4.400857985019683838e-01
7.295136898756027222e-02
6.152951717376708984e-01
1.969648450613021851e-01
1.945099979639053345e-01
6.003072857856750488e-01
1.960025727748870850e-01
5.523214936256408691e-01
4.355871677398681641e-02
1.641442626714706421e-01
5.523992180824279785e-01
2.033396363258361816e-01
2.122599780559539795e-01
1.510353758931159973e-03
5.786479711532592773e-01
7.988007068634033203e-01
3.930380046367645264e-01
1.481269486248493195e-02
5.858677029609680176e-01
3.974882885813713074e-02
3.992589414119720459e-01
2.835108339786529541e-01
5.623217821121215820e-01
2.849429547786712646e-01
1.662224680185317993e-01
2.122830599546432495e-01
5.896113514900207520e-01
2.938968539237976074e-01
3.906795084476470947e-01
2.500332295894622803e-01
1.196635793894529343e-02
5.145041346549987793e-01
2.927495837211608887e-01
2.853730618953704834e-01
1.701488047838211060e-01
4.583400487899780273e-01
4.985059499740600586e-01
1.664457619190216064e-01
6.176756024360656738e-01
4.297174140810966492e-02
2.176224812865257263e-02
2.114377915859222412e-01
5.786979794502258301e-01
2.076449692249298096e-01
2.726310193538665771e-01
1.500697582960128784e-01
2.077461034059524536e-01
5.682066679000854492e-01
4.781789779663085938e-01
6.252059936523437500e-01
2.438754290342330933e-01
2.154923677444458008e-01
3.465379476547241211e-01
3.204978108406066895e-01
4.913841485977172852e-01
2.604467868804931641e-01
2.440469264984130859e-01
6.084537506103515625e-01
2.424683272838592529e-01
2.306811213493347168e-01
9.623689204454421997e-02
5.210248827934265137e-01
2.628799974918365479e-01
4.200757741928100586e-01
1.984656900167465210e-01
3.809606134891510010e-01
2.670649811625480652e-02
4.596870243549346924e-01
1.679664403200149536e-01
3.826899453997612000e-02
4.838853776454925537e-01
1.788077503442764282e-01
4.035805463790893555e-01
3.553986251354217529e-01
5.666560027748346329e-03
4.436985254287719727e-01
2.058035694062709808e-02
2.094186842441558838e-01
4.531312286853790283e-01
2.343071252107620239e-01
4.892406463623046875e-01
2.855744361877441406e-01
2.006145119667053223e-01
5.173398256301879883e-01
2.492530345916748047e-01
3.676630854606628418e-01
9.467236697673797607e-02
3.756479918956756592e-01
4.901382029056549072e-01
4.536655545234680176e-01
1.919413357973098755e-01
1.771389693021774292e-01
2.265573851764202118e-02
6.112869381904602051e-01
7.352912425994873047e-01
8.696795441210269928e-03
2.198612540960311890e-01
7.754427194595336914e-02
6.563546508550643921e-02
4.419690929353237152e-03
4.392482936382293701e-01
2.270032912492752075e-01
5.442749857902526855e-01
3.654850423336029053e-01
1.605126112699508667e-01
3.036001026630401611e-01
4.415874183177947998e-01
6.182199120521545410e-01
4.870748519897460938e-01
7.746339440345764160e-01
6.598207354545593262e-01
2.822690308094024658e-01
1.069219782948493958e-02
2.293170988559722900e-01
3.965389728546142578e-01
2.537620067596435547e-01
2.088186144828796387e-02
2.333724647760391235e-01
5.003433227539062500e-01
7.224346399307250977e-01
5.867232084274291992e-01
1.922817155718803406e-02
3.117266893386840820e-01
3.887399733066558838e-01
6.572304964065551758e-01
1.571971774101257324e-01
4.898851811885833740e-01
4.353708624839782715e-01
3.363634049892425537e-01
3.924086987972259521e-01
6.397134661674499512e-01
6.824719905853271484e-01
2.255223095417022705e-01
3.468111455440521240e-01
5.349239706993103027e-02
5.794954299926757812e-01
9.850513190031051636e-02
3.951877951622009277e-01
4.090231359004974365e-01
5.171397328376770020e-01
1.301270909607410431e-02
6.150484681129455566e-01
5.005269646644592285e-01
5.099595189094543457e-01
6.273630857467651367e-01
4.078521728515625000e-01
4.013990759849548340e-01
1.930785030126571655e-01
1.779454499483108521e-01
4.140016436576843262e-01
4.133072793483734131e-01
4.328157305717468262e-01
4.338226318359375000e-01
3.647847771644592285e-01
2.308895736932754517e-01
4.327431321144104004e-01
1.635438203811645508e-01
6.251521110534667969e-01
4.477970004081726074e-01
8.357200771570205688e-03
1.060534566640853882e-01
1.670642755925655365e-02
4.162669926881790161e-02
4.234002828598022461e-01
2.089132815599441528e-01
1.962575316429138184e-01
3.362632691860198975e-01
4.322762489318847656e-01
3.450341522693634033e-01
3.380941152572631836e-01
7.800933122634887695e-01
6.541286706924438477e-01
5.823150277137756348e-01
1.228203251957893372e-02
6.047083139419555664e-01
9.027527272701263428e-02
2.307335287332534790e-01
2.420238256454467773e-01
3.534994423389434814e-01
6.762962341308593750e-01
4.745248556137084961e-01
2.322782874107360840e-01
1.619357019662857056e-01
3.475572168827056885e-01
6.909002065658569336e-01
1.932140588760375977e-01
1.976332068443298340e-01
7.866369485855102539e-01
4.138486385345458984e-01
8.847295492887496948e-02
6.049885153770446777e-01
3.566606044769287109e-01
1.179787069559097290e-01
5.313680171966552734e-01
4.299000501632690430e-01
3.846552670001983643e-01
4.607520997524261475e-01
7.360163331031799316e-01
1.986291706562042236e-01
3.484882116317749023e-01
5.970333814620971680e-01
3.351300656795501709e-01
6.120941638946533203e-01
2.109222710132598877e-01
1.001497656106948853e-01
3.923105001449584961e-01
2.616403996944427490e-01
2.108521461486816406e-01
6.968938112258911133e-01
2.598931789398193359e-01
