5.365967154502868652e-01
4.670010507106781006e-01
8.857690691947937012e-01
8.125100135803222656e-01
8.050148487091064453e-01
1.242561964318156242e-03
4.400088917464017868e-03
1.200395002961158752e-01
5.093432664871215820e-01
8.018045264179818332e-06
9.574000723659992218e-04
2.821179479360580444e-02
1.401716098189353943e-02
1.104918196797370911e-01
6.466199159622192383e-01
6.521071195602416992e-01
8.963423967361450195e-01
9.003204703330993652e-01
2.654951438307762146e-02
9.335029870271682739e-03
2.573299109935760498e-01
4.090725779533386230e-01
4.567323048831894994e-05
1.361429458484053612e-03
6.542500108480453491e-03
5.955190584063529968e-02
4.182585049420595169e-03
8.262307196855545044e-02
5.958166122436523438e-01
9.765216149389743805e-03
1.697922945022583008e-01
7.069400697946548462e-02
4.149847105145454407e-02
2.246471121907234192e-02
8.356139063835144043e-03
2.257119740534108132e-05
2.305732195964083076e-04
6.944158580154180527e-03
7.274805754423141479e-02
3.737615770660340786e-05
2.685416024178266525e-03
6.730901598930358887e-01
8.114825487136840820e-01
1.374250557273626328e-02
2.814493374899029732e-03
2.097044372931122780e-03
2.445649821311235428e-03
4.260393232107162476e-02
7.819181773811578751e-04
5.254044663161039352e-04
2.480332041159272194e-03
1.938165223691612482e-04
1.337772309780120850e-01
1.104334816336631775e-01
7.561865448951721191e-01
8.216887116432189941e-01
6.643448472023010254e-01
2.178870886564254761e-02
1.691585592925548553e-02
1.018097549676895142e-01
7.088725268840789795e-02
1.240837354998802766e-05
2.216282067820429802e-03
1.117960200645029545e-03
7.805021945387125015e-03
2.164403200149536133e-01
3.311510682106018066e-01
6.249830722808837891e-01
7.493204474449157715e-01
7.236305475234985352e-01
4.909263253211975098e-01
9.972259402275085449e-03
1.905118487775325775e-02
2.162015587091445923e-01
4.146510909777134657e-04
1.260549761354923248e-04
8.152593858540058136e-03
8.090131729841232300e-02
4.375542327761650085e-02
5.754845142364501953e-01
3.902547061443328857e-01
5.386478900909423828e-01
5.574417114257812500e-01
6.761308908462524414e-01
9.728111326694488525e-03
2.664643712341785431e-02
4.859916269779205322e-01
9.304122067987918854e-05
6.578657194040715694e-04
1.738126738928258419e-03
5.614078789949417114e-02
5.022948980331420898e-02
7.540554404258728027e-01
4.056479036808013916e-01
5.099385380744934082e-01
7.019346356391906738e-01
7.660744190216064453e-01
7.526040077209472656e-03
5.818106234073638916e-03
1.580418944358825684e-01
5.229778253124095500e-05
5.676641594618558884e-04
4.431032110005617142e-03
5.497070029377937317e-02
7.550569623708724976e-02
3.561578392982482910e-01
6.563391685485839844e-01
3.983937501907348633e-01
4.826536178588867188e-01
3.925001621246337891e-01
1.952656358480453491e-02
2.058444917201995850e-02
1.021465286612510681e-02
1.320233513979474083e-05
6.600940600037574768e-03
3.503654384985566139e-03
3.587904575397260487e-05
1.590389162302017212e-01
4.517921507358551025e-01
5.827165246009826660e-01
4.344384074211120605e-01
6.762249469757080078e-01
7.076224684715270996e-01
1.425558701157569885e-02
1.025334931910037994e-02
4.581547901034355164e-02
2.409267127513885498e-01
2.477443078532814980e-03
6.717014126479625702e-03
6.843686848878860474e-02
1.284449081867933273e-02
1.974723786115646362e-01
4.276465475559234619e-01
6.701984405517578125e-01
8.420083522796630859e-01
7.787421345710754395e-01
1.689753308892250061e-02
4.949801415205001831e-02
4.094643145799636841e-02
4.104867875576019287e-01
2.992540657942299731e-06
1.866775006055831909e-02
1.590992212295532227e-01
4.032544419169425964e-02
5.080832839012145996e-01
7.716981768608093262e-01
4.587370157241821289e-01
4.519775509834289551e-01
6.658206582069396973e-01
2.292454056441783905e-02
1.662879437208175659e-02
1.475132256746292114e-01
3.607871532440185547e-01
9.414638952875975519e-06
1.521415833849459887e-05
4.207704961299896240e-02
1.194346696138381958e-02
3.876095712184906006e-01
6.004515886306762695e-01
2.168212831020355225e-01
5.761477947235107422e-01
7.432653903961181641e-01
3.523445129394531250e-02
4.644232988357543945e-02
9.639936685562133789e-02
3.063400983810424805e-01
1.356261509499745443e-05
1.804270083084702492e-03
9.116147644817829132e-03
7.075462341308593750e-01
6.565904021263122559e-01
5.163927078247070312e-01
8.276352882385253906e-01
7.904103994369506836e-01
8.357698097825050354e-03
6.108096241950988770e-02
1.996856480836868286e-01
3.987570703029632568e-01
5.101896749692969024e-05
8.826765697449445724e-04
6.343889981508255005e-03
1.292259395122528076e-01
8.005846738815307617e-01
6.812700033187866211e-01
7.147360444068908691e-01
3.949170410633087158e-01
4.733173251152038574e-01
1.703637681202962995e-04
1.281064003705978394e-03
5.234374850988388062e-02
3.485371768474578857e-01
2.038223319686949253e-04
9.106272045755758882e-05
2.057227538898587227e-03
1.658597029745578766e-02
5.609201788902282715e-01
1.290660910308361053e-02
1.804249584674835205e-01
3.737439867109060287e-03
4.429947584867477417e-02
6.389704346656799316e-02
3.839220106601715088e-02
3.448684886097908020e-02
3.343583084642887115e-03
1.795349817257374525e-05
2.263453061459586024e-04
1.041570430970750749e-04
8.898513391613960266e-03
4.760468602180480957e-01
1.247851457446813583e-02
2.601974010467529297e-01
8.622184991836547852e-01
1.027243677526712418e-03
8.471489883959293365e-03
1.481203082948923111e-02
6.784974783658981323e-02
2.375539578497409821e-02
1.340870221611112356e-05
1.312572509050369263e-03
1.771821640431880951e-03
1.155831012874841690e-02
6.192923784255981445e-01
3.406261205673217773e-01
1.937529742717742920e-01
7.974277734756469727e-01
9.195651412010192871e-01
6.041322946548461914e-01
3.126240801066160202e-03
6.610352545976638794e-02
4.830627739429473877e-01
3.299219533801078796e-04
5.285600782372057438e-04
1.665770448744297028e-02
6.667756289243698120e-02
5.768537521362304688e-01
3.683224022388458252e-01
5.539152622222900391e-01
6.812697052955627441e-01
6.197396516799926758e-01
7.267782092094421387e-01
1.497804652899503708e-03
3.271093219518661499e-02
3.467800319194793701e-01
8.701352053321897984e-04
3.184918314218521118e-04
5.574221722781658173e-03
1.175108924508094788e-01
4.654116928577423096e-01
4.696953892707824707e-01
2.218137383460998535e-01
7.213951349258422852e-01
8.314448595046997070e-01
7.519857883453369141e-01
6.720826961100101471e-03
9.215838275849819183e-03
1.405039131641387939e-01
1.919438261666073231e-07
2.323198365047574043e-03
2.442136779427528381e-02
8.593744784593582153e-02
6.471318006515502930e-01
5.486863851547241211e-01
3.125426173210144043e-01
7.045660018920898438e-01
6.036612987518310547e-01
8.552632331848144531e-01
3.367885714396834373e-03
2.655341848731040955e-02
1.460484415292739868e-01
4.258399712853133678e-06
4.971582093276083469e-04
6.708115339279174805e-03
2.269168762722983956e-04
7.374007701873779297e-01
4.370467364788055420e-01
2.785920202732086182e-01
5.798835158348083496e-01
5.237147808074951172e-01
6.185951828956604004e-01
8.510051295161247253e-03
6.390250287950038910e-03
1.537290215492248535e-01
5.807123780250549316e-01
1.123899492085911334e-04
1.031190436333417892e-02
5.109637230634689331e-02
4.765912890434265137e-01
5.747364163398742676e-01
3.972255289554595947e-01
8.003405332565307617e-01
7.656961679458618164e-01
7.814768552780151367e-01
4.167083185166120529e-03
1.404564548283815384e-02
1.069647520780563354e-01
3.326815068721771240e-01
5.351485015125945210e-05
8.881297893822193146e-03
2.204422652721405029e-01
4.989938139915466309e-01
6.600541472434997559e-01
4.928233921527862549e-01
7.224773168563842773e-01
6.794886589050292969e-01
8.520363569259643555e-01
8.168336004018783569e-03
2.680166624486446381e-02
2.965803071856498718e-02
2.242332100868225098e-01
1.292761007789522409e-04
3.363349009305238724e-03
4.839046299457550049e-02
8.230803012847900391e-01
4.674760103225708008e-01
4.567513763904571533e-01
7.880373597145080566e-01
7.931654453277587891e-01
6.818356513977050781e-01
1.554866228252649307e-02
2.298684325069189072e-03
3.148336708545684814e-02
2.271361500024795532e-01
2.999657226609997451e-05
5.333336885087192059e-04
6.351204589009284973e-03
7.123414278030395508e-01
4.288519620895385742e-01
3.198004662990570068e-01
7.959209084510803223e-01
7.140149474143981934e-01
2.213926563854329288e-05
2.344839449506253004e-04
3.872582688927650452e-02
5.479289889335632324e-01
3.568459942471235991e-04
1.472849107813090086e-04
9.231957606971263885e-03
1.262865513563156128e-01
8.083487153053283691e-01
6.067839264869689941e-01
3.081391453742980957e-01
3.679150938987731934e-01
5.394143462181091309e-01
1.671135798096656799e-02
1.085098907351493835e-01
4.853409901261329651e-02
1.764752864837646484e-01
1.102820504456758499e-03
1.367751159705221653e-03
9.912443347275257111e-03
4.354752972722053528e-02
4.790824055671691895e-01
3.522107005119323730e-01
4.684750437736511230e-01
7.434709072113037109e-01
1.637188531458377838e-02
1.544403471052646637e-02
6.260034441947937012e-02
7.299479097127914429e-03
3.083822876214981079e-02
5.663127922161947936e-06
5.905095531488768756e-05
3.288569569122046232e-04
2.540297864470630884e-04
6.802516579627990723e-01
5.119612216949462891e-01
4.048168659210205078e-01
4.891519248485565186e-01
8.189480304718017578e-01
5.058937892317771912e-02
8.383718319237232208e-03
5.817933380603790283e-02
9.188851341605186462e-03
1.241752852365607396e-05
2.442189026623964310e-03
4.755342670250684023e-04
1.202609483152627945e-02
6.744965314865112305e-01
6.135200858116149902e-01
5.583330392837524414e-01
5.585986375808715820e-01
8.475400209426879883e-01
7.959558367729187012e-01
6.572408601641654968e-04
2.018900662660598755e-01
2.090928405523300171e-01
9.413004154339432716e-04
5.675436696037650108e-04
2.138352021574974060e-02
9.612743556499481201e-02
5.630415081977844238e-01
4.771117866039276123e-01
4.935376048088073730e-01
6.801735162734985352e-01
6.535482406616210938e-01
6.798100471496582031e-01
9.055213071405887604e-03
2.912325970828533173e-02
7.730877399444580078e-01
8.751331915846094489e-05
9.053730173036456108e-04
2.099832752719521523e-03
1.178311407566070557e-01
6.871220469474792480e-01
5.506756305694580078e-01
4.201241731643676758e-01
7.884387373924255371e-01
8.409371376037597656e-01
8.196753263473510742e-01
4.464112222194671631e-03
1.117657311260700226e-02
4.271010756492614746e-01
1.279422431252896786e-04
8.017390500754117966e-04
8.597185835242271423e-03
2.897300720214843750e-01
6.848604083061218262e-01
2.752889394760131836e-01
2.566635906696319580e-01
7.601293325424194336e-01
7.526389360427856445e-01
4.782848358154296875e-01
1.019758358597755432e-02
9.998423978686332703e-03
3.325716778635978699e-02
5.481346306623890996e-06
7.438687025569379330e-04
1.101978414226323366e-04
1.303241442656144500e-04
5.357822179794311523e-01
4.313021898269653320e-01
4.636060893535614014e-01
3.275843560695648193e-01
8.648488521575927734e-01
7.536841630935668945e-01
3.063196130096912384e-02
1.125978585332632065e-02
1.558385193347930908e-01
5.281528830528259277e-01
7.370823295786976814e-04
2.819662913680076599e-02
7.779330015182495117e-02
5.704866051673889160e-01
6.933483481407165527e-01
2.694411873817443848e-01
6.041419506072998047e-01
8.100278973579406738e-01
6.488566994667053223e-01
2.604037523269653320e-03
1.014887448400259018e-02
9.488538652658462524e-02
4.042938053607940674e-01
8.692553819855675101e-06
1.325407065451145172e-02
9.202621877193450928e-02
6.304560899734497070e-01
4.033680558204650879e-01
3.904398679733276367e-01
5.493912100791931152e-01
9.542564153671264648e-01
8.946512937545776367e-01
1.119363820180296898e-03
4.125688225030899048e-02
7.006644457578659058e-02
5.800701379776000977e-01
1.359165762551128864e-04
1.993486657738685608e-04
3.238543868064880371e-02
7.314490675926208496e-01
3.163283169269561768e-01
3.096290826797485352e-01
6.277740597724914551e-01
6.411262154579162598e-01
8.335377573966979980e-01
2.421496808528900146e-02
6.651418749243021011e-03
7.803525030612945557e-02
8.573672175407409668e-01
6.557662345585413277e-06
1.445161178708076477e-04
3.511421382427215576e-03
8.577042818069458008e-01
6.406029462814331055e-01
6.038817167282104492e-01
3.533186912536621094e-01
9.259065985679626465e-01
5.071001942269504070e-05
1.591508043929934502e-03
1.660900004208087921e-02
4.697743654251098633e-01
1.972473924979567528e-03
1.450339891016483307e-02
2.218687720596790314e-02
9.291801601648330688e-02
7.869879007339477539e-01
5.263841748237609863e-01
5.894205570220947266e-01
1.237334460020065308e-01
5.330857634544372559e-01
1.218077813973650336e-04
2.133026486262679100e-03
3.720773616805672646e-03
4.179415479302406311e-02
8.030410390347242355e-05
8.834203617880120873e-05
3.029341110959649086e-03
1.453745178878307343e-02
8.345889449119567871e-01
6.416271924972534180e-01
1.678264886140823364e-01
2.884888052940368652e-01
4.834162294864654541e-01
4.517745037446729839e-05
1.276955823414027691e-03
1.865275055170059204e-01
3.861832432448863983e-03
4.351013194536790252e-05
1.084114701370708644e-04
2.869768533855676651e-03
3.336326032876968384e-02
7.881041765213012695e-01
9.155663251876831055e-01
5.278012752532958984e-01
1.862309277057647705e-01
4.240807294845581055e-01
9.570735692977905273e-01
3.917579539120197296e-03
1.943974196910858154e-02
1.588645428419113159e-01
6.286049610935151577e-04
3.938254085369408131e-04
5.091929808259010315e-03
5.850702524185180664e-02
6.558110713958740234e-01
2.876821458339691162e-01
7.354278564453125000e-01
2.238243967294692993e-01
5.382987260818481445e-01
9.611362814903259277e-01
6.749586464138701558e-05
2.134741842746734619e-02
2.130704224109649658e-01
4.855074919760227203e-03
6.285036448389291763e-03
6.813678890466690063e-03
1.062461659312248230e-01
8.452086448669433594e-01
3.412214517593383789e-01
6.252888441085815430e-01
9.986438602209091187e-02
5.996361970901489258e-01
8.058453798294067383e-01
1.841792982304468751e-05
4.748696461319923401e-03
3.902681469917297363e-01
4.288054187782108784e-04
3.164490335620939732e-04
4.282660782337188721e-03
5.325314402580261230e-02
7.330162525177001953e-01
7.876921892166137695e-01
3.826824426651000977e-01
4.466121792793273926e-01
6.640222668647766113e-01
9.545743465423583984e-01
5.058034003013744950e-05
5.644737277179956436e-03
5.305540282279253006e-03
2.707933163037523627e-06
6.159299518913030624e-04
1.861545839346945286e-03
2.430053194984793663e-03
6.864333152770996094e-01
5.827294588088989258e-01
6.131466031074523926e-01
4.031657576560974121e-01
4.763169884681701660e-01
8.138685226440429688e-01
5.514686927199363708e-05
1.734925608616322279e-04
1.367064286023378372e-02
6.233090162277221680e-01
1.307460188400000334e-04
8.929525502026081085e-03
1.210291497409343719e-02
7.955806851387023926e-01
7.124838829040527344e-01
7.201921343803405762e-01
2.581071257591247559e-01
5.732539892196655273e-01
8.773396015167236328e-01
3.987687887274660170e-05
2.419977216050028801e-03
1.759575866162776947e-02
4.749713838100433350e-02
3.206821190815389855e-07
1.346768252551555634e-02
4.091603308916091919e-02
4.979274570941925049e-01
4.466837942600250244e-01
8.510311841964721680e-01
1.748930513858795166e-01
7.438612580299377441e-01
8.320370912551879883e-01
1.396840380039066076e-04
2.330255461856722832e-03
2.476885169744491577e-02
5.383063554763793945e-01
1.737471757223829627e-05
4.108205030206590891e-05
4.242470115423202515e-02
6.447784900665283203e-01
5.002191066741943359e-01
3.138733506202697754e-01
2.934269905090332031e-01
4.604893326759338379e-01
8.931310772895812988e-01
5.719184264307841659e-05
2.823757007718086243e-03
1.721844822168350220e-01
4.571897089481353760e-01
4.838965542148798704e-04
1.313258544541895390e-04
2.889032766688615084e-04
9.304662942886352539e-01
5.415464639663696289e-01
5.206237435340881348e-01
4.520753324031829834e-01
3.199463486671447754e-01
1.414469778537750244e-01
5.415696650743484497e-02
2.188652753829956055e-02
3.670651912689208984e-01
6.346765439957380295e-05
1.514146133558824658e-04
1.115950383245944977e-02
2.840599231421947479e-02
8.385166525840759277e-01
4.279018044471740723e-01
3.946379423141479492e-01
5.727823972702026367e-01
2.319857627153396606e-01
1.628930121660232544e-02
2.197184413671493530e-02
5.837176926434040070e-03
4.515207372605800629e-03
2.092054273816756904e-05
2.502080460544675589e-04
1.985816285014152527e-03
6.335669197142124176e-03
6.857838630676269531e-01
7.502541542053222656e-01
4.772963821887969971e-01
2.553230524063110352e-01
4.844354391098022461e-01
4.792831242084503174e-01
2.462998381815850735e-04
5.942232161760330200e-02
5.268136858940124512e-01
3.481916210148483515e-04
2.186116762459278107e-03
2.737150061875581741e-03
1.378818787634372711e-02
4.615720212459564209e-01
5.253019332885742188e-01
2.512865364551544189e-01
3.168287277221679688e-01
2.197665870189666748e-01
6.331820487976074219e-01
4.529031366109848022e-02
1.048930082470178604e-02
3.287657797336578369e-01
4.074482130818068981e-04
2.231564430985599756e-04
2.474671928212046623e-03
1.363879721611738205e-02
6.976659297943115234e-01
3.850365281105041504e-01
2.515016794204711914e-01
6.039645075798034668e-01
3.089500069618225098e-01
4.871830344200134277e-01
1.830503903329372406e-02
8.778018876910209656e-03
2.188134044408798218e-01
8.632216122350655496e-06
3.165425732731819153e-04
4.311977885663509369e-03
1.850677132606506348e-01
6.853494048118591309e-01
6.772091388702392578e-01
4.445267915725708008e-01
3.248630166053771973e-01
3.067275881767272949e-01
5.480369329452514648e-01
3.199381381273269653e-02
2.881607785820960999e-02
8.090091496706008911e-02
1.529396649857517332e-05
7.977543282322585583e-05
5.587756633758544922e-03
2.674062852747738361e-04
6.077306270599365234e-01
6.708378791809082031e-01
2.226585149765014648e-01
4.752092361450195312e-01
1.340391933917999268e-01
6.287397146224975586e-01
3.236055839806795120e-03
7.010996341705322266e-02
7.919418811798095703e-02
3.634098768234252930e-01
1.288031693547964096e-03
3.600557567551732063e-03
3.552831709384918213e-02
6.868828535079956055e-01
6.514117717742919922e-01
4.008720517158508301e-01
5.893175601959228516e-01
3.657273948192596436e-01
7.373967170715332031e-01
2.318957820534706116e-03
1.082010660320520401e-02
1.499662399291992188e-01
4.411877095699310303e-01
1.755149060045368969e-05
8.691952563822269440e-03
7.090309262275695801e-02
6.279115080833435059e-01
6.476571559906005859e-01
3.840281665325164795e-01
3.451791107654571533e-01
3.398000895977020264e-01
7.464963197708129883e-01
5.003714933991432190e-02
5.250574089586734772e-03
1.225940659642219543e-01
3.806082606315612793e-01
9.981816401705145836e-05
5.093912477605044842e-04
7.287313789129257202e-02
5.753878355026245117e-01
5.145186781883239746e-01
4.702752232551574707e-01
4.626555144786834717e-01
3.204635083675384521e-01
5.305054783821105957e-01
1.855282345786690712e-03
6.579302251338958740e-02
5.380219966173171997e-02
2.935562729835510254e-01
3.487276553642004728e-04
3.909847000613808632e-04
9.359452873468399048e-03
6.747908592224121094e-01
4.855872690677642822e-01
3.902437090873718262e-01
5.209957361221313477e-01
6.500148773193359375e-01
3.237121179699897766e-02
3.013456240296363831e-02
3.501278162002563477e-02
1.832895795814692974e-03
1.070088046617456712e-06
4.191478074062615633e-04
1.017097034491598606e-03
1.397892180830240250e-02
5.948809981346130371e-01
2.803589403629302979e-01
1.119611337780952454e-01
2.854517102241516113e-01
8.036899566650390625e-01
4.601374864578247070e-01
3.932850062847137451e-02
2.188409492373466492e-02
1.982897669076919556e-01
1.090659643523395061e-03
1.912920852191746235e-04
2.198588848114013672e-02
5.123575031757354736e-02
7.220625877380371094e-01
2.329537719488143921e-01
2.395880967378616333e-01
5.520716905593872070e-01
5.006070137023925781e-01
4.305232763290405273e-01
4.550296813249588013e-03
1.425466267392039299e-03
1.027629747986793518e-01
5.325313850335078314e-06
4.731746157631278038e-04
5.096985027194023132e-03
4.901368916034698486e-02
4.881379604339599609e-01
4.487377405166625977e-01
4.900732040405273438e-01
3.540886044502258301e-01
4.421703219413757324e-01
3.454246520996093750e-01
1.357279531657695770e-02
9.554943442344665527e-02
1.811847537755966187e-01
3.809230111073702574e-04
3.727772564161568880e-04
1.113438699394464493e-02
9.050980210304260254e-03
4.598852396011352539e-01
5.316452980041503906e-01
1.343242973089218140e-01
2.901327610015869141e-01
5.468584895133972168e-01
9.609336405992507935e-02
5.273658037185668945e-02
1.243577711284160614e-02
5.737567320466041565e-03
3.655632608570158482e-04
7.527422276325523853e-04
3.434694604948163033e-03
7.443341019097715616e-05
4.826582074165344238e-01
3.503531813621520996e-01
3.966246545314788818e-01
2.979509532451629639e-01
4.535086750984191895e-01
5.418312549591064453e-01
2.425241516903042793e-03
5.789365246891975403e-02
1.575654931366443634e-02
2.226581871509552002e-01
5.117456894367933273e-04
1.539736986160278320e-03
1.372981518507003784e-01
6.354041099548339844e-01
3.386732339859008789e-01
1.196966618299484253e-01
2.118832916021347046e-01
3.976746201515197754e-01
1.712426394224166870e-01
6.612416356801986694e-03
3.244466707110404968e-02
3.050530143082141876e-02
3.589473366737365723e-01
6.113616109360009432e-06
6.420973222702741623e-04
3.300121426582336426e-02
4.262053370475769043e-01
3.777657151222229004e-01
2.219070196151733398e-01
4.692142009735107422e-01
3.468106389045715332e-01
3.168333470821380615e-01
6.576191633939743042e-03
3.537216037511825562e-02
3.156842291355133057e-02
1.688538044691085815e-01
3.351638224557973444e-05
9.632579894969239831e-05
9.046004712581634521e-02
4.900383949279785156e-01
4.809093773365020752e-01
2.676682770252227783e-01
4.258277416229248047e-01
6.103050708770751953e-01
2.907598614692687988e-01
6.053440738469362259e-03
3.698328882455825806e-02
1.531484723091125488e-02
3.190183043479919434e-01
2.776362271106336266e-05
2.542366928537376225e-05
4.334711120463907719e-04
5.679069161415100098e-01
3.330433070659637451e-01
1.131805703043937683e-01
2.050959914922714233e-01
5.784827470779418945e-01
9.485912322998046875e-01
5.220599472522735596e-03
3.490766137838363647e-02
1.299786660820245743e-02
1.083906608982942998e-04
1.322570606134831905e-03
6.086855195462703705e-03
4.810632020235061646e-02
5.576521754264831543e-01
6.094633340835571289e-01
3.671413064002990723e-01
2.653891444206237793e-01
4.963505566120147705e-01
8.039135932922363281e-01
1.936000771820545197e-02
1.757356338202953339e-02
5.505139008164405823e-03
2.828812739608110860e-06
1.134194899350404739e-03
5.445596762001514435e-03
1.215411163866519928e-02
6.546792387962341309e-01
5.458869934082031250e-01
4.449032843112945557e-01
3.220243155956268311e-01
4.694283306598663330e-01
8.100737333297729492e-01
2.036935091018676758e-02
1.215434260666370392e-02
2.341123263249755837e-06
5.876316208741627634e-06
9.477883577346801758e-04
1.504610700067132711e-04
7.830229151295498013e-06
4.263129830360412598e-01
4.957054257392883301e-01
1.744389981031417847e-01
3.445410132408142090e-01
5.241746902465820312e-01
9.700438976287841797e-01
9.854162111878395081e-03
1.911843940615653992e-02
4.237875938415527344e-01
1.073866897627340222e-07
1.421392953488975763e-04
3.716835984960198402e-03
2.637289580889046192e-04
4.729338884353637695e-01
5.605503320693969727e-01
2.542260885238647461e-01
2.877123355865478516e-01
6.749426722526550293e-01
6.696050167083740234e-01
9.066343307495117188e-03
1.235095039010047913e-02
2.578649669885635376e-02
9.325320832431316376e-03
9.539902675896883011e-04
2.702965866774320602e-03
5.603827536106109619e-03
5.521340370178222656e-01
4.463305473327636719e-01
2.955463826656341553e-01
5.662353038787841797e-01
4.250888526439666748e-01
7.242985963821411133e-01
1.027197577059268951e-02
1.825104653835296631e-02
1.280447468161582947e-02
3.062786348164081573e-02
4.493127926252782345e-05
4.130444955080747604e-03
7.126267999410629272e-02
7.807018756866455078e-01
2.847330570220947266e-01
6.427635997533798218e-02
1.894184201955795288e-01
4.381986260414123535e-01
7.754901647567749023e-01
4.615744575858116150e-03
3.089090809226036072e-02
3.161965608596801758e-01
5.237676948308944702e-02
7.533315056207356974e-07
1.269931635761167854e-05
1.828566938638687134e-02
4.699403047561645508e-01
3.141273856163024902e-01
2.089386582374572754e-01
6.729521751403808594e-01
7.665587067604064941e-01
7.415968179702758789e-01
9.744066745042800903e-03
9.379795752465724945e-03
3.360215127468109131e-01
5.860208347439765930e-02
1.728520692267920822e-05
2.777867775876075029e-04
4.195338115096092224e-03
8.214528560638427734e-01
5.961075425148010254e-01
6.151514649391174316e-01
6.321914792060852051e-01
8.184935450553894043e-01
9.252663850784301758e-01
9.972729682922363281e-01
1.143962219357490540e-01
3.520348966121673584e-01
6.975752767175436020e-03
1.229771785438060760e-02
2.222296968102455139e-02
4.677849262952804565e-02
5.531959533691406250e-01
7.424813508987426758e-01
4.426284730434417725e-01
4.169497787952423096e-01
5.988951325416564941e-01
7.864859104156494141e-01
9.954696297645568848e-01
1.448308932594954967e-03
4.493821859359741211e-01
4.299318825360387564e-04
1.622275158297270536e-04
1.669894158840179443e-02
3.520639836788177490e-01
4.812603890895843506e-01
6.468096375465393066e-01
4.130680561065673828e-01
2.281155288219451904e-01
6.694406270980834961e-01
8.046854734420776367e-01
9.601792693138122559e-01
3.359371796250343323e-03
7.862257957458496094e-02
6.614212179556488991e-05
7.147531141526997089e-05
1.281907409429550171e-02
2.609483432024717331e-03
6.186615228652954102e-01
4.735227227210998535e-01
3.142069578170776367e-01
2.903071045875549316e-01
4.496874809265136719e-01
4.837474822998046875e-01
9.566256999969482422e-01
1.498357579112052917e-02
7.203221321105957031e-02
5.019747614860534668e-01
6.639928324148058891e-04
1.350307092070579529e-02
1.251045167446136475e-01
4.676476418972015381e-01
4.962410330772399902e-01
6.692222356796264648e-01
4.015670716762542725e-01
4.962138533592224121e-01
5.971405506134033203e-01
9.347540736198425293e-01
4.808287601917982101e-03
1.985498964786529541e-01
4.222550690174102783e-01
4.191388143226504326e-06
4.000517656095325947e-04
1.844822913408279419e-01
5.068602561950683594e-01
2.858506441116333008e-01
7.424896955490112305e-01
4.072572886943817139e-01
5.043486952781677246e-01
8.705843687057495117e-01
9.973230361938476562e-01
1.302834879606962204e-02
2.637206017971038818e-02
6.838592886924743652e-01
2.824725524988025427e-04
8.060638792812824249e-04
3.231618553400039673e-03
7.010963559150695801e-01
4.669331908226013184e-01
8.503987193107604980e-01
4.939038157463073730e-01
5.059781670570373535e-01
6.110649108886718750e-01
9.921538829803466797e-01
2.234097942709922791e-02
5.752076506614685059e-01
1.041283612721599638e-04
1.043553580529987812e-03
8.118311874568462372e-03
2.533936500549316406e-01
4.740096926689147949e-01
6.079748868942260742e-01
9.383392930030822754e-01
2.806754112243652344e-01
5.895937085151672363e-01
8.947254419326782227e-01
9.796702861785888672e-01
3.101528435945510864e-02
1.997712701559066772e-01
5.523703657672740519e-05
5.184669862501323223e-04
3.218628931790590286e-03
4.713868838734924793e-04
6.190277934074401855e-01
3.096180260181427002e-01
7.143586874008178711e-01
2.849841117858886719e-01
4.603322148323059082e-01
8.567724823951721191e-01
9.797023534774780273e-01
5.629997234791517258e-03
3.130830451846122742e-02
3.676829636096954346e-01
2.553022699430584908e-03
3.842592705041170120e-03
1.527590900659561157e-01
5.344583988189697266e-01
5.295345187187194824e-01
6.885493993759155273e-01
3.778539001941680908e-01
5.801262259483337402e-01
6.095862388610839844e-01
9.582649469375610352e-01
7.505609840154647827e-02
3.914126753807067871e-02
3.833116292953491211e-01
1.959252949745859951e-05
3.048989735543727875e-02
4.037688672542572021e-02
2.661905884742736816e-01
6.391794085502624512e-01
5.873545408248901367e-01
3.579127192497253418e-01
7.529807090759277344e-01
7.157762050628662109e-01
9.790248870849609375e-01
4.126616695430129766e-04
2.224883735179901123e-01
5.798006653785705566e-01
1.959448673005681485e-05
1.174473582068458200e-04
1.056055426597595215e-01
4.070199131965637207e-01
3.502097129821777344e-01
8.186997771263122559e-01
5.469383597373962402e-01
5.677402019500732422e-01
9.250965118408203125e-01
9.983349442481994629e-01
1.330322353169322014e-03
2.379775792360305786e-02
6.072277426719665527e-01
1.139950691140256822e-04
7.730647921562194824e-04
1.015996001660823822e-02
4.700408875942230225e-01
4.355348050594329834e-01
6.493339538574218750e-01
6.492574214935302734e-01
6.222666501998901367e-01
7.594081163406372070e-01
9.950767755508422852e-01
1.917326590046286583e-03
5.404245853424072266e-02
5.796390723844524473e-06
1.366807555314153433e-05
8.089222319540567696e-06
4.898137831332860515e-06
7.444443106651306152e-01
3.075564801692962646e-01
6.220600008964538574e-01
4.112643897533416748e-01
5.777707695960998535e-01
7.932953834533691406e-01
9.945413470268249512e-01
1.796088414266705513e-03
5.226867273449897766e-03
3.390618264675140381e-01
9.521403990220278502e-05
8.254783228039741516e-03
1.842206902801990509e-02
7.233604192733764648e-01
5.931956768035888672e-01
7.053838372230529785e-01
5.147873759269714355e-01
4.821456074714660645e-01
6.186419725418090820e-01
9.744666218757629395e-01
1.309511531144380569e-02
2.371026203036308289e-03
4.561895728111267090e-01
1.289163378714874852e-06
7.514736056327819824e-02
4.673046618700027466e-02
3.783348202705383301e-01
7.192375659942626953e-01
5.722740292549133301e-01
4.574930369853973389e-01
4.028536677360534668e-01
7.721954584121704102e-01
9.884529113769531250e-01
5.721799563616514206e-03
1.575990207493305206e-02
3.884375095367431641e-01
2.181696572733926587e-06
4.274902748875319958e-04
2.657549679279327393e-01
7.488171458244323730e-01
5.587297677993774414e-01
6.175997257232666016e-01
2.917869091033935547e-01
3.657912015914916992e-01
7.065788507461547852e-01
8.978064060211181641e-01
2.202236652374267578e-02
2.654024865478277206e-03
5.094308853149414062e-01
5.094011430628597736e-04
1.425457885488867760e-04
1.351244191027944908e-05
3.780363798141479492e-01
5.661107301712036133e-01
7.744787931442260742e-01
3.046036362648010254e-01
5.947655439376831055e-01
7.829446792602539062e-01
9.931126832962036133e-01
8.078319951891899109e-03
2.133587189018726349e-02
3.239028900861740112e-02
6.592074059881269932e-04
3.657027380540966988e-03
1.060384209267795086e-03
5.704675912857055664e-01
5.084774494171142578e-01
5.240423083305358887e-01
5.038192868232727051e-01
6.703383326530456543e-01
7.477130889892578125e-01
9.692298173904418945e-01
8.731883717700839043e-04
5.458974838256835938e-02
2.958360314369201660e-02
1.649273181101307273e-04
1.077261404134333134e-03
9.607858373783528805e-05
4.621232151985168457e-01
4.195821285247802734e-01
6.118547320365905762e-01
4.368602037429809570e-01
2.741296291351318359e-01
7.975535988807678223e-01
9.873044490814208984e-01
9.367682039737701416e-03
3.075657878071069717e-03
1.352890301495790482e-02
8.977676770882681012e-05
3.055303357541561127e-03
3.949192818254232407e-03
6.405580043792724609e-01
4.042087197303771973e-01
7.893348932266235352e-01
5.142820477485656738e-01
8.570497035980224609e-01
7.957047224044799805e-01
9.540728330612182617e-01
6.632814183831214905e-04
1.153309363871812820e-02
3.719730675220489502e-02
4.334949254989624023e-01
2.853920310735702515e-02
1.437975615262985229e-01
5.710260272026062012e-01
2.488029599189758301e-01
7.423182725906372070e-01
6.111551523208618164e-01
3.156437277793884277e-01
8.228498101234436035e-01
9.807603955268859863e-01
6.009586621075868607e-03
1.240903045982122421e-02
7.617954164743423462e-02
8.763681650161743164e-01
3.029941872227936983e-04
3.658737242221832275e-02
5.136764645576477051e-01
5.739979147911071777e-01
6.926075220108032227e-01
1.967870295047760010e-01
7.460479736328125000e-01
7.542852759361267090e-01
9.901568293571472168e-01
1.023100106976926327e-03
1.751509867608547211e-02
6.535648554563522339e-02
4.422802329063415527e-01
2.348376205191016197e-03
4.741099663078784943e-03
6.142684817314147949e-01
8.326225280761718750e-01
7.104881405830383301e-01
5.719090104103088379e-01
4.249934554100036621e-01
7.864171862602233887e-01
9.851840734481811523e-01
1.027871109545230865e-02
3.352319588884711266e-03
4.396501183509826660e-02
3.951620161533355713e-01
3.804113362093630712e-07
4.757536947727203369e-02
3.578000068664550781e-01
1.632089912891387939e-01
8.789991140365600586e-01
4.577618539333343506e-01
3.865670561790466309e-01
8.451203107833862305e-01
8.648285865783691406e-01
1.868186518549919128e-02
1.421145722270011902e-02
2.200923711061477661e-01
7.230815887451171875e-01
5.113427505420986563e-06
1.513429160695523024e-04
5.397154688835144043e-01
5.170123577117919922e-01
7.532896399497985840e-01
3.732801377773284912e-01
7.954108119010925293e-01
8.214988112449645996e-01
9.913888573646545410e-01
5.184791982173919678e-03
1.448216009885072708e-02
3.038943558931350708e-02
5.042130947113037109e-01
5.417090505943633616e-05
3.609892883105203509e-05
