3.125000000000000000e-01
1.093750000000000000e-01
4.199218750000000000e-02
3.125000000000000000e-01
2.187500000000000000e-01
1.093750000000000000e-01
5.419921875000000000e-02
1.093750000000000000e-01
1.093750000000000000e-01
7.128906250000000000e-02
4.318237304687500000e-02
4.199218750000000000e-02
5.419921875000000000e-02
4.318237304687500000e-02
3.137207031250000000e-02
1.586914062500000000e-02
1.321411132812500000e-02
3.437500000000000000e-01
1.250000000000000000e-01
4.736328125000000000e-02
1.660156250000000000e-02
1.250000000000000000e-01
9.277343750000000000e-02
4.614257812500000000e-02
2.194976806640625000e-02
4.736328125000000000e-02
5.078125000000000000e-02
3.440093994140625000e-02
2.072143554687500000e-02
3.125000000000000000e-01
1.105499267578125000e-02
3.125000000000000000e-01
2.343750000000000000e-01
7.519531250000000000e-02
2.929687500000000000e-02
1.093750000000000000e-01
1.142578125000000000e-01
6.518554687500000000e-02
3.244781494140625000e-02
4.199218750000000000e-02
5.541992187500000000e-02
4.178619384765625000e-02
2.707290649414062500e-02
3.125000000000000000e-01
1.093750000000000000e-01
3.125000000000000000e-01
2.187500000000000000e-01
1.152343750000000000e-01
3.881835937500000000e-02
1.093750000000000000e-01
1.093750000000000000e-01
7.299804687500000000e-02
4.062652587890625000e-02
4.199218750000000000e-02
5.419921875000000000e-02
4.373168945312500000e-02
3.072357177734375000e-02
3.437500000000000000e-01
1.250000000000000000e-01
4.736328125000000000e-02
1.250000000000000000e-01
9.277343750000000000e-02
5.078125000000000000e-02
1.586914062500000000e-02
4.736328125000000000e-02
4.614257812500000000e-02
3.440093994140625000e-02
1.321411132812500000e-02
1.660156250000000000e-02
2.194976806640625000e-02
2.072143554687500000e-02
3.125000000000000000e-01
1.250000000000000000e-01
4.589843750000000000e-02
3.125000000000000000e-01
4.638671875000000000e-02
3.710937500000000000e-02
1.250000000000000000e-01
4.638671875000000000e-02
3.515625000000000000e-02
2.605438232421875000e-02
4.589843750000000000e-02
3.710937500000000000e-02
2.605438232421875000e-02
1.924133300781250000e-02
3.125000000000000000e-01
1.093750000000000000e-01
4.589843750000000000e-02
3.125000000000000000e-01
2.187500000000000000e-01
2.050781250000000000e-02
1.093750000000000000e-01
1.181640625000000000e-01
3.906250000000000000e-02
2.429199218750000000e-02
4.199218750000000000e-02
5.590820312500000000e-02
3.553009033203125000e-02
2.201843261718750000e-02
3.125000000000000000e-01
1.093750000000000000e-01
4.052734375000000000e-02
3.125000000000000000e-01
2.187500000000000000e-01
1.088867187500000000e-01
1.093750000000000000e-01
1.093750000000000000e-01
7.543945312500000000e-02
2.532196044921875000e-02
4.199218750000000000e-02
5.419921875000000000e-02
4.422760009765625000e-02
2.701187133789062500e-02
3.125000000000000000e-01
1.093750000000000000e-01
4.199218750000000000e-02
3.125000000000000000e-01
2.343750000000000000e-01
1.142578125000000000e-01
5.541992187500000000e-02
7.519531250000000000e-02
6.518554687500000000e-02
4.178619384765625000e-02
1.105499267578125000e-02
2.929687500000000000e-02
3.244781494140625000e-02
2.707290649414062500e-02
3.125000000000000000e-01
1.093750000000000000e-01
4.199218750000000000e-02
3.125000000000000000e-01
2.187500000000000000e-01
1.181640625000000000e-01
5.590820312500000000e-02
1.093750000000000000e-01
3.906250000000000000e-02
3.553009033203125000e-02
4.589843750000000000e-02
2.050781250000000000e-02
2.429199218750000000e-02
2.201843261718750000e-02
3.125000000000000000e-01
1.093750000000000000e-01
4.199218750000000000e-02
3.125000000000000000e-01
2.187500000000000000e-01
1.079101562500000000e-01
5.737304687500000000e-02
1.093750000000000000e-01
1.079101562500000000e-01
2.214050292968750000e-02
4.199218750000000000e-02
5.737304687500000000e-02
2.214050292968750000e-02
1.918029785156250000e-02
3.125000000000000000e-01
1.093750000000000000e-01
4.199218750000000000e-02
3.125000000000000000e-01
2.187500000000000000e-01
1.093750000000000000e-01
5.273437500000000000e-02
1.093750000000000000e-01
1.093750000000000000e-01
7.031250000000000000e-02
4.199218750000000000e-02
5.419921875000000000e-02
4.537963867187500000e-02
1.700592041015625000e-02
3.125000000000000000e-01
1.093750000000000000e-01
4.199218750000000000e-02
3.125000000000000000e-01
2.187500000000000000e-01
1.093750000000000000e-01
5.419921875000000000e-02
1.093750000000000000e-01
1.152343750000000000e-01
7.299804687500000000e-02
4.373168945312500000e-02
3.881835937500000000e-02
4.062652587890625000e-02
3.072357177734375000e-02
3.125000000000000000e-01
1.093750000000000000e-01
4.199218750000000000e-02
3.125000000000000000e-01
2.187500000000000000e-01
1.093750000000000000e-01
5.419921875000000000e-02
1.093750000000000000e-01
1.088867187500000000e-01
7.543945312500000000e-02
4.422760009765625000e-02
4.052734375000000000e-02
2.532196044921875000e-02
2.701187133789062500e-02
3.125000000000000000e-01
1.093750000000000000e-01
4.199218750000000000e-02
3.125000000000000000e-01
2.187500000000000000e-01
1.093750000000000000e-01
5.419921875000000000e-02
1.093750000000000000e-01
1.093750000000000000e-01
7.031250000000000000e-02
4.537963867187500000e-02
4.199218750000000000e-02
5.273437500000000000e-02
1.700592041015625000e-02
3.125000000000000000e-01
1.093750000000000000e-01
4.199218750000000000e-02
3.125000000000000000e-01
2.187500000000000000e-01
1.093750000000000000e-01
5.419921875000000000e-02
1.093750000000000000e-01
1.093750000000000000e-01
7.128906250000000000e-02
4.211425781250000000e-02
4.199218750000000000e-02
5.419921875000000000e-02
4.211425781250000000e-02
