1.495822966098785400e-01
5.978477597236633301e-01
2.172851264476776123e-01
1.809408143162727356e-02
3.253193199634552002e-02
2.006647586822509766e-01
4.338743686676025391e-01
6.064360588788986206e-02
1.674300581216812134e-01
5.398019030690193176e-02
3.841938078403472900e-01
4.018744528293609619e-01
4.585061967372894287e-02
1.484314328990876675e-03
2.181276828050613403e-01
3.072578087449073792e-02
1.876322180032730103e-02
1.878327317535877228e-02
5.832975506782531738e-01
1.663890779018402100e-01
3.856890499591827393e-01
2.225157022476196289e-01
4.262160509824752808e-02
1.969669014215469360e-01
1.205566450953483582e-01
7.424934208393096924e-02
6.188388215377926826e-04
9.795241989195346832e-03
6.015954017639160156e-01
1.005259528756141663e-02
2.136815106496214867e-03
2.121744444593787193e-03
5.220971107482910156e-01
6.189440842717885971e-03
5.339878797531127930e-02
3.536574076861143112e-04
1.891427040100097656e-01
2.150965183973312378e-01
1.442318316549062729e-03
1.615149201825261116e-03
5.855105700902640820e-04
5.895491838455200195e-01
3.253131210803985596e-01
1.735005341470241547e-02
3.900537192821502686e-01
1.995614171028137207e-01
3.670889418572187424e-03
2.357071265578269958e-02
1.948426961898803711e-01
3.285907208919525146e-03
2.717106603085994720e-02
7.648176513612270355e-03
3.147448878735303879e-03
1.513577532023191452e-03
5.797843933105468750e-01
2.227479964494705200e-01
2.169190794229507446e-01
1.518264599144458771e-02
4.297057986259460449e-01
3.977591097354888916e-01
9.682942181825637817e-02
1.489389315247535706e-02
2.472124397754669189e-01
1.011475622653961182e-01
2.202367931604385376e-01
2.557870699092745781e-03
5.301864817738533020e-03
2.196181267499923706e-01
6.049003601074218750e-01
1.196512486785650253e-02
9.622594341635704041e-03
1.930257976055145264e-01
1.607539691030979156e-02
1.002856120467185974e-01
4.308788105845451355e-02
1.213460043072700500e-01
4.726827610284090042e-03
2.950430475175380707e-02
8.212699322029948235e-04
9.221800719387829304e-04
2.289136052131652832e-01
1.277063041925430298e-01
2.098028659820556641e-01
1.950855553150177002e-02
8.978832513093948364e-02
1.488974969834089279e-02
1.372552663087844849e-02
1.276318449527025223e-02
1.989974230527877808e-01
2.009234279394149780e-01
1.298495754599571228e-02
3.318583592772483826e-03
1.767057576216757298e-03
2.108142971992492676e-01
5.833942070603370667e-02
7.602752652019262314e-03
1.355705596506595612e-02
1.881252229213714600e-01
1.114950627088546753e-01
1.973015815019607544e-02
3.748976290225982666e-01
1.178418751806020737e-02
3.437958075664937496e-04
1.505781058222055435e-02
7.405149517580866814e-04
6.492643733508884907e-04
4.112648963928222656e-01
1.506777852773666382e-02
1.192684471607208252e-01
7.877556607127189636e-03
4.576775431632995605e-01
4.157375991344451904e-01
3.096798062324523926e-01
2.935458905994892120e-02
4.872777499258518219e-03
3.967083394527435303e-01
2.053148895502090454e-01
9.034158429130911827e-04
1.417109393514692783e-03
2.360063232481479645e-02
2.198995947837829590e-01
1.464181244373321533e-01
2.221233770251274109e-02
3.922388851642608643e-01
1.912544369697570801e-01
2.313811182975769043e-01
1.784432493150234222e-02
4.782843217253684998e-02
1.380196865648031235e-02
8.886118233203887939e-02
3.779822494834661484e-03
1.883416203781962395e-03
4.553920626640319824e-01
2.597218193113803864e-02
1.816049218177795410e-01
1.094578206539154053e-02
1.960999369621276855e-01
1.261174678802490234e-01
1.361588574945926666e-02
2.642055973410606384e-02
3.856442272663116455e-01
1.756031252443790436e-02
1.478035598993301392e-01
4.360888560768216848e-04
1.698275804519653320e-01
2.172769904136657715e-01
3.254606574773788452e-02
1.518805176019668579e-01
9.648219496011734009e-02
2.192014455795288086e-01
5.716888904571533203e-01
4.218529164791107178e-01
2.253456115722656250e-01
5.082998890429735184e-03
5.105031728744506836e-01
8.825770579278469086e-03
3.603829303756356239e-03
1.858604024164378643e-03
5.972967743873596191e-01
1.931744515895843506e-01
2.276859991252422333e-02
5.625075427815318108e-04
2.008486241102218628e-01
1.408951282501220703e-01
1.775835454463958740e-02
3.193691745400428772e-02
4.808485209941864014e-01
2.012474536895751953e-01
4.170131981372833252e-01
4.120963811874389648e-01
2.078174352645874023e-01
3.237042576074600220e-02
2.009467482566833496e-01
1.185054704546928406e-01
3.862463831901550293e-01
1.073248013854026794e-01
4.068962037563323975e-01
4.197109490633010864e-02
1.875290274620056152e-01
2.432990372180938721e-01
9.466558694839477539e-02
2.176663875579833984e-01
9.689267873764038086e-01
7.097061024978756905e-04
2.194139808416366577e-01
3.320970013737678528e-02
2.118703536689281464e-02
1.036373712122440338e-02
9.996275603771209717e-02
1.537018865346908569e-01
1.799141801893711090e-02
7.251920760609209538e-04
1.610747911036014557e-02
1.873470246791839600e-01
1.374372392892837524e-01
7.838296890258789062e-01
5.042716293246485293e-05
7.719399929046630859e-01
1.778774429112672806e-03
1.448708865791559219e-02
3.849290311336517334e-01
3.023885935544967651e-02
8.602372254244983196e-04
5.224564811214804649e-04
8.464861894026398659e-04
3.931471705436706543e-01
4.317992925643920898e-01
2.017751187086105347e-01
7.808125615119934082e-01
2.943620493169873953e-04
2.272989749908447266e-01
2.015537768602371216e-01
4.972994327545166016e-03
2.045377390459179878e-03
3.921844959259033203e-01
2.923239395022392273e-02
4.679135605692863464e-02
8.640889078378677368e-02
2.290640324354171753e-01
3.818276822566986084e-01
2.160190492868423462e-01
3.299358487129211426e-01
6.420342833735048771e-04
2.945581972599029541e-01
2.436992079019546509e-01
2.359092384576797485e-01
1.155932201072573662e-03
1.854714192450046539e-02
2.318646162748336792e-01
2.359627485275268555e-01
2.581844478845596313e-02
2.088514119386672974e-01
2.763305306434631348e-01
5.696165189146995544e-02
5.864160060882568359e-01
2.761753275990486145e-03
5.895332098007202148e-01
2.317774593830108643e-01
2.296465337276458740e-01
1.424054428935050964e-02
9.713959693908691406e-01
5.098904948681592941e-03
7.345586270093917847e-02
3.378747787792235613e-04
2.138344645500183105e-01
4.864333942532539368e-02
2.730435878038406372e-02
2.102292180061340332e-01
3.620826755650341511e-04
3.966935276985168457e-01
2.320719659328460693e-01
2.687987312674522400e-02
1.241994090378284454e-02
1.202658861875534058e-01
2.064637243747711182e-01
1.495017111301422119e-01
5.609131185337901115e-04
4.165423512458801270e-01
3.632176220417022705e-01
3.208579495549201965e-02
9.033623933792114258e-01
4.033123608678579330e-03
2.958062589168548584e-01
4.092183709144592285e-01
6.502227485179901123e-02
6.255798507481813431e-03
1.128763891756534576e-03
3.732973933219909668e-01
6.063086986541748047e-01
8.148292452096939087e-02
2.818390727043151855e-01
6.101455688476562500e-01
5.231286957859992981e-02
7.771766781806945801e-01
4.419969394803047180e-03
2.151963673532009125e-02
3.158745169639587402e-02
2.258567363023757935e-01
1.568669453263282776e-02
3.870471119880676270e-01
5.411391258239746094e-01
2.217781841754913330e-01
3.095137700438499451e-02
3.969298601150512695e-01
2.079823911190032959e-01
2.660509571433067322e-02
3.977169990539550781e-01
2.904856577515602112e-02
5.201699733734130859e-01
1.914598420262336731e-02
2.254762500524520874e-02
2.246782928705215454e-01
4.172408580780029297e-01
2.381596714258193970e-01
3.117198348045349121e-01
4.382676258683204651e-02
8.470216416753828526e-04
1.780153959989547729e-01
3.377809002995491028e-02
4.010550081729888916e-01
2.714210888370871544e-03
9.601787328720092773e-01
3.727484941482543945e-01
3.817661851644515991e-02
2.072502821683883667e-01
1.955606043338775635e-01
3.978395760059356689e-01
3.760273456573486328e-01
3.116817958652973175e-02
1.375402882695198059e-02
3.710524141788482666e-01
2.333482503890991211e-01
7.649505138397216797e-01
2.535509644076228142e-03
5.986763238906860352e-01
4.097017943859100342e-01
3.965475037693977356e-02
3.332300577312707901e-03
3.897093534469604492e-01
2.010238319635391235e-01
2.601129934191703796e-02
1.730187982320785522e-01
9.858230501413345337e-02
3.942757248878479004e-01
4.728216528892517090e-01
9.791829586029052734e-01
5.892848968505859375e-01
3.497115671634674072e-01
2.188430875539779663e-01
2.995886281132698059e-02
7.459568325430154800e-03
1.823924034833908081e-01
3.819215893745422363e-01
3.258946835994720459e-01
6.147153675556182861e-02
9.709618240594863892e-02
2.411539703607559204e-01
4.165908396244049072e-01
4.107065200805664062e-01
5.892366170883178711e-01
5.539424419403076172e-01
3.010990619659423828e-01
9.310100972652435303e-02
6.084459424018859863e-01
1.233397573232650757e-01
3.912700116634368896e-01
5.567859411239624023e-01
3.495368408039212227e-03
3.842338323593139648e-01
7.252411246299743652e-01
4.392927587032318115e-01
3.945130705833435059e-01
3.849599659442901611e-01
4.002910554409027100e-01
2.139729857444763184e-01
1.233456097543239594e-02
1.967539787292480469e-01
3.943288326263427734e-01
4.437518119812011719e-02
4.162542894482612610e-02
4.173019900918006897e-02
3.862313330173492432e-01
4.116679430007934570e-01
2.246106509119272232e-03
7.861855626106262207e-01
3.801833987236022949e-01
4.301685392856597900e-01
2.143558263778686523e-01
4.166667163372039795e-01
3.877049386501312256e-01
3.656845986843109131e-01
3.906268775463104248e-01
3.074548840522766113e-01
3.853171467781066895e-01
4.254263639450073242e-01
5.633998289704322815e-02
2.524366676807403564e-01
7.800699472427368164e-01
5.766014456748962402e-01
2.021281719207763672e-01
3.601365387439727783e-01
4.132766723632812500e-01
2.334639579057693481e-01
1.590558141469955444e-02
1.957496553659439087e-01
4.887875318527221680e-01
9.657734632492065430e-02
1.073165610432624817e-01
2.210763692855834961e-01
4.360209107398986816e-01
4.045818746089935303e-01
7.226194739341735840e-01
4.577470123767852783e-01
7.798418998718261719e-01
6.062918901443481445e-01
2.389395050704479218e-02
1.961372494697570801e-01
2.089832425117492676e-01
2.286163624376058578e-03
1.778462827205657959e-01
8.246383070945739746e-02
3.751130700111389160e-01
3.746598362922668457e-01
5.447136163711547852e-01
1.962781697511672974e-01
2.949815392494201660e-01
4.158488512039184570e-01
2.837660312652587891e-01
2.835084125399589539e-02
9.212660789489746094e-01
4.304978549480438232e-01
4.444463849067687988e-01
1.955237388610839844e-01
1.856337934732437134e-01
1.764224022626876831e-01
2.691310048103332520e-01
2.070573717355728149e-01
3.926787674427032471e-01
4.002875983715057373e-01
5.538517236709594727e-01
5.870436429977416992e-01
1.357883810997009277e-01
5.082524847239255905e-03
2.517918944358825684e-01
2.425449937582015991e-01
1.622218489646911621e-01
6.371970176696777344e-01
4.224889278411865234e-01
2.091609239578247070e-01
7.716708183288574219e-01
1.914326995611190796e-01
4.035539627075195312e-01
3.899248838424682617e-01
2.106773257255554199e-01
1.919877678155899048e-01
4.789004325866699219e-01
3.968494534492492676e-01
6.115466952323913574e-01
4.207639694213867188e-01
3.798771202564239502e-01
4.315606653690338135e-01
5.803771018981933594e-01
3.970785737037658691e-01
5.252572298049926758e-01
2.034958600997924805e-01
1.677056401968002319e-01
4.132649302482604980e-01
4.653212055563926697e-02
4.610438942909240723e-01
1.942043006420135498e-01
3.912931382656097412e-01
1.121464520692825317e-01
3.596331458538770676e-03
2.485400289297103882e-01
4.206987619400024414e-01
5.871559381484985352e-01
3.892853856086730957e-01
5.913470983505249023e-01
1.066882163286209106e-01
4.016680121421813965e-01
5.003190413117408752e-02
8.872069418430328369e-03
3.991280794143676758e-01
3.622716665267944336e-01
4.470021128654479980e-01
5.325336381793022156e-02
3.777031898498535156e-01
1.758551895618438721e-01
5.979465842247009277e-01
2.010598778724670410e-01
2.083192616701126099e-01
2.215735614299774170e-01
4.489525854587554932e-01
2.015561163425445557e-01
3.911629617214202881e-01
1.978564560413360596e-01
4.213696122169494629e-01
1.922597587108612061e-01
1.792925596237182617e-02
5.861587524414062500e-01
4.521505236625671387e-01
2.191487699747085571e-01
5.982233881950378418e-01
3.754886388778686523e-01
2.100642919540405273e-01
2.824064111337065697e-03
2.924971340689808130e-05
5.036528687924146652e-03
3.929178118705749512e-01
1.991657614707946777e-01
1.227509602904319763e-02
5.861503630876541138e-02
5.783107876777648926e-01
2.341387271881103516e-01
5.932826995849609375e-01
2.569372653961181641e-01
2.002351135015487671e-01
1.638267934322357178e-02
2.019739747047424316e-01
2.567391283810138702e-02
5.217909067869186401e-02
9.114328026771545410e-02
4.016128778457641602e-01
1.016736030578613281e-02
8.468361571431159973e-03
6.682278960943222046e-02
2.052119672298431396e-01
5.993381142616271973e-01
3.887535929679870605e-01
1.676736623048782349e-01
4.853515326976776123e-01
3.900536298751831055e-01
2.341293962672352791e-03
1.896463185548782349e-01
1.433330308645963669e-02
3.765764459967613220e-02
9.349517524242401123e-03
2.252410650253295898e-01
3.133942782878875732e-01
2.197228670120239258e-01
7.747859954833984375e-01
5.713284015655517578e-01
5.261920392513275146e-02
3.527296334505081177e-02
7.914198637008666992e-01
2.037944197654724121e-01
3.817030191421508789e-01
2.314185202121734619e-01
4.168305695056915283e-01
1.166591304354369640e-03
8.842677623033523560e-02
1.476367712020874023e-01
3.722194135189056396e-01
3.428388833999633789e-01
7.851407527923583984e-01
1.462763547897338867e-02
5.278602614998817444e-02
2.929570376873016357e-01
2.116896510124206543e-01
7.829796522855758667e-03
2.024484053254127502e-02
1.935491412878036499e-01
9.535579942166805267e-03
5.003347061574459076e-03
2.973595857620239258e-01
4.756996631622314453e-01
9.739234447479248047e-01
4.686653912067413330e-01
1.947143115103244781e-03
2.021653205156326294e-02
3.857989311218261719e-01
4.105760157108306885e-01
1.483968226239085197e-03
3.376080188900232315e-03
2.620504200458526611e-01
4.177876934409141541e-02
7.594021037220954895e-03
9.160459041595458984e-02
2.496128082275390625e-01
4.054672122001647949e-01
5.855822563171386719e-01
2.185491146519780159e-03
2.044613808393478394e-01
2.128877043724060059e-01
1.980365365743637085e-01
2.180052921175956726e-02
8.145178668200969696e-03
8.979451060295104980e-01
4.430434200912714005e-03
6.491145491600036621e-02
5.528641343116760254e-01
3.103275895118713379e-01
5.995333194732666016e-01
5.821451544761657715e-01
1.762197166681289673e-02
3.134957551956176758e-01
1.488200668245553970e-02
2.014560699462890625e-01
6.511315237730741501e-03
1.243131980299949646e-01
4.032728970050811768e-01
4.325131773948669434e-01
1.496962364763021469e-02
2.116686105728149414e-01
2.310614883899688721e-01
4.093809127807617188e-01
2.025511860847473145e-01
2.117022275924682617e-01
2.160373181104660034e-01
5.629284381866455078e-01
3.702286779880523682e-01
8.820263668894767761e-03
2.152314931154251099e-01
2.046651244163513184e-01
3.388859629631042480e-01
8.744672522880136967e-04
4.959106445312500000e-01
5.958697795867919922e-01
6.328504681587219238e-01
1.744017153978347778e-01
1.787949204444885254e-01
2.166409939527511597e-01
2.447350472211837769e-01
3.983368277549743652e-01
3.687956556677818298e-02
9.841855615377426147e-03
2.091635465621948242e-01
4.083189666271209717e-01
7.902720244601368904e-04
3.195975208654999733e-03
3.732755780220031738e-01
6.004052162170410156e-01
5.858500003814697266e-01
1.333067417144775391e-01
1.244738698005676270e-02
4.688906669616699219e-01
1.971118450164794922e-01
8.574090898036956787e-04
9.887893497943878174e-02
1.559002790600061417e-02
3.744309842586517334e-01
4.912358243018388748e-03
8.098680526018142700e-02
2.065745554864406586e-02
3.992587029933929443e-01
7.661936879158020020e-01
6.870934274047613144e-03
1.430374681949615479e-01
6.911105476319789886e-03
4.002005159854888916e-01
5.879874527454376221e-02
1.409514714032411575e-02
1.987695693969726562e-01
5.794357974082231522e-03
3.696593940258026123e-01
2.440369501709938049e-02
2.172395586967468262e-01
5.418123006820678711e-01
7.542949914932250977e-01
1.991304308176040649e-01
7.775114178657531738e-01
1.768949627876281738e-01
3.874723613262176514e-01
2.154799699783325195e-01
2.188177704811096191e-01
7.845078408718109131e-02
2.838664054870605469e-01
1.802868247032165527e-01
4.187135398387908936e-01
3.696383237838745117e-01
7.819259166717529297e-01
4.028928577899932861e-01
1.899921745061874390e-01
4.735629856586456299e-01
4.446004331111907959e-01
3.823588788509368896e-01
9.614872979000210762e-04
3.913508653640747070e-01
2.603338956832885742e-01
1.439215242862701416e-02
2.870973758399486542e-02
4.177121818065643311e-02
7.771171927452087402e-01
7.794217467308044434e-01
3.919001221656799316e-01
1.998960077762603760e-01
3.997763097286224365e-01
7.043289486318826675e-03
1.133177778683602810e-03
3.478890657424926758e-01
1.107644103467464447e-02
1.750765740871429443e-01
3.842041194438934326e-01
5.118473432958126068e-03
5.478117242455482483e-02
3.001347780227661133e-01
4.087856113910675049e-01
3.938435316085815430e-01
3.888647258281707764e-01
3.480788171291351318e-01
2.559154629707336426e-01
4.803833365440368652e-01
3.686989247798919678e-01
3.346850872039794922e-01
3.637489378452301025e-01
1.999265253543853760e-01
3.932835161685943604e-01
1.629645377397537231e-01
2.442070469260215759e-02
7.749245762825012207e-01
6.556231975555419922e-01
4.009336829185485840e-01
3.921810686588287354e-01
2.419776469469070435e-01
5.417919717729091644e-03
3.786697685718536377e-01
4.738735407590866089e-02
3.979181647300720215e-01
6.673470488749444485e-04
3.743159770965576172e-01
1.973969936370849609e-01
2.051584869623184204e-01
7.868427634239196777e-01
3.948118090629577637e-01
1.120035187341272831e-03
5.915513038635253906e-01
5.418651103973388672e-01
3.463335931301116943e-01
4.053409099578857422e-01
3.453022837638854980e-01
4.251957535743713379e-01
1.968415230512619019e-01
3.746523261070251465e-01
2.415706366300582886e-01
6.753733754158020020e-01
7.046843767166137695e-01
1.980258524417877197e-01
9.315717965364456177e-02
1.304836571216583252e-01
2.032955586910247803e-01
2.834354043006896973e-01
7.749727368354797363e-01
1.298485137522220612e-02
2.180907726287841797e-01
5.990098714828491211e-01
3.827049434185028076e-01
3.086206912994384766e-01
4.000532031059265137e-01
7.752377986907958984e-01
3.972621858119964600e-01
1.990875452756881714e-01
4.174394011497497559e-01
2.147292494773864746e-01
5.697253942489624023e-01
2.131349872797727585e-03
6.607760488986968994e-02
2.041547447443008423e-01
5.254499912261962891e-01
5.660249851644039154e-03
4.213063716888427734e-01
2.265649102628231049e-02
6.000303626060485840e-01
7.835531830787658691e-01
1.888290494680404663e-01
5.928238034248352051e-01
2.184399664402008057e-01
3.976224064826965332e-01
5.117394328117370605e-01
2.503297924995422363e-01
3.994748294353485107e-01
8.421818912029266357e-02
3.849153518676757812e-01
2.124827206134796143e-01
2.332196384668350220e-01
7.649364471435546875e-01
3.841839730739593506e-01
5.826635956764221191e-01
5.887359976768493652e-01
2.169737815856933594e-01
3.390430007129907608e-03
3.393288552761077881e-01
1.925321482121944427e-02
2.276609418913722038e-03
2.036385238170623779e-03
9.540856815874576569e-03
2.528253495693206787e-01
7.784289866685867310e-02
5.844538807868957520e-01
3.870449960231781006e-01
1.962584257125854492e-01
3.300572931766510010e-02
3.115452080965042114e-02
2.571990191936492920e-01
2.392659485340118408e-01
5.542749539017677307e-03
2.040214687585830688e-01
8.894226630218327045e-04
2.049142569303512573e-01
2.206434160470962524e-01
7.975618541240692139e-02
2.098155319690704346e-01
5.916442275047302246e-01
1.932599348947405815e-03
4.382953345775604248e-01
3.797103762626647949e-01
1.906136721372604370e-01
1.962145417928695679e-01
5.039513856172561646e-02
2.795095928013324738e-02
2.696181414648890495e-03
1.489025950431823730e-01
1.553614251315593719e-02
4.481302574276924133e-02
6.316782832145690918e-01
1.837524920701980591e-01
7.008624821901321411e-02
5.879818201065063477e-01
2.232123017311096191e-01
3.727576695382595062e-03
2.442441582679748535e-01
2.336272448301315308e-01
2.754723280668258667e-02
7.641666103154420853e-03
1.355808079242706299e-01
6.944108754396438599e-02
4.595535248517990112e-02
4.813004732131958008e-01
4.064658284187316895e-01
1.926473528146743774e-01
4.326430559158325195e-01
5.966344475746154785e-01
5.227590799331665039e-01
3.820249140262603760e-01
1.975103616714477539e-01
4.493860900402069092e-01
3.265770524740219116e-02
3.416851162910461426e-01
3.518313467502593994e-01
1.016884446144104004e-01
5.535120368003845215e-01
1.873239278793334961e-01
2.233684062957763672e-01
4.086009860038757324e-01
4.042666554450988770e-01
9.112499356269836426e-01
3.846789300441741943e-01
5.981134772300720215e-01
2.260042428970336914e-01
2.110838592052459717e-01
6.375348567962646484e-02
4.702034890651702881e-01
1.916702985763549805e-01
7.917481064796447754e-01
2.299199998378753662e-01
2.044688761234283447e-01
2.142776101827621460e-01
2.084212154150009155e-01
2.343883365392684937e-01
3.866965770721435547e-01
3.854545354843139648e-01
3.053807094693183899e-02
2.335851788520812988e-01
2.549858391284942627e-01
4.305453598499298096e-02
1.465428769588470459e-01
6.461396217346191406e-01
5.696199834346771240e-02
1.873737722635269165e-01
5.154563784599304199e-01
1.886678785085678101e-01
7.241985760629177094e-03
1.908999085426330566e-01
4.076153635978698730e-01
2.967302687466144562e-03
5.114624500274658203e-01
2.009093994274735451e-03
1.977288872003555298e-01
1.828338503837585449e-01
7.842191457748413086e-01
6.537341475486755371e-01
3.511689603328704834e-01
5.253143310546875000e-01
3.928197175264358521e-02
6.032889485359191895e-01
4.101315736770629883e-01
4.362216964364051819e-02
1.162261143326759338e-01
5.584213137626647949e-01
1.913093775510787964e-01
1.369605213403701782e-01
1.954647004604339600e-01
7.951140999794006348e-01
3.919607400894165039e-01
3.060199618339538574e-01
2.117881923913955688e-01
3.980434238910675049e-01
4.483352303504943848e-01
2.216305956244468689e-02
7.945297956466674805e-01
1.370595023036003113e-02
3.541384637355804443e-02
2.838886715471744537e-02
4.111712276935577393e-01
3.723610937595367432e-02
6.957845091819763184e-01
1.969475001096725464e-01
1.472477335482835770e-02
9.725816845893859863e-01
7.506972551345825195e-01
5.932407975196838379e-01
1.942335665225982666e-01
3.945266604423522949e-01
2.543862536549568176e-02
1.925004571676254272e-01
2.475455105304718018e-01
2.908694148063659668e-01
2.346309572458267212e-01
7.766044139862060547e-01
1.974311023950576782e-01
5.807372331619262695e-01
6.360169649124145508e-01
3.200431913137435913e-02
5.921980738639831543e-01
6.013200879096984863e-01
5.752887129783630371e-01
5.600202828645706177e-03
2.032645791769027710e-01
9.495670199394226074e-01
1.502414047718048096e-01
1.149811898358166218e-03
7.152232527732849121e-01
2.167456746101379395e-01
9.611985879018902779e-04
5.670216679573059082e-01
3.297284841537475586e-01
4.083599150180816650e-01
4.264167845249176025e-01
2.853642106056213379e-01
6.089773774147033691e-01
6.502658724784851074e-01
2.208584994077682495e-01
4.698110520839691162e-01
1.093243435025215149e-01
7.782632708549499512e-01
5.738559365272521973e-01
3.649405241012573242e-01
5.960332155227661133e-01
2.912895977497100830e-01
3.941534161567687988e-01
3.777462542057037354e-01
1.076949015259742737e-02
7.029167413711547852e-01
8.659551851451396942e-03
2.918968498706817627e-01
3.772924542427062988e-01
1.565907895565032959e-01
2.192570269107818604e-01
5.671167969703674316e-01
6.084904540330171585e-03
3.955195844173431396e-01
2.340780571103096008e-02
3.873946964740753174e-01
6.511318683624267578e-01
2.123354077339172363e-01
3.479196429252624512e-01
4.039172530174255371e-01
5.479811690747737885e-03
1.241838783025741577e-01
1.726852506399154663e-01
6.459701657295227051e-01
1.800894588232040405e-01
4.339034669101238251e-03
3.968723416328430176e-01
3.326452970504760742e-01
2.191805988550186157e-01
3.957665562629699707e-01
5.421988368034362793e-01
4.672008752822875977e-01
2.437839657068252563e-02
7.108788192272186279e-02
1.861957162618637085e-01
1.967602521181106567e-01
5.936423540115356445e-01
7.652707099914550781e-01
3.919694721698760986e-01
3.997304737567901611e-01
3.349646925926208496e-02
5.856957435607910156e-01
1.933804005384445190e-01
4.513022303581237793e-01
5.379399061203002930e-01
1.831759512424468994e-02
1.887146383523941040e-01
8.974208682775497437e-02
3.123182654380798340e-01
7.885754704475402832e-01
3.400200977921485901e-03
1.558649539947509766e-01
5.936430692672729492e-01
3.505811989307403564e-01
7.850430011749267578e-01
2.028550952672958374e-01
2.122442573308944702e-01
5.926642417907714844e-01
1.362913899356499314e-04
1.742065325379371643e-02
2.674111425876617432e-01
1.606816649436950684e-01
4.135148227214813232e-01
9.530069828033447266e-01
7.736161351203918457e-04
3.994464576244354248e-01
7.307203859090805054e-02
2.418795228004455566e-01
4.327903389930725098e-01
2.060486376285552979e-02
1.957726478576660156e-01
1.494784057140350342e-01
3.345761448144912720e-02
1.385710574686527252e-02
4.139985144138336182e-01
4.020320475101470947e-01
5.843809843063354492e-01
1.198146045207977295e-01
4.097527563571929932e-01
5.684156417846679688e-01
4.086445569992065430e-01
2.244119942188262939e-01
2.039642482995986938e-01
2.004822939634323120e-01
4.510311409831047058e-04
5.859299004077911377e-02
3.771976828575134277e-01
3.011121973395347595e-02
5.954319238662719727e-01
5.750302076339721680e-01
4.640080034732818604e-01
6.538892984390258789e-01
1.401688903570175171e-01
4.134880006313323975e-01
5.040886998176574707e-01
3.493485972285270691e-02
5.325917005538940430e-01
7.892662286758422852e-02
1.775378733873367310e-01
2.534728050231933594e-01
4.741534292697906494e-01
7.800128459930419922e-01
3.910594880580902100e-01
1.480716373771429062e-02
1.498643215745687485e-02
3.991782963275909424e-01
1.258267164230346680e-01
2.079375237226486206e-01
2.206181436777114868e-01
2.169787883758544922e-01
4.035733938217163086e-01
9.958275407552719116e-02
1.826291717588901520e-02
2.163984030485153198e-01
5.871074199676513672e-01
5.819911360740661621e-01
1.962838768959045410e-01
3.971739411354064941e-01
4.186389595270156860e-02
4.953599572181701660e-01
2.349747270345687866e-01
3.460772335529327393e-02
2.503781318664550781e-01
1.984398961067199707e-01
2.344318851828575134e-02
1.009084731340408325e-01
1.718713492155075073e-01
2.246327698230743408e-01
2.581850886344909668e-01
1.081359945237636566e-02
3.974998593330383301e-01
5.667310953140258789e-01
4.638075083494186401e-02
2.069220393896102905e-01
1.190764829516410828e-01
7.939097881317138672e-01
8.273986750282347202e-04
7.784655783325433731e-03
2.012541890144348145e-01
2.154514789581298828e-01
4.016744196414947510e-01
5.811103582382202148e-01
3.278560638427734375e-01
4.076576232910156250e-01
2.253107279539108276e-01
1.863891184329986572e-01
3.973396122455596924e-01
3.895962536334991455e-01
3.929696977138519287e-01
2.509674131870269775e-01
3.073505312204360962e-02
1.079565566033124924e-02
3.822292685508728027e-01
4.729955494403839111e-01
3.815898299217224121e-01
2.207622397691011429e-03
2.113561183214187622e-01
3.717603683471679688e-01
5.654727816581726074e-01
4.080651998519897461e-01
5.737722516059875488e-01
4.808250665664672852e-01
6.187431216239929199e-01
7.199535612016916275e-04
2.446006387472152710e-01
1.644112616777420044e-01
7.864031791687011719e-01
5.734153985977172852e-01
2.044337689876556396e-01
9.334340095520019531e-01
7.068516314029693604e-02
1.050291135907173157e-01
4.676635265350341797e-01
1.967056887224316597e-03
1.243006885051727295e-01
4.757543802261352539e-01
3.826894760131835938e-01
3.088589310646057129e-01
5.338902473449707031e-01
6.871246695518493652e-01
5.791190266609191895e-01
2.539687231183052063e-02
2.125084400177001953e-01
4.091925919055938721e-01
5.707729458808898926e-01
4.192835092544555664e-01
1.922787278890609741e-01
3.660055696964263916e-01
3.983997106552124023e-01
4.283682703971862793e-01
1.149526797235012054e-02
2.877858877182006836e-01
5.808281302452087402e-01
7.396005988121032715e-01
2.230426296591758728e-02
5.885456800460815430e-01
4.959182441234588623e-01
4.325638413429260254e-01
2.120306789875030518e-01
5.069304108619689941e-01
2.163317054510116577e-01
2.263303846120834351e-01
8.531641960144042969e-02
2.016152143478393555e-01
7.235534954816102982e-03
5.867820978164672852e-01
5.778034925460815430e-01
3.623681664466857910e-01
5.834328532218933105e-01
1.980652064085006714e-01
2.804500758647918701e-01
3.925611674785614014e-01
3.849658966064453125e-01
4.323481619358062744e-01
1.388901658356189728e-02
3.975114524364471436e-01
5.362134426832199097e-02
4.221830144524574280e-02
3.947980403900146484e-01
4.641833305358886719e-01
4.108231980353593826e-03
4.741214811801910400e-01
3.714542463421821594e-02
3.455295562744140625e-01
4.018214344978332520e-01
1.957514435052871704e-01
3.361855745315551758e-01
2.183150351047515869e-01
1.008096411824226379e-01
2.009046263992786407e-02
3.054997324943542480e-01
2.093872576951980591e-01
6.527223587036132812e-01
3.782079219818115234e-01
2.150014638900756836e-01
2.281982153654098511e-01
8.742642402648925781e-02
4.052599668502807617e-01
3.932736217975616455e-01
4.047063589096069336e-01
4.398171324282884598e-03
8.444467675872147083e-04
1.830035150051116943e-01
3.957505524158477783e-01
4.627209901809692383e-01
3.907905220985412598e-01
1.807586997747421265e-01
3.922368884086608887e-01
4.065973758697509766e-01
4.590226113796234131e-01
2.039749026298522949e-01
5.256065726280212402e-01
4.000000059604644775e-01
3.438800945878028870e-02
1.853007264435291290e-02
4.001459777355194092e-01
2.060626149177551270e-01
5.872786045074462891e-01
3.833884596824645996e-01
3.936602175235748291e-01
4.042400717735290527e-01
2.232008874416351318e-01
4.142274856567382812e-01
2.475968003273010254e-01
2.702547237277030945e-03
2.091213613748550415e-01
2.698335051536560059e-01
7.295416202396154404e-03
3.957343697547912598e-01
2.272294014692306519e-01
3.960565626621246338e-01
5.010747909545898438e-01
4.187327995896339417e-02
2.094304561614990234e-01
2.086707055568695068e-01
4.136050343513488770e-01
5.940723419189453125e-01
5.512988567352294922e-01
2.009202241897583008e-01
7.734210491180419922e-01
7.397440820932388306e-02
1.301851719617843628e-01
3.343430757522583008e-01
7.791110277175903320e-01
5.628178119659423828e-01
2.364260843023657799e-03
3.003556728363037109e-01
1.713844537734985352e-01
2.122207731008529663e-01
2.393597960472106934e-01
1.922919750213623047e-01
1.728870570659637451e-01
3.979114294052124023e-01
1.991101540625095367e-03
3.258076310157775879e-02
2.096235752105712891e-01
7.852908968925476074e-01
1.825145632028579712e-01
6.326888687908649445e-03
3.687450587749481201e-01
2.409472316503524780e-01
4.124540090560913086e-01
4.446438848972320557e-01
6.351990159600973129e-03
2.025710195302963257e-01
4.036383330821990967e-01
1.816935837268829346e-01
1.936258971691131592e-01
4.568478763103485107e-01
6.871385574340820312e-01
1.923325806856155396e-01
1.330683827400207520e-01
5.229700207710266113e-01
4.147503674030303955e-01
4.483167827129364014e-01
4.298631846904754639e-01
3.787675797939300537e-01
2.246209979057312012e-01
6.069457530975341797e-01
3.096862733364105225e-01
2.448534816503524780e-01
5.508246421813964844e-01
3.973072767257690430e-01
1.900426596403121948e-01
3.938364684581756592e-01
1.929436810314655304e-02
9.756622463464736938e-02
3.642300888895988464e-02
3.837178945541381836e-01
1.934236735105514526e-01
3.840998411178588867e-01
4.198023378849029541e-01
2.836951315402984619e-01
2.163386046886444092e-01
5.693687200546264648e-01
5.894208550453186035e-01
1.909889727830886841e-01
3.854295909404754639e-01
5.845403075218200684e-01
3.266594707965850830e-01
2.102304846048355103e-01
2.132108211517333984e-01
1.078899800777435303e-01
2.770140767097473145e-02
5.792680978775024414e-01
2.419144660234451294e-01
3.255648016929626465e-01
4.447576999664306641e-01
4.020559191703796387e-01
5.407360196113586426e-01
2.135136310243979096e-04
5.713230371475219727e-01
4.046902954578399658e-01
3.984968662261962891e-01
5.590611696243286133e-01
1.934085637331008911e-01
1.942638158798217773e-01
7.194797992706298828e-01
2.091954350471496582e-01
1.089394912123680115e-01
1.671980917453765869e-01
5.996152758598327637e-01
4.130409657955169678e-01
1.723330616950988770e-01
6.275036334991455078e-01
4.108850061893463135e-01
4.093246161937713623e-01
4.489512741565704346e-01
3.006458282470703125e-01
1.607470065355300903e-01
2.556889951229095459e-01
5.802959799766540527e-01
6.103045772761106491e-03
3.403458595275878906e-01
9.744002223014831543e-01
5.100529193878173828e-01
3.713916540145874023e-01
3.931725025177001953e-01
3.311235904693603516e-01
3.726454675197601318e-01
2.218928784132003784e-01
1.932047456502914429e-01
1.162701547145843506e-01
5.161506533622741699e-01
4.951325654983520508e-01
4.056156873703002930e-01
3.811600804328918457e-01
