5.938757210969924927e-02
9.688078761100769043e-01
9.706368446350097656e-01
4.462083578109741211e-01
9.742664694786071777e-01
8.463139533996582031e-01
9.852717518806457520e-01
3.678583800792694092e-01
3.475167751312255859e-01
4.991171881556510925e-02
1.276693344116210938e-01
1.897531375288963318e-02
1.911051273345947266e-01
7.242869138717651367e-01
5.337514877319335938e-01
9.536526203155517578e-01
4.975912347435951233e-02
9.531999826431274414e-01
9.406526088714599609e-01
6.311447918415069580e-02
9.671203494071960449e-01
5.783722400665283203e-01
9.747622013092041016e-01
9.781295061111450195e-01
8.086642026901245117e-01
9.580534696578979492e-01
9.787604212760925293e-01
9.834322333335876465e-01
2.029865682125091553e-01
9.632314443588256836e-01
9.936850666999816895e-01
6.062745451927185059e-01
9.925909042358398438e-01
9.772528409957885742e-01
9.535448551177978516e-01
6.861083507537841797e-01
8.651745319366455078e-01
8.334052562713623047e-02
9.798980951309204102e-01
9.815932512283325195e-01
8.228110074996948242e-01
9.775115251541137695e-01
6.139866709709167480e-01
4.909963011741638184e-01
9.827926158905029297e-01
9.727396965026855469e-01
7.449668049812316895e-01
9.674623608589172363e-01
9.730380177497863770e-01
6.086685508489608765e-02
9.677017331123352051e-01
9.774791598320007324e-01
5.494169592857360840e-01
9.960683584213256836e-01
9.472765326499938965e-01
9.937455654144287109e-01
9.849955886602401733e-02
9.699420928955078125e-01
9.699794054031372070e-01
6.827641725540161133e-01
9.761018157005310059e-01
9.711045026779174805e-01
9.890729784965515137e-01
7.585571706295013428e-02
9.781600832939147949e-01
9.797847270965576172e-01
6.261015534400939941e-01
9.792552590370178223e-01
9.721873998641967773e-01
9.931862950325012207e-01
1.990298032760620117e-01
9.832041859626770020e-01
9.796756505966186523e-01
6.530241966247558594e-01
9.769710302352905273e-01
9.740971922874450684e-01
9.927821755409240723e-01
6.442822515964508057e-02
9.690419435501098633e-01
9.727576971054077148e-01
3.679127097129821777e-01
9.773226380348205566e-01
9.607312679290771484e-01
9.848404526710510254e-01
6.027995049953460693e-02
9.640154838562011719e-01
9.714638590812683105e-01
4.965591430664062500e-01
9.751449823379516602e-01
9.466879367828369141e-01
9.908930063247680664e-01
7.270245254039764404e-02
9.763461947441101074e-01
9.755594730377197266e-01
3.077768683433532715e-01
9.754526019096374512e-01
9.676992893218994141e-01
8.971629142761230469e-01
9.488095343112945557e-02
9.704474806785583496e-01
9.767926335334777832e-01
4.438403844833374023e-01
9.774848818778991699e-01
9.699735641479492188e-01
8.975066542625427246e-01
