7.325156425627378232e-01
8.839806571889382569e-01
7.142187785060601923e-01
6.516674870195297009e-01
8.178816171040614869e-01
3.930452012730081823e-01
3.570431049626607289e-01
4.781457147171470079e-01
6.601529839233710728e-01
7.681961082495175619e-01
8.166855711203354629e-01
7.890647546603128948e-01
8.195577710866928101e-01
7.712345186334389480e-01
5.487442689661222728e-01
6.785965071847805952e-01
7.170567318009068991e-01
6.622982050220553862e-01
6.229386977278269510e-01
5.877431277185678482e-01
7.635219486860128635e-01
8.541374252392694988e-01
9.150893688201904297e-01
7.962952496913763278e-01
9.298229400928204047e-01
7.217610475535576331e-01
8.270412832498550415e-01
6.638828066106026160e-01
9.584888999278728949e-01
8.479756028033219595e-01
7.910887822508811951e-01
6.920688526275066144e-01
8.748914350110751359e-01
8.431128412485122681e-01
9.438356940562908637e-01
7.761246963189198933e-01
8.763311688716595160e-01
5.778748458318520020e-01
4.924232818481799057e-01
7.677228605517973925e-01
8.586104649763840468e-01
5.369342853843520613e-01
7.148398119383133631e-01
6.986350491642951965e-01
7.946195423316496642e-01
6.462253265960428150e-01
6.842683141048138129e-01
7.657408221409871540e-01
7.431689940858632326e-01
8.212863390262310492e-01
6.305697308271192014e-01
7.998997067602781064e-01
7.682139086895264368e-01
8.394576471585494248e-01
8.116647566740329278e-01
9.320788223009842666e-01
8.704573603776785129e-01
8.305457669955033095e-01
8.675035891624597317e-01
5.548288462092526574e-01
7.491714991763449571e-01
5.628933580278848714e-01
6.818692025083762376e-01
7.638089112364329081e-01
6.211346187270604391e-01
6.166041788573448645e-01
8.175011787277001174e-01
8.951592537072988742e-01
5.838676694010456192e-01
8.760063463392165906e-01
9.583448079916147000e-01
9.621145037504342801e-01
9.723019645764277019e-01
9.311721003972567301e-01
9.197344413170447375e-01
6.118936019304853646e-01
7.826954968846761007e-01
8.433843782314887072e-01
8.409747305111243687e-01
7.448144380289775102e-01
9.078932289893810736e-01
8.218979354088122857e-01
7.901438540564134083e-01
8.167286749499348408e-01
8.926385916196383219e-01
8.209617011822186727e-01
7.806582693010568619e-01
7.954557543763747240e-01
7.682932179707747666e-01
8.576028611278161407e-01
7.954673812939569988e-01
9.565522716595575847e-01
8.797742558213380581e-01
9.440345764160156250e-01
8.927645637438847981e-01
7.508902160020974881e-01
7.761004395209826212e-01
9.361532834859994656e-01
8.487795728903549941e-01
9.158743780392867295e-01
9.237654232061826010e-01
