5.797179341316223145e-01
9.879766702651977539e-01
8.613191545009613037e-03
3.196041658520698547e-02
3.738360106945037842e-01
9.481428861618041992e-01
2.195560932159423828e-02
1.476776152849197388e-01
9.867454171180725098e-01
9.276426434516906738e-01
9.201518893241882324e-01
9.996637105941772461e-01
9.981173872947692871e-01
4.233409166336059570e-01
9.998288154602050781e-01
6.561197638511657715e-01
9.633005261421203613e-01
9.176506400108337402e-01
9.969206452369689941e-01
8.479325771331787109e-01
9.866240620613098145e-01
9.528594017028808594e-01
9.937635660171508789e-01
9.773103594779968262e-01
9.989901185035705566e-01
9.967505931854248047e-01
2.700214099604636431e-04
1.682755723595619202e-02
9.987530708312988281e-01
1.038201153278350830e-03
7.266475819051265717e-03
9.989498257637023926e-01
7.846530675888061523e-01
9.544003009796142578e-01
1.857519298791885376e-01
9.982376694679260254e-01
9.990969896316528320e-01
9.986510276794433594e-01
1.089268922805786133e-01
1.972541940631344914e-05
7.142845392227172852e-01
9.701818227767944336e-01
1.090081967413425446e-02
6.924590468406677246e-01
9.185102581977844238e-01
2.142987027764320374e-02
7.782813906669616699e-02
8.009442090988159180e-01
7.881656885147094727e-01
7.792503833770751953e-01
9.997353553771972656e-01
9.975996613502502441e-01
2.881265282630920410e-01
2.056559324264526367e-01
9.999266266822814941e-01
5.978503078222274780e-02
9.174617528915405273e-01
9.976391792297363281e-01
9.744036793708801270e-01
9.803134799003601074e-01
9.525448083877563477e-01
9.884194135665893555e-01
8.817269206047058105e-01
8.446151614189147949e-01
9.994533061981201172e-01
4.707933589816093445e-02
3.211262822151184082e-01
9.999225139617919922e-01
5.989291071891784668e-01
1.081804633140563965e-01
2.273259609937667847e-01
9.489423632621765137e-01
9.985208511352539062e-01
4.871787428855895996e-01
1.605715416371822357e-02
1.836313866078853607e-02
9.937232732772827148e-01
9.162823557853698730e-01
2.576964199542999268e-01
7.404021024703979492e-01
9.988057613372802734e-01
6.727889180183410645e-03
7.763751745223999023e-01
9.332175254821777344e-01
9.899050593376159668e-01
5.427093505859375000e-01
8.252944350242614746e-01
9.775163531303405762e-01
9.914355278015136719e-01
1.660146713256835938e-01
7.786204814910888672e-01
4.153320193290710449e-01
9.377506375312805176e-01
9.998146891593933105e-01
8.815208673477172852e-01
9.832333326339721680e-01
9.776695370674133301e-01
9.971367716789245605e-01
8.409393429756164551e-01
9.787475466728210449e-01
9.925104379653930664e-01
9.746418595314025879e-01
9.699783325195312500e-01
9.822984933853149414e-01
8.497573435306549072e-02
4.887574017047882080e-01
9.999106526374816895e-01
9.866397380828857422e-01
2.542577087879180908e-01
1.915416121482849121e-01
9.977219104766845703e-01
4.164416491985321045e-01
9.984152913093566895e-01
9.966616034507751465e-01
9.982827901840209961e-01
9.985793828964233398e-01
7.773809432983398438e-01
2.720148861408233643e-01
7.493797540664672852e-01
9.998991489410400391e-01
9.546119570732116699e-01
9.812186956405639648e-01
9.723486900329589844e-01
9.972425699234008789e-01
9.987595081329345703e-01
9.936616420745849609e-01
9.965467453002929688e-01
3.065933585166931152e-01
9.812003374099731445e-01
9.960234761238098145e-01
6.303820013999938965e-01
9.609001874923706055e-01
9.995297193527221680e-01
7.961331009864807129e-01
9.028455018997192383e-01
9.504034519195556641e-01
9.941177368164062500e-01
9.764653444290161133e-01
9.932847023010253906e-01
9.796268343925476074e-01
9.826519489288330078e-01
3.121392428874969482e-01
9.855536222457885742e-01
1.188560426235198975e-01
7.533134818077087402e-01
9.996163249015808105e-01
1.167489811778068542e-01
2.968737483024597168e-01
8.794817924499511719e-01
9.956721067428588867e-01
9.529434442520141602e-01
9.826934337615966797e-01
9.614372849464416504e-01
9.766265749931335449e-01
9.976761937141418457e-01
9.179889559745788574e-01
2.332544028759002686e-01
6.782672405242919922e-01
9.998938441276550293e-01
9.889026880264282227e-01
4.791129529476165771e-01
8.194073438644409180e-01
9.979336857795715332e-01
9.506274461746215820e-01
9.985088109970092773e-01
4.624124169349670410e-01
9.939963817596435547e-01
9.207413792610168457e-01
9.946774840354919434e-01
9.742967486381530762e-01
9.929994344711303711e-01
9.911706447601318359e-01
9.404923319816589355e-01
9.495776891708374023e-01
9.809676408767700195e-01
9.615523219108581543e-01
9.821063876152038574e-01
9.811698794364929199e-01
9.452953934669494629e-01
9.024355411529541016e-01
9.978909492492675781e-01
9.996067285537719727e-01
9.997662901878356934e-01
2.099795639514923096e-02
2.387209236621856689e-02
3.429543972015380859e-02
5.395092815160751343e-02
7.827690988779067993e-02
1.127065196633338928e-01
9.980347752571105957e-01
4.861580953001976013e-02
1.709959097206592560e-02
2.123909741640090942e-01
8.512788414955139160e-01
8.613692224025726318e-02
5.245522595942020416e-03
6.306886076927185059e-01
9.192551374435424805e-01
2.091362029314041138e-01
8.780689537525177002e-02
8.586436510086059570e-01
3.163080662488937378e-02
3.278440833091735840e-01
9.240919947624206543e-01
6.912171840667724609e-01
7.682942599058151245e-02
9.158807396888732910e-01
9.655167460441589355e-01
2.581416442990303040e-02
2.913549542427062988e-01
9.576345682144165039e-01
3.091414086520671844e-02
1.746243536472320557e-01
8.483996391296386719e-01
7.668937742710113525e-02
9.086318314075469971e-02
3.945486247539520264e-01
6.049011349678039551e-01
9.748421311378479004e-01
9.994714260101318359e-01
9.984718561172485352e-01
9.864352941513061523e-01
9.889551997184753418e-02
9.933456182479858398e-01
6.034830808639526367e-01
8.824984729290008545e-02
8.860994130373001099e-02
6.134104728698730469e-01
9.991350769996643066e-01
2.599951922893524170e-01
7.458352483808994293e-03
2.612250111997127533e-02
9.316613674163818359e-01
9.662528634071350098e-01
6.960388422012329102e-01
8.526338338851928711e-01
9.761009812355041504e-01
6.369658708572387695e-01
8.786286711692810059e-01
9.004484415054321289e-01
9.717904925346374512e-01
3.463448211550712585e-02
1.420585215091705322e-01
7.852072715759277344e-01
2.464368790388107300e-01
6.697998046875000000e-01
5.586059764027595520e-02
9.818794727325439453e-01
4.445938766002655029e-01
9.938488602638244629e-01
9.804520010948181152e-01
7.389764189720153809e-01
3.291720747947692871e-01
9.861560463905334473e-01
8.431035280227661133e-02
9.521668553352355957e-01
9.536312818527221680e-01
9.509819746017456055e-01
9.829457402229309082e-01
9.594000577926635742e-01
9.835662841796875000e-01
5.509494245052337646e-02
9.942793846130371094e-01
9.940111637115478516e-01
1.782503426074981689e-01
1.515155583620071411e-01
9.838757514953613281e-01
3.998890519142150879e-01
9.938181638717651367e-01
9.534499645233154297e-01
9.667323231697082520e-01
9.992237091064453125e-01
9.975585341453552246e-01
9.846345782279968262e-01
7.677164077758789062e-01
9.934166073799133301e-01
9.881659150123596191e-01
6.562170982360839844e-01
9.097057580947875977e-01
9.783846735954284668e-01
9.994621276855468750e-01
9.903693795204162598e-01
9.822227954864501953e-01
3.172101974487304688e-01
9.963746666908264160e-01
9.957782626152038574e-01
8.405191302299499512e-01
9.339667558670043945e-01
9.858314394950866699e-01
7.568067312240600586e-01
7.522119283676147461e-01
8.785226941108703613e-01
9.524427056312561035e-01
8.900096416473388672e-01
9.927954077720642090e-01
9.708274602890014648e-01
8.277729749679565430e-01
7.226507663726806641e-01
9.902934432029724121e-01
2.258843332529067993e-01
5.887842178344726562e-01
9.855999350547790527e-01
1.119252145290374756e-01
1.830131858587265015e-01
8.380033969879150391e-01
9.426082968711853027e-01
9.071812629699707031e-01
9.710907936096191406e-01
9.678272604942321777e-01
7.931209206581115723e-01
9.924589991569519043e-01
8.643736243247985840e-01
9.874216914176940918e-01
5.182281509041786194e-02
9.943790435791015625e-01
9.277427196502685547e-01
8.258116841316223145e-01
6.119674444198608398e-01
9.835897088050842285e-01
8.590265512466430664e-01
9.985388517379760742e-01
8.508387804031372070e-01
9.750301837921142578e-01
9.640285968780517578e-01
9.989170432090759277e-01
9.998419284820556641e-01
9.907898306846618652e-01
8.741208314895629883e-01
9.998926520347595215e-01
8.431157469749450684e-01
6.550486683845520020e-01
9.798084497451782227e-01
9.979932904243469238e-01
5.185889005661010742e-01
9.135363698005676270e-01
9.940690994262695312e-01
9.969339370727539062e-01
9.309044480323791504e-01
9.012971073389053345e-03
1.761346310377120972e-02
9.738104939460754395e-01
1.222451031208038330e-02
1.891357004642486572e-01
9.488726258277893066e-01
1.980683207511901855e-01
2.306883037090301514e-01
9.017687439918518066e-01
9.134958386421203613e-01
4.588836133480072021e-01
9.857421517372131348e-01
9.008203148841857910e-01
6.116715669631958008e-01
8.607226014137268066e-01
9.915005564689636230e-01
8.706743121147155762e-01
2.169181406497955322e-02
9.550029039382934570e-01
8.764835596084594727e-01
9.516560435295104980e-01
9.481481313705444336e-01
9.126960635185241699e-01
9.753819108009338379e-01
9.977675676345825195e-01
9.861741065979003906e-01
9.825816750526428223e-01
9.802058339118957520e-01
9.948825836181640625e-01
9.864946603775024414e-01
9.996656179428100586e-01
9.891315698623657227e-01
8.820789456367492676e-01
9.997315406799316406e-01
9.596720933914184570e-01
9.938021898269653320e-01
9.917209148406982422e-01
9.984271526336669922e-01
9.890602827072143555e-01
9.865475296974182129e-01
9.817193150520324707e-01
9.950222969055175781e-01
9.948222041130065918e-01
9.997822642326354980e-01
7.702770233154296875e-01
9.894809722900390625e-01
9.985697865486145020e-01
8.972789645195007324e-01
8.301234245300292969e-01
9.922008514404296875e-01
9.972878098487854004e-01
9.924436807632446289e-01
3.732554912567138672e-01
9.796240925788879395e-01
9.940958023071289062e-01
9.914369583129882812e-01
9.993069171905517578e-01
9.800055623054504395e-01
9.800130128860473633e-01
9.939597845077514648e-01
6.897411942481994629e-01
9.686049818992614746e-01
9.806007146835327148e-01
8.595077395439147949e-01
9.967001676559448242e-01
9.766446948051452637e-01
9.765647649765014648e-01
9.952843189239501953e-01
9.845045208930969238e-01
9.996389746665954590e-01
5.598515868186950684e-01
9.898442029953002930e-01
1.887623965740203857e-01
9.971184134483337402e-01
9.910625219345092773e-01
9.973949193954467773e-01
9.994244575500488281e-01
6.780954003334045410e-01
9.840224385261535645e-01
9.814707040786743164e-01
9.922958612442016602e-01
9.701516032218933105e-01
9.997077584266662598e-01
9.584940075874328613e-01
9.719184637069702148e-01
8.625080585479736328e-01
9.978341460227966309e-01
9.915407896041870117e-01
9.992415904998779297e-01
9.954949021339416504e-01
9.932289719581604004e-01
9.816508889198303223e-01
9.791467189788818359e-01
9.933372139930725098e-01
9.937164783477783203e-01
9.967628717422485352e-01
7.449417710304260254e-01
9.817718863487243652e-01
8.383244872093200684e-01
9.980635643005371094e-01
9.442255496978759766e-01
6.521168351173400879e-01
9.968886971473693848e-01
9.988971948623657227e-01
9.274252653121948242e-01
9.735125303268432617e-01
9.932006001472473145e-01
9.896418452262878418e-01
9.952203631401062012e-01
9.794828295707702637e-01
9.854611754417419434e-01
9.662443399429321289e-01
9.863728880882263184e-01
9.820576310157775879e-01
9.513531327247619629e-01
9.845532774925231934e-01
9.927474260330200195e-01
1.163979619741439819e-01
7.063744068145751953e-01
9.918802380561828613e-01
5.171648040413856506e-02
9.806271195411682129e-01
9.818090796470642090e-01
9.795376062393188477e-01
9.149545431137084961e-01
9.932117462158203125e-01
9.849545955657958984e-01
9.382241964340209961e-01
9.861942529678344727e-01
9.765889644622802734e-01
9.855449199676513672e-01
9.816568493843078613e-01
9.918286800384521484e-01
8.404781222343444824e-01
9.996589422225952148e-01
9.509318470954895020e-01
9.219318032264709473e-01
5.176401734352111816e-01
9.988587498664855957e-01
9.738110899925231934e-01
9.962611794471740723e-01
9.877508282661437988e-01
9.966607689857482910e-01
9.997932314872741699e-01
9.997872710227966309e-01
9.898008704185485840e-01
9.992561340332031250e-01
9.998824000358581543e-01
1.473092124797403812e-04
2.802093804348260164e-04
6.696822494268417358e-02
9.996963739395141602e-01
1.267730549443513155e-04
1.268577470909804106e-04
8.201550692319869995e-03
9.992986321449279785e-01
9.998480081558227539e-01
9.841939806938171387e-01
9.752432703971862793e-01
9.642232209444046021e-03
9.804967641830444336e-01
3.305331105366349220e-03
1.037726737558841705e-02
2.766863256692886353e-02
6.846136879175901413e-03
1.697670668363571167e-02
4.866290092468261719e-02
1.217648088932037354e-01
7.838287390768527985e-03
9.998294115066528320e-01
9.897786974906921387e-01
9.565132856369018555e-01
9.946565628051757812e-01
9.988009929656982422e-01
5.079700946807861328e-01
9.970400929450988770e-01
9.976786375045776367e-01
6.061862111091613770e-01
9.335956573486328125e-01
9.846613407135009766e-01
9.970697760581970215e-01
9.578976631164550781e-01
9.997847676277160645e-01
9.778637290000915527e-01
9.463742971420288086e-01
7.714717388153076172e-01
9.984912872314453125e-01
9.982936382293701172e-01
9.675218462944030762e-01
9.980246424674987793e-01
9.997406601905822754e-01
8.332600593566894531e-01
9.855855107307434082e-01
9.970300793647766113e-01
9.997642040252685547e-01
9.995245337486267090e-01
9.729608297348022461e-01
9.345334172248840332e-01
8.396248519420623779e-02
1.007678955793380737e-01
9.996144175529479980e-01
1.685858296696096659e-05
9.975424408912658691e-01
9.998226165771484375e-01
3.498566366033628583e-05
3.287782426923513412e-03
9.970043301582336426e-01
9.998077154159545898e-01
9.998283982276916504e-01
9.903105497360229492e-01
9.589779973030090332e-01
9.974486827850341797e-01
9.981712102890014648e-01
9.989954233169555664e-01
8.092015981674194336e-02
9.972752928733825684e-01
9.984601140022277832e-01
9.363203048706054688e-01
9.959266185760498047e-01
7.806847989559173584e-02
2.402862608432769775e-01
9.997690320014953613e-01
9.896864891052246094e-01
9.520780444145202637e-01
9.981997609138488770e-01
9.985065460205078125e-01
9.969696998596191406e-01
1.384386718273162842e-01
9.967513680458068848e-01
9.976010918617248535e-01
5.827204585075378418e-01
9.901145696640014648e-01
9.871967434883117676e-01
6.130421161651611328e-01
9.997905492782592773e-01
9.897299408912658691e-01
9.459587931632995605e-01
9.954698085784912109e-01
9.982787370681762695e-01
9.903488159179687500e-01
9.813504666090011597e-02
9.962178468704223633e-01
9.959504604339599609e-01
9.749357104301452637e-01
9.732750058174133301e-01
9.971272349357604980e-01
9.991802573204040527e-01
9.997162222862243652e-01
9.821730256080627441e-01
9.490530490875244141e-01
3.820409774780273438e-01
9.983878731727600098e-01
9.978926181793212891e-01
6.401109099388122559e-01
3.018432557582855225e-01
9.978212118148803711e-01
9.996054768562316895e-01
6.088269874453544617e-03
9.203644394874572754e-01
9.995194077491760254e-01
9.998365640640258789e-01
9.841224551200866699e-01
9.588699936866760254e-01
5.398622155189514160e-01
9.986788630485534668e-01
9.990919828414916992e-01
6.213546171784400940e-02
2.532562017440795898e-01
9.972038865089416504e-01
9.994859695434570312e-01
1.497163474559783936e-01
1.575844585895538330e-01
9.995284080505371094e-01
9.996521472930908203e-01
9.867998361587524414e-01
9.368811845779418945e-01
9.722297787666320801e-01
9.945631027221679688e-01
9.980115294456481934e-01
7.134662866592407227e-01
9.756525754928588867e-01
9.979214668273925781e-01
8.879784345626831055e-01
9.689058065414428711e-01
9.949635863304138184e-01
9.963626265525817871e-01
6.739464402198791504e-02
4.522309824824333191e-02
4.398886263370513916e-01
9.683155417442321777e-01
3.521904051303863525e-01
9.238711595535278320e-01
5.575610790401697159e-03
1.772097349166870117e-01
9.635280370712280273e-01
8.387941122055053711e-01
7.412747740745544434e-01
9.694742560386657715e-01
9.915412068367004395e-01
1.025483291596174240e-02
2.818566560745239258e-01
9.724800586700439453e-01
9.876436591148376465e-01
4.332173466682434082e-01
9.760859012603759766e-01
4.084772467613220215e-01
9.299131035804748535e-01
3.690803050994873047e-01
9.474863409996032715e-01
9.804381728172302246e-01
9.931396842002868652e-01
3.844358325004577637e-01
9.862682819366455078e-01
9.872097373008728027e-01
9.763789772987365723e-01
3.068359754979610443e-02
3.561627864837646484e-02
9.884987473487854004e-01
1.673473417758941650e-01
8.906036615371704102e-01
9.886969923973083496e-01
9.730550118547398597e-06
2.223855117335915565e-04
7.131544351577758789e-01
9.885023236274719238e-01
9.515799880027770996e-01
9.809076786041259766e-01
9.810373187065124512e-01
9.934873580932617188e-01
8.401075005531311035e-01
9.873639345169067383e-01
9.812086820602416992e-01
1.097487937659025192e-02
9.832409620285034180e-01
9.647191166877746582e-01
9.830343127250671387e-01
1.694896072149276733e-02
9.784893989562988281e-01
9.800236225128173828e-01
9.832307100296020508e-01
9.766473174095153809e-01
9.950863122940063477e-01
1.221248786896467209e-02
9.893844723701477051e-01
9.940646290779113770e-01
5.391947627067565918e-01
9.844931960105895996e-01
9.849925637245178223e-01
9.937633275985717773e-01
7.437457442283630371e-01
9.863153696060180664e-01
9.826392531394958496e-01
9.853779077529907227e-01
9.794216156005859375e-01
9.946238398551940918e-01
6.275585889816284180e-01
9.895110726356506348e-01
9.941715598106384277e-01
3.313978612422943115e-01
9.839843213558197021e-02
9.867727756500244141e-01
9.154385328292846680e-01
8.476637303829193115e-02
1.850710958242416382e-01
9.140886664390563965e-01
9.781455397605895996e-01
9.763904213905334473e-01
9.921231269836425781e-01
9.426027536392211914e-01
9.865724444389343262e-01
9.849228262901306152e-01
9.933112263679504395e-01
8.925973773002624512e-01
9.723575711250305176e-01
3.183344900608062744e-01
9.410741925239562988e-01
8.129986524581909180e-01
1.981453970074653625e-02
4.989880025386810303e-01
9.756877422332763672e-01
9.714556336402893066e-01
3.988246619701385498e-01
9.807791113853454590e-01
9.576374292373657227e-01
9.456015825271606445e-01
9.862299561500549316e-01
2.477561980485916138e-01
9.222792387008666992e-01
2.741840779781341553e-01
6.584093570709228516e-01
5.276919007301330566e-01
8.482953310012817383e-01
9.800839424133300781e-01
9.898478984832763672e-01
1.614664644002914429e-01
9.813830256462097168e-01
9.825643301010131836e-01
9.862817525863647461e-01
9.586367607116699219e-01
3.183909356594085693e-01
9.089710116386413574e-01
9.534416198730468750e-01
9.355455636978149414e-02
9.819788932800292969e-01
9.858275651931762695e-01
9.732949137687683105e-01
9.950011968612670898e-01
9.150882959365844727e-01
9.893747568130493164e-01
9.902119636535644531e-01
3.306601047515869141e-01
5.026156455278396606e-02
9.858468174934387207e-01
9.752912521362304688e-01
9.905505776405334473e-01
1.967947334051132202e-01
3.511548787355422974e-02
1.010071672499179840e-02
9.757169485092163086e-01
9.844129085540771484e-01
8.295560479164123535e-01
9.295581579208374023e-01
4.249906167387962341e-02
1.815941780805587769e-01
1.476431339979171753e-01
8.758875131607055664e-01
7.439504861831665039e-01
9.979805350303649902e-01
9.995250701904296875e-01
9.872936606407165527e-01
9.773756861686706543e-01
9.735922813415527344e-01
9.924280047416687012e-01
2.296881973743438721e-01
9.760223031044006348e-01
1.150825321674346924e-01
7.543485611677169800e-03
3.066286630928516388e-02
4.022137448191642761e-02
2.164843976497650146e-01
1.520592272281646729e-01
2.296385914087295532e-02
2.989464253187179565e-02
4.832478985190391541e-02
9.320476055145263672e-01
9.793083667755126953e-01
3.850014507770538330e-01
4.585616886615753174e-01
9.363091588020324707e-01
1.516570430248975754e-02
3.907630685716867447e-03
7.331445813179016113e-01
4.120705649256706238e-02
9.519029259681701660e-01
9.278319776058197021e-02
9.820107221603393555e-01
9.757921099662780762e-01
9.770339727401733398e-01
9.945850968360900879e-01
4.785294234752655029e-01
9.776247143745422363e-01
9.886468648910522461e-01
8.641292452812194824e-01
1.030286103487014771e-01
9.788764715194702148e-01
9.568857550621032715e-01
9.804318547248840332e-01
6.328759342432022095e-02
9.841690063476562500e-01
9.770303964614868164e-01
9.768704175949096680e-01
9.945202469825744629e-01
4.928851872682571411e-02
9.738039374351501465e-01
9.899729490280151367e-01
8.790343403816223145e-01
5.732583999633789062e-01
9.863222837448120117e-01
9.720126986503601074e-01
9.994685053825378418e-01
2.314851880073547363e-01
9.804694056510925293e-01
9.756000041961669922e-01
9.756504893302917480e-01
9.950125217437744141e-01
9.550808072090148926e-01
9.726687669754028320e-01
9.848349094390869141e-01
9.992272853851318359e-01
9.389743208885192871e-01
8.864770531654357910e-01
1.111822351813316345e-01
9.963669180870056152e-01
3.570384979248046875e-01
6.226500496268272400e-02
7.645228505134582520e-01
8.056459426879882812e-01
9.860441684722900391e-01
9.380498528480529785e-01
4.748643934726715088e-01
9.614006280899047852e-01
9.656140804290771484e-01
9.782917499542236328e-01
9.717369079589843750e-01
8.125271797180175781e-01
2.721881270408630371e-01
9.892742037773132324e-01
1.746802181005477905e-01
1.429120302200317383e-01
7.805482149124145508e-01
9.892383217811584473e-01
3.301544189453125000e-01
2.909101545810699463e-01
9.600929617881774902e-01
9.511727094650268555e-01
9.553554058074951172e-01
7.875714302062988281e-01
8.519051671028137207e-01
9.446097612380981445e-01
7.428714036941528320e-01
9.811592102050781250e-01
9.762677550315856934e-01
9.773694872856140137e-01
9.952301979064941406e-01
2.323736846446990967e-01
9.768669009208679199e-01
9.868900775909423828e-01
4.520929455757141113e-01
4.333471134305000305e-02
4.644689708948135376e-02
9.707799553871154785e-01
9.980949759483337402e-01
9.989406466484069824e-01
9.895402193069458008e-01
9.801118969917297363e-01
9.481416940689086914e-01
9.854022264480590820e-01
9.986091256141662598e-01
9.988209605216979980e-01
9.941144585609436035e-01
9.980453252792358398e-01
8.740573525428771973e-01
8.929963111877441406e-01
9.910432100296020508e-01
9.983503222465515137e-01
9.463435411453247070e-01
8.204576373100280762e-01
9.763931632041931152e-01
9.649587273597717285e-01
9.919587969779968262e-01
4.849201142787933350e-01
4.336063861846923828e-01
9.832399487495422363e-01
9.791423082351684570e-01
9.199385531246662140e-03
9.579712152481079102e-01
9.850661754608154297e-01
9.791312813758850098e-01
9.902451634407043457e-01
9.472681879997253418e-01
9.817629456520080566e-01
9.637735486030578613e-01
9.946351051330566406e-01
8.897122740745544434e-01
9.987124204635620117e-01
9.862717390060424805e-01
1.102786287665367126e-01
1.340664312010630965e-04
9.692716598510742188e-01
9.990386366844177246e-01
4.302050173282623291e-01
4.671213682740926743e-04
9.828477501869201660e-01
9.805684089660644531e-01
9.625839591026306152e-01
9.930641055107116699e-01
9.963872432708740234e-01
9.954841136932373047e-01
9.610834717750549316e-01
8.750417232513427734e-01
9.981610774993896484e-01
9.942754507064819336e-01
9.989296197891235352e-01
9.983507990837097168e-01
9.916620850563049316e-01
9.855638742446899414e-01
9.817929267883300781e-01
9.553875327110290527e-01
9.724237918853759766e-01
9.905835986137390137e-01
8.206669092178344727e-01
9.711752533912658691e-01
9.987445473670959473e-01
9.983382821083068848e-01
4.371146857738494873e-02
9.455288052558898926e-01
9.991216659545898438e-01
9.970263242721557617e-01
9.764177799224853516e-01
9.795665144920349121e-01
9.658853411674499512e-01
9.944499731063842773e-01
9.739202857017517090e-01
9.987180829048156738e-01
9.865490794181823730e-01
8.639467358589172363e-01
9.997876882553100586e-01
9.797700047492980957e-01
9.576231837272644043e-01
9.868785142898559570e-01
9.993891119956970215e-01
3.311170637607574463e-01
9.614160656929016113e-01
9.690473079681396484e-01
9.932357072830200195e-01
3.985345065593719482e-01
9.970525503158569336e-01
9.803689122200012207e-01
6.279159188270568848e-01
9.987068772315979004e-01
9.877691268920898438e-01
9.501526355743408203e-01
9.961277842521667480e-01
9.940856695175170898e-01
9.894999861717224121e-01
9.765292406082153320e-01
9.430958628654479980e-01
7.171611785888671875e-01
2.056640982627868652e-01
9.980656504631042480e-01
9.858977198600769043e-01
9.740273952484130859e-01
9.981601834297180176e-01
9.750477671623229980e-01
9.958477616310119629e-01
9.971840977668762207e-01
9.964430332183837891e-01
9.818678498268127441e-01
9.778184890747070312e-01
9.507488012313842773e-01
9.946683645248413086e-01
9.997112751007080078e-01
9.983444213867187500e-01
3.177281841635704041e-02
9.325777888298034668e-01
1.437035053968429565e-01
3.464852226898074150e-03
1.812770933611318469e-04
8.360757492482662201e-03
9.829571247100830078e-01
9.880871176719665527e-01
9.804809093475341797e-01
9.428203701972961426e-01
9.947106242179870605e-01
9.883598685264587402e-01
7.618296146392822266e-01
9.989634752273559570e-01
9.963740110397338867e-01
9.991634488105773926e-01
9.635760188102722168e-01
9.804859757423400879e-01
8.619210124015808105e-01
9.587913751602172852e-01
9.900559782981872559e-01
9.728802442550659180e-01
9.424881339073181152e-01
9.670904874801635742e-01
9.988335967063903809e-01
9.985629320144653320e-01
9.845014214515686035e-01
9.965649247169494629e-01
9.965909123420715332e-01
9.142612218856811523e-01
9.963675141334533691e-01
9.958718419075012207e-01
9.379599094390869141e-01
9.881471991539001465e-01
9.563964009284973145e-01
9.171128273010253906e-01
2.593416720628738403e-02
2.821933291852474213e-02
9.935560226440429688e-01
9.970452189445495605e-01
1.907320693135261536e-02
9.976865053176879883e-01
9.994648098945617676e-01
2.762230634689331055e-01
9.970726966857910156e-01
9.996832609176635742e-01
9.843406677246093750e-01
9.828263521194458008e-01
9.671185612678527832e-01
9.961754679679870605e-01
9.989169239997863770e-01
9.880949854850769043e-01
9.773958325386047363e-01
8.582407236099243164e-01
9.979370832443237305e-01
9.713239073753356934e-01
3.446783497929573059e-02
6.149924546480178833e-02
9.780548214912414551e-01
9.891059398651123047e-01
9.695259928703308105e-01
9.296039938926696777e-01
4.648174941539764404e-01
9.832788109779357910e-01
9.771167635917663574e-01
9.788516759872436523e-01
9.932973980903625488e-01
9.975953698158264160e-01
9.995334744453430176e-01
9.658927321434020996e-01
9.965091943740844727e-01
9.971188306808471680e-01
9.818015098571777344e-01
9.799253940582275391e-01
9.674320220947265625e-01
9.947066307067871094e-01
9.806414842605590820e-01
9.968268871307373047e-01
9.998666048049926758e-01
9.853476881980895996e-01
9.815067648887634277e-01
9.618964195251464844e-01
2.947728335857391357e-01
9.848908782005310059e-01
9.039306640625000000e-01
9.900075197219848633e-01
9.670007824897766113e-01
9.377583861351013184e-01
6.142613887786865234e-01
6.485308706760406494e-02
9.936673045158386230e-01
9.989694356918334961e-01
2.705551087856292725e-01
9.980445504188537598e-01
9.899554252624511719e-01
9.783437252044677734e-01
9.974473118782043457e-01
9.381390810012817383e-01
9.889853596687316895e-01
9.737043380737304688e-01
9.286242723464965820e-01
7.480856776237487793e-01
9.943740367889404297e-01
9.990228414535522461e-01
9.993708133697509766e-01
2.475939393043518066e-01
9.969326257705688477e-01
9.994569420814514160e-01
4.840168356895446777e-02
9.935888648033142090e-01
9.995033740997314453e-01
9.857760071754455566e-01
9.754244685173034668e-01
9.365047216415405273e-01
9.913510680198669434e-01
8.242737054824829102e-01
7.938191890716552734e-01
9.990860819816589355e-01
9.582143425941467285e-01
5.765817686915397644e-02
9.989080429077148438e-01
9.789726138114929199e-01
4.791991412639617920e-02
9.987944364547729492e-01
9.350019507110118866e-03
9.381391406059265137e-01
9.674586653709411621e-01
9.663515090942382812e-01
1.956900767982006073e-02
9.920075535774230957e-01
7.900813221931457520e-01
9.125679135322570801e-01
9.082673788070678711e-01
9.933456778526306152e-01
8.457383513450622559e-01
4.980686604976654053e-01
9.960111975669860840e-01
9.860239624977111816e-01
9.802736639976501465e-01
9.529704451560974121e-01
9.958000779151916504e-01
9.984196424484252930e-01
9.987559318542480469e-01
9.856861233711242676e-01
9.893805384635925293e-01
9.970858693122863770e-01
9.949651360511779785e-01
9.889273047447204590e-01
9.701769948005676270e-01
8.425638675689697266e-01
9.885501861572265625e-01
9.784169197082519531e-01
9.569407701492309570e-01
9.531161785125732422e-01
8.259766697883605957e-01
9.987953305244445801e-01
9.985578656196594238e-01
9.480872750282287598e-01
6.013197302818298340e-01
9.913766980171203613e-01
9.992850422859191895e-01
4.551018774509429932e-02
2.601190935820341110e-04
9.827681779861450195e-01
9.823694229125976562e-01
9.612486958503723145e-01
9.957128167152404785e-01
9.973825216293334961e-01
9.968085885047912598e-01
9.991989135742187500e-01
9.834762811660766602e-01
9.988597631454467773e-01
9.992174506187438965e-01
5.902881026268005371e-01
1.321828365325927734e-01
9.751406311988830566e-01
9.809950590133666992e-01
9.795851111412048340e-01
9.637387394905090332e-01
9.948700070381164551e-01
9.706208109855651855e-01
9.957987666130065918e-01
9.993527531623840332e-01
9.862260222434997559e-01
9.434453845024108887e-01
9.987068176269531250e-01
9.572647809982299805e-01
1.504761050455272198e-03
9.990443587303161621e-01
7.944133281707763672e-01
9.755861163139343262e-01
9.695069193840026855e-01
9.919962882995605469e-01
9.673112034797668457e-01
9.966296553611755371e-01
9.994269013404846191e-01
9.771565794944763184e-01
7.612686157226562500e-01
9.989048242568969727e-01
9.728255867958068848e-01
9.979363083839416504e-01
9.989691376686096191e-01
9.818953871726989746e-01
9.822934269905090332e-01
9.602838158607482910e-01
9.955040812492370605e-01
9.974137544631958008e-01
9.987018108367919922e-01
9.993261098861694336e-01
9.881008863449096680e-01
9.200548380613327026e-02
9.986957907676696777e-01
9.717645645141601562e-01
9.972422719001770020e-01
2.352173812687397003e-02
9.892280697822570801e-01
9.770897626876831055e-01
9.478669762611389160e-01
9.356182217597961426e-01
9.931500554084777832e-01
9.986135363578796387e-01
9.795159101486206055e-01
8.762732148170471191e-01
9.982626438140869141e-01
9.965667128562927246e-01
9.666528105735778809e-01
9.970545172691345215e-01
9.847353100776672363e-01
9.828270673751831055e-01
9.822692275047302246e-01
9.595427513122558594e-01
9.953522086143493652e-01
9.973925352096557617e-01
9.988086819648742676e-01
9.985702633857727051e-01
9.880566000938415527e-01
6.113222837448120117e-01
9.978594779968261719e-01
9.644740819931030273e-01
9.979927539825439453e-01
9.816989898681640625e-01
9.883508086204528809e-01
9.720667004585266113e-01
9.447478055953979492e-01
9.834997057914733887e-01
4.791255593299865723e-01
9.839545488357543945e-01
9.981088042259216309e-01
8.061698675155639648e-01
9.748167395591735840e-01
9.980433583259582520e-01
9.958251714706420898e-01
9.661316275596618652e-01
9.976719617843627930e-01
9.821501970291137695e-01
9.815429449081420898e-01
8.549108505249023438e-01
9.958338737487792969e-01
9.949981570243835449e-01
9.981375932693481445e-01
1.897221207618713379e-01
9.874948263168334961e-01
9.983097314834594727e-01
9.977218508720397949e-01
5.962726473808288574e-01
9.953671097755432129e-01
9.380877614021301270e-01
9.843798279762268066e-01
9.803321361541748047e-01
9.628439545631408691e-01
9.682458043098449707e-01
9.520815610885620117e-01
9.947685003280639648e-01
9.981782436370849609e-01
9.483956694602966309e-01
1.130295693874359131e-01
9.815411567687988281e-01
9.990478157997131348e-01
1.453420370817184448e-01
9.915357232093811035e-01
9.900581240653991699e-01
9.714032411575317383e-01
9.316740632057189941e-01
7.749576866626739502e-02
2.169671505689620972e-01
9.987151622772216797e-01
9.979645013809204102e-01
1.086856350302696228e-01
9.593660235404968262e-01
9.979396462440490723e-01
9.995012879371643066e-01
9.968738555908203125e-01
9.971290826797485352e-01
1.402394101023674011e-02
9.297307729721069336e-01
9.569013714790344238e-01
9.814723730087280273e-01
6.688679754734039307e-02
9.847788214683532715e-01
9.820660352706909180e-01
9.514060616493225098e-01
7.771477103233337402e-01
9.916218519210815430e-01
9.099341630935668945e-01
8.893620967864990234e-01
9.256150722503662109e-01
9.880859851837158203e-01
9.652627110481262207e-01
9.433760046958923340e-01
9.829927682876586914e-01
7.263700664043426514e-02
9.793999791145324707e-01
9.987590312957763672e-01
8.396201133728027344e-01
9.862883687019348145e-01
9.958741068840026855e-01
9.997301697731018066e-01
9.300824403762817383e-01
9.922322630882263184e-01
9.895125031471252441e-01
9.573053717613220215e-01
9.157217741012573242e-01
2.213252633810043335e-01
3.381335735321044922e-02
1.301218420267105103e-01
9.970173835754394531e-01
5.520122125744819641e-02
4.007450491189956665e-02
9.919919371604919434e-01
9.996030330657958984e-01
8.260153532028198242e-01
7.401658594608306885e-02
