5.554576671700207913e-02
4.776370958335554584e-02
5.773308698861420729e-02
5.485601254437055124e-02
5.924389563062085196e-02
7.326305274350139451e-02
5.308801453121794744e-02
3.501188401088047020e-02
6.131735530009162216e-02
7.446718137138165494e-02
7.397537493118132301e-02
8.616241681514881512e-02
6.491075002122670412e-02
1.588196792784471456e-01
1.034815978963615907e-01
8.976959340641489649e-02
1.554645837395418895e-01
1.310078978405307126e-01
1.264754329903763075e-01
1.252380311668205848e-01
1.282524159849764700e-01
1.537843352147879594e-01
1.066471102608375077e-01
1.429267604980850592e-01
1.356104358744162908e-01
1.569250721725115316e-01
1.156120281509804282e-01
1.701307922404829143e-01
1.823480301284218508e-01
2.131318497239799992e-01
2.118535059204217641e-01
1.595934154129981242e-01
1.790594560980725281e-01
2.069935630440271068e-01
1.679062316240491071e-01
1.857554271086533371e-01
1.460209386960531763e-01
2.544442172110830125e-01
2.191562681811004831e-01
2.211829048337370651e-01
2.839106396073702854e-01
2.475808101879439782e-01
2.391862267500773076e-01
1.914348339098349006e-01
2.407841731690915921e-01
2.172163753141201359e-01
1.842596851842804861e-01
2.020137118687006794e-01
2.472666007681534883e-01
1.762244100682437420e-01
2.094937567618881669e-01
2.224569208651351326e-01
2.189283081153497179e-01
2.091436239514643247e-01
2.428242334762426846e-01
2.887530835040916788e-01
2.150823918982845973e-01
1.864955358793780049e-01
2.818357488817687662e-01
2.473885417880060666e-01
2.317643869721975336e-01
1.809426731141194622e-01
2.450917831514603795e-01
1.920456945461830045e-01
2.735985518363752145e-01
2.158795613258217283e-01
2.798202608929176716e-01
2.240204865227006792e-01
2.066744514277860933e-01
2.588656299496785995e-01
2.373579634138597849e-01
2.349732695172581098e-01
2.717380324410826886e-01
2.830572734371973875e-01
2.308353411499410868e-01
2.313647705362211482e-01
3.211619929285146613e-01
2.715998873751568898e-01
2.880626021641056744e-01
2.472413724499347154e-01
1.984785212021795142e-01
2.536610254364159989e-01
2.253449369230880739e-01
2.464949029266650660e-01
2.814455038258948938e-01
2.735207850614992386e-01
2.127540736781576569e-01
2.418747400291837157e-01
2.850191200581880802e-01
2.458036476967922213e-01
2.592772711247492423e-01
2.803853295727793959e-01
2.469841420433322721e-01
2.463459940627217293e-01
2.633789118845015764e-01
2.637238536094278496e-01
2.152397916361223906e-01
2.824502467757646351e-01
2.599168713545972897e-01
2.340351642969135948e-01
2.799645421943681156e-01
