2.265607416629791260e-01
2.809698581695556641e-01
2.647701501846313477e-01
5.046136379241943359e-01
6.420608162879943848e-01
9.468778371810913086e-01
5.022524595260620117e-01
2.426466532051563263e-02
7.860069721937179565e-02
9.379991888999938965e-02
1.483902782201766968e-01
3.457426279783248901e-02
4.213294759392738342e-02
1.079794615507125854e-01
6.374783068895339966e-02
3.060189187526702881e-01
2.824106216430664062e-01
4.789984226226806641e-01
4.208585619926452637e-01
3.627718091011047363e-01
1.578560322523117065e-01
3.824918717145919800e-02
1.751216351985931396e-01
8.698036521673202515e-02
1.371953040361404419e-01
2.831829898059368134e-02
9.749688953161239624e-02
7.576204836368560791e-02
6.897038966417312622e-02
7.094372510910034180e-01
3.511536121368408203e-01
4.341284334659576416e-01
7.375573515892028809e-01
4.385716319084167480e-01
2.943318486213684082e-01
3.354518488049507141e-02
3.542491421103477478e-02
2.435628324747085571e-01
1.884943246841430664e-01
7.458151318132877350e-03
4.952879622578620911e-02
1.221867501735687256e-01
8.490473031997680664e-02
5.574555397033691406e-01
3.004984259605407715e-01
3.751259446144104004e-01
8.684598803520202637e-01
8.609477281570434570e-01
5.529705286026000977e-01
4.155756160616874695e-02
8.126202970743179321e-02
1.601057797670364380e-01
2.440001964569091797e-01
2.066289260983467102e-02
7.619979977607727051e-02
1.184099614620208740e-01
1.333877593278884888e-01
6.404681205749511719e-01
2.359730191528797150e-02
5.002620220184326172e-01
2.815179824829101562e-01
1.976605206727981567e-01
5.425491333007812500e-01
1.394461840391159058e-03
3.548232465982437134e-02
1.825253069400787354e-01
9.265790134668350220e-02
5.937135312706232071e-03
1.839963020756840706e-03
2.684418670833110809e-02
6.085610017180442810e-02
4.664385914802551270e-01
3.266439735889434814e-01
5.758607983589172363e-01
7.857636809349060059e-01
1.711226105690002441e-01
1.731313616037368774e-01
8.254899829626083374e-02
1.576258614659309387e-02
6.850371509790420532e-02
2.091766148805618286e-02
3.771965950727462769e-02
1.287848949432373047e-01
1.987065561115741730e-02
2.969620190560817719e-02
5.840690732002258301e-01
3.979942500591278076e-01
4.058457911014556885e-01
2.041132152080535889e-01
4.987357556819915771e-01
1.579598933458328247e-01
5.304126441478729248e-02
1.629662364721298218e-01
9.145272523164749146e-02
3.667280077934265137e-02
1.613234542310237885e-02
3.410965576767921448e-02
3.170348703861236572e-02
2.687061019241809845e-02
2.050548195838928223e-01
4.154972434043884277e-01
8.711279183626174927e-02
4.229979217052459717e-01
5.892257690429687500e-01
9.231557846069335938e-01
2.322054468095302582e-02
1.467633694410324097e-01
1.994961351156234741e-01
6.348692625761032104e-02
1.769646815955638885e-02
2.448615990579128265e-02
5.705553293228149414e-02
8.519907295703887939e-02
3.402886390686035156e-01
4.430140256881713867e-01
6.620055437088012695e-01
4.323914349079132080e-01
2.217803746461868286e-01
7.943758964538574219e-01
3.813813924789428711e-01
1.017493605613708496e-01
2.527772784233093262e-01
1.233600452542304993e-01
1.582926698029041290e-02
5.294905975461006165e-02
1.001361235976219177e-01
1.008701920509338379e-01
4.803874492645263672e-01
6.518509984016418457e-01
3.854744136333465576e-01
6.770005226135253906e-01
7.746018171310424805e-01
7.701028585433959961e-01
1.944141685962677002e-01
9.103461354970932007e-02
1.605917364358901978e-01
1.880358904600143433e-01
2.208751253783702850e-02
2.629073150455951691e-02
5.396347492933273315e-02
1.159370690584182739e-01
4.619727730751037598e-01
7.216629385948181152e-01
2.516260445117950439e-01
4.002318680286407471e-01
5.883479714393615723e-01
5.869858860969543457e-01
3.062865138053894043e-01
2.189347892999649048e-02
6.615226715803146362e-02
8.611815422773361206e-02
9.349831379950046539e-03
4.058364406228065491e-02
3.963800519704818726e-02
5.113629251718521118e-02
4.348839223384857178e-01
3.196454048156738281e-01
2.347892820835113525e-01
6.060273051261901855e-01
7.356002330780029297e-01
7.497426271438598633e-01
4.032364487648010254e-01
1.807469315826892853e-02
1.991415023803710938e-01
2.342018783092498779e-01
1.032465137541294098e-02
1.573223993182182312e-02
9.157747030258178711e-02
2.038067020475864410e-02
2.830853760242462158e-01
4.628289341926574707e-01
1.463810652494430542e-01
5.926601886749267578e-01
5.501233935356140137e-01
6.518195867538452148e-01
4.125270247459411621e-01
2.153484337031841278e-02
1.200214251875877380e-01
2.520619928836822510e-01
9.027601778507232666e-02
2.283550426363945007e-02
1.157899349927902222e-01
8.353166282176971436e-02
6.087964773178100586e-02
2.387016564607620239e-01
4.653563201427459717e-01
9.638044834136962891e-01
6.757102608680725098e-01
3.979294598102569580e-01
4.444764554500579834e-01
7.091300189495086670e-02
7.493226975202560425e-02
1.862496733665466309e-01
2.803346514701843262e-01
2.548630908131599426e-02
5.270324647426605225e-02
1.434466242790222168e-01
2.191903293132781982e-01
5.356321930885314941e-01
1.511742323637008667e-01
3.570552468299865723e-01
4.566217660903930664e-01
7.995572090148925781e-01
3.153117299079895020e-01
1.623352430760860443e-02
1.055945307016372681e-01
1.823303997516632080e-01
2.031164467334747314e-01
5.011805333197116852e-03
4.071971029043197632e-02
4.311582818627357483e-02
5.809286236763000488e-01
5.035366415977478027e-01
2.340698093175888062e-01
1.580665111541748047e-01
7.605628967285156250e-01
6.885688304901123047e-01
3.082940578460693359e-01
1.453318167477846146e-02
1.010791659355163574e-01
1.462454497814178467e-01
1.332169622182846069e-01
3.187791258096694946e-02
7.619673013687133789e-02
1.209280639886856079e-01
