7.068529129028320312e-01
9.250365942716598511e-02
1.334165688604116440e-03
4.488604664802551270e-01
2.481512352824211121e-02
5.604428797960281372e-02
3.928458900190889835e-04
4.116607306059449911e-05
3.617483377456665039e-02
9.182094037532806396e-02
5.948095116764307022e-03
1.749684847891330719e-02
9.747056961059570312e-01
8.874273896217346191e-01
2.836318744812160730e-04
1.277504675090312958e-02
6.938106380403041840e-03
7.648626565933227539e-01
9.480126947164535522e-02
2.423833310604095459e-02
6.297362968325614929e-03
9.507822990417480469e-01
9.099514782428741455e-02
7.574961520731449127e-03
7.245251617860049009e-05
7.101143598556518555e-01
1.871077716350555420e-02
2.486525103449821472e-02
7.090916391462087631e-03
4.614954292774200439e-01
7.351450040005147457e-04
8.194560408592224121e-01
6.605123169720172882e-03
4.467761889100074768e-02
3.715914208441972733e-04
9.917765259742736816e-01
1.113647669553756714e-01
2.329815924167633057e-02
2.448799932608380914e-05
8.558399677276611328e-01
3.506190702319145203e-02
2.345567755401134491e-02
6.603590212762355804e-03
9.314752817153930664e-01
1.251828158274292946e-03
9.763628244400024414e-01
2.311400696635246277e-02
8.297538757324218750e-02
8.092405323623097502e-07
3.242582315579056740e-04
4.786352440714836121e-02
3.900132328271865845e-02
3.170538228005170822e-03
5.613117245957255363e-04
1.847898662090301514e-01
9.188826382160186768e-02
3.286519204266369343e-04
9.126076698303222656e-01
2.347513437271118164e-01
9.327508741989731789e-04
1.000624522566795349e-02
3.693294525146484375e-02
1.392068574205040932e-03
4.770345985889434814e-04
2.784115262329578400e-02
1.209139009006321430e-03
2.096535172313451767e-03
2.412479225313290954e-04
4.913154989480972290e-03
1.068387355189770460e-04
2.209652593592181802e-04
1.346515268087387085e-01
5.302600911818444729e-04
1.062830619957821909e-06
5.119655728340148926e-01
1.061820774339139462e-03
9.177476556487818016e-08
9.928041696548461914e-01
4.287387430667877197e-02
1.103173592127859592e-03
9.456529710405447986e-07
9.958416223526000977e-01
3.261042758822441101e-02
1.639373367652297020e-04
9.927312021318357438e-07
6.747736930847167969e-01
6.024428294040262699e-04
8.170468390744645149e-06
9.666231870651245117e-01
4.811636172235012054e-03
1.599743484348437050e-07
2.593673416413366795e-04
1.086083501577377319e-01
1.623085327446460724e-02
2.748518568296276499e-07
6.079001817852258682e-03
1.875340938568115234e-02
1.965675875544548035e-02
5.263821687549352646e-03
8.516609072685241699e-01
9.269870817661285400e-02
2.321363572264090180e-04
3.007935285568237305e-01
9.554865211248397827e-02
6.653042137622833252e-02
6.435838440665975213e-05
9.611271023750305176e-01
1.041166391223669052e-02
5.979972193017601967e-04
4.004413727670907974e-03
5.787006616592407227e-01
2.805246331263333559e-04
4.532537423074245453e-04
7.322348356246948242e-01
1.393151879310607910e-01
4.687215259764343500e-04
4.465962946414947510e-01
7.819108963012695312e-01
6.993505358695983887e-02
6.551152910105884075e-04
1.171391159296035767e-01
3.005321137607097626e-03
3.165018977597355843e-03
4.769585939357057214e-05
3.749494627118110657e-02
6.064522312954068184e-05
2.525033487472683191e-04
2.364683151245117188e-01
8.707473985850811005e-03
2.666393629624508321e-05
9.961035847663879395e-01
2.625082619488239288e-02
3.433722257614135742e-02
1.527889367025636602e-06
6.861921283416450024e-04
2.229412784799933434e-03
1.696834885933640180e-07
1.849773153662681580e-02
1.896013319492340088e-02
7.908849511295557022e-05
3.272225876571610570e-05
7.789449691772460938e-01
4.380986094474792480e-03
2.829133518389426172e-05
9.914344549179077148e-01
5.359471440315246582e-01
6.577097624540328979e-02
5.736876573791960254e-06
4.045867535751312971e-05
4.526372626423835754e-02
6.078303727008460555e-08
2.890829741954803467e-02
4.204627871513366699e-02
1.870130072347819805e-03
9.706290256872307509e-06
8.132748007774353027e-01
6.077986955642700195e-02
2.011945616686716676e-04
3.316529989242553711e-01
9.772784709930419922e-01
9.930706024169921875e-02
1.946527394466102123e-03
3.334696230012923479e-04
5.141670703887939453e-01
9.905211627483367920e-03
2.212088257074356079e-01
9.729925394058227539e-01
4.131560563109815121e-04
2.202016767114400864e-04
8.640887737274169922e-01
2.045204397290945053e-03
1.281427976209670305e-04
2.206999510526657104e-01
8.191656321287155151e-02
7.401992380619049072e-02
4.243287548888474703e-06
3.278934673289768398e-05
5.753581970930099487e-02
6.397010758519172668e-03
3.046781755983829498e-03
9.016705751419067383e-01
7.662064395844936371e-03
1.435673038940876722e-04
8.401650190353393555e-01
3.314805217087268829e-03
9.810991468839347363e-05
8.619644045829772949e-01
6.661503314971923828e-01
7.844330370426177979e-02
5.076634579381789081e-07
4.774590343004092574e-05
1.590669527649879456e-02
2.475484274327754974e-03
4.493077285587787628e-03
2.853595651686191559e-05
4.215765744447708130e-03
9.350155494303180603e-08
9.032050967216491699e-01
5.103531293570995331e-03
2.289359108544886112e-04
5.659122467041015625e-01
3.076667338609695435e-02
7.618878781795501709e-02
3.073329480685060844e-06
7.895575981820002198e-05
5.229099094867706299e-02
1.550585147924721241e-03
3.281359560787677765e-03
8.518662652932107449e-04
9.548448920249938965e-01
2.062849944195477292e-06
8.855431079864501953e-01
5.799441784620285034e-02
5.267460830509662628e-03
1.396251656115055084e-02
3.831008076667785645e-02
1.059653311967849731e-01
8.286453783512115479e-03
4.005059236078523099e-05
3.845737278461456299e-01
4.670446217060089111e-01
1.257709972560405731e-02
2.795327920466661453e-03
1.258474588394165039e-01
9.702440500259399414e-01
