9.979962706565856934e-01
9.970353245735168457e-01
9.741894006729125977e-01
8.768939971923828125e-01
8.057621121406555176e-01
1.859753951430320740e-02
1.483851671218872070e-02
3.928371667861938477e-01
9.785752743482589722e-03
3.418033633906247815e-09
2.679695171536877751e-05
8.290242552757263184e-01
6.162166222929954529e-02
4.200675248725201094e-15
1.888275246798321297e-24
1.322624029853614047e-05
1.472317380830645561e-03
9.541001915931701660e-01
9.947735816240310669e-02
9.792649000883102417e-02
8.959028720855712891e-01
9.568166136741638184e-01
5.848233401775360107e-02
1.418318301439285278e-01
4.288096388336271048e-04
8.733360767364501953e-01
8.023386597633361816e-01
2.715451642870903015e-02
1.682455402142349170e-15
9.957206845283508301e-01
1.505393185652792454e-03
9.235805869102478027e-01
3.033263683319091797e-01
4.635984003543853760e-01
8.632163405418395996e-01
8.908658623695373535e-01
1.293466687202453613e-01
1.378640736220404506e-04
6.676410726352832725e-13
8.899130821228027344e-01
7.841933369636535645e-01
1.171421376056969166e-03
3.315347306650823396e-15
2.431398183107376099e-01
9.954010248184204102e-01
9.225971698760986328e-01
1.467264592647552490e-01
9.533552527427673340e-01
1.556583028286695480e-02
5.565087795257568359e-01
4.244845509529113770e-01
4.693011419476533774e-07
3.364064018671064638e-12
8.465995192527770996e-01
2.556191086769104004e-01
8.684263308467166098e-10
7.490672805247719761e-29
7.580062150955200195e-01
1.742910098982974887e-04
1.111063383518740011e-07
2.115297317504882812e-02
3.799939155578613281e-02
1.663921239014598541e-06
9.460560249863192439e-05
1.241521677002310753e-03
1.278844852237170926e-08
1.744936071190750226e-06
1.197456526824680623e-06
9.535576168673287611e-07
1.237652202945582758e-09
5.732540652046917091e-20
9.996125102043151855e-01
9.806776046752929688e-01
9.968518018722534180e-01
1.527335552964359522e-05
1.075718901120126247e-03
1.086558331735432148e-04
1.236239199897681829e-07
6.823314024866725203e-18
1.603832606582569554e-20
4.635030848021415295e-07
3.991591036319732666e-01
4.172072978975496782e-14
4.891842695336833876e-38
2.480298281854926216e-43
9.998680353164672852e-01
9.979332089424133301e-01
6.901448369026184082e-01
9.234532713890075684e-01
1.498073488473892212e-01
1.984674890991300344e-04
9.122284650802612305e-01
2.856907248497009277e-01
4.434729740023612976e-02
1.079173534389299416e-12
8.751141428947448730e-01
8.425587415695190430e-01
8.916727078922548344e-11
3.866864688600571136e-29
9.995340108871459961e-01
9.956176877021789551e-01
9.474311470985412598e-01
8.631026148796081543e-01
9.561022520065307617e-01
5.253326613456010818e-03
6.367497444152832031e-01
3.826932311058044434e-01
8.771945431362837553e-06
1.584822584277389979e-08
8.369897007942199707e-01
1.575108431279659271e-02
1.042996666579542892e-17
1.712221397987897664e-32
8.976045250892639160e-01
3.744477726286277175e-05
1.409860669809859246e-05
1.243830397725105286e-01
2.414632402360439301e-02
2.338835038244724274e-03
6.212673611116770189e-07
1.701847551771606959e-08
2.835019188296428183e-07
1.285556354559957981e-03
1.466054122545301652e-08
1.988589701795717701e-06
1.139167406238872360e-11
1.015703601424703759e-22
1.066856738179922104e-02
8.784828186035156250e-01
8.794087767601013184e-01
4.914281070232391357e-01
8.557619057825149866e-10
2.437141083646565676e-04
1.760422885417938232e-01
3.187581598758697510e-01
1.913570467732407461e-21
3.577705938369035721e-03
1.357056386768817902e-02
1.950126700103282928e-02
1.434466518946634479e-26
4.600821243152302384e-29
9.988372921943664551e-01
9.925746917724609375e-01
9.582527279853820801e-01
9.097868800163269043e-01
9.477822184562683105e-01
6.633697077631950378e-03
3.217733930796384811e-03
7.154422402381896973e-01
1.920983959280420095e-05
1.661739684641361237e-02
6.700688600540161133e-01
1.284288316965103149e-01
8.522718129458436845e-18
6.744527201825984371e-31
9.992867112159729004e-01
9.929478168487548828e-01
9.700425267219543457e-01
9.232140183448791504e-01
9.471732974052429199e-01
1.339184772223234177e-02
5.452570319175720215e-01
5.933014154434204102e-01
4.043832886964082718e-03
3.957505803555250168e-03
8.012284636497497559e-01
2.885002791881561279e-01
2.370841703847183299e-18
2.062520747903067394e-28
9.913017153739929199e-01
9.909501075744628906e-01
9.744919538497924805e-01
8.207237124443054199e-01
8.190973848104476929e-02
2.281718701124191284e-02
5.387847870588302612e-02
4.498145282268524170e-01
1.428882358595728874e-03
6.513373824665324996e-13
1.869067273219116032e-05
6.392128998413681984e-04
1.243470588194730829e-17
5.692024877123800966e-21
9.957162737846374512e-01
9.986411333084106445e-01
9.879789948463439941e-01
9.240549802780151367e-01
4.287581741809844971e-01
2.553481142967939377e-03
1.061466871760785580e-03
5.013289451599121094e-01
5.655787885189056396e-02
4.717296178569085896e-06
1.680294080870226026e-04
8.028089404106140137e-01
1.190978006375087743e-19
1.119570744705783438e-13
9.972004890441894531e-01
9.968371391296386719e-01
9.903597831726074219e-01
8.986639380455017090e-01
9.461066126823425293e-01
3.748855553567409515e-03
3.426164854317903519e-03
3.377721905708312988e-01
3.576686233282089233e-02
1.184019652100687381e-06
1.067118864739313722e-04
8.129090666770935059e-01
1.047303676605224609e-01
1.218550096382386982e-07
9.984065890312194824e-01
9.960747361183166504e-01
9.834523797035217285e-01
9.103848338127136230e-01
7.528469562530517578e-01
1.056015770882368088e-02
6.524024903774261475e-02
3.205214142799377441e-01
3.808908513747155666e-04
1.398718296741208178e-08
1.363067567581310868e-04
7.914673089981079102e-01
4.058177024126052856e-02
2.692653229292157890e-13
